
$molecule
 S -1.03987554530874 1.04046821781183 2.11984558222481
 O -2.03008132427305 -3.50232325804005 2.06697900745571
 O 1.49849516845374 -0.46189013108186 3.82722246613426
 O 3.42281892921013 -1.18118640120645 3.01798107009200
 N -0.91116605958911 -1.89378493706539 0.85659666712502
 N -3.07119027674776 -1.65897266149098 1.15940572783659
 C -1.21680204963657 -0.69775634595356 0.12137176278604
 C -2.68504306421777 -0.42304308219398 0.53950626875459
 C -0.34122154127225 0.50186496952097 0.51563989210723
 C -2.72095925839767 0.78040630853826 1.49682116357021
 C 1.14425968409396 0.16552224036194 0.53824965996318
 C 2.06334088935839 1.38185910682547 0.68121095967100
 C -1.99979880376294 -2.47285343181762 1.44651260973545
 C 2.14314908658849 1.96511755798273 2.09378385087348
 C 3.08536701952784 1.18885841580644 3.02025064222657
 C 2.69978303069081 -0.25854056452595 3.26840633350913
 H -1.12665831556633 -0.86278652202171 -0.96328517502865
 H -3.32727327503321 -0.21427516735837 -0.32496851803504
 H -0.52572251150517 1.32081880128850 -0.18918236540817
 H -3.03641992483520 1.68913994675580 0.98172226581297
 H -3.37447404841418 0.60391852861924 2.34870694584675
 H 1.34383795173735 -0.55417665687393 1.32984662909321
 H 1.37293595418396 -0.32126435431870 -0.41446065052734
 H -0.03828416005121 -2.38205128093877 0.77368217529066
 H -3.93290284613983 -1.75062288303006 1.66801455110980
 H 3.06763815417525 1.09019941101542 0.36846711319964
 H 1.71802706601657 2.16043832517715 -0.00326226333126
 H 2.52361904894969 2.98645503902391 2.02552517236647
 H 1.14086754009181 2.02545536239160 2.52209831640307
 H 3.12181817701859 1.68876357552753 3.99251543391452
 H 4.09295510647965 1.18575252711421 2.60161230000095
 H 0.96558019817329 0.34254634415753 3.89997640522931
$end
$temperature
298.15
$end
$mult
 1
$end
$sigma
 1
$end
$pressure
1.00000
$end
$scale
1.00
$end
$msrrho
$end
$freq
19.18
35.76
51.16
57.28
73.19
85.01
114.73
135.60
164.10
220.56
252.00
270.88
347.94
365.32
384.84
394.00
419.05
434.63
452.56
485.06
496.83
536.98
548.88
605.52
651.69
652.13
658.21
674.10
726.53
819.21
820.11
842.63
861.30
875.55
903.15
931.28
958.06
983.03
1003.51
1032.32
1052.20
1059.87
1067.74
1086.47
1106.98
1119.70
1128.05
1146.30
1151.26
1160.20
1190.89
1205.20
1206.63
1211.59
1233.36
1235.88
1242.77
1270.41
1284.46
1287.13
1292.93
1322.26
1325.86
1339.51
1346.76
1354.14
1363.32
1441.36
1458.09
1476.65
1479.75
1486.99
1788.53
1823.88
2847.40
2897.74
2905.56
2956.00
2961.23
2967.31
2969.29
2976.45
2991.50
2997.22
3009.55
3020.62
3040.87
3464.76
3509.52
3525.39
$end
