
$molecule
 S -1.74533161318362 0.76200696782991 2.47726131798207
 O 2.22925011985799 0.72534670936539 5.16538612614410
 O 5.79893147935200 0.88406679937355 0.82177883495030
 O 4.30657765541347 -0.42087006569300 1.83523669133301
 N 1.60981419482028 0.03880269282302 3.05462362333320
 N 0.27496968451287 -0.41136794907515 4.74812072660312
 C 0.53691229792144 -0.71208011307243 2.45629712367490
 C -0.32592913299664 -1.15091532374482 3.67409862083075
 C -0.32957912386306 0.14048863578139 1.49113341148547
 C -1.78408849500066 -0.76887013357948 3.43973703678268
 C 0.35474259763874 1.33501133565115 0.82945332817632
 C 1.09997459464226 1.01047723231596 -0.46704214708765
 C 1.46794869326105 0.17065801182078 4.41343647906496
 C 2.44284452191220 0.30837511839079 -0.27472604673970
 C 3.52062380511977 1.24084861624731 0.29085140477209
 C 4.55751411897621 0.47133631796363 1.06306298779490
 H 0.92038113145870 -1.58153000117757 1.90947628849844
 H -0.26051144565018 -2.23597436181844 3.85474314540849
 H -0.75857835227347 -0.51774021376989 0.72847688869029
 H -2.30560838909296 -1.53682382683832 2.86599246419729
 H -2.31259625118057 -0.58510023595229 4.37194333700187
 H -0.42833551858617 2.05835049848063 0.59111253487365
 H 1.01534369859158 1.80144063854299 1.56045476476065
 H 2.54208774359102 -0.00813070359013 2.66745613910567
 H -0.02018258802241 -0.50049808270568 5.70309608245908
 H 0.45986820154983 0.38275278970839 -1.09091297838787
 H 1.26994005185619 1.94253537341335 -1.01005301195355
 H 2.31907000189932 -0.54145116350498 0.39606496801018
 H 2.78322791629871 -0.08089079832272 -1.23640772483978
 H 3.06780960271945 1.93788791851470 1.00086398580000
 H 4.00785950100626 1.82100932550261 -0.49149556311452
 H 6.43925829745213 0.39501099111970 1.36393216038903
$end
$temperature
298.15
$end
$mult
 1
$end
$sigma
 1
$end
$pressure
1.00000
$end
$scale
1.00
$end
$msrrho
$end
$freq
22.05
33.91
59.14
66.92
83.11
95.01
121.31
135.16
172.01
238.52
238.79
284.78
322.67
350.52
357.78
392.58
415.86
436.16
501.87
537.04
546.62
563.84
575.62
626.58
663.31
677.51
688.43
699.47
751.56
787.82
806.08
843.67
871.83
879.09
905.94
926.74
963.47
989.21
1010.84
1034.30
1044.50
1062.17
1070.27
1105.73
1109.63
1133.85
1135.30
1142.64
1156.73
1164.11
1195.07
1199.18
1208.62
1217.92
1227.65
1232.66
1257.92
1265.70
1280.34
1290.23
1300.97
1306.43
1334.18
1348.26
1352.55
1359.12
1361.65
1436.72
1436.91
1469.88
1484.67
1489.60
1769.90
1809.67
2832.96
2897.81
2913.54
2961.95
2964.24
2972.21
2976.68
2982.06
2990.95
3006.10
3015.81
3023.36
3027.38
3409.86
3433.81
3525.29
$end
