
$molecule
 S -1.52291901045300 -1.25613469153301 2.06254765489070
 O 2.68046081768318 1.43311470399280 4.61323521407359
 O 4.87031893934233 -1.20482673729543 -1.25718495481331
 O 5.66719855967886 0.85163992273582 -1.08484623065266
 N 2.09544340462046 -0.41820861575862 3.37410541703072
 N 0.61217842386426 0.42822444666042 4.76122968553572
 C 0.90587051667992 -1.16258287246803 3.08387845786312
 C -0.03851743638590 -0.74695333419993 4.24375230925073
 C 0.22031385687708 -0.82248014563753 1.73921699340438
 C -1.43630619029567 -0.45339437343719 3.68949177476104
 C 0.35880557948840 0.63320537531431 1.27731774145217
 C 1.09853132932670 0.77722455236300 -0.05336524534564
 C 1.89261603199661 0.58215445295703 4.29131546835976
 C 2.57601961361888 0.40048953033838 0.03475756613691
 C 3.28579460212300 0.61560653079660 -1.30893706469257
 C 4.72169111466372 0.13433675724457 -1.21617022332541
 H 1.10452630403437 -2.24015281542880 3.10636160888159
 H -0.09629473219755 -1.54073879961652 5.00054055364216
 H 0.55587466858279 -1.50496617943823 0.95768444654108
 H -2.23409032374691 -0.85388628035659 4.30907898923949
 H -1.57818780366433 0.61979257493163 3.55741857747558
 H -0.63923013387984 1.05776498750270 1.15253461467496
 H 0.87186535863850 1.22292046806092 2.03916884104039
 H 2.89795907576122 -0.41296971987615 2.77025678451453
 H 0.32851539227173 0.85895206153552 5.62328673261366
 H 0.60454342969392 0.15815870117193 -0.80682287998513
 H 1.02175605238201 1.81642236522809 -0.37792661516959
 H 3.06492182254120 1.01907372900287 0.79028468123447
 H 2.67155419740509 -0.64686428315632 0.33796300586960
 H 3.29270105260077 1.67752875049779 -1.55374776440915
 H 2.76034687510546 0.07512309617184 -2.10130980712325
 H 4.03300061164101 -1.66629615830621 -1.39582933296921
$end
$temperature
298.15
$end
$mult
 1
$end
$sigma
 1
$end
$pressure
1.00000
$end
$scale
1.00
$end
$msrrho
$end
$freq
22.52
29.16
39.36
50.78
74.90
82.53
123.15
134.61
144.91
223.72
244.06
298.62
308.48
326.59
386.37
398.57
429.36
429.75
437.81
481.99
488.44
513.53
576.17
597.01
658.21
675.72
689.62
729.85
749.45
785.50
794.53
822.60
866.93
881.28
905.56
921.29
961.18
999.81
1016.75
1049.97
1059.71
1066.79
1081.28
1093.09
1102.57
1118.84
1122.54
1130.42
1138.98
1150.43
1197.59
1202.40
1212.61
1221.19
1229.84
1240.01
1256.98
1266.38
1268.79
1287.05
1295.55
1304.11
1323.39
1325.77
1342.47
1357.00
1367.31
1442.72
1469.06
1474.98
1491.73
1497.66
1810.60
1818.31
2879.06
2914.11
2945.23
2957.19
2965.73
2977.26
2978.74
2979.76
2988.84
2993.51
2998.23
3019.51
3032.31
3496.35
3512.50
3514.23
$end
