
$molecule
 S 1.71760651963070 4.52172575860129 3.85026808605982
 O 0.71258131478779 3.59623382022312 -1.37518837086577
 O 0.77752734660792 1.05274194444709 -0.35640158789996
 O -0.67625713440361 1.95183826069139 1.08033940635728
 N 2.01865967264272 4.96121808021178 -0.04356236123943
 N -0.10391567150733 4.70655074769954 0.46722966419800
 C 1.97891970170080 5.33671726867802 1.34585100243587
 C 0.45136896411428 5.35709697282660 1.63207244443480
 C 2.64705568207794 4.31027061649896 2.29887244101651
 C 0.14959987585399 4.61630583233186 2.93715200092913
 C 2.54853273180606 2.89260073745042 1.73517718910211
 C 2.69642181792399 1.74582543419430 2.72931655652083
 C 0.85793499747949 4.32886061459372 -0.41654650981221
 C 2.31695250804631 0.41183595512590 2.07888367935548
 C 0.80579751448964 0.22964495419219 1.86457349944893
 C 0.21683367682381 1.17073052614487 0.83637088131896
 H 2.42854836075372 6.32223528449999 1.49739960076145
 H 0.08126280792257 6.38779188772572 1.68913068229249
 H 3.68196339980956 4.57553293691058 2.51935812685963
 H -0.57204688009512 5.13673296167720 3.56128454181223
 H -0.20872736883252 3.60523539802647 2.73648836819652
 H 1.57167437180293 2.79785668919342 1.27310043199404
 H 3.29848861093619 2.77735110058548 0.94792563947991
 H 2.88522787831502 4.72317110600383 -0.49506302283933
 H -0.95913845840735 4.17546704858900 0.52788545289356
 H 3.72814642118460 1.69575296669411 3.08341205150859
 H 2.05827174201353 1.92320021297760 3.59676472521972
 H 2.82445193034183 0.31490026712768 1.11738346866267
 H 2.65782210149184 -0.40044300401773 2.72340055408579
 H 0.26907442055749 0.37302807442599 2.80374824020922
 H 0.62804838526028 -0.78709377938932 1.50877141167527
 H 0.51525475886720 1.78558332506112 -0.96383829417083
$end
$temperature
298.15
$end
$mult
 1
$end
$sigma
 1
$end
$pressure
1.00000
$end
$scale
1.00
$end
$msrrho
$end
$freq
66.03
71.55
85.09
93.89
121.06
140.05
158.56
181.89
188.73
230.60
258.42
312.80
348.82
358.70
406.23
418.61
430.24
472.42
495.02
512.78
519.06
564.19
593.22
645.08
666.93
692.22
704.82
745.12
758.70
780.17
817.58
835.43
842.62
898.86
905.44
933.26
956.09
993.23
1009.68
1056.03
1062.43
1067.17
1080.76
1089.09
1102.98
1126.13
1129.96
1137.56
1160.44
1193.14
1201.43
1203.24
1213.33
1219.96
1233.92
1250.42
1264.10
1276.75
1286.31
1290.90
1300.46
1313.52
1316.06
1324.18
1344.21
1348.14
1375.92
1444.51
1448.75
1476.07
1484.61
1488.88
1744.05
1773.64
2902.64
2940.96
2959.46
2975.76
2977.33
2979.17
2980.51
2982.51
2994.06
2995.78
3004.26
3031.45
3097.00
3124.92
3459.68
3499.17
$end
