
$molecule
 S -1.46918171978909 -0.00873245516964 3.41133120336054
 O 2.67480825587842 1.71525401561032 4.38777298748863
 O -3.87489393299659 3.81567761639862 -1.43241372139738
 O -4.13698931457180 3.61014031104809 0.75425456966809
 N 1.92071652760649 0.20544224294882 2.82143862567236
 N 1.46685457637775 -0.17051279139684 4.92601940281773
 C 1.00471003289095 -0.89722252194290 2.75560508167697
 C 0.76582836999950 -1.22932670784560 4.25394937176716
 C -0.35267237575684 -0.58448958644392 2.07933704044710
 C -0.73763405186392 -1.22487785311965 4.53791911381602
 C -0.27677411775241 0.37799592288774 0.89412920556238
 C -0.21393576360160 1.86643532591089 1.27225789575060
 C 2.07723661951676 0.71445878595197 4.08390036962336
 C -1.58343478949312 2.54619028160571 1.23639324599047
 C -2.05575668157325 2.84018911132955 -0.18552926729057
 C -3.44446363959411 3.45137058685606 -0.20453759987272
 H 1.46909778400474 -1.73640804284240 2.22053458502363
 H 1.18640393315157 -2.20637053674485 4.53110685115519
 H -0.77044540929168 -1.53724345582917 1.73477068662052
 H -1.17771035405175 -2.20302970446773 4.33693355665897
 H -0.96043664447686 -0.92902002155599 5.56032471568344
 H 0.59671000652299 0.09624719020197 0.29929699407977
 H -1.15672332226405 0.20667665248693 0.27214297001580
 H 2.19584954714218 0.72862289607676 2.01083936205364
 H 1.40115098419448 -0.01138975199579 5.91428744755918
 H 0.18993910410548 1.97460866459538 2.27769042738600
 H 0.45817034493523 2.38973884778131 0.58792999027683
 H -2.32096402313949 1.92149640243071 1.74153165130713
 H -1.53264938112697 3.48785074980447 1.78359035089943
 H -2.08764561676256 1.92211877719746 -0.78076048472373
 H -1.36255353227239 3.53215851002083 -0.67478923829304
 H -3.22355541594398 3.64260953821759 -2.12423239078290
$end
$temperature
298.15
$end
$mult
 1
$end
$sigma
 1
$end
$pressure
1.00000
$end
$scale
1.00
$end
$msrrho
$end
$freq
18.29
20.53
29.21
48.48
62.24
91.63
108.52
121.97
156.39
176.90
222.30
263.78
278.14
339.69
355.62
422.63
426.86
448.55
459.84
465.77
504.23
543.91
550.94
587.81
614.90
646.59
662.00
681.32
740.94
781.45
819.39
849.36
865.30
876.56
916.12
921.81
953.99
976.98
1007.64
1025.11
1047.42
1064.36
1069.36
1089.08
1096.49
1101.63
1132.84
1137.55
1152.42
1192.33
1194.75
1200.19
1206.05
1213.96
1228.82
1242.05
1249.22
1269.98
1278.77
1285.41
1289.38
1305.52
1329.51
1334.52
1355.19
1358.03
1367.41
1438.20
1439.34
1476.85
1479.98
1491.16
1814.24
1818.04
2864.45
2880.58
2905.25
2937.41
2950.18
2951.06
2963.45
2969.24
2989.81
3003.42
3015.36
3023.28
3026.94
3500.79
3530.44
3532.26
$end
