
$molecule
 S -2.71247726376912 1.33621288814829 0.89684649525623
 O -0.30935829637787 -2.61742791593579 1.52751988122973
 O 4.13805099572507 2.94862216436669 -1.09903991821833
 O 4.83721323166909 2.54961136802803 0.95411683239028
 N -1.05494883026746 -1.40114911973177 -0.27617513009027
 N -2.50434199935534 -1.97242416139283 1.25567021641012
 C -2.25973039182484 -0.77385298943590 -0.73416216738897
 C -3.30248236293934 -1.22091105621672 0.32757416600866
 C -2.19628561007043 0.77165177761166 -0.76635578331013
 C -3.95089719026739 0.01599326118682 0.95426915769842
 C -0.85342047674498 1.35814878745105 -1.19880166756289
 C 0.17879479785680 1.46245107963127 -0.07494504852901
 C -1.18436611445946 -2.06005724670156 0.91632297476377
 C 1.52239509553459 1.97112542329892 -0.59835541769076
 C 2.53177667497106 2.09778345334442 0.54027224078168
 C 3.93689084409427 2.54369660954989 0.16599013283941
 H -2.52266623371748 -1.12880610021412 -1.73994207551387
 H -4.08686276128173 -1.85660980217132 -0.10789490570831
 H -2.97627770600563 1.11704442910000 -1.45389954743245
 H -4.82754341659567 0.32976246126215 0.38526241932997
 H -4.23119000122311 -0.15109738479349 1.99151820249330
 H -0.46039209202799 0.74672146799004 -2.01648881144547
 H -1.03057561712144 2.36046939591584 -1.59592097692080
 H -0.20538998013933 -1.41987459930796 -0.80813888387069
 H -2.85775362006490 -2.31868811364559 2.12823933250448
 H -0.20000156366707 2.15345680143539 0.68031219669782
 H 0.31788686198948 0.49566523473359 0.40754274488105
 H 1.89450287327611 1.26991428704438 -1.35260029249711
 H 1.35684185608966 2.94398930131328 -1.07373762782001
 H 2.63511302565174 1.14141737084585 1.05803565288714
 H 2.16677745473964 2.81222882201644 1.28302856233119
 H 3.33763081632403 2.90294510527410 -1.63778095450636
$end
$temperature
298.15
$end
$mult
 1
$end
$sigma
 1
$end
$pressure
1.00000
$end
$scale
1.00
$end
$msrrho
$end
$freq
17.47
6.2
29.21
46.58
56.79
68.47
111.03
123.98
142.32
157.75
217.25
261.26
274.73
296.24
339.02
366.44
396.68
454.76
463.07
495.87
526.58
541.99
559.54
583.92
616.76
650.16
656.52
681.29
742.08
778.04
797.71
831.64
855.74
878.28
881.93
924.80
973.03
1006.73
1016.56
1042.27
1057.51
1070.14
1086.38
1092.53
1096.89
1114.61
1120.95
1133.12
1152.39
1192.32
1200.38
1206.09
1221.46
1226.92
1236.70
1240.66
1251.36
1268.92
1282.43
1287.48
1288.97
1303.63
1310.08
1332.95
1356.72
1362.52
1370.95
1437.53
1443.36
1482.85
1490.87
1494.11
1792.61
1820.24
2861.00
2877.10
2908.14
2934.79
2945.55
2948.83
2964.24
2971.41
2976.28
2992.95
2994.89
3020.94
3027.92
3489.41
3531.65
3536.57
$end
