
$molecule
 O 8.40971062453820 0.75929686868108 1.57681003056108
 C -2.92837577744978 3.68527360978736 0.49554813849379
 C -4.34353824512252 3.46841305716467 1.05458515308889
 C -5.23078884782257 2.73788103414503 0.05965016415893
 C -2.36796993173662 2.34374633540202 0.03753128914826
 C -4.66771139679849 1.34381236816022 -0.18359977125083
 C -3.16896787698831 1.30864537190220 -0.26714823060301
 C -2.07323459062972 4.27240180511008 1.62535631684013
 C -2.98387792423655 4.68380006607917 -0.67238124920693
 C -0.92365943393417 2.15005595436286 -0.02878079071941
 C -2.61144831268042 -0.01501333390486 -0.71835440072122
 C -0.00528411176291 3.00557996532784 -0.50678143768129
 C 1.42187969149783 2.78821381452876 -0.54471309823755
 C 2.20551069249436 3.66988496492960 -1.47918974426131
 C 2.03951063312794 1.86378100767884 0.23216081965180
 C 3.43945511372845 1.59356406945472 0.25236957329151
 C 3.99355145257395 0.67113308867454 1.06585038228204
 C 5.39382259591197 0.31586630618597 1.16827579993528
 C 5.72768383315546 -0.58678444640002 2.32256259370904
 C 6.32273330752439 0.72816613124938 0.29168884313987
 C 7.78752062797012 0.39592691957327 0.35573886510647
 H -4.78134604068705 4.43479128126472 1.31372289995030
 H -4.27697208021022 2.87578682432962 1.97025412370068
 H -5.27065086122261 3.29394660632300 -0.87727219621078
 H -6.25066123644242 2.66533006558116 0.44369170064599
 H -5.09107427836857 0.92327257330513 -1.10037075948079
 H -4.96594348900673 0.67934899142212 0.63629553148254
 H -2.01365601138111 3.57343371627474 2.45727528218092
 H -1.06265529736682 4.48785950227826 1.29203989874095
 H -2.52282253826605 5.19634292557443 1.98413570177160
 H -3.66637738494919 5.49814043130119 -0.43576622435746
 H -2.00686018668561 5.11808604490770 -0.86229965610633
 H -3.32172001033560 4.19991506640871 -1.58518559442993
 H -0.58280359848869 1.18486654850019 0.32392202149601
 H -3.41267080341105 -0.68820371213597 -1.01317400260190
 H -2.05002314963681 -0.49257380822994 0.08583593994284
 H -1.93609519091700 0.11053466843675 -1.56283524555602
 H -0.33519056390464 3.93084541833694 -0.95762783032723
 H 2.74710642724413 3.06823624049391 -2.20810731423196
 H 1.54729031823545 4.34458875236899 -2.02123016419700
 H 2.93176764694204 4.26845521969932 -0.92979604324278
 H 1.44140272643996 1.27616140384009 0.91564803076065
 H 4.06703517432519 2.16698388811357 -0.41311555059161
 H 3.33732887856397 0.13261584627936 1.73959968545059
 H 5.30060711923019 -0.19077102534868 3.24297595834351
 H 6.79901882909866 -0.69005657210367 2.45345446240987
 H 5.29477416247569 -1.57275211340279 2.15157223839492
 H 6.03117467313711 1.35257804796104 -0.53976953090742
 H 8.30755466404113 0.88314682902330 -0.48148136311880
 H 7.94575475929748 -0.68437198509771 0.26803219412461
 H 8.19110921889292 1.67811436620046 1.76670555922632
$end
$temperature
298.15
$end
$mult
 1
$end
$sigma
 1
$end
$pressure
1.00000
$end
$scale
1.00
$end
$msrrho
$end
$freq
12.45
16.26
28.81
38.18
54.68
58.41
73.37
85.25
95.27
108.60
114.91
120.77
124.96
133.14
139.48
174.87
189.55
207.82
221.85
237.93
259.16
268.66
278.32
303.35
305.09
334.74
356.23
368.96
371.80
397.45
414.52
424.21
443.67
469.07
487.18
492.63
505.69
530.16
583.72
602.54
626.38
646.18
719.33
769.01
779.73
798.48
845.96
852.86
854.51
866.91
902.73
921.28
929.46
961.78
969.12
975.09
982.96
990.57
996.80
998.14
1012.74
1016.82
1024.24
1029.55
1031.90
1043.45
1054.85
1065.18
1115.17
1116.48
1132.04
1152.82
1168.11
1181.35
1193.57
1208.50
1211.16
1217.26
1219.18
1227.29
1256.80
1262.22
1291.62
1293.64
1303.09
1306.03
1310.04
1335.50
1343.59
1346.17
1347.98
1357.75
1363.12
1403.72
1404.51
1404.92
1406.57
1420.96
1468.84
1470.26
1478.97
1484.99
1487.87
1490.12
1491.26
1493.64
1495.40
1497.34
1500.44
1504.29
1507.50
1517.09
1541.43
1602.92
1638.28
1662.92
1667.93
2876.77
2911.19
2939.58
2952.66
2961.12
2967.39
2978.08
2984.70
2998.66
3000.62
3002.31
3012.43
3017.75
3017.84
3018.47
3023.96
3029.25
3038.92
3039.60
3040.00
3042.41
3043.12
3050.61
3058.24
3062.80
3076.76
3078.61
3086.13
3092.69
3552.73
$end
