
$molecule
 O 8.48213994694750 1.76790895740868 1.67354543228602
 C -2.91388217585883 0.70751852299532 -1.17565927771518
 C -4.44041334797189 0.76525189449049 -1.32105779154710
 C -4.95604061472297 2.19523570941531 -1.30286805369921
 C -2.44555612944638 1.61575158606226 -0.04398833405278
 C -4.63417225159656 2.82175179182815 0.04650459957434
 C -3.21176296477057 2.58381288449075 0.47665932501329
 C -2.24287591026598 1.13653770991566 -2.48849851390926
 C -2.52317709533743 -0.74435600282552 -0.86694880377856
 C -1.07641248482942 1.36759582144531 0.39786461537435
 C -2.74162006097746 3.53894242865248 1.53574041800980
 C -0.69497195430563 1.22757213364753 1.67742848646243
 C 0.64420136948777 0.96857506426357 2.15244734154865
 C 0.76596808443901 0.47583392687900 3.56882961607271
 C 1.74141925947112 1.17621708679791 1.38308224525068
 C 3.09188805144142 0.94693350677640 1.78057109389924
 C 4.14330440707603 1.18516704473166 0.96931583672646
 C 5.53383591139263 0.97247551736546 1.29647367623119
 C 5.87342051867359 0.45409478419640 2.66296441464861
 C 6.47374158730356 1.23577266512232 0.37258600972699
 C 7.95705799713102 1.07546819056894 0.55372760978664
 H -4.89619083985505 0.21972082048731 -0.49118433316559
 H -4.73320108655414 0.26707142247407 -2.24786009950031
 H -6.03462329153926 2.21003641559726 -1.47421568459817
 H -4.48608789632384 2.77302374604132 -2.09978429865087
 H -5.29508110197384 2.39681440254181 0.81107308987586
 H -4.83284038191617 3.89620499273173 0.01721025583136
 H -2.43334015757675 2.18591976615890 -2.69854991574835
 H -1.16663966070298 0.99296026245738 -2.43959797036621
 H -2.62410749596270 0.54093168532824 -3.31574495521135
 H -2.92162275530281 -1.40710050960566 -1.63294906227189
 H -1.44386647696751 -0.86710030510527 -0.83482319303332
 H -2.92727301740875 -1.04863921119403 0.09646717699512
 H -0.34730355503016 1.22977104692803 -0.38915450099322
 H -3.05980839772406 4.55155116017386 1.28863850929028
 H -1.66048865037115 3.52734822437040 1.63854481900668
 H -3.18374422923778 3.28550739875289 2.49998352890617
 H -1.46014924185745 1.26592853410817 2.44211226461707
 H 1.26080718897238 -0.49422228258940 3.59574732501848
 H 1.35121743291993 1.16965228736444 4.17175584161336
 H -0.21396913651254 0.36844570360411 4.02711309579376
 H 1.60973127915606 1.56278426412891 0.38124967336451
 H 3.25919863158860 0.56534425871934 2.77605200677563
 H 3.95007817011389 1.56623431092035 -0.02665291955550
 H 5.46933930858921 1.11662261433676 3.42700574585717
 H 6.94704501322874 0.38850129396851 2.80012272049028
 H 5.43655053406561 -0.53383729392400 2.80423340219301
 H 6.16395680753189 1.60396714133319 -0.59640212156927
 H 8.47199920937879 1.40656656803864 -0.35947804729791
 H 8.21598232575146 0.02461367569958 0.72412283044718
 H 8.17720332825031 2.68095638193738 1.63601787000396
$end
$temperature
298.15
$end
$mult
 1
$end
$sigma
 1
$end
$pressure
1.00000
$end
$scale
1.00
$end
$msrrho
$end
$freq
14.76
25.45
29.06
42.39
53.40
64.80
78.49
92.75
97.65
104.83
116.35
127.99
144.10
165.39
172.34
205.19
211.09
212.55
226.09
254.62
265.48
268.32
291.74
300.56
304.09
336.61
343.84
370.34
381.06
400.31
408.32
426.31
451.22
468.88
481.89
503.58
509.26
526.32
581.52
596.08
617.19
637.25
740.49
768.12
779.89
807.89
841.46
850.51
857.55
871.77
904.07
924.97
930.58
959.66
969.09
972.26
986.17
988.10
991.82
1002.06
1011.79
1019.69
1024.19
1030.99
1040.13
1047.85
1053.14
1061.42
1108.80
1111.18
1132.97
1151.29
1164.28
1177.58
1186.79
1206.53
1208.48
1213.02
1221.96
1226.18
1258.40
1263.91
1277.50
1300.52
1303.82
1307.86
1317.89
1337.04
1342.89
1346.63
1352.40
1357.85
1360.25
1403.16
1404.24
1404.70
1405.92
1422.13
1470.62
1473.14
1481.40
1483.71
1487.36
1487.80
1489.51
1492.32
1494.17
1495.86
1500.32
1500.79
1505.89
1513.71
1547.60
1609.00
1635.97
1655.82
1689.26
2877.30
2915.40
2936.38
2960.97
2961.79
2967.35
2978.19
2984.80
2995.74
3001.30
3007.05
3007.81
3012.80
3018.50
3019.54
3024.50
3028.87
3036.29
3039.76
3041.73
3044.40
3045.22
3050.82
3052.89
3057.14
3059.98
3065.38
3085.18
3100.65
3553.07
$end
