
$molecule
 O 8.39236111959853 -0.64670025871231 0.03988193398632
 C -3.19926408108366 0.24244151831454 -0.50902452506940
 C -4.72941690606618 0.30817762691564 -0.41356034770615
 C -5.19765938924976 0.52261100121247 1.01676676879017
 C -2.56067719488001 1.37829743930340 0.28274541148845
 C -4.68318826656779 1.86713323577973 1.51123555487787
 C -3.22389030089641 2.08048008403819 1.21135661375332
 C -2.81249727400305 0.36414349122735 -1.98937458221143
 C -2.69500979618752 -1.10435792238294 0.02918515631153
 C -1.15325879680023 1.61061966766653 -0.02825357677897
 C -2.59157352970793 3.14816568048774 2.05712877521894
 C -0.61283214828963 2.81090570823510 -0.29224670254249
 C 0.76840511367456 3.08049346582452 -0.61685127775643
 C 1.05873025335049 4.42048476405293 -1.23683226695780
 C 1.76216401129934 2.19395194179150 -0.36120068839623
 C 3.14534366503073 2.38733770035629 -0.65048113924354
 C 4.08841938372998 1.46765717011831 -0.35765900216613
 C 5.50346787721509 1.58582990635804 -0.61755740337144
 C 6.00194637905894 2.84299611308621 -1.27057452706518
 C 6.32287641591481 0.58031766442650 -0.27248082965192
 C 7.81035120601398 0.53498522652712 -0.45948830592960
 H -5.15565967785150 -0.61185471782781 -0.81944063091636
 H -5.08710247396183 1.13956673112435 -1.02585032460580
 H -4.82082501071853 -0.27536829461456 1.65784150593871
 H -6.28858211323484 0.49919610667554 1.06459253560396
 H -4.85329044271297 1.96030944790645 2.58696061695286
 H -5.24955712770634 2.67236521660867 1.02873614794991
 H -3.09564139322087 1.34117893786696 -2.37575452696963
 H -1.74211986651052 0.24156928107624 -2.13167799985065
 H -3.32601740382395 -0.39898431275650 -2.57134363823492
 H -3.19741323738994 -1.92339045311816 -0.48188123941065
 H -1.62593489616591 -1.21210665907670 -0.13431600940757
 H -2.88296944107541 -1.19252016406291 1.09617344795288
 H -0.53722086644039 0.72487869204120 -0.10512446957528
 H -2.91020526927930 4.13643941819887 1.72355688972808
 H -1.50708798255046 3.10425949605827 2.01810772143489
 H -2.91030071504561 3.03669364256706 3.09332113412831
 H -1.27093605402025 3.67015322798712 -0.31129358326037
 H 1.52199800217338 4.29765647488511 -2.21513797970716
 H 0.14417919282327 4.99400237293727 -1.36544243494809
 H 1.73928828621555 4.99779110097676 -0.61151453568616
 H 1.51286773328473 1.25566865190407 0.11607336316134
 H 3.42911379549926 3.31468747632397 -1.12375127678980
 H 3.77631236661454 0.54446791906602 0.11587832020785
 H 5.53109877979181 2.96792742738813 -2.24453675812375
 H 7.07761000670948 2.81771571166395 -1.41011812628317
 H 5.75007110278672 3.70850706166309 -0.65916259588950
 H 5.90345280134872 -0.30833926986625 0.18200320944935
 H 8.28055093805352 1.41400413004030 0.01395369167459
 H 8.06748317500786 0.55069053297121 -1.52449257121409
 H 8.13531405021571 -0.75080141124887 0.96269207713754
$end
$temperature
298.15
$end
$mult
 1
$end
$sigma
 1
$end
$pressure
1.00000
$end
$scale
1.00
$end
$msrrho
$end
$freq
13.11
26.88
27.85
38.22
54.51
62.10
71.02
92.29
96.90
109.01
113.60
126.00
136.38
160.96
167.87
172.84
211.54
225.96
250.61
254.52
265.48
273.80
297.73
299.48
304.08
339.86
346.96
365.95
370.53
382.22
407.87
428.72
441.50
462.66
472.54
496.95
501.31
523.45
582.43
587.54
612.45
624.32
740.39
748.27
777.48
797.59
841.75
857.11
870.62
887.87
907.93
925.85
930.51
945.27
959.67
972.26
986.84
991.12
1002.06
1011.78
1018.60
1021.99
1028.44
1032.98
1037.92
1048.75
1053.26
1061.48
1111.23
1115.80
1133.02
1148.23
1164.25
1176.73
1186.87
1206.13
1208.11
1211.54
1219.94
1224.84
1256.48
1261.66
1276.88
1296.42
1302.50
1307.24
1317.41
1329.19
1342.90
1346.63
1355.14
1359.29
1360.63
1400.28
1404.06
1404.62
1405.90
1422.14
1456.65
1473.25
1483.68
1487.42
1487.87
1489.39
1489.81
1492.32
1492.60
1496.24
1500.25
1500.79
1505.81
1513.71
1547.66
1608.87
1636.70
1662.96
1689.40
2817.83
2915.05
2933.04
2960.86
2961.63
2967.21
2978.07
2984.60
2995.75
3000.59
3007.59
3008.80
3011.85
3019.21
3019.53
3024.44
3028.81
3036.46
3041.43
3042.64
3045.00
3045.38
3050.80
3052.87
3055.58
3060.11
3065.59
3071.40
3100.57
3548.51
$end
