
$molecule
   O     1.60329317   0.99647650   0.02061388
  O     1.91691839  -1.51388376   1.03262260
  O    -1.92224142   0.55872073   0.36769918
  O    -1.43768038  -2.07946233  -0.21873276
  O    -1.06580743   2.66291847  -1.60600237
  O     1.84578153   2.64228113  -1.51573345
  C     0.53719997   0.28100036   0.60464471
  C     0.75443782  -1.18046677   0.32765456
  C    -0.67562526   0.90411247   0.00582897
  C    -0.41376975  -2.07126086   0.73191700
  C    -0.30057177   1.83943662  -0.86058158
  C     1.17453750   1.90421407  -0.85874998
  H     0.55944274   0.44353068   1.68639720
  H     0.89662738  -1.29627959  -0.75197061
  H    -0.02592349  -3.09090585   0.81514597
  H    -0.77113378  -1.77858822   1.72419751
  H     2.20951858  -2.39597167   0.78542385
  H    -2.53890204   1.18065817  -0.03959692
  H    -1.89483118  -1.23270856  -0.15451009
  H    -0.45127059   3.22617840  -2.09626767
$end
$temperature
298.15
$end
$mult
 1
$end
$sigma
 1
$end
$pressure
1.00000
$end
$scale
1.0
$end
$msrrho
$end
$freq
49.41
82.86
127.11
149.45
210.44
222.94
252.99
272.60
316.71
316.95
374.17
384.53
416.93
433.55
466.20
523.39
552.48
594.21
633.62
708.01
738.73
842.67
862.66
941.81
1069.86
1105.38
1113.57
1119.13
1138.50
1164.48
1202.85
1209.16
1233.56
1256.68
1309.80
1314.10
1327.81
1353.42
1402.82
1453.90
1477.94
1483.35
1491.67
1534.66
1952.02
2012.83
3090.50
3161.63
3182.59
3193.07
3884.87
3915.73
3950.82
3964.47
$end
