
$molecule
 O    -2.305339  -1.180453   0.112930
 O    -2.422335   1.026575  -0.212808
 N     1.777577  -1.190145   0.170525
 C    -0.281165   0.012340  -0.034341
 C     0.407572   1.207429  -0.200288
 C     0.451862  -1.157301   0.147450
 C     1.787660   1.182039  -0.177545
 C     2.421698  -0.039089   0.010432
 C    -1.759708   0.034304  -0.057918
 H    -0.151588   2.124393  -0.342572
 H    -0.061138  -2.103789   0.279338
 H     2.368714   2.087148  -0.302380
 H     3.506585  -0.093496   0.033352
 H    -3.263648  -1.055512   0.081342
$end
$temperature
298.15
$end
$mult
 1
$end
$sigma
 1
$end
$pressure
1.00000
$end
$scale
0.983
$end
$msrrho
$end
$freq
64.14
159.00
210.26
388.61
389.43
430.12
497.67
599.77
625.26
661.93
727.85
769.44
800.48
859.23
973.46
1009.36
1025.89
1046.36
1073.86
1134.93
1143.36
1214.14
1234.61
1330.21
1359.50
1402.42
1466.03
1525.37
1641.33
1664.41
1828.23
3172.68
3200.86
3211.19
3224.86
3793.87
$end
