
$molecule
   O     1.53779676  -0.59466128  -0.01083192
  O    -0.48950722  -2.27563165  -0.25994991
  O    -0.33476072   2.23663816   0.32964865
  O     2.15111142   1.50499730  -1.68152659
  O     1.44019608   0.10621588  -3.27619210
  N    -0.67917698   0.56494656  -1.17118859
  C    -0.20639050  -0.78802419   1.66415460
  C     0.66277716   0.12237115   0.80240306
  C    -1.15349725  -1.59645453   0.79247818
  C    -1.03629948   0.05590472   2.63511762
  C     0.70178210  -1.72351834   2.45303072
  C    -0.16705017   1.09753139  -0.02243569
  C    -1.02958947   1.42120686  -2.27601056
  C     0.20737564   2.11608636  -2.83635019
  C     1.34302141   1.14391971  -2.67457945
  H     1.26993647   0.75880938   1.45142209
  H    -1.89144259  -0.94659958   0.32656191
  H    -1.70369862  -2.31235965   1.40805808
  H    -0.39188529   0.64899971   3.28043797
  H    -1.65027879  -0.58137337   3.27148011
  H    -1.69692849   0.74342944   2.11319314
  H     0.11863233  -2.37789776   3.10091906
  H     1.38543564  -1.16173138   3.08557592
  H     1.30655380  -2.34932341   1.80436303
  H    -0.37245468  -0.36130818  -1.40892559
  H     1.05018254  -1.34814235  -0.36569773
  H    -1.48296738   0.78799265  -3.04378215
  H    -1.76322326   2.16338699  -1.95416498
  H    -0.27559136  -3.17447909   0.00733464
  H     0.43543802   3.01470311  -2.26798036
  H     0.06934608   2.37847351  -3.88783851
  H     2.64515680   0.72589187  -1.38872448
$end
$temperature
298.15
$end
$mult
 1
$end
$sigma
 1
$end
$pressure
1.00000
$end
$scale
1.0
$end
$msrrho
$end
$freq
20.90
62.01
70.69
93.18
101.03
126.11
150.69
178.34
194.58
208.83
220.61
249.03
256.43
282.20
303.21
335.41
351.16
378.41
408.06
434.59
442.68
485.45
534.30
539.17
579.73
610.36
626.73
725.31
744.68
791.26
831.33
870.24
897.02
917.14
960.50
980.63
998.05
1014.04
1029.39
1046.35
1073.15
1095.71
1127.37
1156.42
1158.35
1208.96
1226.14
1234.09
1241.05
1271.93
1304.31
1315.11
1344.55
1352.60
1368.56
1395.27
1410.36
1412.45
1430.41
1435.89
1448.47
1454.28
1460.62
1460.98
1475.87
1479.79
1481.23
1488.77
1491.31
1502.59
1597.77
1889.70
1902.65
3090.37
3095.82
3111.14
3130.95
3131.01
3195.90
3203.27
3203.91
3205.60
3229.34
3238.89
3240.65
3250.16
3882.20
3901.40
3947.88
3976.05
$end
