
$molecule
   O    -1.13591119   1.40037502  -0.33884874
  O     0.47800374   1.67995447   3.52319253
  O     1.70930982   1.38235661  -0.44313301
  O    -1.69796243  -0.02291800  -2.60443022
  O     0.00021425   1.12780913  -3.49854827
  N     1.41344796  -0.65999021  -1.33639342
  C    -0.17525804   0.30999118   1.62452065
  C    -0.34893507   0.33111452   0.10432505
  C     0.27928533   1.67522202   2.12768919
  C     0.84369841  -0.75849891   2.00065744
  C    -1.51435642  -0.03328566   2.26984164
  C     0.99710648   0.42287365  -0.59552558
  C     0.61526021  -1.68003312  -1.97029943
  C     0.15456809  -1.25235102  -3.35747931
  C    -0.51375339   0.08395349  -3.20953238
  H    -0.82782693  -0.60656874  -0.18049790
  H    -0.48679414   2.42033346   1.91276506
  H     1.17740362   1.98632050   1.60091647
  H     0.58959008  -1.72065144   1.55986038
  H     0.87597402  -0.89459704   3.07794467
  H     1.84533424  -0.49912032   1.66863325
  H    -1.41937637  -0.03842587   3.35108438
  H    -1.87541456  -1.01316703   1.95852215
  H    -2.29074760   0.69145999   2.02967771
  H     2.29277841  -0.45753004  -1.79147178
  H    -1.89893639   1.47015199   0.24127594
  H     1.22359056  -2.59053363  -2.04588077
  H    -0.25068453  -1.91209524  -1.35635559
  H     1.38970790   1.43824414   3.70858869
  H    -0.54443743  -1.98166056  -3.77447355
  H     1.00514235  -1.14236100  -4.03033986
  H    -1.91002097   0.84362764  -2.22628540
$end
$temperature
298.15
$end
$mult
 1
$end
$sigma
 1
$end
$pressure
1.00000
$end
$scale
1.0
$end
$msrrho
$end
$freq
38.26
45.09
62.64
72.75
86.42
103.74
126.58
176.26
190.64
195.40
224.58
233.63
265.51
280.05
294.27
310.18
324.31
339.02
379.16
418.09
433.64
440.64
483.17
509.41
521.60
600.18
612.78
645.92
697.62
794.24
820.34
857.74
880.70
915.78
958.45
982.67
1003.96
1012.81
1041.02
1054.47
1073.96
1093.22
1099.75
1119.01
1144.52
1175.34
1216.80
1251.16
1260.23
1271.16
1287.31
1325.47
1346.15
1354.43
1371.28
1384.60
1408.54
1417.75
1439.07
1439.89
1449.48
1458.86
1470.10
1477.57
1480.50
1486.21
1490.51
1492.76
1497.11
1501.44
1560.29
1875.81
1923.48
3086.34
3092.17
3108.12
3119.00
3168.08
3196.93
3208.87
3221.79
3238.02
3238.96
3240.47
3266.75
3282.91
3757.08
3883.15
3960.78
4002.40
$end
