
$molecule
   O     1.54986935   0.20012518  -0.06969794
  O    -0.35743670  -2.54312991   2.36016099
  O    -1.50334242   1.82160292  -0.21307990
  O    -0.42660841   2.07421339  -3.35070877
  O     1.49523452   1.73304435  -2.27880157
  N    -1.07031075  -0.09298878  -1.31014630
  C     0.06863239  -0.21396031   1.75665527
  C     0.41642773   0.67639326   0.56508818
  C    -0.07732527  -1.65991703   1.30129536
  C    -1.22159993   0.25879368   2.41983428
  C     1.21640936  -0.11794717   2.75264868
  C    -0.78123027   0.86209654  -0.35912691
  C    -0.11694572  -0.88079110  -2.04507341
  C     0.36970706  -0.13609042  -3.28933843
  C     0.57538386   1.30792512  -2.93502716
  H     0.58799620   1.68968423   0.94627575
  H     0.85418498  -1.99711114   0.84989335
  H    -0.85423451  -1.72988900   0.53845156
  H    -1.19760406   1.32809365   2.61223885
  H    -1.36450807  -0.24099126   3.37507462
  H    -2.09715270   0.05991663   1.80666627
  H     1.06350021  -0.80403762   3.58111828
  H     1.30081818   0.88745385   3.16299832
  H     2.16386276  -0.36568017   2.28413737
  H    -1.88490804   0.18259254  -1.84137155
  H     1.79910392   0.80695243  -0.78545566
  H     0.72116021  -1.11982682  -1.40665572
  H    -0.59530705  -1.81709902  -2.35865477
  H    -1.25902070  -2.38708388   2.65562269
  H    -0.37188748  -0.18227966  -4.08715139
  H     1.30808145  -0.56298903  -3.65210543
  H    -0.31095011   2.96292454  -2.98576492
$end
$temperature
298.15
$end
$mult
 1
$end
$sigma
 1
$end
$pressure
1.00000
$end
$scale
1.0
$end
$msrrho
$end
$freq
47.70
55.65
60.88
79.96
97.21
114.01
149.75
170.20
200.25
227.73
239.79
262.67
294.46
306.58
317.62
327.33
369.36
387.69
433.60
435.99
450.18
458.69
505.37
591.26
607.39
635.77
695.69
700.22
724.46
790.24
818.11
862.16
875.75
905.44
966.97
988.01
1006.45
1010.07
1043.24
1054.61
1076.56
1105.79
1114.15
1146.51
1155.89
1206.58
1224.49
1245.66
1264.33
1271.24
1304.66
1347.92
1352.11
1371.35
1380.57
1390.89
1405.46
1434.36
1440.91
1443.77
1445.93
1456.93
1460.48
1474.71
1479.54
1480.78
1489.95
1492.02
1496.05
1508.97
1537.46
1851.91
1893.80
3094.94
3105.89
3107.65
3119.25
3159.95
3164.17
3207.55
3220.86
3223.93
3231.50
3249.85
3252.58
3357.34
3757.15
3822.66
3891.06
3961.01
$end
