
$molecule
   O    -1.75709860   2.06377668   0.65604580
  O    -0.43569374  -1.13923203   3.00320379
  O     0.86722626   1.76020047  -0.02842252
  O     3.64063111   0.79823769  -0.53522349
  O     2.26733766  -0.83254999   0.14612658
  N     0.15145397   0.66373692  -1.87140120
  C    -1.32980653  -0.32372789   0.94411079
  C    -1.36201076   0.89395955   0.01275774
  C    -0.32950334  -0.09813032   2.05639119
  C    -0.95316419  -1.57852387   0.16694539
  C    -2.71731607  -0.50825512   1.54708448
  C    -0.00028652   1.16215206  -0.60891850
  C     1.40273091   0.77747499  -2.57157657
  C     2.38819292  -0.31178545  -2.18675360
  C     2.74897247  -0.17203574  -0.73579214
  H    -2.05980075   0.66722427  -0.80501579
  H    -0.51471685   0.86885749   2.53033649
  H     0.67803212  -0.06352005   1.64947161
  H    -1.63914917  -1.75730904  -0.66166745
  H    -0.99570786  -2.44315714   0.82077016
  H     0.05594200  -1.52103147  -0.22264138
  H    -2.74940798  -1.40844028   2.15075524
  H    -3.48290406  -0.59789501   0.77592636
  H    -2.99340676   0.31638076   2.19893915
  H    -0.54371320   0.02362201  -2.21255289
  H    -2.67345718   1.96973551   0.92969400
  H     1.20263621   0.72614906  -3.64850516
  H     1.83357927   1.75056309  -2.34353036
  H     0.34917347  -1.12233806   3.55971209
  H     3.29671224  -0.22509324  -2.78845568
  H     1.94923586  -1.29714653  -2.34294874
  H     3.70528709   0.95810069   0.41513461
$end
$temperature
298.15
$end
$mult
 1
$end
$sigma
 1
$end
$pressure
1.00000
$end
$scale
1.0
$end
$msrrho
$end
$freq
41.48
64.51
79.13
93.04
101.00
118.27
131.92
158.39
193.47
217.44
219.37
235.12
266.09
272.06
291.37
306.85
317.37
349.79
353.90
385.25
420.43
435.80
446.57
471.66
504.68
551.97
598.34
642.67
763.61
783.00
819.14
860.28
876.33
949.44
962.44
991.73
1012.79
1017.21
1045.41
1072.79
1092.32
1102.81
1105.24
1148.08
1189.25
1201.08
1208.97
1223.82
1233.19
1240.88
1276.38
1292.05
1319.69
1356.46
1361.05
1366.72
1418.30
1426.37
1436.59
1443.83
1453.28
1455.02
1474.49
1476.15
1481.69
1487.34
1489.77
1495.36
1499.63
1513.12
1603.14
1897.99
1910.88
3097.37
3098.74
3105.61
3116.82
3120.00
3154.55
3210.64
3211.45
3228.88
3242.88
3253.31
3281.47
3292.12
3843.04
3924.19
3945.06
3987.26
$end
