
$molecule
   O    -1.40084811  -1.17517001   0.19683462
  O    -1.10981253   3.21712563   2.16889737
  O     1.70224369   0.36192348   0.60054339
  O     2.40495204  -4.12334797  -1.76478725
  O     0.63896551  -2.96419214  -2.48571565
  N     0.60033200  -0.43242791  -1.22317621
  C    -1.29705847   1.08935299   1.08400728
  C    -0.58892748  -0.25353237   0.86391014
  C    -0.44003847   1.99558499   1.95345799
  C    -2.61406907   0.83639971   1.80854142
  C    -1.56811108   1.76105403  -0.24903758
  C     0.70097230  -0.07604527   0.08166641
  C     1.76489813  -0.48680166  -2.05982366
  C     2.57021192  -1.73513008  -1.78981504
  C     1.75806211  -2.98404782  -2.05623563
  H    -0.28803046  -0.65548058   1.84006857
  H     0.52854297   2.17030385   1.48283684
  H    -0.23257961   1.50375839   2.91192315
  H    -3.32570666   0.30025667   1.18504898
  H    -3.07381866   1.77808952   2.08793613
  H    -2.46839118   0.26119508   2.72258562
  H    -2.15841344   2.66169833  -0.10986889
  H    -2.11110679   1.09809347  -0.91657102
  H    -0.64791056   2.04990874  -0.74771664
  H    -0.19040397  -1.00302677  -1.47888929
  H    -2.10089648  -1.47088763   0.78422145
  H     1.43952278  -0.47022114  -3.10229012
  H     2.38447989   0.39149676  -1.86657198
  H    -0.52446154   3.80223731   2.66079138
  H     2.88995950  -1.74412335  -0.74635805
  H     3.47202732  -1.77139436  -2.41138087
  H     3.28541441  -3.93264990  -1.42503286
$end
$temperature
298.15
$end
$mult
 1
$end
$sigma
 1
$end
$pressure
1.00000
$end
$scale
1.0
$end
$msrrho
$end
$freq
16.51
34.69
43.00
63.83
67.00
113.62
144.52
154.95
202.64
213.95
224.65
248.59
270.02
277.51
280.46
302.67
331.94
349.16
381.00
394.32
417.92
443.85
495.35
525.13
548.13
634.22
636.17
657.59
681.81
703.24
805.99
865.81
885.78
919.61
975.60
995.90
1013.17
1015.63
1060.79
1063.37
1091.19
1101.89
1146.86
1161.98
1174.42
1178.18
1202.34
1229.85
1232.20
1243.29
1277.05
1287.63
1318.07
1334.14
1353.79
1379.73
1405.43
1420.56
1434.51
1446.21
1457.79
1460.02
1465.92
1470.79
1478.32
1484.54
1484.79
1492.15
1495.64
1507.49
1610.72
1868.89
1924.49
3087.10
3092.11
3100.32
3127.65
3127.86
3136.53
3188.41
3209.70
3218.04
3220.70
3248.69
3250.16
3253.77
3816.03
3935.78
3958.93
4002.13
$end
