
$molecule
   O    -1.78239327   0.40495115   0.61119051
  O    -1.14313450   1.30464343  -3.50066813
  O    -0.07892981  -2.33404759   0.14568043
  O     2.18432611   1.30021222   1.11270025
  O     3.48193988  -0.32320707   1.93462425
  N     0.15767190  -1.10058033   2.00745857
  C    -0.73043087  -0.11770582  -1.53915602
  C    -0.59399173   0.01493022  -0.02335201
  C    -1.06527028   1.27034715  -2.09916835
  C    -1.83607106  -1.09301526  -1.89740929
  C     0.59735460  -0.56054449  -2.13925797
  C    -0.15236368  -1.25717155   0.68556779
  C     0.18400984   0.10242090   2.79078935
  C     1.60356538   0.41733619   3.23276023
  C     2.53574522   0.40571442   2.05425285
  H     0.18687360   0.75645165   0.17187066
  H    -0.29384989   1.99119492  -1.81315127
  H    -2.00955759   1.63402535  -1.67649709
  H    -1.63407171  -2.07296867  -1.48699881
  H    -1.92590910  -1.20673150  -2.97580076
  H    -2.79963106  -0.76337635  -1.51615364
  H     0.55417286  -0.51917516  -3.22332342
  H     0.84874599  -1.57271563  -1.84628023
  H     1.40909684   0.09423667  -1.82556173
  H     0.48317520  -1.95028476   2.44136447
  H    -2.10077404   1.22113111   0.21833492
  H    -0.21592432   0.91817223   2.20518576
  H    -0.45121006  -0.01241444   3.67822917
  H    -1.86238498   0.73012390  -3.77954818
  H     1.96649525  -0.32798457   3.94135914
  H     1.64693677   1.40120962   3.71069491
  H     2.83578853   1.24482203   0.40026363
$end
$temperature
298.15
$end
$mult
 1
$end
$sigma
 1
$end
$pressure
1.00000
$end
$scale
1.0
$end
$msrrho
$end
$freq
18.86
27.64
46.68
85.73
87.18
105.39
123.02
146.43
183.26
216.42
233.86
249.61
263.08
274.88
282.07
316.48
336.62
345.08
377.50
395.81
418.72
465.62
487.76
519.43
577.87
579.55
611.03
625.11
694.69
762.97
785.47
844.97
855.90
914.76
961.27
976.44
1007.26
1012.48
1034.93
1050.56
1085.43
1103.21
1111.26
1133.27
1150.80
1167.60
1220.36
1226.30
1265.74
1268.81
1277.13
1324.88
1348.16
1373.50
1377.73
1390.09
1405.77
1414.68
1437.52
1438.72
1454.65
1464.92
1468.70
1473.69
1480.82
1483.21
1484.49
1487.15
1492.67
1502.13
1578.78
1874.11
1910.42
3073.08
3094.13
3104.19
3114.14
3119.56
3170.53
3200.34
3206.67
3220.73
3227.29
3281.52
3298.88
3342.55
3801.04
3903.62
3961.67
4009.40
$end
