
$molecule
   O     1.45186033   1.56638171  -0.20066118
  O    -0.19476607  -1.67250124   1.87384130
  O    -1.83923233   2.27239686  -0.92115229
  O     1.29331324  -3.02726249  -0.88673942
  O     1.78178774  -3.01968735  -3.06500050
  N    -0.59619111   0.70064155  -1.94177385
  C    -0.21237916   0.75215924   1.38922300
  C     0.13324736   1.70637823   0.23447633
  C     0.04460295  -0.66644987   0.92580858
  C    -1.67111942   0.92189778   1.80010324
  C     0.68689742   1.06924980   2.57725302
  C    -0.84056921   1.58669734  -0.93007681
  C     0.49915260  -0.20827412  -2.17203117
  C    -0.01727010  -1.63164235  -2.34951287
  C     1.10300508  -2.63608325  -2.15337295
  H    -0.03605793   2.72623649   0.59468584
  H     1.08860527  -0.76329833   0.64208295
  H    -0.56662743  -0.85031071   0.04683110
  H    -1.90372835   1.96416759   2.00071075
  H    -1.88171566   0.36033015   2.70850373
  H    -2.35785753   0.58310137   1.02957780
  H     0.47643157   0.39711261   3.40452352
  H     0.53546348   2.08871187   2.93102206
  H     1.73988967   0.95023440   2.33400985
  H    -1.30270118   0.74929648  -2.66077740
  H     2.03869001   2.04904345   0.38791515
  H     1.04843154   0.08039811  -3.07423633
  H     1.18946963  -0.14232112  -1.34653753
  H    -1.13148524  -1.67398638   2.09496705
  H    -0.40694501  -1.76994538  -3.35771417
  H    -0.82462487  -1.83415272  -1.64886153
  H     0.67242269  -2.62851970  -0.26708727
$end
$temperature
298.15
$end
$mult
 1
$end
$sigma
 1
$end
$pressure
1.00000
$end
$scale
1.0
$end
$msrrho
$end
$freq
30.80
47.69
53.29
82.54
108.19
114.50
119.02
167.46
196.74
208.07
234.94
244.33
252.78
261.32
301.51
315.62
326.86
346.38
374.28
391.75
445.04
468.44
474.48
501.50
563.77
600.97
631.80
660.64
692.10
770.03
815.68
820.42
865.56
892.38
968.00
982.33
1005.11
1010.48
1057.97
1076.36
1079.61
1108.82
1127.65
1142.04
1159.21
1182.62
1200.64
1226.88
1230.64
1286.38
1300.45
1323.35
1337.06
1355.94
1381.87
1391.93
1405.57
1422.19
1439.29
1453.51
1455.69
1465.20
1471.57
1476.76
1479.59
1482.24
1485.04
1491.80
1496.45
1507.34
1572.33
1842.21
1910.98
3097.57
3107.10
3121.64
3154.49
3174.40
3211.82
3219.80
3222.44
3232.45
3236.58
3240.46
3323.31
3389.79
3780.87
3948.24
3960.54
3984.55
$end
