
$molecule
   O    -0.16952975   1.33774338  -1.95009715
  O    -0.75875339  -1.32711239   1.10520149
  O    -1.36675421   2.22074731   0.69809597
  O     3.73157403  -1.96628018   1.78430361
  O     4.29504683  -0.54944325   0.14385805
  N     0.82605755   1.77475454   0.98846467
  C    -1.66327670  -0.24062321  -0.83382017
  C    -0.40062660   0.60943513  -0.77708404
  C    -1.94172175  -0.79719592   0.54892141
  C    -1.39745520  -1.38899665  -1.80115195
  C    -2.86679036   0.56280245  -1.30897301
  C    -0.37829882   1.59655858   0.37940282
  C     2.08689038   1.15387386   0.65626438
  C     2.27652615  -0.15044205   1.40119372
  C     3.53754457  -0.87444972   1.01992561
  H     0.44266309  -0.06493298  -0.66773390
  H    -2.71409778  -1.57271147   0.48289431
  H    -2.34031066  -0.01354285   1.19737928
  H    -1.07745893  -1.01590013  -2.77093635
  H    -2.29609087  -1.98517682  -1.95554289
  H    -0.62384330  -2.05318461  -1.42390649
  H    -3.77144099  -0.04191861  -1.25651485
  H    -2.74888771   0.86677548  -2.34613095
  H    -3.01831299   1.44901016  -0.70272026
  H     0.80626652   2.45400664   1.73230446
  H    -0.84289592   2.02179345  -2.01441431
  H     2.15657126   0.98598769  -0.41547061
  H     2.88335506   1.85325539   0.92449165
  H    -0.95503135  -1.65121257   1.99035883
  H     1.44028101  -0.82076939   1.20577892
  H     2.30076423   0.01682279   2.47953253
  H     4.54803662  -2.38967405   1.48612523
$end
$temperature
298.15
$end
$mult
 1
$end
$sigma
 1
$end
$pressure
1.00000
$end
$scale
1.0
$end
$msrrho
$end
$freq
21.54
32.55
38.80
45.27
71.76
120.73
141.53
173.84
192.46
209.87
241.39
259.70
268.63
275.72
287.68
306.01
337.37
352.82
359.32
402.76
434.18
473.67
479.80
525.19
546.04
569.91
607.26
638.36
678.86
706.07
824.93
841.96
858.78
934.01
956.30
985.49
995.39
1020.31
1061.62
1091.32
1110.05
1120.08
1126.30
1136.84
1165.14
1182.52
1197.05
1219.89
1241.95
1254.59
1285.70
1302.36
1333.77
1350.10
1374.56
1390.70
1407.10
1436.48
1440.27
1449.03
1450.23
1469.60
1471.51
1474.66
1481.13
1484.48
1489.86
1495.77
1499.88
1507.15
1573.22
1855.93
1898.23
3089.78
3097.21
3104.72
3125.96
3148.06
3198.97
3209.70
3211.25
3230.85
3233.09
3258.86
3271.25
3305.78
3800.27
3898.89
3942.12
3973.43
$end
