
$molecule
   O    -2.66082301  -0.93389742   1.01130348
  O     0.78910157  -0.89264529  -1.35911659
  O    -1.34884606   1.04427007   2.17903941
  O     2.54814836   1.32213174  -1.70279395
  O     2.34758893   2.80948367  -0.04654430
  N    -0.50884230   1.76607765   0.21549919
  C    -0.34506166  -1.54366041   0.65787387
  C    -1.46372181  -0.52509194   0.42423505
  C     0.94784634  -1.07016474   0.02249357
  C    -0.76927252  -2.85090455   0.00320070
  C    -0.12328485  -1.76667478   2.14917016
  C    -1.11151441   0.83284836   1.00953720
  C    -0.51987343   1.82811892  -1.22268227
  C     0.61695821   2.71429656  -1.69818288
  C     1.91271076   2.31804316  -1.04987811
  H    -1.63239111  -0.43373826  -0.64822964
  H     1.73236251  -1.81057019   0.22205944
  H     1.28273322  -0.14254054   0.49219781
  H    -1.71853346  -3.19619187   0.40214163
  H    -0.02961881  -3.63051193   0.17929679
  H    -0.87471873  -2.73808556  -1.07176589
  H     0.65538048  -2.51065807   2.31347545
  H    -1.02841078  -2.13155058   2.62309655
  H     0.17460907  -0.85589060   2.66009852
  H    -0.35880793   2.63751569   0.70279815
  H    -2.67746114  -0.54314588   1.89419567
  H    -0.40775010   0.82905438  -1.62512423
  H    -1.46247695   2.24307908  -1.60698794
  H     1.50709499  -0.33574796  -1.68403208
  H     0.42565157   3.75144172  -1.41701807
  H     0.71634747   2.65628660  -2.78488260
  H     3.38487559   1.15902295  -1.24447412
$end
$temperature
298.15
$end
$mult
 1
$end
$sigma
 1
$end
$pressure
1.00000
$end
$scale
1.0
$end
$msrrho
$end
$freq
27.90
51.99
62.97
103.26
130.31
143.78
153.15
171.26
198.37
219.22
241.32
255.50
265.10
296.83
315.90
346.39
361.16
386.75
426.87
439.84
473.06
501.42
525.79
551.78
582.89
602.55
628.74
652.49
694.94
789.44
809.96
847.51
882.43
927.71
976.45
988.76
1002.06
1019.54
1060.73
1068.24
1098.90
1104.50
1129.02
1135.60
1158.95
1207.12
1227.29
1254.08
1259.94
1265.70
1278.40
1281.75
1345.02
1355.21
1373.60
1380.30
1414.36
1420.34
1434.63
1445.32
1454.54
1471.78
1475.25
1475.91
1482.26
1485.95
1489.01
1494.26
1496.53
1509.10
1570.17
1853.06
1914.32
3073.85
3085.61
3106.86
3109.28
3118.21
3194.61
3202.27
3221.22
3223.25
3246.65
3250.51
3256.32
3331.07
3778.70
3890.99
3919.46
3933.31
$end
