
$molecule
   O    -1.34929584  -0.07582474  -1.30591069
  O    -1.32525751   1.50397338   2.54447679
  O     0.35444507  -0.44899934   1.74333320
  O     0.93422353  -4.84837221  -1.16010258
  O     1.11188012  -2.87742665  -2.18975895
  N     1.04378638  -0.75118510  -0.39452747
  C    -1.04813801   1.85691926   0.14552289
  C    -1.08805287   0.33632067   0.00516450
  C    -0.66094421   2.25291697   1.57568508
  C    -2.44803305   2.38518997  -0.14504923
  C    -0.04060227   2.46468556  -0.82703037
  C     0.17205134  -0.32648362   0.54768338
  C     2.18244540  -1.54805992  -0.03109741
  C     1.80543206  -3.00465156   0.09622188
  C     1.25450006  -3.54881761  -1.20550117
  H    -1.89740264  -0.05617022   0.62590507
  H    -0.91209138   3.30817184   1.71883650
  H     0.42307737   2.17023680   1.69853367
  H    -2.82411147   2.03379500  -1.10317291
  H    -2.45492946   3.47451116  -0.16791931
  H    -3.14574015   2.06642573   0.62535273
  H     0.09185846   3.52589973  -0.62316604
  H    -0.36613833   2.38896177  -1.86335400
  H     0.93587922   1.99130154  -0.74960211
  H     0.67927980  -0.89327052  -1.32380410
  H    -0.91764528   0.52517969  -1.91709049
  H     2.94691713  -1.42959882  -0.80294224
  H     2.57758079  -1.18747929   0.91947596
  H    -0.85008313   0.65809995   2.59007102
  H     1.04198580  -3.12296149   0.86819150
  H     2.66830877  -3.61228233   0.39011395
  H     1.10481430  -5.21100561  -0.28453906
$end
$temperature
298.15
$end
$mult
 1
$end
$sigma
 1
$end
$pressure
1.00000
$end
$scale
1.0
$end
$msrrho
$end
$freq
15.44
38.73
49.38
68.46
80.86
139.27
182.95
189.34
219.95
227.96
250.50
265.39
276.14
314.95
320.11
327.51
361.31
366.29
411.38
425.02
479.91
495.45
538.14
545.29
621.82
631.49
691.34
694.95
699.85
733.94
808.32
873.45
885.79
924.87
969.12
983.06
1001.34
1020.07
1059.39
1065.46
1082.39
1127.97
1136.15
1159.78
1171.67
1175.29
1217.19
1227.01
1239.84
1271.80
1301.78
1325.09
1332.94
1346.41
1365.16
1405.41
1420.24
1422.87
1426.75
1443.34
1447.39
1455.10
1458.82
1460.18
1479.20
1481.52
1484.85
1487.66
1489.37
1499.04
1615.50
1851.24
1920.55
3090.38
3093.28
3094.83
3097.55
3131.79
3182.71
3185.42
3198.69
3200.40
3208.25
3220.46
3227.50
3230.91
3807.13
3815.94
3957.38
4028.33
$end
