
$molecule
   O    -1.47548033   0.17233167   0.10936959
  O     2.31913344   0.80075585  -2.17362526
  O     1.71815550  -0.43235902   0.08977687
  O    -1.88591651  -1.46355808   2.32381518
  O    -1.33320069  -2.55212837   4.18351271
  N     0.48215206   0.20090210   1.87316259
  C    -0.11551651   0.89468908  -1.78281342
  C    -0.30380362   0.85660527  -0.27276460
  C     1.19520789   1.61541852  -2.14498980
  C    -1.27304615   1.71742974  -2.36491429
  C    -0.14397814  -0.50078407  -2.37211451
  C     0.76863998   0.15692638   0.54880351
  C     1.07660565  -0.75540293   2.77645525
  C     0.41488333  -2.11177587   2.63214610
  C    -1.01772163  -2.08049218   3.12525609
  H    -0.35194021   1.88996800   0.10193161
  H     1.32980703   2.46466766  -1.45863099
  H     1.09012710   2.04854535  -3.14431694
  H    -2.24500812   1.27102709  -2.16276301
  H    -1.18617699   1.78504647  -3.44707331
  H    -1.28815776   2.73492063  -1.97301679
  H     0.02072314  -0.46080929  -3.44596215
  H    -1.10342326  -0.98245418  -2.19994022
  H     0.62439073  -1.13201425  -1.94686553
  H    -0.38360835   0.63883732   2.13911832
  H    -2.24507512   0.54842348  -0.32541172
  H     2.13845632  -0.83833666   2.54155726
  H     0.97182548  -0.38067162   3.79859395
  H     2.32176008   0.26462160  -1.36452692
  H     0.93903151  -2.85478164   3.23496819
  H     0.45061924  -2.42068613   1.58784820
  H    -1.50946507  -1.09486193   1.51341406
$end
$temperature
298.15
$end
$mult
 1
$end
$sigma
 1
$end
$pressure
1.00000
$end
$scale
1.0
$end
$msrrho
$end
$freq
19.07
48.45
69.88
86.46
102.64
114.66
164.07
184.44
208.19
234.36
241.97
260.65
272.02
291.20
310.52
327.18
361.10
380.10
392.38
413.27
477.78
510.10
528.83
553.15
610.26
631.11
715.18
732.29
763.78
815.32
822.24
860.96
895.22
944.43
964.70
966.91
997.40
1019.51
1042.69
1070.79
1084.43
1111.31
1129.76
1160.36
1165.43
1182.72
1207.74
1214.98
1223.43
1252.09
1276.33
1312.58
1316.24
1348.43
1370.80
1404.11
1408.43
1421.25
1436.35
1447.29
1459.01
1461.52
1467.28
1472.50
1476.82
1478.54
1485.73
1492.35
1496.53
1499.14
1615.84
1887.31
1907.81
3044.57
3082.00
3104.16
3119.30
3126.17
3141.82
3155.90
3195.44
3208.73
3216.18
3226.26
3228.96
3296.92
3825.61
3839.32
3899.37
4018.83
$end
