
$molecule
   O     2.26351403  -0.05288911  -0.37314442
  O     0.04896664  -0.78136546   1.27465434
  O    -0.59964837   1.36780876  -1.87241582
  O    -2.02859249  -2.82968313   0.95012675
  O    -0.52504290  -3.56187377  -0.53010634
  N     0.12646989  -0.77860937  -1.62785969
  C     0.81712968   1.44609390   0.82976489
  C     1.33753116   0.97668258  -0.52458149
  C    -0.31497248   0.56620714   1.31013645
  C     0.29786989   2.88200742   0.69440770
  C     1.94913733   1.39871186   1.84322368
  C     0.18024827   0.56063969  -1.42430985
  C    -1.01381882  -1.39288126  -2.24259893
  C    -2.02421280  -1.80557719  -1.19427844
  C    -1.43226964  -2.82339164  -0.26256809
  H     1.81262570   1.83114027  -1.02181740
  H    -1.20636489   0.73267049   0.69850083
  H    -0.59400217   0.86602313   2.32690263
  H     1.11233752   3.56767113   0.46638822
  H    -0.15886322   3.21392210   1.62665596
  H    -0.44108297   2.96183632  -0.09768105
  H     1.63089979   1.83513082   2.78958472
  H     2.81291712   1.96192080   1.49860027
  H     2.26535582   0.38007488   2.03132426
  H     0.70187413  -1.33278535  -1.01494620
  H     2.75398397  -0.16112431  -1.19330904
  H    -1.46436087  -0.67844225  -2.93222882
  H    -0.69043613  -2.27546550  -2.80006884
  H    -0.69823613  -1.30610469   1.58063762
  H    -2.91428254  -2.25577095  -1.64860426
  H    -2.35423687  -0.94737766  -0.61319254
  H    -1.65043762  -3.56519964   1.45280284
$end
$temperature
298.15
$end
$mult
 1
$end
$sigma
 1
$end
$pressure
1.00000
$end
$scale
1.0
$end
$msrrho
$end
$freq
32.30
47.47
59.16
91.97
103.17
114.75
162.53
191.97
196.99
233.38
246.23
273.82
279.35
299.82
323.07
339.63
356.26
373.70
410.94
422.05
434.31
459.85
533.48
543.39
575.87
603.12
659.03
681.96
694.21
731.66
790.85
854.35
894.42
927.36
977.79
990.26
1000.44
1023.76
1057.81
1064.97
1096.21
1138.27
1147.44
1177.85
1190.36
1209.93
1216.53
1219.93
1227.72
1247.16
1270.36
1304.07
1322.49
1330.81
1347.17
1388.98
1402.48
1419.01
1435.82
1441.64
1444.48
1455.37
1457.94
1475.03
1479.15
1482.31
1490.80
1491.07
1503.77
1519.96
1611.95
1876.12
1913.05
3087.58
3093.99
3098.79
3105.89
3134.53
3147.09
3184.30
3195.54
3212.04
3223.98
3235.84
3244.25
3274.30
3838.71
3886.78
3964.99
3973.26
$end
