
$molecule
   O     1.30656405   0.13141967  -0.69786422
  O    -3.22469311  -1.12545221  -1.92802007
  O    -0.48541801  -2.08192288   1.28247493
  O     3.00518657  -0.31884705   1.31858936
  O     3.37827977  -0.13713434   3.50369077
  N     0.04054293   0.03210710   1.84539382
  C    -0.99290259  -0.35967284  -1.31214501
  C     0.24729437  -0.76927391  -0.51431651
  C    -2.10581636  -1.39753757  -1.12015946
  C    -0.60923919  -0.30591062  -2.78703639
  C    -1.50547805   0.99772214  -0.87126769
  C    -0.07348037  -0.99424498   0.95354772
  C     0.64414393   1.33092191   1.70959617
  C     1.90516527   1.44740155   2.54469729
  C     2.83018307   0.24486869   2.50456388
  H     0.56660347  -1.75954520  -0.85550795
  H    -2.44862274  -1.38593526  -0.08671951
  H    -1.72024138  -2.40203313  -1.31498229
  H     0.14612169   0.45065963  -2.98352364
  H    -1.46894830  -0.04808518  -3.39722348
  H    -0.22430210  -1.26185988  -3.14276641
  H    -2.39149384   1.26454010  -1.44001290
  H    -0.76266102   1.77519775  -1.02471047
  H    -1.78050178   1.00093384   0.17840899
  H    -0.17775523  -0.26521337   2.78539900
  H     1.71494157  -0.02431663  -1.55494695
  H     0.84383012   1.52379091   0.66732655
  H    -0.06576037   2.09591925   2.05129812
  H    -3.12887755  -1.57352176  -2.77280285
  H     1.65538521   1.58533520   3.59660551
  H     2.48135823   2.32465821   2.22907091
  H     2.40059172   0.00503084   0.63334279
$end
$temperature
298.15
$end
$mult
 1
$end
$sigma
 1
$end
$pressure
1.00000
$end
$scale
1.0
$end
$msrrho
$end
$freq
25.15
36.75
62.58
80.93
101.71
119.44
125.71
165.01
177.56
201.30
232.93
257.42
277.37
281.44
308.20
329.18
364.50
368.60
385.60
394.67
438.26
446.51
488.66
538.33
612.13
630.49
639.81
693.28
704.95
777.70
809.63
863.83
870.90
888.78
958.58
973.17
993.78
1007.19
1046.62
1069.76
1078.64
1090.47
1120.76
1153.75
1158.84
1173.18
1228.93
1255.76
1266.55
1275.87
1281.60
1340.69
1357.37
1366.61
1380.72
1393.56
1403.95
1421.22
1435.20
1440.75
1453.32
1463.19
1469.31
1475.08
1477.35
1478.65
1482.01
1490.70
1495.65
1499.84
1582.51
1854.27
1904.06
3085.11
3091.57
3097.06
3126.14
3131.02
3175.60
3198.67
3210.28
3237.68
3240.46
3246.98
3259.55
3385.83
3776.27
3834.63
3964.47
3992.70
$end
