
$molecule
   O    -0.11424132  -0.97549063  -1.70750633
  O    -1.54427458  -2.74291286   2.53718099
  O     0.53726741   0.66863442   1.36911120
  O     3.76854512   3.01898216  -1.69479007
  O     1.84412502   2.40970767  -2.64655968
  N     0.04871120   1.41346551  -0.71692846
  C    -0.97010461  -1.76627041   0.42750387
  C     0.10849855  -0.97844620  -0.32705618
  C    -0.55354951  -1.99067440   1.87216314
  C    -1.13196060  -3.12688688  -0.23851120
  C    -2.28952373  -1.01292602   0.39910714
  C     0.25752767   0.44357871   0.21338560
  C     0.30852873   2.78779108  -0.38949763
  C     1.78975346   3.07610692  -0.34913735
  C     2.44561687   2.79778328  -1.68426605
  H     1.08330773  -1.45780576  -0.17380058
  H    -0.39515842  -1.03891203   2.37678594
  H     0.40531840  -2.52301261   1.89897155
  H    -1.49706107  -3.04304158  -1.25808414
  H    -1.83563497  -3.73558361   0.32046279
  H    -0.18546223  -3.66174816  -0.27700967
  H    -3.06034161  -1.57947721   0.91003279
  H    -2.63985309  -0.83677558  -0.61638921
  H    -2.21275525  -0.04715327   0.89050498
  H     0.17049450   1.14426530  -1.68149615
  H    -1.03667044  -0.76039700  -1.86781655
  H    -0.17327945   3.41437266  -1.14372083
  H    -0.12731631   3.01003730   0.58668175
  H    -1.31578253  -2.78686793   3.47133892
  H     2.26286688   2.44734942   0.40690591
  H     1.98387785   4.12007775  -0.07947348
  H     4.06853033   3.31222994  -0.82809300
$end
$temperature
298.15
$end
$mult
 1
$end
$sigma
 1
$end
$pressure
1.00000
$end
$scale
1.0
$end
$msrrho
$end
$freq
14.62
38.65
43.23
61.41
64.92
111.48
142.94
166.43
211.28
221.22
244.43
254.03
263.67
264.52
305.52
322.18
341.68
360.78
393.26
397.88
418.85
446.85
497.09
541.20
561.69
604.95
633.43
669.07
694.70
706.69
811.46
862.73
885.58
926.99
966.87
994.79
1012.23
1023.08
1057.86
1062.25
1087.80
1095.38
1139.67
1159.32
1172.43
1192.62
1209.30
1229.80
1231.61
1238.31
1268.95
1295.74
1325.15
1342.37
1352.99
1388.67
1405.15
1413.11
1424.02
1446.52
1452.76
1460.20
1460.49
1468.13
1475.08
1485.00
1485.56
1486.62
1496.08
1506.80
1593.22
1864.08
1922.46
3088.98
3095.38
3113.95
3116.11
3126.73
3139.15
3192.18
3219.46
3224.93
3228.29
3250.36
3252.25
3258.01
3799.81
3937.45
3957.90
4008.57
$end
