
$molecule
   O     0.33871788  -0.34487476  -1.70584961
  O     3.21937625   1.27218317   0.75926436
  O    -0.26506028   1.06284592   1.37144365
  O    -4.09083528  -0.65724478  -1.27640498
  O    -2.03232366  -1.17069928  -0.61961038
  N    -1.11232414   1.56621332  -0.66586254
  C     1.77605282  -0.63241633   0.22884543
  C     0.91573244   0.30059412  -0.60857037
  C     2.51367046   0.17628505   1.29491632
  C     2.78781498  -1.28864719  -0.70522754
  C     0.93796508  -1.71209008   0.89849919
  C    -0.18244820   1.01137417   0.17081733
  C    -2.41689328   1.88714925  -0.16713193
  C    -3.07924189   0.66723840   0.46081213
  C    -3.01558103  -0.48633867  -0.50806031
  H     1.55370579   1.09348720  -1.01343396
  H     3.19442235  -0.49231597   1.83498007
  H     1.80864798   0.57880331   2.01571851
  H     2.29623735  -1.91279865  -1.44410835
  H     3.48097345  -1.91782535  -0.14719166
  H     3.37504560  -0.55365389  -1.25122242
  H     1.57396343  -2.40192097   1.45211386
  H     0.38644249  -2.29535259   0.16723006
  H     0.22407362  -1.28894978   1.59578335
  H    -1.00705489   1.30889614  -1.63384974
  H    -0.39198464  -0.89703424  -1.39088993
  H    -2.35218666   2.67117585   0.59292327
  H    -3.01341442   2.27079435  -1.00180739
  H     3.96876975   0.93519496   0.25970853
  H    -4.10838132   0.88372483   0.75752167
  H    -2.51131723   0.37896386   1.33978306
  H    -4.77256481  -0.01276137  -1.06113965
$end
$temperature
298.15
$end
$mult
 1
$end
$sigma
 1
$end
$pressure
1.00000
$end
$scale
1.0
$end
$msrrho
$end
$freq
31.36
39.33
57.31
80.85
113.31
143.48
179.08
194.83
208.55
226.94
231.12
259.03
285.23
311.41
322.79
342.65
356.81
379.04
416.86
431.81
475.57
500.45
518.51
539.45
564.27
614.78
621.67
691.65
726.11
799.50
833.35
865.36
887.78
948.84
955.47
979.48
997.77
1004.31
1057.03
1063.27
1075.50
1107.44
1111.00
1144.55
1155.17
1191.04
1210.11
1239.51
1260.71
1262.57
1290.75
1324.08
1341.85
1352.88
1370.00
1381.94
1411.48
1429.63
1434.76
1440.48
1450.33
1452.37
1458.99
1466.07
1477.26
1481.13
1484.10
1487.36
1494.57
1497.29
1582.59
1895.16
1913.66
3092.94
3094.18
3096.36
3111.29
3128.96
3172.39
3182.99
3204.37
3223.42
3243.42
3266.72
3272.14
3282.97
3819.54
3879.48
3959.25
3968.83
$end
