
$molecule
   O     0.47376054  -1.57467192   2.20236684
  O     2.28299897  -2.96492811  -1.42491584
  O     0.27512947   1.15272334   1.52486299
  O     0.01119385   2.80096719  -0.48534905
  O    -1.18583876   2.99953083  -2.34541226
  N    -1.74591020   0.51027401   0.78666214
  C     1.07299705  -1.25272569  -0.15306172
  C     0.01793561  -1.15650139   0.95352484
  C     1.31431605  -2.73853877  -0.43566420
  C     2.36430062  -0.59821036   0.30077677
  C     0.55984256  -0.58857443  -1.42583332
  C    -0.46002111   0.27270008   1.12564249
  C    -2.31944581   1.82829153   0.93217543
  C    -2.40937669   2.57704301  -0.37588524
  C    -1.12578013   2.79586905  -1.16082737
  H    -0.85121522  -1.75776024   0.65410280
  H     0.39336668  -3.21257749  -0.78928395
  H     1.60085078  -3.24906049   0.49152645
  H     2.19571154   0.42349485   0.61259302
  H     3.09404438  -0.57760842  -0.50582369
  H     2.80435342  -1.12445346   1.14288729
  H     1.21507373  -0.82091458  -2.25892097
  H     0.52154517   0.49127670  -1.33279495
  H    -0.43507777  -0.94313904  -1.69194614
  H    -2.28892320  -0.22325582   0.36586061
  H     0.45034475  -2.53406017   2.25279560
  H    -3.32895799   1.72943223   1.34926452
  H    -1.71269209   2.36797413   1.65504509
  H     3.13106625  -2.64409337  -1.10347148
  H    -2.82730291   3.57384404  -0.19238620
  H    -3.09121263   2.06728862  -1.05774283
  H     0.00292311   2.37036416   0.38923237
$end
$temperature
298.15
$end
$mult
 1
$end
$sigma
 1
$end
$pressure
1.00000
$end
$scale
1.0
$end
$msrrho
$end
$freq
22.46
32.70
61.21
78.37
110.90
115.97
148.67
172.75
178.60
220.95
235.67
247.02
271.08
275.42
294.82
310.69
320.54
349.28
366.10
386.01
407.17
440.66
465.83
506.37
582.25
615.04
649.13
671.15
763.95
790.02
824.06
876.97
884.47
949.48
954.52
964.86
1001.60
1009.65
1050.16
1060.59
1085.18
1110.02
1142.47
1153.37
1165.70
1192.63
1220.30
1244.63
1250.98
1265.94
1293.99
1311.98
1349.18
1365.02
1369.85
1383.63
1411.06
1422.23
1438.66
1445.28
1455.74
1464.96
1465.56
1472.99
1477.14
1479.12
1483.03
1484.14
1491.39
1496.31
1637.88
1859.07
1891.78
3074.49
3087.68
3098.10
3114.76
3119.98
3128.30
3167.81
3188.41
3230.53
3233.90
3252.48
3274.64
3302.94
3707.52
3838.63
3958.31
3978.57
$end
