
$molecule
   O    -1.21163456   0.88894734   2.36366659
  O    -0.99304028  -3.21955560   1.90861780
  O     0.52153043   2.02647964   0.76392835
  O     2.49864656   1.09419610  -0.70518428
  O     2.62995611  -0.34414614  -2.39366784
  N    -0.60152804   1.40326089  -1.08743940
  C    -0.58374489  -1.03217515   1.01203500
  C    -1.16647289   0.38951373   1.06730769
  C    -1.47240160  -1.89684036   1.89214076
  C     0.83219936  -1.05077162   1.55654854
  C    -0.59916623  -1.59882422  -0.40268591
  C    -0.34458435   1.35136312   0.23208360
  C     0.15831940   2.26870957  -1.95846511
  C     1.22453216   1.52281468  -2.72571197
  C     2.17491275   0.65989557  -1.91351909
  H    -2.18960573   0.37165103   0.66868710
  H    -2.50416588  -1.87457150   1.51722839
  H    -1.50370526  -1.48634003   2.90438542
  H     1.51685824  -0.48680504   0.93254209
  H     1.19879553  -2.07057826   1.60636850
  H     0.87641172  -0.63534575   2.55820509
  H    -0.36122503  -2.65591441  -0.37189162
  H     0.13724313  -1.12604621  -1.04432180
  H    -1.57895158  -1.50028285  -0.87041603
  H    -1.24371723   0.73290878  -1.47497612
  H    -0.41664837   1.42539863   2.48213952
  H    -0.52383996   2.74716006  -2.67118523
  H     0.59191974   3.04943312  -1.33807733
  H    -1.53800541  -3.73846583   2.50907592
  H     1.84311957   2.23930473  -3.27882960
  H     0.76982776   0.85530234  -3.45817098
  H     1.85816484   1.69032365  -0.28041806
$end
$temperature
298.15
$end
$mult
 1
$end
$sigma
 1
$end
$pressure
1.00000
$end
$scale
1.0
$end
$msrrho
$end
$freq
28.67
35.93
65.44
77.16
101.33
119.88
169.04
171.22
238.01
242.71
246.06
260.47
274.53
285.96
309.45
328.69
348.79
373.04
390.47
409.26
446.26
471.36
499.88
540.51
583.19
603.83
636.49
667.50
711.04
777.66
802.95
877.99
884.04
956.18
957.85
996.24
1004.98
1015.07
1047.22
1059.31
1100.79
1110.60
1142.20
1156.97
1184.58
1198.45
1228.89
1232.72
1245.85
1270.47
1276.73
1291.99
1321.27
1353.44
1366.69
1380.75
1405.49
1423.17
1439.24
1447.79
1457.82
1465.47
1469.09
1470.88
1472.00
1477.32
1485.00
1490.82
1496.78
1507.82
1650.35
1838.90
1897.34
3072.81
3088.54
3101.62
3106.08
3127.84
3145.67
3187.94
3194.00
3230.94
3250.80
3259.51
3269.92
3279.16
3760.74
3832.14
3909.98
3937.31
$end
