
$molecule
   O    -0.61976494   0.80746365   0.48401325
  O     1.89012199   2.77692998  -2.15470986
  O    -0.41928230  -0.60438295  -2.38645943
  O    -1.60715918  -0.20410425   2.93297913
  O    -3.49581528  -1.29472685   3.43535879
  N    -1.20728800  -1.84660792  -0.68414846
  C     1.44940461   0.84416875  -0.73942225
  C     0.31602134   0.00477575  -0.16665150
  C     0.88210164   1.95311043  -1.61505850
  C     2.41159441  -0.03127162  -1.53326993
  C     2.19396962   1.47436249   0.43171686
  C    -0.45061609  -0.81924679  -1.19909708
  C    -1.54973144  -2.05557664   0.69403891
  C    -2.74955214  -1.22536192   1.13882859
  C    -2.70212516  -0.93813682   2.61160623
  H     0.76040757  -0.71109857   0.53208952
  H     0.23459184   2.59072757  -1.01424639
  H     0.27458663   1.52371400  -2.40823633
  H     2.74073105  -0.88819888  -0.94644420
  H     3.30248574   0.53068623  -1.80159867
  H     1.95922822  -0.40656837  -2.44500760
  H     2.96704492   2.14591922   0.07061547
  H     2.67413697   0.72057225   1.05585937
  H     1.52517745   2.05261909   1.06261589
  H    -1.76399084  -2.31376807  -1.38326493
  H    -0.76620211   0.53080262   1.39541702
  H    -1.76383494  -3.12031816   0.83761350
  H    -0.69250852  -1.81297473   1.31326336
  H     2.24356815   2.34755752  -2.93902674
  H    -3.69213415  -1.72451369   0.91326081
  H    -2.72758196  -0.26862282   0.62203492
  H    -1.61758509  -0.03793049   3.88533026
$end
$temperature
298.15
$end
$mult
 1
$end
$sigma
 1
$end
$pressure
1.00000
$end
$scale
1.0
$end
$msrrho
$end
$freq
38.99
46.44
62.58
75.04
102.17
122.94
142.27
168.70
213.40
222.80
236.33
253.62
271.52
287.81
291.12
313.41
336.46
370.56
383.45
420.51
448.84
470.60
489.40
512.12
563.64
572.92
621.09
651.81
689.40
772.93
802.86
822.11
848.48
939.43
949.06
963.66
1001.81
1033.88
1054.78
1076.23
1091.88
1105.31
1106.79
1136.41
1149.00
1162.20
1218.41
1236.55
1243.97
1280.03
1316.60
1327.93
1341.99
1360.77
1377.33
1388.14
1395.81
1429.78
1441.26
1444.10
1448.12
1456.10
1460.97
1463.69
1480.36
1481.49
1482.62
1485.19
1488.84
1497.35
1542.90
1871.00
1915.61
3098.25
3102.47
3111.13
3158.71
3167.50
3176.96
3210.09
3214.15
3246.43
3249.71
3259.97
3278.43
3282.23
3784.87
3912.00
3953.81
3957.75
$end
