
$molecule
   O     0.27753954   1.96740983  -0.27948822
  O     1.72748056  -0.46231494  -0.19686338
  O    -1.01852090  -1.15300580   0.65184545
  O     0.37556842  -1.83217353  -2.26172833
  O    -0.73245432  -3.37653822  -3.43326774
  N    -1.29648573   0.15686210  -1.17499588
  C     0.91550538   0.79983321   1.72669234
  C    -0.19135901   1.12269423   0.73173907
  C     2.11118561   0.25396194   0.94728706
  C     0.47763692  -0.18583363   2.80395170
  C     1.32349662   2.10864143   2.40809126
  C    -0.87102451  -0.09198262   0.10338255
  C    -2.26911918  -0.70198676  -1.81314992
  C    -1.76636784  -1.24679384  -3.13421335
  C    -0.66555022  -2.27427454  -2.96472200
  H    -0.99579797   1.66287330   1.24946038
  H     2.74369845  -0.35200286   1.60127746
  H     2.73686656   1.07457652   0.58874482
  H    -0.45304553   0.12975761   3.27028525
  H     1.23555180  -0.23328176   3.58613216
  H     0.32732443  -1.18585155   2.41934463
  H     2.20876065   1.96141352   3.02689768
  H     0.52957593   2.47399261   3.05787720
  H     1.54632061   2.88894590   1.68522895
  H    -1.22183556   1.11651328  -1.47389131
  H     0.98893206   1.49415657  -0.72309783
  H    -2.49245029  -1.51656660  -1.12803415
  H    -3.19477824  -0.14034324  -1.98789781
  H     1.41474497  -1.34012459   0.04585171
  H    -1.38184495  -0.42840171  -3.74903894
  H    -2.57644803  -1.73261947  -3.68080682
  H     0.18689376  -0.95753640  -1.90289399
$end
$temperature
298.15
$end
$mult
 1
$end
$sigma
 1
$end
$pressure
1.00000
$end
$scale
1.0
$end
$msrrho
$end
$freq
13.92
34.99
72.77
87.28
100.03
118.82
130.58
178.57
222.74
235.22
256.30
269.41
287.30
294.43
340.01
360.75
386.80
394.06
407.07
411.00
485.36
497.55
542.36
571.76
592.38
601.21
634.40
687.10
743.79
777.10
839.76
865.11
900.45
944.80
967.98
986.56
996.09
1006.58
1018.80
1066.83
1082.65
1123.70
1124.86
1144.41
1153.80
1183.64
1212.06
1228.37
1242.77
1258.72
1279.83
1295.51
1352.21
1360.60
1367.93
1391.64
1409.64
1425.46
1433.35
1440.68
1445.45
1451.98
1461.13
1464.83
1472.20
1475.95
1480.51
1485.92
1490.54
1493.03
1581.29
1894.50
1918.71
3085.41
3092.68
3099.62
3110.94
3111.70
3123.52
3194.33
3195.49
3198.97
3202.93
3228.04
3247.55
3289.98
3809.48
3965.94
3973.16
3993.53
$end
