
$molecule
   O     0.99716111  -0.41206749   2.22493213
  O     0.52706329  -1.87181478  -1.59025252
  O    -1.67045334   1.52971644   1.09956922
  O     1.30928215   0.59799282  -2.41630124
  O    -0.80312438   1.29950176  -2.19114660
  N     0.54637703   1.68591119   0.60126737
  C    -0.47757865  -1.40688273   0.61454968
  C    -0.28835853  -0.32152010   1.67372368
  C     0.76538402  -1.44217638  -0.26885300
  C    -1.73264783  -1.14105994  -0.20570354
  C    -0.62147461  -2.74824048   1.33090557
  C    -0.55786446   1.06864800   1.10399535
  C     0.45742330   2.92575960  -0.12287352
  C     0.98016627   2.75548468  -1.53869409
  C     0.37809974   1.49684784  -2.10766417
  H    -1.05101303  -0.45708134   2.44806286
  H     1.53204372  -2.06562059   0.19510180
  H     1.18762960  -0.45408395  -0.36354737
  H    -2.57556812  -0.92534377   0.44425340
  H    -1.99142105  -2.01449852  -0.79781527
  H    -1.61094755  -0.30981583  -0.88591785
  H    -0.65613776  -3.57059892   0.61626040
  H    -1.54140415  -2.79093325   1.91230789
  H     0.21066238  -2.93257065   2.00667055
  H     1.43691160   1.25246507   0.76660939
  H     1.02222378   0.07855985   3.05212606
  H    -0.59355730   3.20149182  -0.14823862
  H     1.01470460   3.72203309   0.38708261
  H     0.14626074  -2.75371455  -1.58260667
  H     2.06583444   2.66177580  -1.55265749
  H     0.69928716   3.61464265  -2.15464908
  H     0.89503581  -0.27280736  -2.55049694
$end
$temperature
298.15
$end
$mult
 1
$end
$sigma
 1
$end
$pressure
1.00000
$end
$scale
1.0
$end
$msrrho
$end
$freq
41.83
64.11
71.61
101.63
121.10
149.17
162.70
170.76
215.97
224.53
236.71
244.67
270.71
291.27
301.03
323.31
331.04
333.94
361.25
423.75
439.70
456.12
484.98
503.23
586.29
619.40
642.29
693.95
730.32
791.20
808.71
858.83
876.32
929.42
956.37
981.29
1006.50
1024.76
1039.71
1056.86
1084.81
1116.41
1129.89
1143.94
1161.31
1180.87
1202.80
1229.88
1241.14
1273.07
1297.30
1307.36
1321.47
1350.30
1366.37
1388.80
1399.24
1419.35
1428.92
1440.83
1449.45
1452.98
1466.60
1468.47
1477.20
1481.69
1483.92
1488.53
1497.13
1503.35
1606.09
1885.80
1916.89
3082.24
3087.86
3112.15
3135.79
3163.94
3165.62
3192.31
3204.60
3218.65
3237.24
3258.65
3319.78
3383.74
3782.07
3872.81
3961.79
3994.87
$end
