
$molecule
   O    -0.68556777  -0.47262804  -0.63508411
  O     2.38323387   1.13283524  -3.03257462
  O     1.19975294   0.34431014   2.02928149
  O    -1.38444563  -2.66629905   0.95775356
  O    -3.09884033  -2.57016162  -0.47790607
  N    -1.00644804  -0.07233136   1.98521874
  C     1.46254732   0.66477942  -0.80544888
  C     0.10425164   0.54785986  -0.11276709
  C     1.20882156   0.90646916  -2.29971327
  C     2.25294206  -0.61853518  -0.62635717
  C     2.23248890   1.86198569  -0.26361551
  C     0.18470501   0.28658503   1.38510688
  C    -2.34189846   0.14864454   1.47252135
  C    -3.14438465  -1.13362171   1.42699167
  C    -2.54569726  -2.18630729   0.51533390
  H    -0.41175223   1.51603047  -0.21475845
  H     0.58158684   1.79245774  -2.43599763
  H     0.66776877   0.06124301  -2.73885387
  H     2.48157331  -0.79507777   0.41698152
  H     3.20236396  -0.57155011  -1.15456545
  H     1.70416198  -1.48005726  -0.99952201
  H     3.14151758   2.01129503  -0.83773242
  H     2.50386608   1.72595043   0.77587042
  H     1.64622716   2.77656473  -0.34460133
  H    -0.91541351  -0.08118253   2.99246601
  H    -0.79455766  -0.38235801  -1.58348291
  H    -2.86122695   0.86684261   2.12101421
  H    -2.28311045   0.58094951   0.48345554
  H     2.88913659   0.31552962  -3.06685068
  H    -4.15564776  -0.92815550   1.07088107
  H    -3.21742344  -1.55899483   2.43163085
  H    -1.00053147  -2.02307195   1.56532427
$end
$temperature
298.15
$end
$mult
 1
$end
$sigma
 1
$end
$pressure
1.00000
$end
$scale
1.0
$end
$msrrho
$end
$freq
24.22
39.96
51.07
98.60
108.02
121.23
141.88
174.02
209.58
218.39
236.27
247.20
267.34
277.62
292.11
308.12
343.36
363.35
373.63
386.62
415.49
462.57
501.85
549.04
562.02
607.85
622.58
648.06
706.12
777.22
796.29
844.99
872.06
920.78
961.14
974.19
989.18
1008.06
1034.96
1051.81
1085.43
1110.20
1126.15
1149.78
1158.51
1183.17
1204.21
1240.16
1254.31
1269.05
1284.94
1323.34
1351.85
1374.19
1380.16
1387.90
1410.61
1420.31
1437.56
1443.87
1454.56
1462.36
1465.00
1473.63
1476.44
1479.54
1484.81
1486.31
1489.73
1494.92
1545.22
1883.73
1918.89
3083.31
3083.88
3086.02
3110.15
3113.66
3122.44
3176.46
3194.12
3226.38
3229.55
3282.86
3287.57
3334.92
3745.49
3951.90
3959.69
4049.45
$end
