
$molecule
   O     1.64029752   0.70065906  -1.48684464
  O    -0.06542194   0.09015130   2.58123523
  O    -1.32837439   0.52527518   0.33273899
  O    -4.37959472   0.45425218  -0.27932572
  O    -3.05538559   0.97801592  -2.00556607
  N    -0.49181856  -0.68226033  -1.40459508
  C     1.73815355   0.34403879   0.91762811
  C     0.94459075   0.87363762  -0.28198206
  C     1.09828548   0.77207780   2.24850078
  C     3.13938872   0.96161265   0.86303840
  C     1.84637668  -1.16677015   0.85246880
  C    -0.42369468   0.22368632  -0.42082011
  C    -1.65062922  -1.42704284  -1.85128174
  C    -2.88964633  -1.20638757  -1.03434573
  C    -3.41983306   0.19125927  -1.17276426
  H     0.73063918   1.93850026  -0.12641328
  H     0.93204685   1.85745154   2.22699896
  H     1.82242344   0.58130696   3.04662063
  H     3.70254726   0.62069854  -0.00184839
  H     3.71547713   0.68115060   1.74287525
  H     3.10234143   2.05130314   0.83601078
  H     2.50680920  -1.53930530   1.63292239
  H     2.24779894  -1.49095104  -0.10430212
  H     0.88349217  -1.64330028   0.99745341
  H     0.33756727  -0.74018102  -1.97547240
  H     2.36891727   1.32470932  -1.53111377
  H    -1.85274918  -1.15312513  -2.89127559
  H    -1.39015067  -2.49524558  -1.83761499
  H    -0.73615744   0.31373328   1.91412494
  H    -2.72495249  -1.40829679   0.01921804
  H    -3.67190529  -1.89236814  -1.38067411
  H    -4.67683932   1.36171442  -0.42559466
$end
$temperature
298.15
$end
$mult
 1
$end
$sigma
 1
$end
$pressure
1.00000
$end
$scale
1.0
$end
$msrrho
$end
$freq
16.29
34.70
52.37
78.98
106.30
122.65
158.35
183.57
199.65
234.52
235.73
240.22
275.30
288.64
306.18
313.14
350.50
376.20
397.64
421.88
479.99
519.04
528.89
553.27
632.52
638.38
657.99
677.55
705.68
749.38
818.66
854.12
886.43
950.90
965.47
976.70
999.57
1003.46
1062.20
1068.94
1083.33
1136.79
1153.59
1162.05
1169.93
1195.05
1213.21
1222.35
1243.99
1257.18
1284.04
1310.88
1323.51
1338.66
1390.65
1404.72
1409.27
1415.38
1433.60
1445.41
1456.06
1462.13
1475.84
1478.20
1479.69
1482.98
1484.32
1488.53
1498.19
1519.92
1667.57
1872.10
1908.44
3061.83
3062.28
3082.76
3102.49
3115.59
3144.06
3161.17
3167.22
3194.66
3218.85
3223.69
3259.09
3264.53
3793.98
3809.05
3916.10
4006.53
$end
