
$molecule
   O     0.57298832   0.28520368   2.23311240
  O     0.45957751   3.88700581  -1.02252394
  O     0.08826078  -0.17039471  -1.25534858
  O    -1.09526001  -4.13183366  -2.69213171
  O    -0.05067848  -5.65940022  -1.43061866
  N    -0.30477917  -1.46882430   0.55856876
  C     0.31681224   2.09818947   0.62499394
  C     0.78108908   0.66498548   0.89862987
  C     0.90478658   2.59041323  -0.69964947
  C     0.83332457   3.00911737   1.73197239
  C    -1.20089593   2.15733495   0.57555239
  C     0.15230145  -0.35033409  -0.06161104
  C    -0.83184244  -2.57853433  -0.19601448
  C     0.26064805  -3.32468200  -0.93420445
  C    -0.28445842  -4.50753542  -1.68748332
  H     1.86388658   0.59455501   0.73078142
  H     0.67074307   1.89104221  -1.49842370
  H     1.99451301   2.63257344  -0.61116162
  H     0.35810138   2.81083988   2.68914351
  H     0.64159416   4.04713928   1.47569409
  H     1.90572466   2.89303335   1.87339641
  H    -1.54440988   3.18358385   0.48935151
  H    -1.65361977   1.75237952   1.47900305
  H    -1.59996048   1.59939199  -0.26666343
  H    -0.04803541  -1.58213163   1.52484927
  H    -0.30507414   0.57059244   2.49865221
  H    -1.34610934  -3.24432843   0.50405177
  H    -1.55718242  -2.20377369  -0.91759353
  H    -0.30826056   3.81938975  -1.59699938
  H     1.01586660  -3.68774096  -0.23730365
  H     0.72309778  -2.64489672  -1.64882143
  H    -1.41274939  -4.93236057  -3.13120064
$end
$temperature
298.15
$end
$mult
 1
$end
$sigma
 1
$end
$pressure
1.00000
$end
$scale
1.0
$end
$msrrho
$end
$freq
18.28
30.20
35.47
51.80
76.91
86.94
105.43
167.17
176.73
181.57
216.74
229.73
257.87
272.06
279.47
320.34
327.81
338.19
392.85
395.54
421.56
441.77
478.69
567.57
584.18
589.34
609.46
640.80
682.39
783.47
800.00
836.06
881.04
939.12
956.44
966.59
999.34
1005.07
1060.86
1075.19
1090.81
1111.05
1123.33
1137.65
1165.28
1175.24
1214.47
1220.91
1232.77
1274.80
1308.22
1325.02
1343.57
1347.86
1368.58
1383.63
1402.89
1406.39
1412.01
1434.24
1453.87
1457.03
1463.50
1464.31
1476.59
1478.33
1483.13
1486.57
1488.01
1498.49
1595.55
1869.17
1896.53
3108.30
3110.84
3112.73
3121.11
3125.78
3155.98
3220.02
3221.84
3223.09
3240.97
3245.55
3249.19
3274.70
3831.12
3903.54
3959.66
4005.68
$end
