
$molecule
   O    -2.74127458  -0.14823184  -0.17093713
  O     0.43701948   1.36329608   2.05896153
  O    -0.62535536  -1.63887122  -0.93574247
  O     2.15461168  -2.26287115  -2.53992375
  O     2.11465486  -0.56052225  -1.09769773
  N     0.29916869  -1.31650692   1.12411538
  C    -0.90036442   1.41983062   0.00050856
  C    -1.51488793   0.09016917   0.44092324
  C     0.45823963   1.62132238   0.66830933
  C    -1.84423492   2.54573113   0.41462536
  C    -0.72006893   1.43579993  -1.50942857
  C    -0.57756927  -1.06374083   0.12202236
  C     1.43378781  -2.20790242   1.06975715
  C     1.72399680  -2.78657853  -0.28598303
  C     2.00877400  -1.73939529  -1.31910863
  H    -1.64400924   0.11112594   1.52675455
  H     0.79907811   2.64382765   0.47969645
  H     1.19641633   0.95314537   0.23597507
  H    -2.79471669   2.48122711  -0.10808760
  H    -1.41709170   3.51976726   0.18035620
  H    -2.05837310   2.53338752   1.48335952
  H    -0.37347461   2.41198138  -1.84864297
  H    -1.65735858   1.21641668  -2.00952459
  H     0.00653907   0.69820214  -1.82844215
  H     0.31657925  -0.62277469   1.85809211
  H    -3.43373733   0.29440614   0.32563155
  H     2.30853419  -1.64953155   1.41916862
  H     1.27999965  -3.03659293   1.77742983
  H    -0.06713397   2.05719485   2.49345625
  H     0.89818950  -3.38848287  -0.65330102
  H     2.60328927  -3.43818013  -0.22021160
  H     2.33077233  -1.53664873  -3.15211185
$end
$temperature
298.15
$end
$mult
 1
$end
$sigma
 1
$end
$pressure
1.00000
$end
$scale
1.0
$end
$msrrho
$end
$freq
46.62
61.60
69.30
92.82
125.58
137.23
155.44
184.55
196.09
210.68
226.41
230.98
245.36
266.43
281.84
309.60
331.08
350.61
369.93
375.42
428.06
463.69
514.53
520.76
549.47
617.62
637.45
657.23
690.98
759.63
838.29
860.66
884.13
946.56
972.34
979.33
989.77
1004.34
1050.25
1066.99
1074.69
1102.17
1137.79
1148.52
1165.94
1195.59
1217.55
1236.41
1241.91
1280.28
1285.86
1323.98
1335.13
1342.80
1357.88
1378.39
1413.04
1420.63
1439.69
1446.13
1454.94
1458.56
1475.41
1477.33
1480.91
1487.59
1492.09
1492.77
1496.12
1522.73
1639.45
1898.79
1907.80
3050.33
3083.78
3103.91
3112.28
3121.32
3152.57
3184.53
3192.59
3220.41
3233.60
3255.38
3285.18
3298.46
3769.17
3916.21
3971.27
3989.93
$end
