
$molecule
   O    -0.06600800  -0.35809865  -2.31310107
  O     1.59701425   3.28601630  -1.14761562
  O     1.30093723  -1.29830393  -0.33651719
  O     0.83865074  -4.19404592   0.80602531
  O    -1.04865620  -3.24649028   0.06024435
  N    -0.15174918  -0.60653771   1.25650968
  C    -0.20387594   1.64157162  -0.97962832
  C    -0.44461146   0.12859688  -1.06797685
  C     1.28579681   1.91390619  -1.15095004
  C    -0.69447206   2.22458190   0.34157637
  C    -0.97169810   2.29146804  -2.12239577
  C     0.32258679  -0.66079294  -0.01450626
  C     0.38036952  -1.47804177   2.27171145
  C    -0.34856949  -2.81009825   2.30133021
  C    -0.25545267  -3.44246358   0.94165786
  H    -1.51417011  -0.06683518  -0.91108518
  H     1.62084705   1.51448886  -2.10683445
  H     1.85390638   1.39771152  -0.37201507
  H    -1.72283205   1.93139495   0.54922235
  H    -0.68057743   3.31086643   0.30090677
  H    -0.08114476   1.92050548   1.18590880
  H    -0.76197234   3.35667710  -2.16815476
  H    -2.04702668   2.16790236  -1.99762589
  H    -0.69883011   1.85562381  -3.07765586
  H    -1.07015734  -0.21749978   1.38495357
  H     0.68442488  -0.94917092  -2.16054646
  H     1.43431841  -1.63781400   2.05496143
  H     0.29241424  -0.98680984   3.24824444
  H     1.55856898   3.60986018  -0.24339850
  H    -1.40282330  -2.65584312   2.53517299
  H     0.09181773  -3.47244697   3.04962222
  H     0.90297422  -4.46987877  -0.11804052
$end
$temperature
298.15
$end
$mult
 1
$end
$sigma
 1
$end
$pressure
1.00000
$end
$scale
1.0
$end
$msrrho
$end
$freq
20.38
38.71
61.55
74.74
92.49
100.44
126.27
142.48
192.95
223.80
233.88
256.09
267.67
294.71
309.01
322.05
364.45
381.20
407.40
438.80
446.52
467.93
481.80
511.50
533.46
569.99
604.28
635.48
736.85
795.21
831.27
855.76
882.09
953.72
958.75
976.60
1003.17
1021.83
1055.74
1065.28
1075.23
1106.02
1108.50
1140.79
1153.48
1194.18
1207.62
1225.83
1263.12
1279.33
1284.29
1313.81
1334.26
1358.19
1359.31
1384.69
1407.34
1420.39
1437.84
1440.08
1445.40
1457.31
1458.47
1468.27
1478.06
1481.97
1484.64
1494.29
1497.44
1500.22
1619.46
1867.47
1908.48
3095.28
3098.25
3105.60
3123.46
3124.28
3129.31
3207.00
3207.87
3219.12
3231.48
3236.89
3248.72
3256.67
3835.10
3889.05
3909.80
3963.39
$end
