
$molecule
   O     2.62954345   0.74178438  -0.80315966
  O    -0.84381792   1.79741930   1.16255778
  O     0.73728775  -1.00267469  -1.71681107
  O    -1.29394011  -2.15080032  -0.02935540
  O    -1.74440510  -3.13958719  -1.98334974
  N    -0.79476369   0.65353671  -1.46924463
  C     1.17885005   0.47381663   1.11608487
  C     1.32101052   0.87904203  -0.35008972
  C    -0.27509780   0.55823697   1.54461437
  C     1.99653416   1.44085763   1.96565302
  C     1.69220667  -0.94492709   1.30995179
  C     0.41109654   0.05703913  -1.25237610
  C    -1.79964092   0.04545997  -2.29320561
  C    -2.65669571  -0.96626037  -1.55334653
  C    -1.86435670  -2.20438058  -1.24245403
  H     1.00214621   1.92032437  -0.44499849
  H    -0.33397138   0.43862200   2.63094535
  H    -0.84860229  -0.25941287   1.10981475
  H     3.04928823   1.41794337   1.69558449
  H     1.93356668   1.17907986   3.02054489
  H     1.63958948   2.46296746   1.86018577
  H     1.57981295  -1.26453611   2.34611737
  H     2.74307019  -1.00766423   1.04932455
  H     1.16170404  -1.64671952   0.67900170
  H    -1.05167705   1.38296473  -0.82225417
  H     3.11654762   1.54884620  -0.61963491
  H    -2.44560955   0.83999111  -2.68700978
  H    -1.30767299  -0.44646797  -3.13149212
  H    -1.66065911   1.92641777   1.65542701
  H    -3.50175780  -1.26118783  -2.18132930
  H    -3.03606879  -0.53672547  -0.62693890
  H    -0.73351763  -2.93300538   0.06124243
$end
$temperature
298.15
$end
$mult
 1
$end
$sigma
 1
$end
$pressure
1.00000
$end
$scale
1.0
$end
$msrrho
$end
$freq
54.49
66.83
71.40
80.23
102.31
116.73
135.42
169.44
180.51
193.05
206.84
233.10
251.57
272.97
282.31
295.45
324.06
334.32
352.49
379.21
432.62
444.83
482.32
521.40
563.71
577.37
608.60
618.29
757.97
783.72
821.99
863.51
887.13
955.19
961.67
974.43
997.29
1015.90
1050.12
1070.18
1099.44
1104.90
1119.40
1147.12
1187.89
1195.15
1216.22
1234.34
1238.79
1248.44
1281.52
1293.61
1318.96
1348.78
1354.64
1378.09
1421.81
1425.40
1435.91
1442.92
1453.79
1456.64
1469.27
1474.71
1477.06
1487.40
1490.42
1492.02
1493.51
1508.57
1612.16
1901.15
1918.26
3090.02
3097.76
3112.35
3116.17
3120.97
3194.06
3210.14
3211.23
3227.63
3231.49
3236.12
3261.05
3292.98
3796.51
3918.94
3944.70
3987.46
$end
