
$molecule
   O    -0.90638495  -1.29937807  -2.19358973
  O     0.27147764   1.67247637  -0.32557243
  O     1.29822905  -0.96314343  -0.98114756
  O     3.79861633  -0.64059912  -0.29487916
  O     4.90233446   0.16553743   1.47382241
  N     0.43246334  -1.07129592   1.10057966
  C    -1.75786927   0.37374541  -0.69331143
  C    -1.05302746  -0.97659182  -0.85192617
  C    -0.82649559   1.47579052  -1.17949435
  C    -2.18603518   0.63450554   0.74696670
  C    -3.00799339   0.34161609  -1.57274276
  C     0.33592588  -0.99371138  -0.23285083
  C     1.72377477  -1.11006305   1.75998494
  C     2.52155224   0.16617876   1.54247172
  C     3.87379179  -0.09639084   0.90741467
  H    -1.65515804  -1.75097715  -0.35540883
  H    -1.38901266   2.40737060  -1.29718492
  H    -0.43288133   1.21300735  -2.16013430
  H    -2.82550307  -0.16412780   1.12127658
  H    -2.75754758   1.55911253   0.80792787
  H    -1.34661126   0.73324570   1.42643019
  H    -3.57139871   1.27021443  -1.48092692
  H    -3.66802952  -0.47294999  -1.28060069
  H    -2.75589402   0.20288405  -2.61899968
  H    -0.41624127  -1.13889345   1.63357088
  H     0.04396861  -1.29295661  -2.37835416
  H     1.53460326  -1.27853911   2.82390228
  H     2.27629187  -1.97397466   1.38947944
  H     0.00490371   2.25109992   0.39451496
  H     2.70110096   0.68698555   2.48204430
  H     1.96659605   0.82298133   0.88055723
  H     2.87045337  -0.75315919  -0.59381990
$end
$temperature
298.15
$end
$mult
 1
$end
$sigma
 1
$end
$pressure
1.00000
$end
$scale
1.0
$end
$msrrho
$end
$freq
34.89
54.91
66.92
105.32
117.64
144.74
161.31
167.84
217.53
221.88
236.86
257.72
275.35
279.80
314.85
330.59
345.91
380.29
399.95
439.41
445.05
471.45
503.22
521.40
555.78
596.11
652.48
751.71
771.50
807.26
864.47
892.66
945.39
968.45
972.21
986.65
996.58
1030.83
1041.89
1074.63
1105.96
1114.91
1119.04
1146.12
1163.40
1187.91
1230.42
1250.22
1278.34
1290.84
1304.74
1317.81
1325.64
1371.05
1378.34
1391.87
1407.23
1430.50
1438.50
1442.19
1452.37
1453.98
1462.57
1468.49
1472.03
1478.27
1481.81
1483.84
1487.86
1502.84
1651.09
1846.62
1907.64
3093.06
3096.98
3112.55
3115.32
3115.52
3171.89
3199.66
3201.38
3214.48
3235.67
3247.10
3253.30
3283.63
3579.71
3850.50
3876.63
3970.89
$end
