
$molecule
   O     0.21412775   1.42790732   1.74403841
  O     3.65217582   0.52497463  -1.57728003
  O     0.23778555  -1.52086273  -0.15024477
  O    -3.69074209  -3.29245278  -1.04562152
  O    -5.09343642  -2.71516367   0.60186135
  N    -1.35893813   0.03038125   0.29953462
  C     1.86270227   1.08581831  -0.01717727
  C     0.90701870   0.45904155   1.00575304
  C     2.77820843   0.00652394  -0.60221637
  C     2.74126129   2.11711295   0.68211447
  C     1.06457158   1.76059026  -1.11843355
  C    -0.09531777  -0.46277304   0.32836737
  C    -2.45120854  -0.73343107  -0.24939953
  C    -2.83211826  -1.89047711   0.65144342
  C    -4.00012393  -2.66354173   0.10197845
  H     1.48642428  -0.18040174   1.68492968
  H     2.18540506  -0.81175859  -1.00859867
  H     3.40012590  -0.41255213   0.19335001
  H     2.18404012   3.00382285   0.97725664
  H     3.53379002   2.44160540   0.01539327
  H     3.21637106   1.70669571   1.57303479
  H     1.71064235   2.34674118  -1.76697995
  H     0.32214658   2.43513044  -0.70263269
  H     0.54118595   1.03882091  -1.74049582
  H    -1.53218010   0.85522250   0.84867032
  H     0.84082781   1.92867922   2.27294363
  H    -3.29898267  -0.05450378  -0.38307025
  H    -2.15904929  -1.12238166  -1.22471531
  H     3.19410519   0.55105769  -2.42219779
  H    -3.10196605  -1.53049589   1.64399331
  H    -1.97981984  -2.56450529   0.72972897
  H    -4.47903262  -3.76482490  -1.34532823
$end
$temperature
298.15
$end
$mult
 1
$end
$sigma
 1
$end
$pressure
1.00000
$end
$scale
1.0
$end
$msrrho
$end
$freq
19.88
30.56
41.26
48.50
71.59
88.94
111.92
171.58
178.34
211.10
222.83
230.26
246.86
284.13
291.67
304.59
306.66
349.43
383.48
396.03
422.58
441.59
471.54
527.12
544.34
584.13
638.58
650.92
696.72
785.45
797.85
831.13
884.76
932.57
960.72
962.48
987.45
1006.91
1066.69
1076.98
1090.63
1110.59
1132.97
1144.34
1150.21
1171.44
1206.31
1221.08
1247.65
1271.54
1302.23
1321.55
1341.65
1349.35
1356.55
1374.19
1405.13
1405.45
1433.65
1436.87
1456.71
1460.73
1464.07
1465.88
1476.23
1480.77
1482.73
1488.92
1491.69
1496.77
1608.24
1873.72
1895.79
3094.96
3112.87
3116.32
3126.46
3131.13
3156.33
3204.17
3220.96
3231.27
3243.25
3244.10
3244.87
3249.73
3840.38
3904.08
3959.27
3999.30
$end
