
$molecule
   O     0.01029373   2.83188646  -0.18079871
  O     0.12702372  -0.45941862   2.29719468
  O    -0.92108992   0.78433543  -1.71325530
  O    -1.23911659  -1.82517008  -3.10542115
  O     0.36442643  -1.90459872  -1.54804014
  N    -1.76851937  -0.15046570   0.17294123
  C     1.25613762   0.92943452   0.66540964
  C    -0.10489817   1.57100673   0.39716765
  C     1.07608531  -0.46290217   1.24307014
  C     1.99718011   1.79193504   1.68225842
  C     2.05716934   0.84306520  -0.62557566
  C    -0.96218186   0.70834075  -0.51369150
  C    -2.61912425  -1.08026353  -0.51340896
  C    -1.89539389  -2.35560455  -0.90944696
  C    -0.79008338  -2.02028541  -1.86715267
  H    -0.63523715   1.64811946   1.35041819
  H     2.04141967  -0.82116334   1.61266160
  H     0.76443170  -1.15835287   0.46587184
  H     2.17782007   2.79469168   1.30259716
  H     2.97003268   1.36402224   1.91732329
  H     1.44285508   1.87490441   2.61482616
  H     3.05855500   0.45785139  -0.43430977
  H     2.15312415   1.82411166  -1.07847950
  H     1.58188099   0.18693678  -1.34460630
  H    -1.51105942  -0.32007392   1.13392064
  H     0.19310371   3.47620027   0.50759146
  H    -3.46293069  -1.33091005   0.14117089
  H    -3.00439960  -0.59352950  -1.40743444
  H     0.21813446  -1.28178337   2.78943472
  H    -2.58844772  -3.04944604  -1.39209813
  H    -1.46211576  -2.83629053  -0.03264034
  H    -0.52507599  -1.43658364  -3.62749819
$end
$temperature
298.15
$end
$mult
 1
$end
$sigma
 1
$end
$pressure
1.00000
$end
$scale
1.0
$end
$msrrho
$end
$freq
60.26
73.21
89.02
93.08
108.60
132.64
162.36
176.49
190.26
198.04
210.52
234.71
250.59
277.66
293.32
299.02
332.49
340.73
356.70
382.83
444.20
449.15
480.64
519.20
553.45
598.33
601.12
621.29
759.28
777.75
824.21
868.75
887.83
953.08
962.81
975.72
998.66
1017.55
1057.02
1072.35
1097.34
1105.25
1107.32
1143.51
1187.54
1203.74
1222.00
1229.97
1239.11
1244.84
1283.35
1289.85
1316.11
1351.45
1363.51
1378.74
1420.86
1424.97
1437.08
1442.89
1455.33
1455.70
1470.00
1475.55
1477.05
1488.67
1492.09
1493.34
1502.55
1510.30
1611.13
1901.92
1908.71
3093.10
3096.33
3113.28
3121.11
3121.22
3191.21
3210.54
3211.59
3223.52
3233.79
3242.23
3274.76
3290.04
3780.52
3920.03
3943.51
3987.55
$end
