
$molecule
   O    -2.31084714  -1.13910154  -1.12892655
  O     0.82965885   1.22477210   0.15760172
  O     0.50357194  -1.92870910  -0.32358251
  O     2.00802897   1.57216133   2.95590093
  O    -0.12180734   0.94590206   3.10338128
  N    -0.63756874  -1.24467298   1.51600088
  C    -0.50249321   0.38995994  -1.72396619
  C    -1.26916408  -0.35154912  -0.63190329
  C     0.86027264   0.82894187  -1.18920287
  C    -1.31652606   1.61695496  -2.13221955
  C    -0.28459200  -0.51125743  -2.92922419
  C    -0.36926385  -1.26570933   0.18164788
  C     0.35967096  -1.70977951   2.43994666
  C     1.50185892  -0.72369863   2.52502667
  C     1.02693607   0.66482915   2.88647434
  H    -1.67563447   0.38926854   0.06276473
  H     1.25848279   1.63042842  -1.82117923
  H     1.56055594  -0.00106836  -1.24320948
  H    -2.30802435   1.34084344  -2.48734557
  H    -0.82900970   2.16009104  -2.94076655
  H    -1.45181238   2.31433340  -1.30483945
  H     0.34125423  -0.01515152  -3.67202104
  H    -1.22476354  -0.76372702  -3.41003795
  H     0.19890762  -1.43522877  -2.63488881
  H    -1.17904651  -0.46762158   1.85970762
  H    -3.05532118  -0.57751061  -1.35960072
  H    -0.11061006  -1.82901348   3.41951024
  H     0.73900009  -2.67851919   2.11021550
  H     0.37814801   2.06833211   0.24689615
  H     1.99790913  -0.65948186   1.55784354
  H     2.24573686  -1.03866006   3.26540239
  H     2.83649158   1.19364176   2.64459343
$end
$temperature
298.15
$end
$mult
 1
$end
$sigma
 1
$end
$pressure
1.00000
$end
$scale
1.0
$end
$msrrho
$end
$freq
36.76
60.66
68.23
72.06
92.78
143.06
153.18
162.83
199.82
207.79
240.46
252.58
267.81
282.01
298.78
303.63
325.99
339.92
371.56
375.43
416.21
428.38
474.69
534.46
548.60
611.84
625.70
636.18
701.57
775.69
847.86
870.43
883.93
938.78
951.55
983.37
996.67
1010.64
1062.12
1064.51
1079.17
1124.72
1138.32
1147.25
1158.77
1182.05
1198.93
1227.92
1252.84
1272.94
1292.28
1313.81
1332.74
1339.50
1364.56
1383.04
1416.85
1425.07
1436.63
1443.25
1452.10
1459.42
1462.28
1476.50
1480.51
1481.62
1487.96
1489.46
1491.22
1499.78
1604.04
1885.04
1912.97
3073.97
3099.10
3101.85
3105.01
3125.20
3176.94
3187.72
3198.04
3214.30
3218.72
3228.12
3254.35
3277.38
3815.71
3969.21
3980.73
3987.94
$end
