
$molecule
   O     1.56413792   0.16004536  -1.93650342
  O    -2.07570979  -0.35254252  -1.90021174
  O    -0.27762880   1.83470179  -1.38586339
  O     1.15052762   3.85705847   3.04555196
  O    -0.87908589   3.28633603   2.30159250
  N    -0.79941035   1.00154933   0.65440162
  C    -0.02862002  -1.49427720  -1.21986544
  C     0.74654917  -0.22007363  -0.87558219
  C    -1.03752937  -1.19290981  -2.32027078
  C    -0.74186004  -2.08299428  -0.00832055
  C     0.98094897  -2.52027108  -1.73624348
  C    -0.15692076   0.96349322  -0.55702425
  C    -0.17493888   0.60418808   1.89318058
  C     0.85488269   1.61894564   2.35679101
  C     0.25941151   2.98596250   2.55369854
  H     1.38005607  -0.42484387  -0.00561587
  H    -1.43715559  -2.13780642  -2.70721985
  H    -0.54019424  -0.69361659  -3.15085525
  H    -0.03152889  -2.40271286   0.75176741
  H    -1.31318877  -2.96314277  -0.30054958
  H    -1.42504625  -1.38137294   0.45523623
  H     0.49119689  -3.46772510  -1.96190739
  H     1.75103152  -2.71862327  -0.99299077
  H     1.47550232  -2.17407169  -2.63812422
  H    -1.32488783   1.86175815   0.75510944
  H     1.17974270   0.97669401  -2.28805534
  H    -0.96302267   0.51547169   2.64657279
  H     0.30251636  -0.36988828   1.79052353
  H    -2.62140469  -0.82378234  -1.26542881
  H     1.65738227   1.72177629   1.62265629
  H     1.32243840   1.31721077   3.29928011
  H     0.71180842   4.71546335   3.12427030
$end
$temperature
298.15
$end
$mult
 1
$end
$sigma
 1
$end
$pressure
1.00000
$end
$scale
1.0
$end
$msrrho
$end
$freq
24.34
40.01
56.14
71.04
75.96
123.31
142.31
177.44
211.31
231.20
234.32
272.79
289.05
318.63
324.54
344.38
371.40
383.10
399.55
408.80
512.33
524.44
545.72
549.46
553.52
601.07
647.96
657.07
709.91
711.18
826.00
872.83
881.07
922.09
973.82
977.62
995.23
1020.55
1039.67
1051.35
1072.29
1118.84
1128.46
1154.32
1171.09
1182.16
1204.76
1236.71
1252.86
1278.01
1280.58
1305.72
1330.79
1361.47
1369.24
1394.10
1409.44
1418.26
1432.97
1442.07
1450.42
1458.40
1471.44
1479.16
1481.56
1483.57
1484.94
1491.26
1501.63
1505.23
1558.20
1867.52
1900.14
3090.06
3093.85
3101.09
3101.85
3124.55
3161.01
3181.59
3197.06
3202.45
3226.47
3232.38
3243.91
3272.66
3729.83
3862.70
3893.06
3988.26
$end
