
$molecule
   O    -0.64535896  -0.89874381  -0.73691103
  O     1.59182740  -1.76035012  -1.84090864
  O     2.15332032  -1.02090184   0.58021211
  O    -4.05507015  -1.52268452   2.40672192
  O    -3.51962685   0.64839820   2.53434700
  N     0.58269729  -0.29731581   2.01226264
  C     1.05409716   0.62526722  -1.56740556
  C     0.25130910   0.10440990  -0.37998843
  C     1.47462462  -0.52659556  -2.48854665
  C     2.27443982   1.41188691  -1.09697542
  C     0.13324235   1.55964705  -2.35722179
  C     1.09560165  -0.44500501   0.76456957
  C    -0.75646048   0.12148909   2.37176569
  C    -1.77907963  -0.96562218   2.13398705
  C    -3.18541655  -0.49803461   2.38299109
  H    -0.32814772   0.93436286   0.02710025
  H     2.40876246  -0.25552325  -2.99310967
  H     0.73154716  -0.66624691  -3.27809440
  H     1.99861693   2.16006881  -0.35436609
  H     2.72833879   1.94066158  -1.93406257
  H     3.03160109   0.77042759  -0.65978529
  H     0.60365187   1.87157732  -3.28990681
  H    -0.09662726   2.46275517  -1.79221976
  H    -0.80784840   1.07202680  -2.60395431
  H     1.13094616  -0.76575563   2.71821303
  H    -0.11320723  -1.56347846  -1.20357763
  H    -0.73156101   0.40016468   3.42862785
  H    -1.03868085   1.00916958   1.81110319
  H     2.06784448  -1.62197708  -1.00019747
  H    -1.58968569  -1.83789635   2.76127128
  H    -1.72758823  -1.29094499   1.09549633
  H    -4.93810966  -1.15523664   2.54856251
$end
$temperature
298.15
$end
$mult
 1
$end
$sigma
 1
$end
$pressure
1.00000
$end
$scale
1.0
$end
$msrrho
$end
$freq
21.94
30.77
44.40
67.00
90.38
130.70
178.34
201.13
214.09
249.68
269.87
276.74
287.32
305.49
347.28
360.02
366.97
374.59
433.02
477.95
485.89
529.64
552.34
591.57
611.54
644.18
683.56
704.27
716.33
827.20
833.16
858.58
883.09
946.28
959.60
992.64
996.85
1026.07
1035.11
1089.99
1116.64
1135.50
1146.17
1149.74
1162.29
1189.82
1206.56
1249.13
1253.55
1275.83
1297.27
1333.94
1348.21
1361.38
1394.23
1400.67
1411.63
1439.46
1445.08
1449.42
1452.89
1467.48
1472.37
1475.26
1481.07
1483.01
1489.79
1492.97
1497.68
1503.02
1579.95
1836.37
1895.01
3077.02
3089.65
3093.20
3127.15
3152.92
3179.71
3188.87
3195.73
3211.18
3226.82
3234.59
3258.35
3260.81
3709.38
3775.30
3830.48
3897.96
$end
