
$molecule
   O     1.00299013  -0.72075383  -1.30502914
  O    -1.27027938  -2.90463995   2.39780826
  O     0.05493192   0.90071238   1.58071924
  O    -0.48846037   3.54212436  -2.62547722
  O    -0.56657094   1.45191497  -1.86363380
  N     1.58455624   1.45335530   0.00576299
  C    -0.27861128  -1.75901094   0.47572616
  C     0.86867946  -0.83020333   0.08165104
  C    -0.29705488  -1.97136253   1.99165098
  C    -0.03014374  -3.09496754  -0.21761679
  C    -1.61168622  -1.19136027   0.02785782
  C     0.77377734   0.57638673   0.66929045
  C     1.34326762   2.86487418   0.09196219
  C    -0.08248018   3.21399042  -0.31249212
  C    -0.41027519   2.63113080  -1.65431028
  H     1.81343870  -1.25358568   0.45167764
  H    -0.52379384  -1.03857331   2.49897005
  H     0.69686685  -2.29457510   2.32594925
  H     0.07646790  -2.96849921  -1.28937379
  H    -0.85684790  -3.78222696  -0.05427339
  H     0.87802687  -3.57499242   0.14596955
  H    -2.42088651  -1.85454167   0.31896168
  H    -1.65537215  -1.07143722  -1.05126294
  H    -1.80320644  -0.22557213   0.48012844
  H     2.01273297   1.08032387  -0.82527403
  H     0.30453441  -0.13606840  -1.63519255
  H     1.50082153   3.21555615   1.11621357
  H     2.06499232   3.37146909  -0.55672903
  H    -0.99415897  -3.77936395   2.11047288
  H    -0.22890016   4.29498540  -0.34202845
  H    -0.76358591   2.77384391   0.41304241
  H    -0.69377021   3.08106687  -3.45112107
$end
$temperature
298.15
$end
$mult
 1
$end
$sigma
 1
$end
$pressure
1.00000
$end
$scale
1.0
$end
$msrrho
$end
$freq
25.34
45.67
60.55
86.04
104.19
132.67
174.44
181.85
209.30
215.68
245.06
253.92
288.93
308.61
315.18
332.52
355.10
387.95
399.84
418.89
436.74
478.06
528.44
548.64
591.50
641.00
649.20
700.09
729.85
811.86
831.09
853.28
885.39
950.48
961.24
965.94
1002.88
1015.61
1058.81
1071.32
1078.56
1090.90
1127.31
1141.83
1161.27
1190.45
1217.63
1237.82
1255.38
1263.97
1286.13
1328.78
1349.92
1353.74
1371.04
1395.98
1410.20
1415.68
1428.39
1437.15
1445.93
1456.32
1464.72
1466.55
1479.43
1483.02
1485.17
1490.77
1494.22
1506.71
1584.83
1888.43
1893.53
3082.10
3097.24
3099.69
3109.45
3133.76
3146.70
3186.00
3208.97
3242.23
3246.49
3252.08
3277.28
3280.54
3829.02
3873.77
3885.00
3966.11
$end
