
$molecule
   O     1.23402902  -0.91761863  -0.34587474
  O     0.97094102   2.63666472  -1.25683527
  O    -0.38064730   1.46374880   0.68325313
  O     0.82962363  -1.84274790   4.40432513
  O     0.72177457  -1.94910383   2.18413286
  N    -1.36798057  -0.51415803   1.11864750
  C     0.27071333   0.42832244  -2.08276490
  C     0.03716530  -0.39380809  -0.82626326
  C     1.37650884   1.46864159  -1.89550621
  C    -1.02386843   1.09881630  -2.52146313
  C     0.72793865  -0.56164291  -3.15892192
  C    -0.60227999   0.31986775   0.35900202
  C    -1.63047092  -0.17951754   2.49236610
  C    -0.34796223  -0.10818545   3.30237259
  C     0.44505899  -1.38062481   3.21520188
  H    -0.65695689  -1.20523756  -1.08962917
  H     1.74759338   1.75939198  -2.88326281
  H     2.21107750   0.99293673  -1.37352115
  H    -1.81453779   0.36585086  -2.68550750
  H    -0.87232433   1.63626290  -3.45431177
  H    -1.37539366   1.81648317  -1.78873679
  H     0.88516835  -0.05665595  -4.11117247
  H    -0.01398949  -1.34159726  -3.32532359
  H     1.65983932  -1.04524723  -2.87704929
  H    -1.30090670  -1.49421244   0.89937639
  H     1.08707728  -1.38559161   0.49093147
  H    -2.12696906   0.79200825   2.54509548
  H    -2.30812553  -0.93523918   2.90202117
  H     0.53846244   2.37561336  -0.42723852
  H    -0.54985573   0.11116275   4.35205260
  H     0.27498827   0.68878609   2.89457707
  H     1.35430875  -2.64336927   4.26002711
$end
$temperature
298.15
$end
$mult
 1
$end
$sigma
 1
$end
$pressure
1.00000
$end
$scale
1.0
$end
$msrrho
$end
$freq
19.09
35.22
59.94
76.46
118.06
129.59
167.17
190.95
222.60
228.91
249.35
272.29
283.89
297.74
319.33
351.69
361.73
370.72
404.92
460.88
511.58
541.93
558.39
584.95
591.99
651.65
674.53
747.59
787.71
810.78
847.73
853.94
893.18
943.01
962.74
976.14
996.68
1036.59
1054.90
1063.00
1094.58
1145.68
1152.81
1163.90
1187.45
1208.93
1217.55
1237.81
1254.87
1268.11
1280.80
1317.35
1346.81
1359.68
1391.91
1398.79
1421.69
1425.94
1430.98
1441.52
1453.70
1464.56
1474.04
1477.54
1480.67
1482.63
1483.83
1495.93
1504.28
1511.92
1603.88
1875.42
1885.67
3086.18
3095.07
3103.09
3106.00
3106.26
3140.06
3195.03
3197.20
3200.38
3205.55
3222.15
3224.35
3259.12
3812.66
3824.80
3832.85
3878.40
$end
