
$molecule
   O    -1.16814281   1.57907170   0.68999238
  O     0.30146313   2.61534248  -3.08060587
  O     2.02209391   0.71346279   1.77806096
  O    -0.36676375  -4.62028299   0.85505412
  O     0.07405502  -2.78132760  -0.32748616
  N     0.22852395  -0.63617258   1.75471141
  C     0.53525027   1.34142413  -0.99234793
  C     0.21234071   1.52208598   0.48953769
  C     0.12498934   2.64540652  -1.68597360
  C    -0.24460997   0.18335779  -1.58325026
  C     2.02712424   1.11926793  -1.20457151
  C     0.89704868   0.49761728   1.38529229
  C    -1.12665379  -1.04330629   1.51631125
  C    -1.23446509  -2.54297884   1.66444919
  C    -0.43841136  -3.29922685   0.62021850
  H     0.67466406   2.46253639   0.81137942
  H     0.73837333   3.47053198  -1.31416581
  H    -0.91485277   2.87616750  -1.43899564
  H    -0.00323709  -0.75200295  -1.09763259
  H    -0.00083135   0.05700496  -2.63450809
  H    -1.31644174   0.34204673  -1.50801313
  H     2.26168079   1.20262923  -2.26200903
  H     2.33906511   0.13419888  -0.86968390
  H     2.62265490   1.85410321  -0.66882729
  H     0.74982187  -1.15618172   2.44193595
  H    -1.35267447   2.08011617   1.48944764
  H    -1.82120102  -0.58026941   2.23024968
  H    -1.43063658  -0.74782832   0.52073624
  H    -0.36101582   2.03067451  -3.45986315
  H    -2.28088217  -2.85984002   1.57908114
  H    -0.88801339  -2.85113012   2.65482456
  H    -0.86031615  -4.85649849   1.64665154
$end
$temperature
298.15
$end
$mult
 1
$end
$sigma
 1
$end
$pressure
1.00000
$end
$scale
1.0
$end
$msrrho
$end
$freq
17.25
33.29
42.98
79.90
85.42
121.12
157.84
165.90
185.93
242.07
246.86
247.87
262.97
282.89
300.92
312.10
331.12
342.98
356.62
393.55
408.39
456.85
479.00
490.74
546.38
580.11
609.28
645.56
674.04
691.98
776.07
862.53
872.18
904.45
963.61
970.82
1011.36
1028.41
1060.90
1061.93
1078.50
1108.53
1141.69
1146.06
1166.59
1173.91
1189.81
1225.69
1256.13
1283.77
1299.62
1321.46
1350.74
1376.88
1382.30
1391.59
1412.73
1418.59
1442.15
1444.79
1454.62
1465.65
1468.76
1479.81
1482.88
1483.97
1487.03
1489.77
1494.35
1502.04
1559.97
1845.54
1937.67
3078.99
3083.97
3107.27
3118.17
3139.92
3156.85
3157.99
3198.48
3237.36
3241.15
3244.37
3324.47
3326.87
3816.77
3961.80
3966.49
3974.43
$end
