
$molecule
   O    -0.27662864   0.70669369  -1.56592500
  O    -0.75333644  -3.44495762  -0.97465123
  O     1.06624528   0.31241591   1.61535789
  O     0.26979047   3.24489978   0.31945006
  O    -1.77096037   4.09518543   0.65617378
  N    -1.04917469   0.71411767   0.88768552
  C     0.67390229  -1.46150288  -0.96180051
  C     0.62330271   0.05087388  -0.71334588
  C    -0.69062973  -2.07420981  -0.66599496
  C     1.74232682  -2.09245704  -0.07517156
  C     1.03124835  -1.71626275  -2.42225055
  C     0.25813281   0.37450670   0.72354174
  C    -1.49845180   1.33942256   2.10357373
  C    -0.79719396   2.66803177   2.32920645
  C    -0.83992005   3.43987851   1.04207229
  H     1.63280917   0.45496063  -0.85238407
  H    -1.45528376  -1.58180758  -1.26735580
  H    -0.95186251  -1.90844561   0.38160256
  H     2.71159020  -1.62615830  -0.23556394
  H     1.85226516  -3.15100596  -0.30144439
  H     1.50902218  -1.99251372   0.97988645
  H     1.16317280  -2.77853671  -2.60054533
  H     1.95811768  -1.21545627  -2.70166284
  H     0.25163654  -1.38670379  -3.10547963
  H    -1.55600969   0.88591220   0.03549117
  H    -0.05305749   0.49359828  -2.47566842
  H    -2.57820476   1.49186830   2.01660123
  H    -1.30782962   0.67933150   2.95391306
  H    -0.26498092  -3.93329444  -0.30536070
  H     0.24065902   2.49590419   2.60162052
  H    -1.29536739   3.23976475   3.11568929
  H     0.15467033   3.67594673  -0.53726093
$end
$temperature
298.15
$end
$mult
 1
$end
$sigma
 1
$end
$pressure
1.00000
$end
$scale
1.0
$end
$msrrho
$end
$freq
20.43
34.53
51.32
64.57
74.76
102.12
135.33
164.42
192.29
213.60
238.36
246.07
261.29
283.76
293.26
307.98
325.86
336.46
379.77
421.24
442.18
463.50
480.19
528.73
580.57
592.91
619.19
653.06
701.05
799.43
818.19
862.13
876.99
920.67
960.87
982.82
1002.26
1009.79
1043.80
1054.71
1071.93
1108.93
1124.23
1140.57
1152.04
1176.34
1213.38
1227.75
1239.07
1271.82
1283.87
1320.50
1333.67
1347.50
1356.44
1383.93
1408.08
1415.62
1426.15
1437.67
1445.99
1458.17
1463.58
1466.21
1476.86
1481.56
1486.41
1489.28
1497.86
1500.49
1604.23
1890.42
1905.28
3096.39
3106.37
3109.48
3136.39
3136.83
3156.73
3196.16
3206.23
3216.41
3227.80
3240.30
3253.13
3253.90
3839.60
3923.77
3956.84
4005.99
$end
