
$molecule
   O     0.29765740  -2.10195774   1.86713197
  O     2.63672646  -0.96102870  -1.46791167
  O     0.42226311   0.62889082   1.86980161
  O     0.88915613   2.25482297  -0.43801403
  O     0.74393023   3.75288220   1.21537802
  N    -1.63396151   0.63088684   0.93490168
  C     0.46738383  -1.49977048  -0.49025970
  C    -0.30749727  -1.39983412   0.82951732
  C     1.88598461  -0.98939124  -0.27704894
  C    -0.23676633  -0.68883430  -1.57220179
  C     0.52272520  -2.95883480  -0.92871837
  C    -0.44887343   0.04843043   1.27867252
  C    -1.90143299   2.01526969   1.22123043
  C    -1.27894575   2.96298668   0.21133133
  C     0.21040007   3.05013156   0.40378752
  H    -1.31923766  -1.79162568   0.65604038
  H     2.41186063  -1.64181836   0.41809464
  H     1.85656347  -0.00526416   0.18072781
  H    -1.28468926  -0.97211115  -1.65841433
  H     0.21477219  -0.87158856  -2.54319237
  H    -0.18806957   0.37640207  -1.37944424
  H     1.07610566  -3.05154785  -1.85857608
  H    -0.47339464  -3.37160262  -1.09127423
  H     1.02801661  -3.58730489  -0.19912160
  H    -2.25635487   0.12755642   0.32895934
  H     0.21730588  -3.04400758   1.69548685
  H    -2.98895633   2.15476887   1.22657193
  H    -1.51843218   2.24789931   2.21422634
  H     2.31807599  -0.23308111  -2.00920098
  H    -1.68591354   3.96763223   0.35722500
  H    -1.49894748   2.63723203  -0.80441864
  H     1.82254534   2.31381124  -0.19128775
$end
$temperature
298.15
$end
$mult
 1
$end
$sigma
 1
$end
$pressure
1.00000
$end
$scale
1.0
$end
$msrrho
$end
$freq
25.70
58.10
71.72
74.84
103.80
105.10
135.82
168.85
200.27
211.87
229.33
257.78
276.67
284.92
309.02
312.14
336.08
343.77
350.76
383.56
395.30
434.95
436.74
471.28
512.46
569.13
612.62
646.01
761.68
790.27
815.84
853.85
874.10
951.39
954.40
960.96
1001.91
1012.90
1056.96
1065.49
1072.21
1104.93
1115.39
1141.37
1155.35
1184.47
1207.29
1224.11
1239.84
1274.55
1287.69
1315.88
1339.66
1348.25
1353.75
1380.74
1419.55
1424.05
1437.17
1442.92
1446.60
1456.11
1458.96
1476.66
1479.49
1482.10
1489.13
1491.14
1495.74
1501.08
1604.47
1899.08
1918.01
3091.89
3096.40
3112.09
3114.58
3118.89
3189.71
3204.10
3211.30
3216.62
3231.95
3234.50
3285.78
3302.63
3853.97
3904.66
3961.06
3984.67
$end
