
$molecule
   O    -1.64014402   0.73568716   0.74059597
  O    -0.36048903  -2.63693267  -2.54381282
  O     0.47393514  -1.73276122   1.36157417
  O     2.14605108   1.70642098  -0.47012155
  O     3.84076695   0.98961732   0.79725485
  N     0.74478410   0.36687563   2.11186064
  C    -1.13785619  -1.00994107  -0.88517144
  C    -0.61126259   0.02012767   0.11466565
  C     0.03992225  -1.73674919  -1.53986083
  C    -1.91451468  -0.26101424  -1.96786251
  C    -2.05220221  -2.01351400  -0.21161460
  C     0.24347061  -0.55471791   1.23506715
  C     0.72572639   1.79970166   2.01439655
  C     2.13423983   2.33470444   1.81573315
  C     2.81813483   1.60963932   0.69138944
  H     0.03807940   0.71439111  -0.43140842
  H     0.57590642  -2.31497625  -0.79330978
  H     0.74089283  -1.00051172  -1.95221938
  H    -2.80668409   0.22497931  -1.57993987
  H    -2.26302362  -0.94543516  -2.73493652
  H    -1.30951161   0.50424437  -2.45474472
  H    -2.44832690  -2.71401004  -0.94198481
  H    -2.89250382  -1.52099513   0.27146897
  H    -1.52216572  -2.58241127   0.54165378
  H     1.34218709  -0.04385781   2.81270451
  H    -2.24761059   1.06023956   0.07195560
  H     0.09488244   2.09140682   1.18720138
  H     0.30125379   2.23498280   2.92779036
  H    -0.55985126  -2.14789961  -3.34652483
  H     2.73994157   2.18833478   2.71080541
  H     2.10900229   3.40468667   1.58587363
  H     2.65696934   1.22968769  -1.13847911
$end
$temperature
298.15
$end
$mult
 1
$end
$sigma
 1
$end
$pressure
1.00000
$end
$scale
1.0
$end
$msrrho
$end
$freq
23.16
27.73
43.21
77.29
89.15
105.82
125.20
160.56
183.93
214.66
226.38
233.82
246.77
274.14
294.55
299.21
339.95
373.57
392.04
397.62
429.21
442.56
475.99
532.07
579.89
586.58
612.14
627.08
693.94
760.07
777.47
847.07
857.87
920.04
960.63
977.87
999.96
1011.13
1036.71
1067.31
1079.27
1092.44
1103.17
1133.92
1149.63
1163.98
1215.07
1227.72
1267.64
1268.89
1282.37
1320.39
1348.96
1363.00
1375.62
1387.25
1406.12
1410.08
1437.93
1438.24
1449.89
1464.02
1469.71
1475.78
1479.38
1480.73
1481.95
1489.17
1498.25
1509.33
1576.86
1873.12
1909.95
3083.95
3093.58
3095.63
3103.79
3128.37
3178.50
3199.52
3203.67
3232.68
3234.61
3280.39
3288.35
3349.05
3797.37
3903.64
3968.39
4020.57
$end
