
$molecule
   O    -1.18943508   0.70244469  -1.13677001
  O    -2.01339293  -1.41294614   2.28636661
  O     1.15390225  -1.10469708   0.74571330
  O     0.64942186  -2.04795753  -2.43047709
  O     1.97375987  -1.28247913  -4.06127171
  N     1.32551810   0.37681250  -0.96335578
  C    -1.23329715   0.68255720   1.30014495
  C    -0.84219067  -0.03120959   0.00645244
  C    -1.14266016  -0.31991505   2.45168242
  C    -2.66709332   1.18838025   1.18495931
  C    -0.30855440   1.86487073   1.55758585
  C     0.64544971  -0.32665025  -0.02251482
  C     2.68933251   0.05239645  -1.28522919
  C     2.81245861  -1.36705029  -1.80808882
  C     1.80677910  -1.56563026  -2.90436879
  H    -1.33344165  -1.00851008  -0.01090132
  H    -1.35350425   0.20167746   3.39276130
  H    -0.13565981  -0.72317459   2.51467073
  H    -2.75027900   2.01059916   0.47912622
  H    -3.02071638   1.56051464   2.14528783
  H    -3.35467453   0.40760829   0.86563147
  H    -0.65602310   2.45724785   2.40349828
  H    -0.26857071   2.51731024   0.68963891
  H     0.70532974   1.54381756   1.78240419
  H     0.76053068   0.88142188  -1.62481771
  H    -2.14251781   0.67657407  -1.25130479
  H     3.03002980   0.76625061  -2.04108773
  H     3.31824752   0.16221215  -0.39727123
  H    -2.90551715  -1.13313277   2.50999313
  H     2.60262132  -2.06958193  -1.00620315
  H     3.81508747  -1.54504074  -2.20424221
  H     0.02905954  -2.11472030  -3.16801260
$end
$temperature
298.15
$end
$mult
 1
$end
$sigma
 1
$end
$pressure
1.00000
$end
$scale
1.0
$end
$msrrho
$end
$freq
21.76
31.33
43.79
61.49
69.13
120.18
140.79
171.68
212.19
225.72
230.27
251.19
255.80
284.97
292.85
318.25
333.91
349.15
373.42
429.96
440.50
471.38
495.55
539.34
562.97
581.20
621.27
634.18
676.83
800.81
821.10
859.92
888.20
925.15
957.67
974.72
998.11
1000.57
1043.31
1057.90
1074.71
1109.29
1125.89
1149.86
1157.02
1177.51
1214.15
1228.51
1240.84
1265.84
1281.90
1314.03
1337.06
1347.34
1354.94
1383.18
1413.80
1417.54
1425.31
1431.14
1448.27
1452.62
1462.23
1466.31
1471.92
1483.82
1485.70
1492.84
1497.48
1500.67
1609.09
1887.39
1902.24
3093.59
3094.67
3099.54
3103.11
3136.86
3192.44
3195.64
3205.85
3211.82
3223.42
3238.75
3256.59
3274.37
3849.48
3918.37
3959.96
4004.96
$end
