
$molecule
   O    -0.80261214   0.79767805   2.10242050
  O    -3.92520851  -0.10372446   0.69031785
  O    -0.03829507   1.86525668  -1.08480394
  O     3.67860338  -1.15830715  -0.91199049
  O     1.61356154  -1.02694427  -1.74276751
  N     1.28339210   1.00962936   0.55421246
  C    -1.54675316  -0.62867536   0.26089013
  C    -1.10608471   0.75766372   0.73231621
  C    -2.86380871  -0.98323852   0.95875401
  C    -0.50532721  -1.67778136   0.62847982
  C    -1.77511305  -0.62747624  -1.24403971
  C     0.08918840   1.27850921  -0.04096265
  C     2.51785261   1.52606513   0.03199753
  C     2.76893294   1.01503344  -1.37209564
  C     2.62178734  -0.48605498  -1.38911598
  H    -1.90123902   1.47500918   0.50443377
  H    -2.71121695  -1.07087545   2.04260069
  H    -3.18779758  -1.97058340   0.62324584
  H     0.41390751  -1.51893135   0.08219736
  H    -0.86276918  -2.67416549   0.37446530
  H    -0.27929317  -1.67386268   1.69211900
  H    -2.20860210  -1.57585970  -1.55502477
  H    -0.84586925  -0.49748731  -1.78649382
  H    -2.45953117   0.16130944  -1.54143828
  H     1.23280964   0.67365643   1.50120773
  H    -1.48119843   0.32727746   2.59175315
  H     2.51653092   2.62214949   0.00999566
  H     3.31528112   1.21223955   0.71382964
  H    -3.71827801   0.76986297   1.03199721
  H     3.75958041   1.31697936  -1.72533018
  H     2.01515741   1.41781834  -2.03938282
  H     4.39241209  -0.55217011  -0.69378804
$end
$temperature
298.15
$end
$mult
 1
$end
$sigma
 1
$end
$pressure
1.00000
$end
$scale
1.0
$end
$msrrho
$end
$freq
31.88
37.52
48.03
74.21
87.98
103.38
149.35
175.77
201.90
203.27
219.69
228.76
241.71
250.64
263.98
286.11
308.25
351.56
377.96
438.29
450.68
468.39
485.28
499.99
505.75
551.65
607.97
620.96
739.95
776.77
813.07
869.42
880.63
933.22
958.61
971.22
1002.57
1009.11
1042.41
1053.48
1084.63
1100.07
1114.68
1153.15
1163.94
1166.36
1211.06
1231.19
1245.52
1270.85
1282.54
1325.50
1338.42
1349.37
1350.74
1372.65
1402.76
1425.71
1428.61
1438.24
1451.13
1459.59
1461.84
1474.31
1475.43
1481.98
1484.12
1487.11
1490.65
1499.96
1605.61
1893.57
1931.23
3065.37
3080.66
3116.96
3117.02
3121.55
3165.55
3178.27
3181.41
3215.02
3232.19
3279.55
3281.40
3319.23
3839.23
3980.00
3985.53
4021.64
$end
