
$molecule
   O    -1.97004954   1.47602274   1.59160879
  O     0.47642642   3.52133510  -1.11177209
  O    -2.80558661   0.55875440  -0.70913054
  O     2.23091122  -3.02526602   0.35178481
  O     1.39525861  -4.94073766  -0.45897173
  N    -1.43008028  -1.22699023  -0.67427192
  C     0.07773167   1.56635014   0.29737181
  C    -1.06041606   0.70677112   0.86634315
  C    -0.50211641   2.63524268  -0.62406061
  C     1.08910857   0.73910554  -0.48384137
  C     0.77097017   2.22378141   1.48463579
  C    -1.84114071  -0.00173628  -0.23205020
  C    -0.53631548  -2.15285188  -0.02017571
  C     0.33298434  -2.85908893  -1.04231954
  C     1.35544440  -3.74304153  -0.37504573
  H    -0.63010951  -0.03182180   1.54752249
  H    -1.28623585   3.18591674  -0.10236789
  H    -0.96323524   2.17022192  -1.49494730
  H     1.56314748  -0.01748736   0.13776834
  H     1.87012996   1.38694062  -0.86981286
  H     0.63488420   0.24118715  -1.33425940
  H     1.61605906   2.82779399   1.16239339
  H     1.16044810   1.47816943   2.17543548
  H     0.08882214   2.85971824   2.04182175
  H    -2.07448290  -1.62294738  -1.34369178
  H    -2.71238081   1.65091774   0.99768496
  H     0.09527135  -1.61536409   0.67810835
  H    -1.10464608  -2.89838330   0.55097069
  H     0.70360567   4.14372735  -0.41507020
  H     0.86750359  -2.11896487  -1.63896022
  H    -0.27170343  -3.47729778  -1.70652099
  H     2.85979198  -3.63997719   0.75382029
$end
$temperature
298.15
$end
$mult
 1
$end
$sigma
 1
$end
$pressure
1.00000
$end
$scale
1.0
$end
$msrrho
$end
$freq
25.78
31.26
38.81
68.00
75.28
100.63
106.57
177.00
192.15
202.84
228.68
235.54
274.21
292.44
299.42
302.52
330.01
358.08
368.71
431.79
442.14
480.84
508.98
539.89
585.44
591.34
620.66
662.37
705.87
780.54
794.72
822.29
862.15
931.30
955.84
959.41
1001.69
1016.07
1053.18
1075.98
1096.79
1107.43
1123.66
1135.07
1146.21
1172.96
1222.07
1237.04
1261.55
1268.85
1304.53
1335.37
1338.21
1356.08
1374.02
1388.44
1402.64
1412.38
1441.78
1446.31
1453.85
1458.53
1470.95
1474.94
1480.46
1481.15
1483.51
1490.41
1493.90
1494.16
1572.66
1846.25
1903.81
3090.51
3102.49
3122.04
3142.07
3149.16
3193.49
3212.15
3222.22
3236.17
3238.50
3241.45
3257.31
3296.72
3764.05
3899.03
3900.96
3960.62
$end
