
$molecule
   O    -0.67776746  -0.75012421   1.82772015
  O    -1.29051810  -3.32643286   1.08815712
  O    -0.13499116   0.82265913  -1.27703100
  O    -1.85743581   2.80883565  -1.24307514
  O    -1.73706131   4.71001853  -0.07348977
  N     0.08299965   1.48378738   0.89200929
  C     0.28458209  -1.86774704  -0.09856038
  C    -0.62507403  -0.75833802   0.43533793
  C     0.06557562  -3.10768445   0.76732861
  C     1.74949375  -1.46390777   0.00907695
  C    -0.07193705  -2.17782233  -1.54826450
  C    -0.18867886   0.60197748  -0.07824980
  C     0.67527122   2.79992821   0.74399098
  C     0.28862043   3.54341931  -0.50815451
  C    -1.20992498   3.75946749  -0.58589939
  H    -1.63209545  -0.90403359   0.02841693
  H     0.58701008  -3.00395142   1.71945058
  H     0.49271899  -3.98229677   0.26656052
  H     1.99798155  -0.68066697  -0.70112396
  H     2.40321369  -2.30980366  -0.20143247
  H     1.98596210  -1.10612752   1.00870270
  H     0.59177283  -2.94138674  -1.95295525
  H     0.01101194  -1.29200446  -2.16759187
  H    -1.09243710  -2.54796419  -1.64190786
  H    -0.05789383   1.12591565   1.82536752
  H    -1.17191973  -1.53519027   2.09344500
  H     0.36962059   3.37609880   1.62338654
  H     1.77034305   2.70995551   0.77588049
  H    -1.76181676  -3.61472739   0.30091696
  H     0.64455081   3.01752494  -1.38886349
  H     0.75560120   4.53067511  -0.47263356
  H    -1.24677793   2.07994648  -1.46651533
$end
$temperature
298.15
$end
$mult
 1
$end
$sigma
 1
$end
$pressure
1.00000
$end
$scale
1.0
$end
$msrrho
$end
$freq
27.43
29.69
65.19
90.09
124.35
152.66
155.84
191.81
206.84
236.45
243.15
267.70
287.58
295.74
297.83
324.97
351.52
382.84
420.85
470.33
495.02
508.85
559.23
562.09
617.97
627.09
647.66
682.21
793.68
824.64
861.46
883.89
917.52
939.46
958.70
981.67
995.57
1005.88
1030.54
1067.14
1077.87
1107.77
1127.69
1145.00
1178.24
1195.14
1233.78
1244.50
1274.61
1286.26
1304.67
1320.67
1324.77
1359.59
1377.13
1381.07
1410.16
1431.11
1435.56
1447.38
1447.93
1452.22
1468.65
1477.72
1478.40
1486.23
1487.56
1490.90
1493.48
1494.67
1655.89
1843.79
1914.10
3059.30
3091.64
3098.90
3108.85
3138.27
3159.66
3161.47
3192.72
3209.61
3211.77
3241.68
3262.34
3267.76
3680.46
3787.77
3945.56
3968.06
$end
