
$molecule
   O     1.52831515   2.24325523  -0.39627263
  O     1.33725711   0.39491587  -3.27495588
  O     0.19771099   1.18844762   1.66982600
  O    -1.36121893  -2.50431569   1.20697203
  O    -1.99700485  -3.18356084   3.24023791
  N     0.90961478  -0.89065291   1.07601064
  C    -0.17565626   0.92096517  -1.49526809
  C     1.01898572   0.95579900  -0.54109423
  C     0.36817280   1.32624320  -2.85362330
  C    -1.24938741   1.90822563  -1.05538860
  C    -0.77179951  -0.47689640  -1.59505875
  C     0.66497990   0.44261175   0.84625638
  C     0.96707461  -1.38573634   2.44573178
  C    -0.39197621  -1.42291173   3.10386261
  C    -1.33319782  -2.47014356   2.54094583
  H     1.80795202   0.32884522  -0.96090281
  H     0.80104688   2.32831356  -2.79477010
  H    -0.45280575   1.37920024  -3.57982546
  H    -1.60252681   1.68651032  -0.05292399
  H    -2.10669061   1.86572288  -1.72601833
  H    -0.88054357   2.93019085  -1.05886106
  H    -1.47898395  -0.52657000  -2.41900886
  H    -1.31974300  -0.74610947  -0.69818831
  H    -0.01037173  -1.22863484  -1.77953753
  H     1.51965945  -1.33512327   0.40488393
  H     1.06028457   2.64852705   0.34382997
  H     1.41045053  -2.38533676   2.40630282
  H     1.62579558  -0.75097073   3.04546333
  H     1.76544183   0.72675394  -4.07058989
  H    -0.86260061  -0.44689984   2.99000221
  H    -0.28893838  -1.63006112   4.17017428
  H    -0.69929650  -1.89060404   0.86178807
$end
$temperature
298.15
$end
$mult
 1
$end
$sigma
 1
$end
$pressure
1.00000
$end
$scale
1.0
$end
$msrrho
$end
$freq
8.60
46.80
51.88
68.13
81.53
121.10
157.04
179.99
207.54
230.66
244.39
252.15
256.48
275.67
289.80
320.25
333.68
352.53
372.44
434.66
452.95
483.26
517.17
543.89
562.90
594.67
616.37
730.43
755.04
781.95
827.11
873.98
887.43
941.03
957.81
984.02
1002.21
1012.77
1040.08
1051.74
1096.75
1111.75
1123.80
1160.24
1176.20
1189.98
1220.51
1233.31
1251.09
1258.26
1268.96
1295.16
1322.17
1363.18
1367.18
1371.08
1415.63
1424.03
1434.27
1445.82
1452.68
1460.83
1465.11
1471.35
1474.72
1478.37
1484.06
1491.13
1496.72
1504.94
1576.32
1883.42
1917.34
3081.53
3099.39
3105.30
3126.48
3145.86
3185.08
3186.33
3216.99
3219.53
3231.64
3235.69
3248.63
3267.00
3757.80
3908.89
3932.96
3942.27
$end
