
$molecule
   O    -0.76907624  -0.54186190  -1.41911706
  O     2.48342493  -3.19938421  -1.02058723
  O     0.79619219   2.17789775  -0.25642924
  O    -1.35911319   3.66716056   0.73522677
  O    -3.45054397   3.49101950   1.47195245
  N    -0.49962775   0.93438931   1.11860534
  C     1.28593565  -1.17691895  -0.32758189
  C     0.45766893  -0.06224680  -0.95976959
  C     1.74583657  -2.09158884  -1.46813312
  C     0.45589377  -1.97225472   0.66149901
  C     2.51300763  -0.59362507   0.36344632
  C     0.26749603   1.11341370  -0.01780070
  C    -1.90936198   0.61418873   0.96018100
  C    -2.62095674   1.69211489   0.16201311
  C    -2.52906449   3.04158397   0.84613614
  H     1.03214955   0.36457706  -1.78930505
  H     2.39813276  -1.53477864  -2.14685224
  H     0.87614582  -2.41622706  -2.04646694
  H     0.08056220  -1.34352554   1.45845508
  H     1.05691775  -2.75056102   1.12465440
  H    -0.39484036  -2.44519286   0.17959499
  H     3.19312760  -1.39119828   0.64653892
  H     2.24732595  -0.04837368   1.26588062
  H     3.05500046   0.08798262  -0.28985294
  H    -0.37465199   1.73179916   1.73160529
  H    -1.01132440  -0.09227494  -2.23391458
  H    -2.01964985  -0.34541021   0.46234605
  H    -2.34232881   0.54053191   1.96260688
  H     1.87835136  -3.85182638  -0.65607003
  H    -3.68123464   1.45466383   0.06690913
  H    -2.19238468   1.75843600  -0.83642159
  H    -0.66901005   3.18749010   0.25065071
$end
$temperature
298.15
$end
$mult
 1
$end
$sigma
 1
$end
$pressure
1.00000
$end
$scale
1.0
$end
$msrrho
$end
$freq
40.98
44.46
68.45
88.06
118.70
136.12
139.63
147.44
194.90
229.65
247.24
256.05
262.39
279.09
300.31
308.87
339.49
350.73
374.69
402.93
424.08
447.43
499.00
513.66
628.51
630.60
694.37
747.82
805.97
823.14
832.91
869.65
910.43
929.07
961.34
963.57
1006.99
1008.40
1044.56
1058.90
1076.28
1102.11
1118.48
1142.14
1165.83
1189.51
1208.15
1230.73
1239.04
1269.58
1283.25
1344.74
1350.63
1377.67
1384.35
1393.37
1411.74
1420.56
1438.87
1443.41
1452.14
1460.14
1462.59
1476.72
1478.14
1479.11
1483.24
1485.07
1490.48
1493.37
1515.19
1844.82
1907.05
3103.30
3107.89
3120.93
3134.54
3147.10
3166.39
3194.38
3221.40
3230.12
3240.87
3244.25
3267.51
3293.34
3708.45
3811.33
3958.82
3969.80
$end
