
$molecule
   O    -0.35762265   1.52690217  -1.21594949
  O    -1.64037223  -3.16283798  -0.95314070
  O    -1.62748835   0.10957042   1.49837358
  O     3.04360629  -0.30902551   2.96629453
  O     2.40609532  -0.40045959   0.82733620
  N     0.04286813   1.60761763   1.53941755
  C    -1.10840762  -0.78805638  -1.16915057
  C    -0.29719302   0.32031769  -0.50342160
  C    -0.92102145  -2.09106571  -0.38996160
  C    -0.56076278  -1.00513365  -2.57825074
  C    -2.57622411  -0.41329471  -1.25001349
  C    -0.70968574   0.64551971   0.92276359
  C     1.26736588   2.21410704   1.09806489
  C     2.43455258   1.73188618   1.93991178
  C     2.61502693   0.24291839   1.82263500
  H     0.74055341  -0.02011190  -0.43858194
  H    -1.21213877  -1.94649913   0.64893977
  H     0.13501568  -2.37474438  -0.40039920
  H    -0.81428989  -0.19029519  -3.25463447
  H    -0.97938225  -1.91090546  -3.00458236
  H     0.52318517  -1.11484122  -2.57991591
  H    -3.12131765  -1.11295354  -1.88007817
  H    -2.70059487   0.57451212  -1.68363936
  H    -3.03999880  -0.40241693  -0.27087624
  H    -0.24948948   1.78473486   2.48750361
  H    -0.15249052   1.34632642  -2.13685532
  H     1.43371286   1.97018575   0.05857400
  H     1.19125721   3.30559794   1.18443525
  H    -2.56619186  -3.05998153  -0.71310915
  H     2.28892681   1.97583000   2.99254299
  H     3.36917354   2.20617237   1.61863392
  H     3.14333223  -1.25957588   2.81713366
$end
$temperature
298.15
$end
$mult
 1
$end
$sigma
 1
$end
$pressure
1.00000
$end
$scale
1.0
$end
$msrrho
$end
$freq
14.59
30.37
38.94
82.30
98.67
108.12
133.40
165.51
186.29
228.41
244.27
251.99
268.68
294.67
303.45
312.65
340.33
352.13
373.84
402.79
426.86
443.62
503.22
532.99
564.31
580.68
614.86
649.21
694.69
727.78
774.64
845.35
862.62
919.24
962.67
977.70
1003.60
1013.17
1046.13
1069.40
1078.99
1093.84
1112.35
1145.14
1152.50
1167.80
1204.70
1222.37
1266.77
1271.34
1283.92
1322.09
1336.49
1362.88
1370.64
1385.96
1407.87
1411.62
1439.31
1439.96
1449.74
1462.38
1467.65
1481.13
1481.98
1483.72
1489.43
1497.44
1498.15
1501.32
1577.12
1866.38
1901.57
3090.26
3093.24
3093.69
3123.23
3128.91
3193.73
3199.40
3223.32
3230.91
3243.57
3255.22
3279.29
3347.42
3803.21
3890.45
3953.75
4006.78
$end
