
$molecule
   O    -1.90461241   0.23832988  -1.14037928
  O     0.60637758   0.62224666  -2.22386724
  O     0.98222281   0.03169863   0.89265876
  O     1.54844753  -4.21554261   3.42143640
  O     1.87459750  -4.82882374   1.29617730
  N    -0.32774170  -1.51346603  -0.11206405
  C    -0.47451430   2.11319616  -0.67847025
  C    -1.04240485   0.78480868  -0.18434113
  C     0.07789115   1.91809774  -2.08183879
  C     0.60815049   2.67930637   0.23108714
  C    -1.63449386   3.11210630  -0.73994060
  C     0.00127857  -0.24674477   0.24572669
  C     0.51584902  -2.63217600   0.22578054
  C     0.56558641  -2.86254085   1.71438257
  C     1.39882660  -4.06867667   2.09135838
  H    -1.64265988   0.97329711   0.71520156
  H     0.83748009   2.67634001  -2.29455172
  H    -0.71061769   2.06652353  -2.82862157
  H     0.28437384   2.69441482   1.26818983
  H     0.82884491   3.70713606  -0.05928526
  H     1.52407040   2.10650439   0.17869001
  H    -1.32471538   4.03773306  -1.22564707
  H    -1.97733734   3.36946511   0.26105175
  H    -2.48147002   2.71053228  -1.29039506
  H    -1.23172452  -1.65377554  -0.52633742
  H    -1.36128926   0.06324068  -1.91627510
  H     0.13110249  -3.51726936  -0.28413672
  H     1.52767918  -2.44848357  -0.13620019
  H     1.14957666   0.57402025  -3.01607559
  H    -0.44127824  -3.01682953   2.11176168
  H     0.98140694  -1.97906649   2.19732460
  H     1.11109728  -3.49560256   3.88759984
$end
$temperature
298.15
$end
$mult
 1
$end
$sigma
 1
$end
$pressure
1.00000
$end
$scale
1.0
$end
$msrrho
$end
$freq
26.18
31.91
46.07
61.83
87.36
104.00
109.70
176.84
183.32
211.42
249.80
265.13
274.87
279.50
288.14
330.63
359.20
381.53
392.94
415.32
472.14
487.73
491.03
503.82
562.16
594.92
632.45
645.60
685.69
699.14
808.18
861.22
893.34
953.02
964.95
989.04
996.98
1021.24
1032.39
1091.88
1116.65
1127.46
1140.96
1153.48
1172.07
1179.91
1195.40
1231.44
1239.36
1257.92
1277.22
1293.61
1313.66
1346.55
1363.46
1384.27
1394.11
1416.18
1426.83
1444.01
1452.13
1452.99
1462.36
1470.37
1477.76
1480.81
1488.77
1491.39
1493.02
1511.27
1596.39
1876.34
1919.10
3083.32
3086.87
3101.49
3116.35
3133.26
3145.86
3169.96
3193.60
3211.02
3215.46
3225.79
3236.78
3294.35
3862.50
3960.30
3968.42
3986.13
$end
