
$molecule
   O    -0.91427369   0.47932513   1.79920430
  O    -2.64093477  -1.99116822  -0.66667515
  O    -0.19947643  -2.25738407   0.27626237
  O     2.51753498  -0.60745404  -1.20319280
  O     2.13436814   1.57469954  -0.91246089
  N     1.37019374  -1.17203868   1.44546693
  C    -1.54034712   0.20304597  -0.55504089
  C    -0.46107147   0.13151656   0.51994442
  C    -2.75227373  -0.67557563  -0.23408977
  C    -0.94288462  -0.16446161  -1.90403553
  C    -2.00750249   1.66405400  -0.61771387
  C     0.22671931  -1.20990884   0.70998466
  C     2.11636833  -0.00993647   1.84595323
  C     3.20913429   0.33001670   0.83899475
  C     2.58938003   0.53473109  -0.51453900
  H     0.31547588   0.83124875   0.20903391
  H    -3.63219705  -0.25080327  -0.72811326
  H    -2.94493492  -0.62112345   0.84310523
  H    -0.16133966   0.53997138  -2.18522792
  H    -1.70763165  -0.13632935  -2.67529441
  H    -0.52496189  -1.16307244  -1.90279065
  H    -2.64719265   1.82230717  -1.48341510
  H    -1.16784593   2.35279136  -0.70284322
  H    -2.59130130   1.95417327   0.25564799
  H     1.84760531  -2.06028962   1.46426192
  H    -1.41590991   1.29644610   1.73738550
  H     1.43861221   0.82804907   1.96703641
  H     2.57750368  -0.20984890   2.82043366
  H    -1.79558103  -2.32918040  -0.32579386
  H     3.92883210  -0.48631571   0.77450504
  H     3.72696079   1.24551436   1.13666755
  H     2.04897153  -0.44299974  -2.03266153
$end
$temperature
298.15
$end
$mult
 1
$end
$sigma
 1
$end
$pressure
1.00000
$end
$scale
1.0
$end
$msrrho
$end
$freq
41.84
43.42
54.14
81.21
102.51
118.65
167.64
182.07
211.24
248.52
254.92
272.42
283.18
289.52
296.31
337.23
344.55
381.69
407.02
435.85
458.23
516.15
539.94
568.71
582.60
607.74
621.58
660.44
755.46
805.15
824.75
855.26
875.11
920.00
965.36
981.60
999.82
1023.23
1041.41
1063.45
1086.42
1109.67
1130.89
1151.12
1165.44
1211.84
1217.95
1232.55
1256.50
1264.06
1274.31
1308.77
1339.73
1358.66
1388.40
1408.85
1417.99
1426.03
1432.45
1447.86
1452.28
1469.66
1475.12
1482.26
1483.82
1486.96
1492.91
1497.60
1500.22
1504.83
1592.94
1868.75
1904.25
3080.78
3087.86
3102.05
3117.37
3119.27
3172.56
3193.98
3207.67
3207.77
3223.98
3267.83
3284.45
3295.38
3791.62
3799.60
3907.64
4001.77
$end
