
$molecule
   O     0.50214039   0.99320070  -0.86256825
  O    -3.29956766  -0.55824061  -0.12010185
  O     1.29935315  -2.30503645   0.04213434
  O     3.06347692   1.26239386   0.24551784
  O     2.52157308   3.38773279   0.65605727
  N     1.28305518  -0.49648715   1.36843145
  C    -1.14145013  -0.72510773  -1.13612263
  C     0.33774497  -0.37867689  -0.96190518
  C    -1.93741264  -0.27488602   0.07004827
  C    -1.33491472  -2.22329645  -1.33863915
  C    -1.64456134   0.01483279  -2.36893119
  C     0.98283625  -1.14996409   0.18630960
  C     0.72857507   0.72404454   1.90890241
  C     1.82320942   1.72564218   2.22873065
  C     2.50191550   2.23546060   0.97822037
  H     0.86416136  -0.76658836  -1.84241596
  H    -1.79227849   0.79707538   0.22897332
  H    -1.57281291  -0.77976830   0.97143762
  H    -0.74562261  -2.58677213  -2.17732282
  H    -2.38082749  -2.43089173  -1.54206001
  H    -1.04521431  -2.79764218  -0.46544129
  H    -2.70232349  -0.17791763  -2.51896697
  H    -1.11606545  -0.30987060  -3.26339629
  H    -1.50746430   1.08721320  -2.27514939
  H     1.64996913  -1.14976376   2.04761420
  H     1.42624722   1.23261598  -0.99294965
  H     0.03498190   1.15385361   1.20177902
  H     0.18110485   0.49421704   2.83187967
  H    -3.79114928  -0.25767756   0.65099439
  H     2.57892606   1.26187003   2.86860003
  H     1.41271029   2.59068334   2.75240153
  H     2.81968408   0.40775160   0.62793866
$end
$temperature
298.15
$end
$mult
 1
$end
$sigma
 1
$end
$pressure
1.00000
$end
$scale
1.0
$end
$msrrho
$end
$freq
36.04
45.20
55.78
77.83
120.85
144.97
149.92
176.69
218.68
228.87
247.70
260.24
265.41
295.66
311.50
322.89
357.09
372.16
390.20
423.47
441.38
469.59
500.47
525.54
611.06
616.45
630.94
700.22
721.95
768.70
802.59
848.46
874.92
913.96
977.10
992.24
999.20
1018.43
1033.50
1046.53
1098.87
1115.67
1138.68
1151.85
1193.72
1201.60
1219.43
1242.11
1245.82
1260.14
1281.41
1315.90
1355.33
1358.25
1383.04
1393.60
1412.12
1430.56
1438.14
1443.43
1452.90
1455.24
1467.60
1471.54
1472.63
1476.12
1478.33
1484.34
1501.00
1517.44
1532.62
1862.31
1931.04
3089.92
3100.60
3111.00
3115.68
3123.29
3153.64
3192.47
3196.76
3230.96
3238.41
3258.76
3263.19
3365.68
3748.47
3891.72
3938.79
3968.72
$end
