
$molecule
   O    -1.24043682   0.48449283   0.61078346
  O     2.05271157   1.49907565  -1.92765008
  O     1.81265752  -0.62097670  -0.38465595
  O     0.84717469  -3.00519192   1.77870320
  O    -0.98923104  -2.14046808   0.87224356
  N     1.31684885  -0.08980207   1.72245938
  C    -0.33046730   0.89676609  -1.58295650
  C    -0.08937999   0.85047347  -0.07526759
  C     0.72670536   1.75301380  -2.28867883
  C    -1.67818222   1.59008661  -1.80247559
  C    -0.40062317  -0.49437261  -2.19225682
  C     1.08147752  -0.02078586   0.37535324
  C     0.34379399  -0.01038228   2.77698616
  C    -0.28715577  -1.38565479   3.04983550
  C    -0.22083340  -2.21616281   1.80100946
  H     0.16757738   1.86300132   0.26361673
  H     0.53630376   2.81207129  -2.07835175
  H     0.58797284   1.62555732  -3.37107372
  H    -2.50466031   0.97720079  -1.45901367
  H    -1.83278262   1.79082711  -2.86257568
  H    -1.73276849   2.54053995  -1.27579223
  H    -0.77990054  -0.43964598  -3.21144372
  H    -1.07302255  -1.13675496  -1.63086385
  H     0.56486931  -0.98171626  -2.22940134
  H     2.11783966  -0.67440279   1.91409601
  H    -1.38566098  -0.47127347   0.54808763
  H     0.84500321   0.33769815   3.68833507
  H    -0.42211381   0.70464252   2.50856001
  H     2.12765103   0.58174426  -1.63165498
  H    -1.32813727  -1.28021587   3.36197301
  H     0.26097961  -1.92070102   3.82650560
  H     0.90578999  -3.41868370   0.90556429
$end
$temperature
298.15
$end
$mult
 1
$end
$sigma
 1
$end
$pressure
1.00000
$end
$scale
1.0
$end
$msrrho
$end
$freq
29.82
38.23
57.38
67.47
92.61
132.93
176.12
217.73
224.48
251.15
265.98
287.83
292.60
331.32
340.15
368.44
392.49
410.37
425.23
453.77
467.33
549.82
560.99
594.26
610.53
613.81
662.76
668.75
720.67
768.38
830.06
859.52
869.77
952.23
968.36
985.87
1001.07
1015.45
1040.08
1063.12
1089.68
1106.11
1151.15
1153.16
1176.29
1217.94
1228.26
1255.08
1255.92
1271.28
1282.25
1323.31
1344.90
1351.95
1372.81
1399.40
1408.08
1430.73
1436.63
1443.73
1450.58
1458.63
1469.78
1478.61
1480.52
1485.56
1487.64
1493.15
1493.70
1506.25
1556.46
1848.86
1892.95
3050.79
3094.17
3097.12
3118.44
3123.29
3131.65
3138.65
3201.96
3206.43
3225.56
3244.67
3291.77
3331.47
3775.16
3863.59
3888.90
3898.37
$end
