
$molecule
   O     0.79470968   1.11624145  -0.58919871
  O    -2.49982021   0.85411996  -0.46511082
  O     1.44501875  -0.77907169   2.06919692
  O    -0.57418784  -0.16909443  -2.51087735
  O    -1.34936723  -2.20450939  -2.07658120
  N     1.81816034  -1.52752976  -0.02976978
  C    -0.76174817   0.93530806   1.25575907
  C     0.16256030   0.22395963   0.29264840
  C    -1.77731549   1.69077281   0.38796750
  C    -0.00617995   1.91127246   2.14685182
  C    -1.50783553  -0.08374251   2.10541017
  C     1.20416899  -0.70689218   0.89007620
  C     2.01122278  -1.29146232  -1.44123558
  C     1.00701091  -1.98701632  -2.34366794
  C    -0.41725756  -1.48378048  -2.28450701
  H    -0.46136785  -0.42202901  -0.30899248
  H    -1.27144610   2.48106988  -0.17364712
  H    -2.49859439   2.18524250   1.04553789
  H     0.75195267   1.39887029   2.72872248
  H    -0.68872919   2.40042588   2.83928071
  H     0.47798805   2.70567524   1.57852632
  H    -2.23855363   0.41753253   2.73697692
  H    -0.83355397  -0.63595306   2.75123264
  H    -2.04926907  -0.78995797   1.48174255
  H     2.45933173  -2.16874923   0.41334255
  H     1.21855072   1.80702733  -0.07315478
  H     2.03274919  -0.22813881  -1.64630175
  H     3.00201018  -1.68544262  -1.69728508
  H    -1.98247125   0.62959517  -1.24742646
  H     0.96636213  -3.04905304  -2.10687217
  H     1.33480619  -1.87976560  -3.38560217
  H     0.23109484   0.33507519  -2.34304176
$end
$temperature
298.15
$end
$mult
 1
$end
$sigma
 1
$end
$pressure
1.00000
$end
$scale
1.0
$end
$msrrho
$end
$freq
36.03
52.34
74.91
85.93
116.74
139.69
154.60
200.82
207.73
220.89
239.37
246.98
281.13
304.61
332.15
344.99
371.71
381.64
393.13
425.19
462.07
480.74
496.11
535.67
553.15
563.74
608.82
620.07
655.17
732.07
781.82
850.92
865.86
943.39
969.24
969.90
1005.25
1028.82
1036.28
1065.41
1081.87
1126.71
1131.98
1144.71
1158.40
1176.30
1212.90
1218.06
1246.01
1283.84
1307.39
1343.16
1350.61
1365.56
1380.70
1386.84
1424.00
1427.48
1436.87
1445.91
1449.70
1456.99
1457.55
1462.56
1469.31
1479.03
1481.42
1483.88
1492.16
1494.85
1541.01
1877.66
1921.71
3079.96
3092.64
3097.52
3099.28
3115.44
3187.04
3193.69
3212.75
3226.27
3263.92
3265.99
3318.23
3398.19
3769.59
3926.04
3963.58
4020.24
$end
