
$molecule
   O     0.33455532   0.13027129   1.33065307
  O     3.28018519   1.23780845  -1.30330759
  O    -0.17379460  -2.80358934  -0.55185951
  O    -3.09120096   3.11805581   1.36079743
  O    -3.11147498   1.55790348   2.96185878
  N    -1.69878719  -1.38621316   0.28893562
  C     1.49348742  -0.34363132  -0.74781437
  C     0.75091806  -0.89375453   0.48276879
  C     2.49694494   0.70739695  -0.26546138
  C     0.51639895   0.31712439  -1.70080177
  C     2.25256090  -1.45964790  -1.45684559
  C    -0.40856073  -1.78003106   0.05174598
  C    -2.24184617  -0.49523182   1.29219944
  C    -2.42977888   0.90136318   0.75836267
  C    -2.91252009   1.86534357   1.82110286
  H     1.42850698  -1.56825216   1.02152064
  H     3.14005251   0.27339522   0.51090832
  H     1.97725575   1.55469706   0.18181408
  H    -0.14187378  -0.40798627  -2.17148020
  H     1.04668842   0.84184926  -2.49011309
  H    -0.10215701   1.04360915  -1.18375157
  H     2.71168264  -1.08919713  -2.37039680
  H     1.59703973  -2.27686499  -1.72683743
  H     3.04259131  -1.86777821  -0.82712021
  H    -2.33726467  -2.08040300  -0.07304238
  H     1.04617662   0.37221341   1.92880887
  H    -3.21240988  -0.90324113   1.58734012
  H    -1.62235269  -0.46830607   2.17882479
  H     3.87793506   0.55491543  -1.62131545
  H    -3.14821267   0.90650177  -0.06573028
  H    -1.48492310   1.27670432   0.37443349
  H    -2.87582240   3.16497531   0.42380266
$end
$temperature
298.15
$end
$mult
 1
$end
$sigma
 1
$end
$pressure
1.00000
$end
$scale
1.0
$end
$msrrho
$end
$freq
25.33
33.97
42.12
54.95
64.72
130.17
158.19
169.18
197.92
221.59
233.18
245.01
263.18
271.91
280.98
309.30
334.34
354.14
366.23
386.66
428.32
472.32
486.24
493.91
530.31
594.85
628.30
653.67
665.40
724.59
765.13
832.78
861.22
900.37
962.67
967.88
985.61
1007.64
1054.72
1079.56
1103.47
1113.63
1145.44
1149.08
1162.58
1175.98
1192.02
1231.27
1253.52
1269.54
1293.64
1338.31
1342.45
1353.76
1384.71
1388.21
1400.00
1408.76
1438.94
1448.45
1452.14
1461.10
1465.06
1477.47
1478.04
1483.96
1488.74
1489.30
1491.20
1491.43
1556.00
1840.88
1920.55
3074.92
3105.24
3124.81
3130.67
3138.05
3141.54
3209.12
3211.39
3245.04
3254.15
3262.25
3295.54
3318.72
3758.94
3962.85
3962.91
4000.28
$end
