
$molecule
   O    -2.14264675   1.42913266  -1.17000309
  O     0.33652590   0.70210379   2.30692247
  O     0.22721357   1.18091666  -2.09335811
  O     2.60550239   1.24718136   0.69093723
  O     2.05700815  -0.90427826   0.87648169
  N     0.48598496  -0.99157192  -1.51552490
  C    -1.43432454   0.07369232   0.69049178
  C    -1.54247424   0.22050412  -0.83741169
  C    -0.43827802   1.11626782   1.21099014
  C    -1.05721899  -1.34408807   1.10859920
  C    -2.81508479   0.35654702   1.27696631
  C    -0.18954263   0.17879546  -1.55225121
  C     1.86591842  -1.09701911  -1.92806621
  C     2.75383290  -0.06777672  -1.25796083
  C     2.45676381   0.02293929   0.21066036
  H    -2.14767019  -0.61182172  -1.22649263
  H    -0.96925104   2.01618770   1.52019394
  H     0.21605741   1.43019607   0.40300031
  H    -1.68043101  -2.07470777   0.59492966
  H    -1.22579894  -1.47259467   2.17327077
  H    -0.02263476  -1.59916229   0.93063348
  H    -2.77304772   0.34486527   2.36524446
  H    -3.53946240  -0.39557391   0.96660725
  H    -3.19480549   1.32365660   0.96449200
  H     0.11994566  -1.70026380  -0.90526837
  H    -1.48605448   1.92852542  -1.67823076
  H     2.19329625  -2.10710782  -1.67037817
  H     1.94562621  -0.97459799  -3.01351417
  H     0.79589437  -0.11425185   2.06245866
  H     2.58858343   0.91727207  -1.68656972
  H     3.81019757  -0.32424852  -1.39184523
  H     2.20037496   1.29028080   1.57399544
$end
$temperature
298.15
$end
$mult
 1
$end
$sigma
 1
$end
$pressure
1.00000
$end
$scale
1.0
$end
$msrrho
$end
$freq
44.61
87.20
105.02
113.21
133.84
142.94
169.02
189.41
212.61
247.40
259.86
277.76
302.17
313.94
350.31
378.42
396.53
406.18
430.02
467.11
490.28
524.10
537.95
560.77
592.22
621.96
666.20
688.22
731.13
745.29
821.49
858.10
887.38
942.74
965.57
980.28
1003.39
1021.25
1057.14
1065.90
1081.38
1124.85
1147.33
1157.51
1180.05
1197.05
1240.89
1245.37
1266.88
1282.43
1287.50
1315.77
1336.72
1352.55
1363.70
1394.11
1411.57
1412.25
1434.58
1439.15
1449.32
1455.00
1463.74
1466.56
1479.61
1484.41
1490.59
1495.08
1521.97
1525.00
1620.52
1860.46
1886.61
3095.03
3099.79
3099.90
3108.85
3121.58
3172.84
3192.81
3201.38
3227.08
3248.20
3250.50
3290.35
3329.35
3795.88
3857.66
3873.59
3882.83
$end
