
$molecule
   O    -0.51659232  -1.09908455   1.78517666
  O    -1.86832610  -1.63681147  -2.85940916
  O    -2.25866789   1.42959998   0.16984221
  O     3.45155564   3.72925449   0.28642880
  O     1.35993612   3.88150698   1.04150375
  N    -0.11260279   1.53490020   0.83344333
  C    -1.02996542  -1.36666534  -0.58306567
  C    -1.32869135  -0.65043888   0.74199910
  C    -2.08973227  -0.99459266  -1.62518275
  C    -1.10521553  -2.87158685  -0.35242834
  C     0.35186907  -1.00234626  -1.09021375
  C    -1.27142403   0.86065357   0.58247689
  C     1.08788849   1.13001715   1.50413940
  C     2.29820184   1.69158487   0.78851975
  C     2.30160846   3.20499687   0.73352028
  H    -2.37873511  -0.83962973   0.99259966
  H    -2.13238431   0.08619281  -1.75782876
  H    -3.07428509  -1.30853236  -1.27056634
  H    -0.29487300  -3.23019063   0.27836459
  H    -1.04030079  -3.39941950  -1.29864863
  H    -2.04629267  -3.16050117   0.11445075
  H     0.61116642  -1.59221356  -1.96558157
  H     1.10634804  -1.19612166  -0.33536979
  H     0.41807736   0.04592444  -1.36652136
  H    -0.21976007   2.53865250   0.76558653
  H    -0.83818338  -1.95457423   2.08288789
  H     1.08973734   1.49519863   2.53631919
  H     1.16149807   0.05099357   1.53422258
  H    -1.26848235  -1.10233019  -3.38706682
  H     2.33263251   1.33173747  -0.24313511
  H     3.21778037   1.35853285   1.28280906
  H     4.08621475   3.03529266   0.08072763
$end
$temperature
298.15
$end
$mult
 1
$end
$sigma
 1
$end
$pressure
1.00000
$end
$scale
1.0
$end
$msrrho
$end
$freq
22.84
37.55
50.04
72.95
96.04
103.41
118.74
174.21
190.57
201.34
221.97
227.54
268.80
276.84
299.96
303.94
326.62
332.58
350.64
388.08
429.41
437.47
490.87
500.80
546.57
615.33
626.44
686.64
706.41
739.16
787.09
856.12
877.20
900.35
958.83
969.66
1006.26
1009.33
1069.52
1073.24
1077.57
1090.40
1130.94
1151.41
1163.73
1178.05
1210.53
1226.98
1243.35
1276.41
1289.80
1326.53
1344.08
1362.22
1370.57
1382.09
1405.84
1425.82
1433.90
1438.96
1452.20
1463.44
1469.58
1479.46
1481.30
1481.68
1486.24
1490.55
1491.95
1496.43
1583.49
1839.55
1921.81
3085.64
3098.14
3125.00
3126.99
3132.56
3159.59
3172.41
3208.25
3237.39
3239.38
3243.92
3260.02
3339.86
3756.03
3962.16
3962.43
3985.37
$end
