
$molecule
   O     0.66579018   0.82695205  -1.12537511
  O    -1.99992366   0.43056161  -0.91198905
  O    -0.91854329  -0.84080140   1.16192726
  O     0.12213185   4.01485113   1.89795543
  O    -0.71990258   2.08476022   1.17307077
  N     1.17807450  -0.03120843   1.48032980
  C    -0.41140951  -1.27817206  -1.67832902
  C     0.52676758  -0.51027415  -0.76065941
  C    -1.69277873  -0.47493000  -1.92695742
  C    -0.73724362  -2.65426449  -1.10393964
  C     0.31403684  -1.46001579  -3.01440091
  C     0.15583408  -0.50863388   0.71865538
  C     0.92685284   0.49261623   2.79251565
  C     1.02766590   2.00100424   2.80997378
  C     0.04604961   2.67517905   1.87369591
  H     1.52188803  -0.96892233  -0.82230305
  H    -2.52065216  -1.17113572  -2.10615293
  H    -1.59122580   0.11865874  -2.83938831
  H     0.17018221  -3.18933677  -0.82519902
  H    -1.25249205  -3.25999091  -1.84882322
  H    -1.36976867  -2.59146158  -0.22662904
  H    -0.34963339  -1.89803551  -3.76015104
  H     1.17160312  -2.12521986  -2.91411749
  H     0.67297358  -0.50934981  -3.40237917
  H     1.95317526   0.34758733   0.96213304
  H    -0.20737258   1.22958763  -1.00230531
  H    -0.06930028   0.17497574   3.08652209
  H     1.64892695   0.08480494   3.51358082
  H    -1.94812584  -0.01899963  -0.05513429
  H     2.03335596   2.31604554   2.51410782
  H     0.85607874   2.38281736   3.82277922
  H     0.79698495   4.31035052   2.51698645
$end
$temperature
298.15
$end
$mult
 1
$end
$sigma
 1
$end
$pressure
1.00000
$end
$scale
1.0
$end
$msrrho
$end
$freq
28.26
59.10
63.97
79.59
100.03
114.53
187.60
214.27
226.55
249.07
269.44
276.67
283.95
302.82
341.73
352.30
367.87
372.16
393.73
476.97
480.42
496.84
537.98
568.26
594.73
626.48
639.30
690.82
731.55
761.82
852.02
869.99
894.00
963.48
970.14
992.82
997.96
1024.36
1034.32
1075.02
1094.38
1146.44
1155.04
1158.41
1171.29
1180.37
1197.96
1234.62
1253.01
1275.22
1289.28
1311.66
1329.42
1351.21
1377.11
1404.86
1413.05
1436.38
1442.03
1448.51
1450.07
1457.05
1465.32
1474.63
1480.93
1483.31
1487.54
1489.10
1493.78
1499.20
1614.00
1885.09
1950.60
3077.00
3077.61
3082.17
3082.70
3090.82
3134.88
3154.10
3175.89
3186.73
3190.95
3215.95
3264.30
3273.62
3827.47
3850.81
3876.63
3967.67
$end
