
$molecule
   O     0.58047159   0.80170649  -2.04040564
  O     0.26485214  -3.03700271  -0.64281283
  O    -0.80844269  -0.16946020   1.00131069
  O     2.27455152   2.71996295   4.41738073
  O     0.26316124   1.93595931   5.00023181
  N     0.80662849   1.34384631   0.52158524
  C    -0.84789293  -1.14730956  -1.71955997
  C     0.25757811  -0.25707497  -1.17356048
  C    -0.96978254  -2.38873220  -0.83481101
  C    -0.46184486  -1.57258017  -3.13341266
  C    -2.18362850  -0.41509807  -1.75535282
  C    -0.00396059   0.29079469   0.23015597
  C     0.72323648   2.04367914   1.77855379
  C     1.19037652   1.17754030   2.93031860
  C     1.17883611   1.95976513   4.22927912
  H     1.17031958  -0.85319168  -1.07994100
  H    -1.69912280  -3.07134233  -1.28557251
  H    -1.33941994  -2.11368643   0.14770596
  H    -0.41953473  -0.72680700  -3.81280498
  H    -1.18735515  -2.27925491  -3.53543320
  H     0.51548719  -2.04819940  -3.15940488
  H    -2.96575049  -1.05977937  -2.15292665
  H    -2.14425218   0.46193657  -2.39980382
  H    -2.49099074  -0.09455250  -0.76509669
  H     1.38879990   1.68291957  -0.22527214
  H    -0.21869459   1.30299546  -2.22347953
  H     1.33573678   2.94658520   1.69147610
  H    -0.30687533   2.35244801   1.97216213
  H     0.49448920  -3.51049147  -1.44759843
  H     2.19277790   0.79550241   2.73106790
  H     0.51033495   0.33752103   3.03758099
  H     2.89991036   2.59140041   3.69844023
$end
$temperature
298.15
$end
$mult
 1
$end
$sigma
 1
$end
$pressure
1.00000
$end
$scale
1.0
$end
$msrrho
$end
$freq
12.94
25.72
36.65
51.92
73.57
80.66
127.98
168.60
183.81
212.17
223.60
251.56
256.85
274.34
306.75
318.72
338.68
339.13
375.39
420.46
455.62
467.18
470.06
485.55
534.73
551.48
612.55
658.42
666.75
786.21
801.44
846.86
879.02
940.84
958.50
976.78
989.17
996.44
1051.61
1072.38
1093.81
1109.63
1122.01
1129.03
1144.71
1174.33
1209.45
1224.84
1234.98
1278.47
1305.60
1318.59
1340.03
1344.02
1363.01
1379.09
1391.80
1410.39
1432.11
1449.09
1450.96
1457.85
1459.75
1466.92
1475.42
1480.68
1482.05
1484.07
1489.24
1495.58
1593.25
1887.77
1922.63
3096.22
3098.02
3100.98
3102.02
3147.24
3182.90
3196.56
3198.76
3209.36
3235.60
3252.64
3261.57
3291.61
3834.71
3959.10
3985.00
3993.38
$end
