
$molecule
   O    -0.04376152  -0.91655754  -0.67948469
  O    -0.70916188   1.29294895   2.94653057
  O    -0.25342729   2.16660638   0.49540718
  O     1.49531747  -1.13634991  -3.56333394
  O     0.40579122   0.66644940  -2.82501487
  N     1.68585755   1.30281922  -0.20422080
  C    -1.39987696  -0.38058369   1.24886122
  C    -0.05595956  -0.24123485   0.54296710
  C    -1.29904485   0.04765102   2.71632233
  C    -1.75607585  -1.87077701   1.24027506
  C    -2.50245553   0.38463687   0.53550906
  C     0.42515775   1.18226041   0.28638906
  C     2.57443359   0.29346128  -0.70309382
  C     2.70967801   0.37438103  -2.21638562
  C     1.41860071   0.01446374  -2.89264744
  H     0.70523972  -0.71728649   1.17134382
  H    -0.71451552  -0.69583556   3.27214764
  H    -2.31247951   0.01724066   3.13942956
  H    -1.94866232  -2.22880185   0.23427822
  H    -2.65133409  -2.05180577   1.83454175
  H    -0.95612506  -2.47934601   1.65839174
  H    -3.47016555   0.14388708   0.97244778
  H    -2.55198917   0.11519532  -0.51664688
  H    -2.37032662   1.45686393   0.59299829
  H     1.93467157   2.26376265  -0.38171902
  H    -0.46453351  -0.37324070  -1.35394488
  H     3.56967945   0.44465086  -0.26182682
  H     2.21809291  -0.68675424  -0.40918773
  H    -0.77417476   1.83289495   2.14638662
  H     3.49423028  -0.29751303  -2.57000754
  H     2.96756387   1.39598467  -2.50377390
  H     0.62975548  -1.32007179  -3.95293904
$end
$temperature
298.15
$end
$mult
 1
$end
$sigma
 1
$end
$pressure
1.00000
$end
$scale
1.0
$end
$msrrho
$end
$freq
22.77
31.95
39.23
54.18
103.93
130.23
157.03
194.45
213.10
234.53
249.93
267.12
289.64
314.92
329.24
341.54
374.08
377.34
394.70
419.73
450.91
486.50
547.24
559.10
585.75
600.68
623.34
635.89
646.19
786.74
824.19
856.30
872.08
941.37
966.19
984.87
999.37
1026.93
1053.56
1076.90
1088.94
1121.95
1138.24
1151.72
1153.40
1218.31
1221.79
1247.20
1261.23
1268.95
1272.07
1322.89
1346.38
1349.33
1381.83
1403.68
1415.80
1432.75
1435.83
1445.76
1454.52
1460.50
1469.53
1478.85
1482.48
1486.55
1488.13
1494.00
1495.09
1505.16
1590.99
1852.89
1893.83
3048.96
3076.54
3092.25
3113.82
3119.66
3133.73
3157.57
3199.00
3200.99
3213.18
3241.46
3296.70
3304.90
3798.05
3881.12
3899.98
3979.65
$end
