
$molecule
   O     1.47350539  -0.99753457  -0.86717829
  O     1.16806289   3.07694557  -1.89661901
  O     1.33853098  -1.00517469   1.78215732
  O    -0.26117154  -3.07556399  -0.24795096
  O    -1.53378605  -2.16335707  -1.84574625
  N    -0.91214697  -0.87838760   1.69482385
  C     0.83974364   1.27851409  -0.26623739
  C     0.49206241  -0.21082566  -0.25646774
  C     0.81000872   1.72665415  -1.72958697
  C     2.22236698   1.51255113   0.31563317
  C    -0.19358597   2.07552566   0.51908357
  C     0.33486137  -0.73762246   1.15807426
  C    -2.16772951  -0.97245375   0.99030978
  C    -2.40336128  -2.34649107   0.37347902
  C    -1.38726907  -2.54643822  -0.71592125
  H    -0.42477551  -0.34790049  -0.82131018
  H    -0.20149203   1.61855656  -2.13023553
  H     1.46013804   1.07790200  -2.32222492
  H     2.31269924   1.09287695   1.31099732
  H     2.43229635   2.57647881   0.39080833
  H     2.99932772   1.06698636  -0.30005718
  H    -0.02362153   3.13931886   0.38241115
  H    -0.14659269   1.86328115   1.58440234
  H    -1.20573349   1.86235967   0.18131119
  H    -0.87143735  -1.33622229   2.59412494
  H     2.15244306  -1.13430947  -0.19351765
  H    -2.96325030  -0.75505193   1.71323233
  H    -2.21566555  -0.21187936   0.21220063
  H     2.12169038   3.15682416  -1.80262007
  H    -3.40630791  -2.39439095  -0.05794500
  H    -2.29218783  -3.12526896   1.12737660
  H     0.45237740  -2.88590256  -0.87680740
$end
$temperature
298.15
$end
$mult
 1
$end
$sigma
 1
$end
$pressure
1.00000
$end
$scale
1.0
$end
$msrrho
$end
$freq
48.05
60.54
76.01
101.64
116.31
126.98
137.52
162.49
185.45
231.30
236.98
257.01
281.89
292.69
304.30
331.51
352.43
363.16
402.89
412.64
458.13
483.08
524.02
536.55
575.29
594.73
623.07
633.83
690.45
804.88
835.76
873.44
881.79
919.88
961.85
978.23
1006.32
1022.01
1040.12
1057.63
1080.72
1102.85
1112.03
1128.09
1147.31
1154.58
1241.23
1249.56
1254.00
1268.92
1282.02
1347.72
1358.30
1363.23
1379.29
1384.41
1414.71
1424.33
1436.01
1439.81
1454.51
1463.09
1470.11
1480.47
1482.10
1482.70
1487.13
1490.06
1496.78
1502.43
1575.31
1855.20
1908.71
3093.17
3109.08
3111.05
3122.70
3123.21
3201.08
3210.29
3223.00
3230.25
3233.56
3241.94
3270.49
3314.34
3764.89
3863.09
3922.36
3958.74
$end
