
$molecule
   O    -0.39440351   1.75615517  -1.19419900
  O     3.15766674  -1.57249036  -1.06431164
  O     1.50260533   1.27536601   1.68517234
  O    -1.71224797  -1.17746402   3.13430104
  O    -2.40145497  -2.11998949   1.22242218
  N    -0.71593468   1.02350282   1.44644271
  C     1.24795391  -0.04917338  -1.12286402
  C     0.74994580   1.28674444  -0.55068851
  C     2.64076090  -0.36120046  -0.56498647
  C     1.36439764   0.07930767  -2.63720222
  C     0.28639758  -1.17264072  -0.78263410
  C     0.54149469   1.20597278   0.95056741
  C    -1.99537256   0.96599406   0.79242513
  C    -2.95568773   0.17828112   1.66487891
  C    -2.35870373  -1.17066285   1.95626807
  H     1.55895287   2.01944484  -0.66282083
  H     2.61848442  -0.37342238   0.52446752
  H     3.33850158   0.42614431  -0.86011279
  H     0.39207252   0.15539570  -3.11901138
  H     1.86270649  -0.79274171  -3.04842910
  H     1.95161383   0.95117769  -2.92453130
  H     0.57334228  -2.09459154  -1.28059162
  H    -0.72189284  -0.94076149  -1.10403166
  H     0.25443272  -1.37441359   0.28305677
  H    -0.72148305   1.01475254   2.45442175
  H    -0.15693162   2.03692323  -2.08212021
  H    -2.40766093   1.96542196   0.61322626
  H    -1.89810869   0.47365423  -0.16728951
  H     2.76302130  -2.30135096  -0.57709623
  H    -3.90786226   0.04263264   1.14535846
  H    -3.13606226   0.69568057   2.60728505
  H    -1.32054381  -2.05164885   3.26262698
$end
$temperature
298.15
$end
$mult
 1
$end
$sigma
 1
$end
$pressure
1.00000
$end
$scale
1.0
$end
$msrrho
$end
$freq
25.41
32.37
45.32
54.27
81.33
110.71
160.04
178.88
187.96
205.47
225.77
236.36
239.48
284.51
305.22
313.02
337.87
348.95
365.12
395.42
434.72
440.71
461.93
514.95
575.12
582.86
620.95
628.90
683.84
773.35
817.17
859.20
862.49
897.87
959.24
970.29
1003.29
1006.76
1059.04
1065.85
1077.50
1091.87
1116.91
1141.61
1149.14
1184.78
1215.03
1225.95
1248.25
1273.32
1285.48
1338.57
1344.24
1356.56
1371.30
1379.52
1406.46
1421.39
1434.76
1436.34
1452.24
1464.46
1479.69
1481.07
1484.47
1489.17
1490.38
1493.06
1495.60
1501.48
1574.52
1844.09
1910.12
3096.80
3112.48
3120.83
3131.21
3138.89
3145.07
3206.74
3208.23
3240.01
3244.36
3248.47
3277.82
3317.22
3813.30
3907.99
3960.65
3992.02
$end
