
$molecule
   O    -2.53280943  -1.12284905  -0.80621872
  O     0.73836024   1.89584201   0.01868835
  O    -0.27249372  -2.29502322  -0.84196347
  O     1.19343347  -1.62901594   3.00521985
  O     3.28480726  -2.11879276   3.62750962
  N     0.82395766  -0.75857093   0.43133470
  C    -1.43131585   1.00269917  -0.83530651
  C    -1.52305863  -0.38915158  -0.19589151
  C    -0.67059737   2.01644638   0.02570921
  C    -2.86436816   1.53265810  -0.94506280
  C    -0.82276228   0.89724683  -2.22254303
  C    -0.25113859  -1.23759685  -0.25858915
  C     2.10699980  -1.42122593   0.31909151
  C     2.97838948  -1.07638225   1.50648245
  C     2.51251090  -1.67328006   2.82418116
  H    -1.75239839  -0.26488369   0.87422792
  H    -0.98000275   1.93699454   1.07087719
  H    -0.93767057   3.02116175  -0.31313651
  H    -3.48487959   0.86650194  -1.53164428
  H    -2.88160765   2.51310606  -1.42048141
  H    -3.32453496   1.63467619   0.03672495
  H    -0.80379115   1.86497461  -2.72242430
  H    -1.40437775   0.21877156  -2.83838911
  H     0.19578092   0.51802192  -2.20287194
  H     0.84856915   0.25595344   0.50871459
  H    -2.14027503  -1.96547714  -1.07910870
  H     1.92765127  -2.49332878   0.25488124
  H     2.62151645  -1.12531588  -0.60241806
  H     1.06233569   2.09881116  -0.86479648
  H     3.00560756   0.01003936   1.63213650
  H     4.00178660  -1.42014402   1.34702616
  H     0.77637540  -1.29286693   2.19804060
$end
$temperature
298.15
$end
$mult
 1
$end
$sigma
 1
$end
$pressure
1.00000
$end
$scale
1.0
$end
$msrrho
$end
$freq
22.31
37.58
50.06
68.48
76.63
117.54
167.47
192.04
229.12
235.74
265.35
282.05
283.13
303.20
332.44
366.31
368.68
390.93
393.04
414.08
488.51
505.25
512.73
520.47
616.81
633.41
690.99
710.78
755.56
823.33
865.08
878.57
898.11
943.78
955.89
975.45
1001.68
1025.41
1030.95
1066.98
1076.71
1113.85
1140.69
1155.83
1169.36
1191.34
1233.77
1249.39
1264.67
1282.46
1285.50
1307.13
1320.84
1371.51
1381.76
1395.36
1405.97
1425.28
1438.94
1442.71
1444.78
1459.13
1466.48
1475.07
1476.82
1478.69
1484.57
1487.37
1489.75
1496.17
1612.81
1874.84
1915.01
3088.30
3096.09
3097.56
3104.59
3106.40
3109.47
3193.04
3196.05
3199.28
3216.76
3229.42
3247.22
3270.25
3639.98
3852.76
3860.44
3965.19
$end
