
$molecule
   O     1.37053301  -0.36573104  -0.58637681
  O     1.84925661  -2.66941255   2.87363817
  O    -1.32299936  -1.95904071   0.30275667
  O    -2.34711956   3.30197009  -4.19745849
  O    -0.27488673   3.17742262  -3.35640828
  N    -1.39788994  -0.32293809  -1.24200380
  C     0.86716834  -0.79471623   1.76267279
  C     0.39268573  -0.26524659   0.41046373
  C     1.27180450  -2.24882025   1.65675205
  C    -0.23446841  -0.63355821   2.80164477
  C     2.07847590   0.02505504   2.19982355
  C    -0.84298218  -0.95052025  -0.15785256
  C    -0.81750214   0.71992849  -2.05363171
  C    -1.91924574   1.54658611  -2.67924657
  C    -1.39400387   2.74378991  -3.42789615
  H     0.11552144   0.78809186   0.55729965
  H     1.98731684  -2.37519666   0.83848247
  H     0.40434985  -2.85966350   1.41324996
  H    -0.52706292   0.41099702   2.90917219
  H     0.11328134  -0.98208378   3.76916609
  H    -1.11715612  -1.20482086   2.53804825
  H     2.37762125  -0.25393562   3.20388900
  H     1.86332830   1.09348909   2.20163162
  H     2.94436641  -0.13880392   1.56264361
  H    -2.15346183  -0.85331085  -1.64780280
  H     2.17009758   0.07449751  -0.28657246
  H    -0.19467806   1.35857796  -1.43818518
  H    -0.17724641   0.30869196  -2.83912580
  H     1.99283204  -3.62005147   2.82698725
  H    -2.59849680   1.92263842  -1.90979058
  H    -2.52134620   0.95441372  -3.37124234
  H    -1.95809286   4.07170080  -4.63472829
$end
$temperature
298.15
$end
$mult
 1
$end
$sigma
 1
$end
$pressure
1.00000
$end
$scale
1.0
$end
$msrrho
$end
$freq
18.41
26.53
48.75
58.29
76.75
103.31
111.39
156.53
180.24
199.35
228.77
233.16
258.31
262.23
284.74
293.50
307.10
329.98
347.34
386.84
423.20
433.42
500.27
528.01
552.67
592.88
628.59
669.13
692.09
709.84
785.54
829.13
848.88
923.41
954.83
991.73
1011.31
1023.24
1041.37
1089.91
1103.64
1116.44
1139.74
1152.86
1158.42
1195.37
1197.46
1215.37
1231.59
1236.56
1293.31
1303.11
1319.79
1335.13
1370.44
1372.45
1394.14
1417.74
1444.29
1447.00
1452.79
1473.46
1474.68
1479.03
1483.41
1487.19
1490.14
1502.19
1505.72
1513.96
1563.31
1868.86
1900.19
3099.59
3106.44
3109.86
3117.17
3128.58
3142.49
3188.64
3207.78
3224.32
3252.47
3255.22
3273.84
3295.12
3789.14
3896.46
3939.14
4001.32
$end
