
$molecule
   O    -0.39829618  -2.13431120   1.96364659
  O     1.17734723   1.59339110   0.67872714
  O    -1.77719880  -1.89539528  -0.25227269
  O    -0.14130748  -0.37659380  -4.07673124
  O     1.90698068   0.03854678  -4.87140001
  N    -0.12791293  -0.79334562  -1.32859368
  C    -0.58241585   0.26485010   1.76024623
  C    -0.08672341  -1.04821160   1.14681849
  C    -0.20892687   1.45558902   0.88259203
  C     0.07435389   0.40737594   3.12812818
  C    -2.09630093   0.23976829   1.93251712
  C    -0.72240422  -1.29631707  -0.21189631
  C     1.26449636  -0.46772310  -1.51142773
  C     1.42139016   0.59492347  -2.57948900
  C     1.12653828   0.07320763  -3.95999274
  H     0.99815145  -1.00211308   1.04527038
  H    -0.61668639   2.36573488   1.33579323
  H    -0.66212481   1.36184908  -0.10311719
  H    -0.22658858  -0.40016289   3.78705851
  H    -0.20615537   1.34756757   3.60295597
  H     1.16007145   0.37895249   3.06566945
  H    -2.44170061   1.14265003   2.43517551
  H    -2.40359954  -0.60836799   2.53474745
  H    -2.61524353   0.17339299   0.98069684
  H    -0.62327568  -1.03750452  -2.17407212
  H    -1.21281374  -2.51292416   1.60668776
  H     1.67815236  -0.08683780  -0.58537594
  H     1.83801495  -1.35912114  -1.79625792
  H     1.58183678   1.87374517   1.50519458
  H     2.44495854   0.97622635  -2.58844107
  H     0.74368887   1.42279807  -2.37066077
  H    -0.26630608  -0.69163970  -4.98219705
$end
$temperature
298.15
$end
$mult
 1
$end
$sigma
 1
$end
$pressure
1.00000
$end
$scale
1.0
$end
$msrrho
$end
$freq
12.76
30.73
38.03
79.52
111.56
121.24
155.50
162.96
203.99
219.66
230.13
266.02
280.19
291.81
317.46
324.56
337.68
362.23
370.50
436.93
458.33
485.11
519.78
549.10
595.24
606.60
613.23
684.47
690.04
795.44
804.45
863.42
882.26
918.43
952.55
975.69
993.31
1003.76
1057.09
1068.25
1074.38
1111.71
1116.36
1147.74
1159.69
1175.18
1212.81
1226.02
1261.18
1262.49
1284.75
1333.21
1343.18
1362.71
1374.54
1383.23
1415.22
1422.38
1428.94
1442.02
1454.44
1457.93
1465.71
1472.70
1476.62
1480.99
1483.34
1486.87
1492.51
1495.27
1579.49
1845.48
1905.54
3092.87
3096.10
3104.11
3107.83
3133.40
3204.11
3216.47
3221.08
3230.97
3234.59
3247.55
3256.69
3320.46
3787.76
3902.57
3907.24
3964.54
$end
