
$molecule
   O    -1.58052290  -1.32380079  -0.45073776
  O    -2.08945413   1.19441942   2.75536121
  O     0.90101168  -0.40900582   1.86952696
  O     1.94777614  -0.08154462  -2.59833942
  O     3.11087253   0.64953893  -0.83349169
  N     0.88846734  -1.69099558  -0.00758535
  C    -1.35923019   0.92909362   0.43968259
  C    -1.14020623  -0.56888306   0.64709285
  C    -1.18071762   1.64474078   1.77905918
  C    -2.77858006   1.16107237  -0.06737145
  C    -0.37289081   1.47144251  -0.58371514
  C     0.32404705  -0.87751685   0.92071080
  C     2.26838769  -2.08287755   0.05599972
  C     2.97406530  -1.71369142  -1.23431847
  C     2.71940677  -0.25835496  -1.51438796
  H    -1.67890031  -0.87206085   1.55032860
  H    -1.29058022   2.72382704   1.61941965
  H    -0.18198152   1.46683824   2.16637424
  H    -2.91133012   0.79132683  -1.08037688
  H    -3.01024505   2.22496911  -0.08547008
  H    -3.52393091   0.67706448   0.56060797
  H    -0.60267608   2.50487236  -0.84054110
  H    -0.41922600   0.88499813  -1.49597006
  H     0.64755755   1.45031564  -0.21404106
  H     0.28187330  -2.05593109  -0.72119975
  H    -2.53758904  -1.39747814  -0.42212364
  H     2.71881966  -1.55317598   0.89194443
  H     2.36630852  -3.16156616   0.23466092
  H    -2.94890023   1.58808981   2.58072847
  H     2.59741548  -2.30485744  -2.06876124
  H     4.05159076  -1.87966892  -1.14403854
  H     1.80936165   0.86879997  -2.70902800
$end
$temperature
298.15
$end
$mult
 1
$end
$sigma
 1
$end
$pressure
1.00000
$end
$scale
1.0
$end
$msrrho
$end
$freq
20.09
36.27
44.46
55.91
65.58
110.56
126.08
155.33
203.67
221.05
231.77
248.58
268.11
288.67
297.32
325.46
339.31
350.03
378.65
425.65
439.94
455.67
484.99
543.00
572.85
574.46
627.48
634.86
665.77
778.54
814.56
857.47
884.40
932.97
954.41
977.65
1002.52
1011.19
1050.48
1063.55
1076.01
1108.74
1121.25
1149.74
1156.78
1177.59
1199.82
1218.18
1248.34
1268.33
1272.89
1304.25
1337.14
1337.97
1353.03
1382.33
1407.97
1418.01
1432.46
1438.43
1448.73
1454.41
1463.82
1470.03
1471.80
1484.60
1489.29
1493.94
1496.72
1501.34
1616.17
1884.60
1914.40
3086.95
3094.36
3095.84
3110.55
3113.11
3185.29
3205.89
3206.28
3224.96
3226.25
3254.46
3263.95
3284.30
3861.58
3904.35
3960.27
4001.96
$end
