
$molecule
   O    -0.83996228   1.26738222   1.06385136
  O     1.92122391   0.01060730  -0.77823225
  O    -2.41970447  -1.14245267   0.28126425
  O    -0.31453896   2.08051634  -1.51312587
  O    -0.44040376   2.02265829  -3.73201733
  N    -0.63456487  -0.76564455  -1.08376893
  C     0.94078377  -0.30562062   1.47238305
  C    -0.55011703  -0.10075188   1.25625106
  C     1.80591085   0.52405897   0.52500123
  C     1.28145811  -1.78844888   1.37314605
  C     1.24064604   0.19099799   2.89367466
  C    -1.27685713  -0.78530709   0.10453357
  C    -1.39288455  -0.73585932  -2.30640306
  C    -1.96356824   0.65185104  -2.52734839
  C    -0.84189379   1.66076315  -2.65889191
  H    -1.06880036  -0.45915467   2.14938912
  H     2.80373833   0.61245647   0.96284671
  H     1.40590752   1.52996162   0.43348849
  H     0.70618082  -2.36649759   2.09420288
  H     2.33611746  -1.95736211   1.58568181
  H     1.06679749  -2.19443912   0.38944592
  H     2.29221726   0.05695527   3.14445190
  H     0.65969462  -0.35513842   3.63481525
  H     1.00544510   1.24797691   2.99714412
  H     0.30751864  -0.39420690  -1.09526399
  H    -1.74723042   1.42904753   1.34628600
  H    -0.73393248  -1.00974400  -3.13528127
  H    -2.20318631  -1.46441400  -2.24770414
  H     2.50769280  -0.75203923  -0.77054628
  H    -2.61643912   0.91081671  -1.69494194
  H    -2.54296933   0.68984310  -3.45116711
  H    -0.69427962   1.69118815  -0.71316494
$end
$temperature
298.15
$end
$mult
 1
$end
$sigma
 1
$end
$pressure
1.00000
$end
$scale
1.0
$end
$msrrho
$end
$freq
32.80
56.26
63.52
97.54
119.94
150.32
166.13
180.27
212.04
237.21
252.56
280.76
286.07
296.08
311.25
344.83
363.17
364.66
386.22
424.22
457.72
468.04
509.01
541.61
586.23
631.12
711.27
775.61
809.62
841.83
850.97
868.11
890.39
934.70
957.31
979.89
995.21
1027.96
1035.18
1046.21
1075.41
1115.67
1125.50
1132.39
1163.57
1194.61
1206.34
1217.26
1230.60
1257.89
1278.63
1342.52
1345.13
1373.76
1379.67
1397.08
1398.96
1428.32
1436.70
1439.23
1442.24
1454.64
1464.13
1469.34
1476.32
1481.42
1482.96
1485.03
1490.28
1499.29
1631.07
1865.79
1906.32
3088.03
3098.07
3115.70
3135.16
3140.31
3188.19
3201.69
3205.99
3211.42
3219.40
3226.24
3244.50
3274.15
3706.86
3877.97
3951.48
3971.97
$end
