
$molecule
   O    -1.48167578   1.68682243   0.15868662
  O    -1.76041451   1.89515698  -2.60406923
  O    -0.39278320   0.07018911   1.84184220
  O     2.02675418   0.89972084   3.69288846
  O     2.06254243   1.89711858   1.68821091
  N     1.17844672  -0.69740683   0.39743658
  C    -1.36579492  -0.17249509  -1.36815365
  C    -0.61673564   0.75605917  -0.40907402
  C    -2.34507482   0.70474150  -2.15236720
  C    -2.14734105  -1.22953829  -0.59844041
  C    -0.40344941  -0.83361544  -2.34891440
  C     0.06576511   0.00945691   0.72279664
  C     2.00785221  -1.26107307   1.43176995
  C     3.04866318  -0.26627205   1.91546633
  C     2.34854714   0.97160535   2.39992715
  H     0.16046575   1.29240169  -0.96454839
  H    -3.21755976   0.92013892  -1.53216664
  H    -2.70407752   0.15670530  -3.02838588
  H    -1.48756694  -1.95500063  -0.12863951
  H    -2.81168437  -1.78012942  -1.26404003
  H    -2.75668786  -0.77964334   0.18104601
  H    -0.95095931  -1.45443805  -3.05609608
  H     0.31100386  -1.48340010  -1.85004175
  H     0.14699789  -0.09074209  -2.92330481
  H     1.59595050  -0.49686744  -0.49576222
  H    -1.52092342   1.48743137   1.10458336
  H     1.36059054  -1.55147420   2.25637803
  H     2.50600499  -2.15725038   1.04282386
  H    -1.69087660   2.47676720  -1.83843884
  H     3.70922317   0.01420347   1.09385824
  H     3.64400795  -0.69599848   2.72382245
  H     1.48078951   1.66682608   3.91090626
$end
$temperature
298.15
$end
$mult
 1
$end
$sigma
 1
$end
$pressure
1.00000
$end
$scale
1.0
$end
$msrrho
$end
$freq
24.99
40.91
59.42
73.46
96.07
116.79
127.52
146.24
210.16
216.52
233.13
266.04
273.91
295.03
334.85
363.55
385.25
401.62
438.89
453.66
464.22
487.41
515.94
539.41
560.47
571.38
595.59
605.38
733.57
797.15
833.41
870.76
889.16
954.12
965.65
976.66
998.73
1018.67
1034.62
1065.98
1082.45
1106.42
1118.44
1149.17
1166.88
1198.57
1208.04
1226.06
1262.42
1279.58
1283.84
1310.78
1340.72
1353.39
1358.91
1391.10
1408.39
1419.31
1437.60
1438.04
1450.76
1454.23
1458.11
1467.93
1479.71
1485.12
1487.46
1490.86
1492.39
1500.35
1621.24
1870.24
1907.81
3094.71
3097.39
3099.02
3110.63
3124.28
3166.05
3203.46
3206.97
3207.68
3208.90
3230.27
3233.50
3248.80
3827.05
3890.03
3910.25
3943.98
$end
