
$molecule
   O    -0.67902640  -2.13421547  -1.55533379
  O     2.78691496   0.21831689  -1.55068657
  O    -0.43522420  -1.66172080   0.97948284
  O     1.00423754   0.57655697   2.20408113
  O     1.18646478  -1.04270709   3.72764724
  N    -1.55605764   0.31762160   0.84562015
  C     0.35288620   0.04675392  -1.70279837
  C    -0.81705990  -0.80160386  -1.18532450
  C     1.65242266  -0.49436602  -1.12114472
  C     0.19181006   1.51732827  -1.33116697
  C     0.38145997  -0.08653837  -3.21913060
  C    -0.92101593  -0.75676475   0.33609941
  C    -1.68968811   0.68376666   2.23958191
  C    -1.00081694  -0.23361758   3.20735128
  C     0.49599382  -0.30326682   3.08302425
  H    -1.74828038  -0.40841792  -1.61365045
  H     1.79434304  -1.52765439  -1.43267067
  H     1.59788083  -0.49309380  -0.03257525
  H    -0.78924216   1.89549019  -1.61522454
  H     0.92054071   2.12379278  -1.86291217
  H     0.32864240   1.69385153  -0.26791813
  H     1.25769661   0.40723975  -3.63077725
  H    -0.50010586   0.36415502  -3.67443738
  H     0.41238398  -1.12873854  -3.52056332
  H    -1.89959410   0.98499573   0.17516796
  H    -0.40248853  -2.60871968  -0.75831479
  H    -1.30435911   1.70185634   2.35863993
  H    -2.75969305   0.71676035   2.49253869
  H     2.76528132   1.09521640  -1.15796152
  H    -1.37379646  -1.25075148   3.12635035
  H    -1.21805021   0.11056182   4.22578580
  H     1.96554012   0.47791234   2.23122003
$end
$temperature
298.15
$end
$mult
 1
$end
$sigma
 1
$end
$pressure
1.00000
$end
$scale
1.0
$end
$msrrho
$end
$freq
27.39
43.09
63.35
72.36
102.66
121.60
134.50
191.35
211.33
229.06
238.72
244.95
276.49
280.06
315.75
332.87
356.85
366.82
396.38
438.88
443.22
496.90
522.06
534.48
543.89
578.53
604.96
637.46
704.45
758.25
835.09
851.58
872.93
954.21
958.82
972.32
1003.00
1008.48
1046.94
1056.41
1075.65
1109.36
1134.68
1147.15
1171.67
1196.31
1219.68
1235.12
1270.20
1276.30
1288.18
1320.88
1336.13
1357.45
1362.51
1383.11
1412.81
1415.77
1432.81
1444.43
1447.85
1460.47
1470.55
1478.27
1479.90
1482.03
1485.68
1494.13
1498.27
1499.88
1653.46
1877.16
1909.74
3057.38
3099.53
3101.27
3102.58
3127.34
3155.46
3173.47
3208.74
3216.12
3241.99
3248.99
3251.48
3261.94
3824.18
3878.58
3912.52
3968.50
$end
