
$molecule
   O    -2.38010967  -0.56800244  -1.17930805
  O    -2.11180796   1.19538354   0.78562214
  O     0.80538946  -0.94528195  -1.84032901
  O     4.83611567   1.84789377  -0.82520456
  O     3.45661109   3.26777693  -1.86484389
  N     0.09437925   0.94806901  -0.80316901
  C    -1.34471020  -1.14681100   0.91596711
  C    -1.21461348  -1.09923993  -0.60450630
  C    -2.26723533  -0.04074520   1.43127717
  C     0.02222243  -1.05170834   1.58677668
  C    -1.98399308  -2.49061826   1.28558153
  C     0.00953135  -0.35620687  -1.14075714
  C     1.15456372   1.78926104  -1.30063508
  C     2.49430398   1.37598913  -0.74820439
  C     3.62044479   2.27286716  -1.21760936
  H    -1.05834603  -2.11888829  -0.96972178
  H    -2.07963106   0.11650451   2.49657971
  H    -3.30589951  -0.36399287   1.33578576
  H     0.72922269  -1.75146012   1.14470212
  H    -0.05745779  -1.29373537   2.64531666
  H     0.44358659  -0.05501616   1.51267157
  H    -2.21281139  -2.53435739   2.35065552
  H    -1.31548953  -3.32102182   1.06101746
  H    -2.91249890  -2.65077280   0.73989787
  H    -0.58144292   1.29326613  -0.13571405
  H    -2.37271666  -0.74459704  -2.12555537
  H     1.19102155   1.73294261  -2.38915419
  H     0.92876796   2.82043476  -1.02427149
  H    -2.53655640   1.09595845  -0.07682394
  H     2.70688616   0.35230566  -1.05514664
  H     2.48216544   1.40117014   0.34455437
  H     4.76010774   1.02263298  -0.33545140
$end
$temperature
298.15
$end
$mult
 1
$end
$sigma
 1
$end
$pressure
1.00000
$end
$scale
1.0
$end
$msrrho
$end
$freq
21.91
36.02
50.64
70.51
93.53
111.60
142.06
160.73
208.78
221.37
259.46
264.61
266.72
289.10
299.69
331.00
357.59
378.92
388.30
450.34
452.65
485.67
495.06
507.37
559.11
604.09
632.86
692.61
749.32
778.00
842.84
844.22
887.02
938.60
965.23
981.60
994.28
1015.19
1021.02
1085.02
1122.45
1138.78
1149.54
1154.57
1171.84
1183.69
1199.34
1216.69
1250.69
1271.70
1293.50
1341.61
1345.52
1357.37
1388.27
1394.12
1400.47
1405.57
1436.88
1442.55
1449.70
1453.43
1462.82
1467.10
1480.81
1481.60
1483.11
1488.85
1490.97
1494.20
1620.44
1859.47
1920.45
3076.44
3103.41
3116.82
3118.00
3147.50
3179.95
3191.84
3204.71
3207.18
3210.20
3212.93
3235.95
3256.96
3738.26
3924.72
3962.02
3962.41
$end
