
$molecule
   O    -0.16026511  -0.44578336  -2.55590550
  O    -0.91393688   1.82029237   1.09176182
  O    -1.91131183  -0.57368629   0.46025241
  O     1.96520067  -2.96671453   3.54646411
  O    -0.18491833  -2.84034507   4.14785920
  N     0.04755756  -1.52476155  -0.16434568
  C    -0.21659824   1.55835086  -1.25602961
  C    -0.87612866   0.21654117  -1.55075895
  C    -0.99745612   2.34888239  -0.19592708
  C    -0.22704315   2.36365939  -2.55719672
  C     1.21249839   1.35849826  -0.78998601
  C    -0.98294339  -0.66750187  -0.31453191
  C     0.17011144  -2.37647581   0.99321902
  C     0.50080143  -1.57978576   2.23895935
  C     0.70587695  -2.50891459   3.42032555
  H    -1.91176901   0.39017221  -1.86591004
  H    -2.04217533   2.44351532  -0.51434884
  H    -0.58082907   3.35976034  -0.16105637
  H     0.31040991   1.84508143  -3.34468643
  H     0.24472742   3.33507755  -2.41400645
  H    -1.24308104   2.54300589  -2.90771800
  H     1.71696920   2.31657684  -0.68506608
  H     1.78003139   0.76458451  -1.50085124
  H     1.25259760   0.87336932   0.17793928
  H     0.77293245  -1.48071540  -0.85951083
  H    -0.70713058  -1.13949038  -2.93713991
  H    -0.76917961  -2.90768107   1.15541326
  H     0.94954014  -3.11384532   0.77810772
  H    -1.49900447   1.05016230   1.13384915
  H    -0.33244249  -0.92369183   2.47275201
  H     1.38850114  -0.96832682   2.07354799
  H     2.53845762  -2.56981049   2.88452478
$end
$temperature
298.15
$end
$mult
 1
$end
$sigma
 1
$end
$pressure
1.00000
$end
$scale
1.0
$end
$msrrho
$end
$freq
13.06
29.15
37.87
49.08
74.96
96.66
160.84
186.63
216.36
223.36
240.54
267.25
275.56
295.89
302.20
310.29
329.43
353.66
400.32
439.70
458.97
465.49
480.11
537.97
563.62
604.65
647.54
658.23
756.04
777.24
795.47
836.11
886.40
946.21
958.74
967.80
990.00
1003.61
1050.40
1082.03
1091.60
1128.54
1136.88
1150.92
1182.02
1198.18
1202.59
1211.19
1242.24
1273.91
1304.88
1323.14
1340.52
1347.55
1378.75
1391.61
1395.14
1413.54
1433.85
1444.00
1447.74
1457.09
1462.46
1467.24
1478.69
1479.27
1480.61
1483.30
1486.09
1491.84
1622.96
1863.61
1923.28
3081.21
3089.70
3109.61
3123.20
3154.36
3155.06
3175.59
3195.82
3211.75
3230.82
3241.74
3263.88
3276.46
3843.19
3872.27
3963.75
3985.84
$end
