
$molecule
   O     2.14681150  -0.35038729  -0.58239765
  O     2.17484411  -3.00741739   1.13315234
  O     0.28050235   1.23908090   1.95469632
  O    -3.11997238   1.72786366  -1.93499345
  O    -0.96866308   1.67857376  -2.53727951
  N     0.66326676   1.75026708  -0.22625089
  C     0.39589252  -1.52060280   0.52822660
  C     1.40808776  -0.38659767   0.60407296
  C     1.16529292  -2.78238506   0.18101639
  C    -0.63406363  -1.23786232  -0.55766364
  C    -0.29618032  -1.72253707   1.87070262
  C     0.72568670   0.95104458   0.86871295
  C    -0.09648904   2.96639092  -0.21756878
  C    -1.56829405   2.69521246  -0.43920495
  C    -1.81829100   1.99233112  -1.74375906
  H     2.06368405  -0.56708037   1.45961381
  H     1.59545297  -2.69640623  -0.81954747
  H     0.47135544  -3.63270205   0.15134896
  H    -1.28420657  -0.41841929  -0.27089333
  H    -1.27048506  -2.10540655  -0.72593475
  H    -0.16149911  -0.98261125  -1.50100590
  H    -1.02336242  -2.53008176   1.79884298
  H    -0.81650678  -0.82784160   2.19424610
  H     0.42057885  -1.98819500   2.64114620
  H     0.88283019   1.32985255  -1.11370390
  H     2.95502502   0.14990428  -0.43984364
  H     0.03668936   3.46301077   0.74546732
  H     0.28519566   3.61734040  -1.00863983
  H     2.70888535  -3.75503571   0.84744926
  H    -2.15915593   3.61659164  -0.43537711
  H    -1.95896843   2.06233685   0.35875010
  H    -3.20394368   1.27176845  -2.78338105
$end
$temperature
298.15
$end
$mult
 1
$end
$sigma
 1
$end
$pressure
1.00000
$end
$scale
1.0
$end
$msrrho
$end
$freq
26.36
32.83
49.97
59.24
77.96
114.09
125.55
187.18
204.91
218.69
221.92
233.51
260.71
265.23
270.75
281.75
327.46
344.55
362.54
408.86
432.44
472.46
525.80
545.36
556.07
601.16
654.41
655.63
691.13
730.50
791.56
857.41
882.34
919.99
968.25
987.90
1004.55
1026.48
1049.79
1054.37
1096.90
1117.87
1155.97
1163.69
1175.80
1181.93
1214.01
1221.34
1227.99
1239.29
1275.32
1306.25
1327.03
1340.43
1355.80
1371.10
1397.14
1419.92
1440.38
1442.95
1447.35
1454.38
1459.13
1468.33
1479.47
1481.57
1486.62
1495.92
1501.08
1505.55
1604.40
1873.78
1899.13
3076.72
3106.87
3113.00
3114.99
3122.64
3189.23
3196.13
3203.70
3217.31
3227.79
3231.02
3265.16
3271.03
3844.39
3899.26
3947.47
3984.32
$end
