
$molecule
   O     0.67741915  -0.90719161   0.00224892
  O     0.85268945  -1.26320508  -2.64994105
  O    -1.89609723   1.37188218   0.48259488
  O     1.46002624   0.52315178   2.04539545
  O     0.93671292   0.36736530   4.21188364
  N    -1.28249857  -0.32147804   1.82079221
  C    -0.05242494   0.76016955  -1.57040081
  C    -0.44674119  -0.24720360  -0.49247220
  C     1.04004587   0.12131735  -2.43207243
  C     0.52942113   2.03549221  -0.97472501
  C    -1.26496255   1.08351641  -2.43655517
  C    -1.26243712   0.35590448   0.63917555
  C    -0.75597456  -1.61174504   2.17664963
  C     0.62416978  -1.55445592   2.83940553
  C     1.02840588  -0.12400387   3.12029253
  H    -1.11229675  -0.99386391  -0.94340333
  H     2.01242789   0.21414805  -1.94706784
  H     1.11301607   0.65522526  -3.38335761
  H    -0.23331398   2.63297458  -0.49242319
  H     0.98391412   2.64439396  -1.75616319
  H     1.29910333   1.81656618  -0.24018507
  H    -1.00643789   1.81464682  -3.20126870
  H    -2.07003794   1.49468159  -1.83878782
  H    -1.64560269   0.19805954  -2.94727647
  H    -1.81400465   0.16874675   2.52457953
  H     1.04570444  -1.41163030  -0.73573955
  H    -1.47150937  -2.05084093   2.88171464
  H    -0.72663246  -2.25359047   1.30016982
  H     0.11498611  -1.39430043  -3.25297671
  H     1.37928399  -2.01869480   2.20587628
  H     0.61703234  -2.08341718   3.79330527
  H     1.32661320  -0.02262080   1.25073227
$end
$temperature
298.15
$end
$mult
 1
$end
$sigma
 1
$end
$pressure
1.00000
$end
$scale
1.0
$end
$msrrho
$end
$freq
23.01
40.77
84.25
90.17
106.34
141.21
176.44
193.34
223.15
234.46
252.09
266.76
282.62
295.78
316.69
359.69
376.92
400.03
415.87
435.02
480.28
526.69
547.76
587.46
604.04
622.61
659.32
670.87
735.35
839.52
843.31
878.03
884.91
928.83
956.96
976.53
987.09
1005.35
1026.93
1051.15
1077.77
1102.17
1109.13
1145.61
1176.13
1201.77
1243.88
1259.00
1283.74
1297.28
1304.58
1324.14
1346.78
1368.77
1371.75
1381.33
1408.32
1423.66
1441.36
1446.32
1447.91
1453.45
1462.01
1474.17
1479.01
1484.21
1488.77
1491.88
1493.07
1499.77
1584.18
1866.35
1917.76
3086.56
3095.12
3111.19
3118.80
3136.96
3142.19
3188.95
3213.36
3215.67
3226.52
3248.06
3268.79
3290.41
3764.89
3788.74
3932.40
3970.12
$end
