
$molecule
   O    -0.66458536  -1.90671234   0.09128955
  O     2.66412147  -1.57059115  -2.46921364
  O     0.74183369  -0.14958362   2.28573307
  O    -1.75918728   3.26495466   0.96956221
  O    -3.72277655   3.57536390  -0.05665485
  N    -1.27118288   0.63213576   1.62796770
  C     1.48276381  -0.85502822  -0.44319151
  C     0.04561188  -0.69934919   0.04581621
  C     1.40372495  -1.32127856  -1.90148176
  C     2.24488054  -1.88833305   0.36546370
  C     2.19308852   0.49213661  -0.37143873
  C    -0.09089717  -0.05934931   1.42112057
  C    -2.50356258   0.42561368   0.87893118
  C    -2.69120771   1.43084800  -0.24291974
  C    -2.79742233   2.86854441   0.23047864
  H    -0.48954760  -0.06175509  -0.66006545
  H     0.85554069  -0.58170709  -2.49728972
  H     0.84186305  -2.25436914  -1.95987722
  H     2.26863221  -1.63227183   1.41841779
  H     3.26724649  -1.96100386   0.00884993
  H     1.81475438  -2.88197412   0.26273440
  H     3.19204657   0.42356856  -0.79370659
  H     2.30417465   0.82911941   0.65336546
  H     1.65530242   1.26298430  -0.92440905
  H    -1.38169263   0.86679254   2.60649168
  H    -0.16564185  -2.53190827   0.62579804
  H    -2.53333177  -0.58110882   0.46542612
  H    -3.32918697   0.51788858   1.59037109
  H     3.09147993  -0.73239583  -2.66714080
  H    -3.60418565   1.20421742  -0.79648029
  H    -1.85389002   1.37788970  -0.94055872
  H    -1.20876690   2.49666198   1.17661073
$end
$temperature
298.15
$end
$mult
 1
$end
$sigma
 1
$end
$pressure
1.00000
$end
$scale
1.0
$end
$msrrho
$end
$freq
25.14
42.07
55.12
61.24
94.93
103.40
120.43
159.31
226.43
230.86
238.68
248.26
272.41
286.90
300.68
321.64
341.04
360.73
371.04
381.26
420.37
467.64
498.76
508.21
574.15
620.96
650.92
692.33
770.19
785.67
828.92
843.68
877.47
913.74
953.57
961.14
1006.66
1018.69
1040.22
1051.46
1070.12
1102.13
1123.43
1129.28
1145.20
1184.50
1220.20
1233.54
1255.89
1274.16
1290.94
1344.58
1358.47
1367.34
1378.22
1397.34
1421.70
1427.53
1435.00
1441.53
1449.46
1454.01
1461.95
1465.91
1471.41
1479.12
1482.26
1484.66
1493.14
1496.31
1527.67
1884.57
1919.23
3085.89
3098.60
3116.50
3127.95
3135.96
3206.72
3207.97
3210.66
3227.49
3236.15
3244.28
3258.25
3282.70
3725.75
3880.27
3960.99
3981.15
$end
