
$molecule
   O     1.57207071  -1.57644291  -0.88611318
  O    -0.52132773   2.14452423  -0.77075591
  O    -1.64987316  -0.40074638  -0.39603615
  O    -3.40292442  -0.51988954   3.59747429
  O    -2.23683237  -2.01666625   4.78652276
  N     0.07870353  -0.45128481   1.08851529
  C     1.02557138   0.59466702  -1.86860833
  C     0.52657743  -0.72880355  -1.28433964
  C    -0.13545801   1.58550045  -1.99480394
  C     1.59438363   0.30955155  -3.26078511
  C     2.10988588   1.20822654  -0.99473331
  C    -0.47457412  -0.51186669  -0.15830949
  C    -0.77370853  -0.30871662   2.24239805
  C    -1.58039038  -1.56226541   2.51524168
  C    -2.41766392  -1.42077110   3.75634981
  H    -0.04275624  -1.26170520  -2.05213881
  H    -1.00937480   1.08624705  -2.41270416
  H     0.15821320   2.37354354  -2.69826176
  H     2.34069603  -0.48123694  -3.22547174
  H     2.06803764   1.19680323  -3.68138667
  H     0.81231850  -0.00585128  -3.95107697
  H     2.33866811   2.22001727  -1.32257203
  H     3.04853405   0.66049101  -1.05248856
  H     1.81380606   1.25399133   0.04809581
  H     0.94334428  -0.95415462   1.19730338
  H     2.32931821  -1.04462271  -0.63483763
  H    -0.13783584  -0.07077381   3.10151883
  H    -1.45201471   0.52462140   2.06646268
  H     0.13482027   2.79239067  -0.50076578
  H    -0.92165196  -2.42022697   2.65015880
  H    -2.24179178  -1.74166361   1.66917732
  H    -3.89677096  -0.47288688   4.42697047
$end
$temperature
298.15
$end
$mult
 1
$end
$sigma
 1
$end
$pressure
1.00000
$end
$scale
1.0
$end
$msrrho
$end
$freq
23.85
31.25
43.17
65.93
69.52
95.81
165.77
174.81
185.63
208.11
237.14
250.23
266.90
276.78
282.88
311.27
327.85
344.08
379.97
415.63
420.28
450.87
470.02
528.18
548.54
585.45
626.12
640.54
730.01
780.52
797.35
836.02
873.82
928.92
953.28
972.52
987.78
999.89
1048.18
1073.61
1109.95
1118.55
1128.49
1137.13
1174.02
1185.23
1209.94
1217.88
1234.42
1276.22
1303.57
1332.68
1343.02
1358.30
1375.06
1381.60
1396.29
1406.31
1421.25
1441.24
1450.90
1457.43
1459.85
1463.30
1476.44
1478.06
1481.96
1483.08
1497.44
1508.25
1590.29
1890.29
1894.30
3078.22
3093.68
3107.67
3110.08
3156.69
3177.34
3190.62
3207.94
3212.26
3223.40
3230.30
3249.92
3256.72
3829.74
3905.81
3978.80
4044.82
$end
