
$molecule
   O    -0.79211195  -1.25253575  -0.74274769
  O     0.05737519  -1.18516359  -3.29490361
  O     0.46240437   1.13259609   1.15160665
  O     1.01813231  -1.53700299   1.42435286
  O    -0.35098368  -2.92165370   2.50497181
  N    -1.51677978   0.08135734   1.46538957
  C     0.39643725   0.65666074  -1.70975562
  C    -0.67135388   0.14689500  -0.75565744
  C     0.00502520   0.19946586  -3.11898694
  C     1.76984691   0.11312614  -1.36851685
  C     0.41374037   2.18648323  -1.68380326
  C    -0.50949200   0.56573898   0.70054082
  C    -1.40508741  -0.00787178   2.90240459
  C    -0.12387585  -0.69696214   3.34871473
  C     0.17049864  -1.84926116   2.41801853
  H    -1.64701991   0.52592120  -1.08571996
  H     0.68683277   0.64856597  -3.84676590
  H    -0.99711624   0.58390061  -3.35416633
  H     2.11989134   0.48691309  -0.41356939
  H     2.49025874   0.41990340  -2.12294884
  H     1.78381906  -0.97072740  -1.34418491
  H     1.12276698   2.56929838  -2.41607430
  H     0.70603572   2.56114236  -0.70936372
  H    -0.56415242   2.60207477  -1.92947642
  H    -2.12761864  -0.56952702   0.99609304
  H    -0.07719958  -1.63985145  -0.21922193
  H    -1.44673230   0.99151207   3.34714725
  H    -2.27360858  -0.57518965   3.24850153
  H    -0.41665168  -1.58004847  -2.55207789
  H    -0.24734774  -1.09278888   4.35890696
  H     0.70545400   0.00557097   3.34886254
  H     1.25861278  -0.59854222   1.45243014
$end
$temperature
298.15
$end
$mult
 1
$end
$sigma
 1
$end
$pressure
1.00000
$end
$scale
1.0
$end
$msrrho
$end
$freq
50.62
62.57
75.25
118.77
146.61
151.70
166.82
186.66
220.33
234.27
260.31
264.04
275.27
287.91
324.89
340.48
389.23
390.29
437.93
475.55
483.84
505.31
565.91
577.97
594.16
620.72
688.83
699.54
766.31
793.74
848.98
866.76
902.49
942.55
961.98
977.30
1003.33
1013.46
1051.95
1059.41
1083.53
1124.85
1133.96
1147.28
1181.26
1196.65
1223.94
1230.68
1256.30
1274.22
1286.34
1305.18
1337.25
1353.64
1377.33
1404.32
1412.33
1425.27
1432.39
1441.02
1448.42
1456.50
1463.72
1471.06
1478.23
1485.38
1488.56
1489.40
1492.99
1495.74
1612.85
1870.39
1932.66
3059.66
3088.98
3097.95
3133.57
3135.59
3139.95
3164.80
3187.25
3192.56
3245.43
3245.89
3263.49
3285.37
3796.66
3853.12
3904.10
3928.01
$end
