
$molecule
   O    -0.25124998   1.84637146   1.15741139
  O     3.83230243   2.24613523   0.90698889
  O     0.15334928  -1.31755921  -0.40371231
  O    -3.39140411  -3.32208773  -1.99763875
  O    -5.08903339  -2.91682003  -0.59422046
  N    -1.58852074   0.11510985  -0.20471571
  C     1.88841965   0.91892036   0.44621673
  C     0.46586752   0.65590001   0.94897971
  C     2.51504658   1.98748508   1.33020215
  C     1.86020360   1.40995908  -0.99104653
  C     2.73595745  -0.34155395   0.55110115
  C    -0.31485124  -0.29671101   0.03822091
  C    -2.50711560  -0.71303998  -0.94561006
  C    -2.94186195  -1.92482472  -0.14688321
  C    -3.93631063  -2.76302692  -0.90301856
  H     0.51174968   0.15821563   1.92610461
  H     2.50591191   1.65404928   2.37475715
  H     1.92933828   2.91041185   1.30119290
  H     1.46597567   0.65214797  -1.66167669
  H     2.86071490   1.66327476  -1.32436123
  H     1.25252157   2.30560696  -1.10979894
  H     3.75582557  -0.12521418   0.24879362
  H     2.34757004  -1.13643460  -0.07308602
  H     2.76794819  -0.70845576   1.57549498
  H    -1.93206250   0.87057448   0.36394926
  H    -0.16658431   2.38829476   0.36779527
  H    -3.37237272  -0.09739642  -1.21084005
  H    -2.02198123  -1.04641401  -1.86239755
  H     4.21027754   2.92451320   1.47603298
  H    -3.40346820  -1.62042164   0.79233809
  H    -2.06436320  -2.53580011   0.06120696
  H    -4.07780005  -3.84120969  -2.43778068
$end
$temperature
298.15
$end
$mult
 1
$end
$sigma
 1
$end
$pressure
1.00000
$end
$scale
1.0
$end
$msrrho
$end
$freq
16.79
28.15
35.33
48.70
79.07
82.81
110.73
147.74
182.02
229.05
237.22
243.44
257.81
271.21
295.65
320.05
345.02
354.14
370.47
398.91
435.08
461.48
478.82
569.64
584.52
588.66
615.22
640.40
678.45
781.14
798.24
829.40
881.68
935.95
955.87
994.94
1004.58
1013.83
1041.61
1091.58
1104.98
1111.32
1132.57
1140.33
1174.52
1201.52
1210.71
1218.95
1231.73
1252.02
1272.79
1305.64
1325.30
1344.21
1367.88
1383.77
1404.51
1408.01
1418.32
1442.91
1457.07
1458.18
1463.55
1471.66
1475.99
1476.71
1480.04
1491.78
1496.10
1509.16
1590.77
1876.97
1895.91
3084.20
3112.29
3113.88
3120.84
3131.56
3155.91
3177.15
3223.83
3225.91
3234.04
3245.84
3260.41
3293.68
3832.83
3904.22
3935.96
3992.78
$end
