
$molecule
   O     1.02766668   0.78980839  -0.87632718
  O     2.02962242  -0.03344874   1.37998819
  O    -2.17421628  -0.31159819  -0.26024871
  O    -0.36754678  -0.21622842  -2.98299087
  O    -1.72642761  -1.70796036  -3.91396525
  N    -0.19758364  -1.45152925  -0.21867090
  C     0.10727412   1.41748660   1.28103208
  C    -0.15482482   0.95588131  -0.14407400
  C     0.84039458   0.34175820   2.05230811
  C    -1.22381629   1.71010401   1.97996386
  C     0.95046510   2.68581474   1.24217875
  C    -0.97461018  -0.32511744  -0.20296113
  C    -0.61807898  -2.61246706  -0.95956815
  C    -0.11200238  -2.53906901  -2.38914758
  C    -0.81605498  -1.45094098  -3.17418148
  H    -0.76011627   1.70259782  -0.66428446
  H     0.20773105  -0.53882443   2.18389192
  H     1.08441194   0.70813955   3.05406930
  H    -1.76949429   2.48930042   1.45296465
  H    -1.05247053   2.05250831   3.00016438
  H    -1.86379916   0.83313666   2.02054336
  H     1.09979634   3.07920784   2.24654546
  H     0.46224718   3.46006369   0.65428231
  H     1.92954953   2.51099680   0.80983941
  H     0.79072012  -1.27807283  -0.20184899
  H     1.72007656   0.51605013  -0.26057378
  H    -0.22193428  -3.51602462  -0.47845985
  H    -1.70523382  -2.66122391  -0.93978237
  H     2.51910732  -0.66566330   1.91616922
  H    -0.31071190  -3.47756982  -2.90948172
  H     0.96560933  -2.36314068  -2.39198342
  H     0.31424989  -0.10397542  -2.30539117
$end
$temperature
298.15
$end
$mult
 1
$end
$sigma
 1
$end
$pressure
1.00000
$end
$scale
1.0
$end
$msrrho
$end
$freq
35.00
59.95
67.10
86.65
111.44
147.50
172.42
179.12
204.75
214.92
241.46
266.19
280.50
295.93
318.27
349.20
358.08
380.69
415.04
421.36
460.01
498.40
538.19
600.16
625.75
638.56
694.32
727.72
769.64
799.53
837.93
873.69
886.49
931.82
976.34
984.34
1001.21
1012.10
1046.68
1061.10
1093.27
1101.13
1126.17
1153.63
1182.26
1186.80
1193.99
1227.48
1238.91
1244.44
1273.33
1311.80
1325.46
1346.76
1358.24
1393.23
1404.20
1419.51
1440.31
1441.97
1451.07
1457.66
1467.04
1471.04
1474.57
1477.48
1482.68
1487.36
1491.85
1509.75
1596.88
1900.56
1912.80
3083.22
3095.54
3105.23
3113.64
3118.26
3199.66
3200.32
3207.19
3208.91
3213.33
3236.32
3238.52
3255.14
3864.72
3894.69
3937.60
3961.74
$end
