
$molecule
   O    -0.19623794  -1.57510360  -1.69365081
  O    -0.95148170   2.44790147  -0.96813228
  O    -0.91539496   0.57122921   0.96233108
  O    -2.19789085   0.30842535   3.80207253
  O    -2.38578261  -1.48521938   2.47753296
  N     0.25873899  -1.37962522   0.82904749
  C     0.58783357   0.72296988  -1.75328571
  C    -0.41538096  -0.28488478  -1.19351199
  C     0.39137464   2.09401962  -1.09344040
  C     0.32412861   0.86667527  -3.24866765
  C     2.01045959   0.23599097  -1.51576087
  C    -0.39520967  -0.32218485   0.32427538
  C     0.37737438  -1.77172606   2.21782122
  C    -0.20619103  -0.79355137   3.19512499
  C    -1.70176349  -0.71178563   3.09324925
  H    -1.42505237   0.04686789  -1.44900223
  H     0.89509259   2.84857347  -1.70503816
  H     0.88489417   2.10352044  -0.11761952
  H     0.42976961  -0.07769422  -3.77967022
  H     1.03073600   1.56007293  -3.70120288
  H    -0.67615519   1.25242979  -3.43463770
  H     2.73323120   0.94899230  -1.91197398
  H     2.18734582  -0.71950503  -2.00090987
  H     2.22116807   0.11346569  -0.45611331
  H     0.54219231  -2.05649183   0.13678871
  H    -0.54575439  -1.63606493  -2.58618074
  H    -0.11398291  -2.74119576   2.34502789
  H     1.44526633  -1.91470341   2.43859840
  H    -1.27271966   1.96259682  -0.19047020
  H     0.19987108   0.20448345   3.06505243
  H     0.03788125  -1.11710623   4.21400471
  H    -3.15836046   0.29862774   3.69834149
$end
$temperature
298.15
$end
$mult
 1
$end
$sigma
 1
$end
$pressure
1.00000
$end
$scale
1.0
$end
$msrrho
$end
$freq
16.85
39.20
58.87
70.54
89.23
108.23
133.26
177.92
196.68
218.23
236.46
238.61
250.35
268.82
285.66
311.14
338.54
364.01
409.52
437.24
478.53
519.97
537.07
546.21
628.99
635.51
658.49
678.02
714.77
739.05
823.95
854.39
887.28
950.06
972.77
980.27
991.53
1005.50
1053.18
1068.89
1088.54
1131.20
1139.58
1162.27
1168.07
1194.60
1196.28
1222.31
1249.61
1277.28
1284.96
1325.64
1336.67
1344.96
1352.06
1411.32
1414.73
1415.39
1434.31
1446.54
1453.68
1456.82
1465.79
1478.42
1478.99
1484.19
1488.79
1489.52
1493.19
1519.43
1663.25
1874.55
1908.82
3059.49
3091.43
3096.68
3099.67
3102.54
3166.13
3187.79
3200.62
3204.11
3208.97
3218.90
3237.74
3259.26
3799.52
3811.60
3914.81
4000.68
$end
