
$molecule
   O    -0.60440294  -0.92789300  -0.45091791
  O     2.78898338  -2.59471230   1.33088305
  O     0.17734959   1.96469803   0.92829011
  O    -2.81085770   1.12609198   0.28125444
  O    -3.54077401  -0.75712647  -0.66863973
  N    -0.57475800   1.87688517  -1.19508065
  C     1.44756009  -0.60673568   0.82027319
  C     0.51037851  -0.10280164  -0.27248880
  C     1.93043016  -1.99651066   0.39066428
  C     0.72737437  -0.70309017   2.15449538
  C     2.65709700   0.30937376   0.94482935
  C     0.02545417   1.33228981  -0.08794109
  C    -1.21194728   1.15821915  -2.26498701
  C    -2.71325419   1.02481290  -2.06519832
  C    -3.06912654   0.34232319  -0.77605953
  H     1.05291727  -0.11680909  -1.22464650
  H     2.49415763  -1.91822569  -0.54239309
  H     1.07408564  -2.64585357   0.19046269
  H     0.26651863   0.24025123   2.41848055
  H     1.42335430  -0.95739466   2.94875551
  H    -0.04466387  -1.47233298   2.15540900
  H     3.40447177  -0.14756597   1.58699561
  H     2.38797978   1.27258895   1.36297196
  H     3.12392948   0.48147358  -0.02431245
  H    -0.93746221   2.79909656  -1.00528579
  H    -0.99928440  -1.12114707   0.40138962
  H    -1.04210651   1.70247204  -3.20459068
  H    -0.76599719   0.17604502  -2.36052638
  H     2.26708178  -2.89221631   2.08146213
  H    -3.15216877   0.45431503  -2.88706386
  H    -3.17000838   2.01703634  -2.04591909
  H    -3.12231156   0.68244253   1.07943403
$end
$temperature
298.15
$end
$mult
 1
$end
$sigma
 1
$end
$pressure
1.00000
$end
$scale
1.0
$end
$msrrho
$end
$freq
32.25
44.71
74.71
96.49
106.33
115.51
129.94
167.81
212.27
227.86
239.11
263.90
279.70
288.35
298.88
334.53
350.59
359.43
375.72
383.10
424.01
464.18
487.03
499.61
578.31
592.56
624.49
665.54
693.32
788.09
805.76
840.75
862.91
926.40
960.75
961.57
1009.37
1014.11
1045.40
1057.56
1070.46
1105.14
1119.82
1134.57
1147.55
1153.21
1208.17
1226.67
1266.76
1269.24
1281.04
1342.79
1354.37
1367.21
1376.57
1385.78
1410.64
1423.97
1435.29
1436.64
1449.60
1458.14
1461.12
1478.58
1482.63
1483.69
1484.81
1491.28
1494.51
1500.35
1553.90
1876.72
1910.35
3076.34
3107.37
3108.72
3110.84
3114.26
3151.94
3195.60
3199.03
3214.82
3223.67
3272.73
3289.36
3315.96
3784.02
3941.21
3962.17
4051.98
$end
