
$molecule
   O    -0.58835845   2.36773405   0.20010207
  O     0.84627286  -1.31068892   0.20996771
  O    -1.76074191  -0.92422679   0.51840590
  O     0.73723740  -2.82756508  -2.01282320
  O     0.06196152  -2.77586647  -4.14154087
  N    -1.41147088   0.45508750  -1.25074268
  C     0.43872055   0.66388422   1.62930958
  C    -0.83185761   1.21742263   0.95908223
  C     1.31685243  -0.04762890   0.60915653
  C     0.06561604  -0.27545073   2.77097344
  C     1.24393373   1.82903734   2.21090683
  C    -1.42553314   0.15046196   0.05726983
  C    -1.44734206  -0.58491124  -2.25716414
  C    -0.06950930  -0.75720465  -2.88684083
  C     0.25728405  -2.22319306  -3.09169783
  H    -1.57469273   1.43062096   1.73815988
  H     2.31802591  -0.19041462   1.02605383
  H     1.43344470   0.59013564  -0.27187962
  H    -0.39597256   0.27652257   3.58848091
  H     0.95462561  -0.76511103   3.16305166
  H    -0.63473327  -1.04195736   2.46564816
  H     2.06192445   1.45469489   2.82347592
  H     0.62586599   2.45828982   2.85050356
  H     1.68389728   2.45761356   1.43912350
  H    -1.05664662   1.36719888  -1.48792967
  H    -0.32510623   3.08637600   0.78097871
  H    -1.77242740  -1.49174898  -1.75651169
  H    -2.18849603  -0.34333084  -3.02516258
  H    -0.07534375  -1.43575451   0.48368108
  H     0.68081273  -0.31774200  -2.23626857
  H    -0.01563532  -0.26356441  -3.85670867
  H     0.84739201  -2.22872042  -1.24906099
$end
$temperature
298.15
$end
$mult
 1
$end
$sigma
 1
$end
$pressure
1.00000
$end
$scale
1.0
$end
$msrrho
$end
$freq
41.77
67.67
83.16
88.58
106.33
127.95
185.13
200.98
229.47
235.45
245.79
265.87
281.12
306.78
315.03
343.53
360.98
392.60
403.75
421.06
463.23
499.69
540.89
572.96
614.17
653.74
666.49
720.13
774.72
823.37
833.81
890.15
907.22
954.50
975.61
987.72
1000.99
1026.11
1063.73
1086.51
1090.68
1133.00
1140.09
1144.39
1166.57
1201.41
1220.76
1250.01
1263.28
1274.19
1286.82
1296.61
1312.54
1342.74
1351.68
1391.16
1405.82
1414.68
1438.05
1448.63
1453.48
1459.73
1465.71
1466.59
1471.43
1483.83
1488.02
1490.57
1494.59
1501.46
1638.74
1852.68
1906.39
3085.92
3106.10
3108.47
3121.78
3138.71
3162.04
3190.98
3202.10
3209.89
3212.29
3258.97
3268.80
3292.46
3671.04
3827.95
3853.50
3999.36
$end
