
$molecule
   O    -1.13498952  -0.36696503   1.93740758
  O     1.35315405  -2.16115424  -1.20104845
  O    -0.68827400  -0.46509641  -1.52672455
  O    -0.26923592   4.90656227  -1.86710291
  O    -1.05406953   3.86128197  -3.68584547
  N    -0.16888427   1.11924290   0.00662548
  C     0.44962945  -1.94543278   1.08362551
  C    -0.76980169  -1.08127950   0.78792395
  C     0.80570318  -2.83913821  -0.11477011
  C     0.08837222  -2.85447416   2.26045907
  C     1.63836638  -1.07884115   1.45136391
  C    -0.54301356  -0.11888518  -0.37248814
  C     0.13324238   2.15197932  -0.95384477
  C    -1.12886183   2.72638386  -1.56193092
  C    -0.83202968   3.86216091  -2.50521677
  H    -1.59332249  -1.72856347   0.46419347
  H    -0.08387869  -3.40804252  -0.41209185
  H     1.55062719  -3.56616554   0.22204643
  H    -0.17402425  -2.27584185   3.14015839
  H     0.92792855  -3.49735052   2.52219885
  H    -0.75547687  -3.50116131   2.02149230
  H     2.47897771  -1.69590939   1.76140027
  H     1.39834671  -0.41190883   2.27495432
  H     1.97598329  -0.48266993   0.61143547
  H    -0.10763987   1.29072245   0.99563116
  H    -2.05933366  -0.10850056   1.87615015
  H     0.69934545   2.93316176  -0.44224772
  H     0.75658163   1.72944761  -1.74374982
  H     0.64420445  -1.65646630  -1.62689465
  H    -1.77311978   3.11373482  -0.77012433
  H    -1.65892000   1.95076882  -2.11077521
  H    -0.10558703   5.59840020  -2.52221064
$end
$temperature
298.15
$end
$mult
 1
$end
$sigma
 1
$end
$pressure
1.00000
$end
$scale
1.0
$end
$msrrho
$end
$freq
19.60
28.76
41.54
51.46
65.92
91.55
158.33
180.13
215.70
221.82
232.42
267.91
279.13
284.07
298.95
308.35
333.56
355.51
401.77
435.40
448.51
474.46
537.25
569.52
580.75
623.07
638.51
658.65
740.79
768.53
793.55
841.94
887.82
945.23
954.27
966.54
989.74
1003.68
1051.47
1082.76
1115.15
1131.60
1138.77
1152.59
1183.21
1201.43
1203.79
1223.94
1243.58
1272.21
1307.33
1319.99
1341.79
1346.42
1378.70
1396.17
1402.51
1412.51
1433.79
1444.87
1448.90
1457.18
1464.08
1468.86
1472.89
1478.38
1480.84
1483.23
1486.45
1491.03
1623.26
1859.14
1904.35
3074.33
3089.66
3120.04
3123.20
3148.47
3153.53
3170.78
3195.48
3219.63
3228.21
3243.05
3247.27
3269.83
3842.73
3857.32
3902.22
3968.84
$end
