
$molecule
   O     1.76962922  -0.95604665   1.45498522
  O     1.08292275  -3.98376538  -1.23761695
  O     1.60411166   1.40171930   0.37300361
  O    -2.40277301   1.59289788   1.96386289
  O    -3.08215178   3.70323394   2.23023176
  N    -0.61046761   1.20609112  -0.08199725
  C     0.76648504  -1.62446829  -0.64564348
  C     0.67258347  -0.76053286   0.62052151
  C     0.95606220  -3.06865548  -0.17567078
  C     1.96547697  -1.20992052  -1.47785786
  C    -0.50511403  -1.52491030  -1.48108395
  C     0.60323985   0.72489171   0.29266844
  C    -0.81590539   2.62512267  -0.21224794
  C    -0.98062052   3.30796057   1.13152298
  C    -2.25797263   2.92702997   1.82829011
  H    -0.23690557  -1.03375006   1.17200786
  H     0.12383324  -3.35624018   0.47708184
  H     1.86628466  -3.14379402   0.41643538
  H     1.84700033  -0.21037856  -1.88871842
  H     2.10830574  -1.89551913  -2.30799853
  H     2.87555839  -1.21652124  -0.88673650
  H    -0.44168148  -2.17814093  -2.34732801
  H    -0.66532049  -0.51991226  -1.85732387
  H    -1.38925203  -1.81527221  -0.91235040
  H    -1.41055497   0.64146006   0.14922620
  H     2.34387350  -0.18750824   1.33202959
  H     0.05060026   3.05247046  -0.71862070
  H    -1.69846867   2.79096821  -0.83816922
  H     0.21396634  -4.14969852  -1.61324041
  H    -0.98359580   4.39451238   1.02003245
  H    -0.14375377   3.02795579   1.77228235
  H    -3.22539587   1.43872077   2.44842209
$end
$temperature
298.15
$end
$mult
 1
$end
$sigma
 1
$end
$pressure
1.00000
$end
$scale
1.0
$end
$msrrho
$end
$freq
10.37
23.53
35.55
41.72
75.63
109.12
119.86
151.16
217.01
219.07
228.93
251.12
264.35
284.57
313.21
343.34
351.98
370.52
389.44
405.16
438.21
485.37
506.46
519.65
553.02
584.74
620.72
643.78
755.04
787.00
801.53
863.40
886.04
928.70
960.04
964.29
1003.27
1018.92
1040.14
1056.81
1077.46
1104.35
1127.59
1145.76
1162.15
1189.68
1202.17
1234.21
1251.83
1271.05
1287.94
1326.58
1341.79
1354.81
1364.73
1382.32
1403.87
1425.20
1431.29
1436.92
1451.77
1459.11
1461.81
1469.99
1473.16
1478.73
1481.03
1483.89
1492.28
1495.12
1614.06
1865.99
1902.27
3093.19
3094.93
3110.56
3123.66
3125.40
3132.75
3208.23
3210.59
3218.78
3235.06
3239.30
3249.81
3252.91
3835.96
3890.34
3900.85
3964.74
$end
