
$molecule
   O    -1.62273154   0.82168505   0.68579184
  O    -0.41414744  -2.59530674  -2.56171492
  O     0.45150605  -1.70030594   1.30691315
  O     2.17879244   1.69016323  -0.50034693
  O     3.81751610   0.86956861   0.77855609
  N     0.72495228   0.38493846   2.09657552
  C    -1.14725642  -0.93343303  -0.92994664
  C    -0.60357271   0.08130622   0.07357204
  C     0.01833381  -1.62796540  -1.63658150
  C    -1.95350592  -0.18489963  -1.99000807
  C    -2.04135248  -1.94777033  -0.24229427
  C     0.22982765  -0.51810450   1.19723277
  C     0.75546712   1.81804365   1.99513944
  C     2.18070755   2.30450302   1.78814056
  C     2.83405248   1.54881564   0.66564213
  H     0.06699236   0.75883287  -0.46732394
  H     0.68562327  -2.07594571  -0.90238726
  H     0.59597874  -0.88878357  -2.20042810
  H    -2.90584799   0.18104824  -1.60974316
  H    -2.17856652  -0.84672731  -2.81996088
  H    -1.40751631   0.66804547  -2.39246429
  H    -2.57064214  -2.55529068  -0.97291249
  H    -2.79023279  -1.45279914   0.36889620
  H    -1.47451106  -2.60704339   0.40394623
  H     1.31848809  -0.04187677   2.79136422
  H    -2.22116232   1.14196784   0.00605145
  H     0.12989250   2.12910904   1.17091482
  H     0.35122609   2.26797339   2.91047932
  H    -0.64695616  -3.39366414  -2.07798922
  H     2.78398266   2.14210651   2.68211029
  H     2.19009997   3.37323389   1.55216366
  H     2.66456264   1.18857516  -1.16938808
$end
$temperature
298.15
$end
$mult
 1
$end
$sigma
 1
$end
$pressure
1.00000
$end
$scale
1.0
$end
$msrrho
$end
$freq
21.93
29.85
43.66
81.65
92.71
106.01
132.01
167.61
184.18
224.02
239.03
251.37
269.97
294.73
300.15
309.40
340.98
353.61
396.24
402.16
427.21
442.65
474.95
534.78
581.26
592.33
613.77
629.34
696.12
762.80
777.74
847.63
859.78
923.09
963.21
979.71
1003.92
1011.30
1038.02
1069.46
1079.14
1096.05
1102.34
1133.69
1146.85
1170.40
1218.62
1226.62
1267.26
1268.27
1282.62
1322.11
1350.65
1369.58
1372.30
1386.36
1406.21
1411.42
1437.82
1439.69
1449.29
1462.82
1469.12
1480.81
1481.40
1482.00
1483.31
1489.71
1498.63
1499.96
1576.75
1869.29
1910.11
3092.43
3096.71
3105.14
3112.80
3125.89
3183.45
3197.88
3199.94
3232.86
3243.14
3254.44
3281.43
3348.57
3793.97
3902.04
3952.34
4008.42
$end
