
$molecule
   O     0.07578653   2.61871559  -0.61183365
  O     3.74575867   0.63871717  -0.34837222
  O    -0.60305719   0.31861651  -1.65506016
  O    -4.38368260  -3.39633282  -0.49643731
  O    -3.26303194  -3.35373883  -2.43095331
  N    -1.05938550  -0.59636526   0.36962648
  C     1.62164565   1.19904331   0.59680406
  C     0.16381775   1.52148009   0.23877596
  C     2.40027771   0.90189587  -0.66758902
  C     1.72889341   0.00990933   1.54330067
  C     2.20637087   2.43230348   1.27217631
  C    -0.53302384   0.35154458  -0.44682759
  C    -1.63830727  -1.81315253  -0.15303442
  C    -2.91507189  -1.53942857  -0.91835116
  C    -3.53751163  -2.84249464  -1.38400657
  H    -0.37515709   1.74924383   1.16755304
  H     2.33004742   1.74955267  -1.35367458
  H     1.96394545   0.04565716  -1.19065987
  H     1.11853528   0.15109080   2.43551640
  H     2.75768798  -0.11044052   1.86576617
  H     1.43112801  -0.92180127   1.07099292
  H     3.26311146   2.28998690   1.47744634
  H     1.70743521   2.63905978   2.21831492
  H     2.09951666   3.31199479   0.64517258
  H    -0.87940408  -0.51218910   1.35517519
  H    -0.10760865   2.26712782  -1.49395296
  H    -0.93248219  -2.31251317  -0.82076293
  H    -1.82440274  -2.47533384   0.69827391
  H     4.21986138   0.43456264  -1.16112582
  H    -2.67759221  -0.94806423  -1.79793535
  H    -3.61500165  -0.97972595  -0.29683880
  H    -4.48909897  -2.82892159   0.27252079
$end
$temperature
298.15
$end
$mult
 1
$end
$sigma
 1
$end
$pressure
1.00000
$end
$scale
1.0
$end
$msrrho
$end
$freq
14.65
29.48
44.90
47.65
63.61
101.39
108.63
157.33
187.66
201.07
224.08
242.60
272.64
278.52
288.00
311.38
352.80
359.80
387.48
423.58
440.58
466.36
471.88
483.34
494.30
523.26
635.77
664.55
744.92
788.16
800.26
841.48
875.01
957.21
968.85
991.17
1012.85
1015.53
1040.20
1089.19
1095.21
1108.87
1117.12
1140.00
1179.25
1202.67
1206.74
1233.48
1237.54
1273.62
1279.44
1303.54
1319.35
1341.38
1355.80
1364.40
1392.72
1412.67
1436.97
1451.35
1454.40
1465.21
1468.44
1474.41
1477.67
1482.91
1484.01
1489.74
1499.17
1513.90
1612.72
1866.97
1922.91
3099.31
3104.27
3107.31
3117.11
3129.50
3151.44
3200.12
3200.92
3217.42
3223.02
3252.01
3255.89
3262.41
3833.20
3891.28
3935.57
3985.39
$end
