
$molecule
   O     0.23277995  -0.72310865   2.08945385
  O     0.36906872   1.26562976  -1.09367561
  O     0.15106596  -2.25156061  -1.05083254
  O    -2.31047097   1.80207924  -1.81689686
  O    -2.36537110   1.91432679   0.42092637
  N    -1.29112205  -0.82046214  -0.02355182
  C     1.81882932   0.03648318   0.45794668
  C     0.89950462  -1.09200188   0.91376575
  C     1.02675498   1.30237706   0.14120551
  C     2.62601628  -0.39251764  -0.76046583
  C     2.77358937   0.34080922   1.61429845
  C    -0.10750960  -1.48458380  -0.16091652
  C    -2.41452460  -1.02771240  -0.89806013
  C    -3.42862756   0.07735010  -0.66657859
  C    -2.68041814   1.38076429  -0.60956768
  H     1.51006420  -1.98568025   1.08259541
  H     1.71711981   2.14780110   0.09650033
  H     0.32350746   1.50578109   0.95117729
  H     3.23510482  -1.26749972  -0.53950353
  H     3.29270779   0.41080670  -1.06658633
  H     1.99390826  -0.63653856  -1.60499016
  H     3.50460420   1.09390916   1.32235867
  H     3.32501319  -0.54918114   1.91204787
  H     2.24192806   0.71084670   2.48656347
  H    -1.42404723  -0.32753595   0.84504664
  H    -0.03874502  -1.51132435   2.56857946
  H    -2.05692419  -1.01281626  -1.92916247
  H    -2.88233222  -2.00645002  -0.73757772
  H    -0.30292048   0.58171985  -1.05277220
  H    -3.93730215  -0.06247963   0.28806910
  H    -4.16939590   0.09560492  -1.46901400
  H    -1.63185578   2.48516385  -1.71038285
$end
$temperature
298.15
$end
$mult
 1
$end
$sigma
 1
$end
$pressure
1.00000
$end
$scale
1.0
$end
$msrrho
$end
$freq
43.11
47.44
81.95
94.14
102.87
121.91
146.04
182.91
209.46
221.36
236.56
243.27
266.79
285.30
292.00
307.05
324.74
371.42
407.23
426.95
437.41
464.16
497.47
544.82
590.91
607.36
616.35
676.89
727.77
802.56
813.18
874.20
887.33
937.88
958.17
978.88
1000.55
1041.56
1057.42
1070.43
1083.97
1102.38
1132.88
1156.60
1169.67
1190.09
1206.87
1234.32
1242.25
1253.91
1269.14
1301.20
1329.29
1358.57
1373.03
1391.11
1398.90
1424.89
1428.93
1440.96
1442.88
1451.35
1463.71
1477.80
1479.32
1482.84
1486.56
1491.00
1494.67
1501.22
1595.03
1895.00
1906.88
3091.42
3093.23
3107.40
3123.98
3128.51
3162.19
3195.24
3201.53
3211.19
3214.63
3221.95
3231.61
3278.13
3829.20
3879.15
3972.02
4061.61
$end
