
$molecule
   O     2.18444932  -0.57108158   0.41556350
  O     0.21529817   2.51639398   2.63711157
  O    -0.86699276   0.51520841  -0.93438835
  O    -4.12174812  -3.31123789  -0.49633426
  O    -3.13823807  -3.59840112  -2.48764642
  N     0.25622335  -1.44418527  -1.09497942
  C     1.27526676   1.68911037   0.65357368
  C     1.45157686   0.44693286  -0.22025626
  C     0.27138419   1.42290488   1.75715210
  C     0.79527521   2.86057004  -0.19421961
  C     2.62267435   2.04514379   1.26946478
  C     0.14318014  -0.12974494  -0.77743075
  C    -0.82305160  -2.16835951  -1.72097644
  C    -1.96871467  -2.38593575  -0.76243998
  C    -3.10782217  -3.15772345  -1.36873716
  H     2.04161339   0.72735997  -1.10228447
  H     0.55151397   0.51878894   2.31563712
  H    -0.71150295   1.22661151   1.32607069
  H     1.52375598   3.10948055  -0.96506707
  H     0.66218031   3.73828356   0.43110826
  H    -0.14745364   2.64126269  -0.68061381
  H     2.54118628   2.96350895   1.84231831
  H     3.37797945   2.19194938   0.50007438
  H     2.98808383   1.27309690   1.93966018
  H     1.13755077  -1.88524900  -0.89563514
  H     1.81052926  -0.72631876   1.28650065
  H    -1.18673840  -1.61267945  -2.58603224
  H    -0.43187978  -3.12497531  -2.07401193
  H    -0.53052595   2.39686750   3.23384764
  H    -2.35734936  -1.42413078  -0.42956386
  H    -1.64062218  -2.93042700   0.12549595
  H    -4.81708194  -3.81302444  -0.94296164
$end
$temperature
298.15
$end
$mult
 1
$end
$sigma
 1
$end
$pressure
1.00000
$end
$scale
1.0
$end
$msrrho
$end
$freq
10.94
28.43
32.57
54.61
90.69
103.37
107.48
160.41
169.09
207.29
228.36
254.52
259.49
262.05
277.55
293.63
308.55
334.93
372.88
412.53
441.71
461.88
480.81
530.38
545.40
561.94
626.46
658.23
678.15
690.77
796.36
831.88
877.45
950.44
957.82
990.54
1006.83
1012.79
1042.28
1089.62
1105.43
1133.64
1140.48
1156.45
1170.43
1184.21
1197.63
1215.05
1236.43
1262.14
1272.68
1298.20
1327.66
1340.23
1360.21
1377.66
1400.35
1407.22
1429.01
1441.28
1451.00
1454.53
1462.66
1473.32
1477.09
1479.47
1485.68
1499.60
1501.67
1512.13
1596.42
1872.94
1898.18
3059.84
3111.77
3114.98
3122.27
3128.65
3146.43
3213.17
3215.13
3225.86
3228.94
3233.54
3250.97
3286.52
3841.28
3899.18
3938.28
4005.53
$end
