
$molecule
   O    -0.06178133  -0.79170967   0.94257734
  O     0.33696564   3.54514815  -0.18400086
  O    -0.90653349   1.49653535  -1.24565601
  O    -2.69548997  -3.91525193  -1.95857971
  O    -1.82839062  -2.31831562  -3.25262485
  N    -0.21171318  -0.54727663  -1.84175685
  C     0.59631512   1.53740650   1.22961627
  C     0.51611796   0.32036212   0.30923160
  C     1.23224927   2.73396742   0.49849006
  C     1.52986964   1.17146382   2.39301768
  C    -0.76720596   1.90425111   1.77804403
  C    -0.26924059   0.49818319  -0.98276055
  C     0.36436326  -1.84769411  -1.64978234
  C    -0.67830722  -2.85461701  -1.22621962
  C    -1.77657657  -2.98819418  -2.25821562
  H     1.54181355   0.07050030   0.00014713
  H     2.02385384   2.35728013  -0.16602617
  H     1.73512708   3.36659292   1.23654084
  H     1.15749814   0.34188251   2.99189756
  H     1.63544228   2.01240290   3.07494848
  H     2.52771461   0.90231611   2.04597892
  H    -0.69897612   2.79513772   2.39756687
  H    -1.17637638   1.10421801   2.39087928
  H    -1.47531437   2.10615401   0.98650373
  H    -0.79008288  -0.44619560  -2.66397624
  H     0.26575225  -0.83779127   1.84368445
  H     0.80502490  -2.15882128  -2.60153044
  H     1.15379576  -1.80580056  -0.90410317
  H    -0.23609673   2.96457838  -0.71323256
  H    -1.13093801  -2.54170821  -0.28542473
  H    -0.22670479  -3.84052779  -1.06922136
  H    -2.49217510  -4.33447680  -1.11601314
$end
$temperature
298.15
$end
$mult
 1
$end
$sigma
 1
$end
$pressure
1.00000
$end
$scale
1.0
$end
$msrrho
$end
$freq
37.08
45.98
56.86
68.06
84.55
129.57
158.96
183.57
203.62
231.97
242.71
256.17
278.35
303.17
307.35
330.90
344.25
382.41
396.63
431.52
477.85
494.88
538.50
557.02
615.75
620.43
648.20
685.76
702.14
743.74
795.50
853.54
881.93
930.81
964.70
969.75
995.96
1023.68
1061.97
1069.94
1087.13
1122.21
1141.37
1167.94
1169.65
1205.47
1212.87
1217.20
1246.75
1267.40
1294.96
1315.63
1325.87
1350.18
1377.42
1406.61
1409.54
1425.77
1441.42
1450.32
1461.26
1465.23
1471.58
1479.14
1481.78
1485.01
1486.78
1494.24
1497.05
1504.44
1603.41
1856.77
1920.48
3044.41
3081.06
3097.29
3107.78
3123.10
3133.61
3152.62
3193.31
3206.16
3214.31
3224.13
3266.10
3302.15
3775.21
3792.94
3959.63
4029.95
$end
