
$molecule
   O    -2.88300976  -0.11604543   0.19270473
  O     1.11941631   1.05226231  -0.14791867
  O    -1.36990090   0.63252268  -2.00105859
  O     3.31083336  -0.62500162  -0.97095306
  O     2.47349302  -0.97477260  -3.01513077
  N    -0.20122529  -1.22757998  -1.49614064
  C    -0.97966341   1.15645568   1.00345536
  C    -1.48878339  -0.07737889   0.26237282
  C     0.53338889   1.09273381   1.11747640
  C    -1.57716770   1.15288533   2.41364419
  C    -1.38560101   2.42784185   0.28589574
  C    -1.00085389  -0.15895974  -1.17466093
  C     0.57196219  -2.02936760  -0.58988386
  C     1.84990780  -2.48290532  -1.26902656
  C     2.56710767  -1.30572687  -1.86654555
  H    -1.13410602  -0.96484672   0.79321263
  H     0.82973749   0.21601692   1.70640069
  H     0.88809657   1.96518600   1.68038834
  H    -2.65278274   1.30516585   2.38583299
  H    -1.15497241   1.95764958   3.01389084
  H    -1.38146120   0.21803403   2.94092079
  H    -1.15533040   3.30071222   0.89619724
  H    -2.45046836   2.43225062   0.08080131
  H    -0.86810211   2.53282518  -0.65748743
  H     0.08096467  -1.21890125  -2.46373845
  H    -3.23466343  -0.40864561   1.03717611
  H     0.82871724  -1.46208586   0.30180493
  H     0.01846080  -2.91984470  -0.25556120
  H     1.96579270   0.59618751  -0.11247229
  H     1.61938320  -3.16775840  -2.08630438
  H     2.50510839  -2.98844041  -0.55500055
  H     3.75572174   0.08953146  -1.45029220
$end
$temperature
298.15
$end
$mult
 1
$end
$sigma
 1
$end
$pressure
1.00000
$end
$scale
1.0
$end
$msrrho
$end
$freq
16.84
52.54
72.63
90.16
108.48
135.29
153.93
189.37
197.40
203.18
213.32
222.86
241.59
279.32
306.91
321.41
328.18
347.59
366.39
384.77
407.69
441.87
491.78
527.29
570.34
590.38
616.32
646.46
686.31
804.99
816.76
848.55
876.28
910.77
975.40
990.92
1003.14
1018.03
1060.42
1071.24
1085.09
1106.45
1146.20
1158.63
1173.90
1195.50
1227.35
1232.53
1248.58
1255.19
1285.06
1292.45
1327.50
1346.66
1363.67
1401.94
1403.79
1425.32
1435.70
1444.01
1460.73
1469.09
1477.00
1478.69
1484.00
1491.17
1493.48
1494.48
1498.15
1508.02
1556.54
1890.81
1916.30
3058.07
3062.86
3077.36
3118.95
3119.88
3144.29
3187.06
3193.05
3205.07
3219.86
3241.17
3255.06
3307.25
3804.79
3876.51
3980.84
3987.61
$end
