
$molecule
   O     0.00915511  -1.34626440  -0.05149924
  O    -0.72406226   1.96986300  -0.04151210
  O     2.01164648   1.49798942   0.36159911
  O    -1.45982720   0.10106526  -1.95683110
  O    -1.73959784  -2.03826243  -2.51239465
  N     1.36876025   0.40370696  -1.49493007
  C    -0.33093133   0.29334805   1.68217859
  C     0.65046775  -0.41334503   0.74306314
  C    -1.33335598   1.09521000   0.86543849
  C     0.39291013   1.18860594   2.68235219
  C    -1.09663107  -0.76587938   2.48386158
  C     1.41515992   0.56820188  -0.12857128
  C     1.42070689  -0.84381587  -2.23004542
  C     0.27069844  -0.95961471  -3.20447902
  C    -1.07349278  -1.03791649  -2.51714575
  H     1.41755283  -0.90182988   1.36365999
  H    -1.99225263   1.64170485   1.54916699
  H    -1.95762645   0.43145899   0.27440022
  H     1.09842378   0.61511186   3.27986509
  H    -0.32500924   1.63924809   3.36677146
  H     0.95152733   1.98357825   2.20853594
  H    -1.72167209  -0.29072450   3.23740378
  H    -0.41648912  -1.43907096   3.00412149
  H    -1.76245908  -1.36729671   1.86804719
  H     1.88424486   1.15709836  -1.93167504
  H    -0.51358338  -1.94899271   0.47982555
  H     2.36194885  -0.87187417  -2.79525539
  H     1.42473373  -1.68362472  -1.55005627
  H    -0.16393717   2.58943964   0.43431026
  H     0.38039980  -1.86230024  -3.80888280
  H     0.26806269  -0.09610492  -3.87404186
  H    -0.71547120   0.69128656  -1.78728107
$end
$temperature
298.15
$end
$mult
 1
$end
$sigma
 1
$end
$pressure
1.00000
$end
$scale
1.0
$end
$msrrho
$end
$freq
55.62
81.81
96.70
104.04
107.82
157.20
163.93
192.49
209.67
219.61
243.97
253.95
264.21
293.82
319.63
341.29
361.32
388.76
400.50
427.59
443.68
483.89
505.11
558.83
600.57
610.94
639.76
665.04
702.19
790.40
800.17
856.13
881.54
914.68
980.91
984.49
995.08
1000.04
1033.85
1049.42
1074.01
1132.06
1137.07
1148.99
1154.38
1181.87
1197.33
1216.65
1247.70
1263.82
1279.42
1307.91
1347.96
1359.62
1380.09
1399.20
1413.26
1422.26
1442.00
1446.70
1453.78
1460.19
1468.08
1476.15
1479.91
1481.21
1485.40
1486.31
1491.16
1504.18
1545.86
1858.55
1910.18
3081.18
3088.00
3101.22
3105.65
3112.29
3114.93
3196.60
3204.39
3206.39
3209.37
3279.80
3304.60
3338.31
3735.94
3952.57
4001.73
4065.18
$end
