
$molecule
   O    -2.46908809  -0.76052389   0.48404785
  O    -0.32933367   1.05028348  -1.18144660
  O     0.86529602  -0.99883105   1.56101216
  O     4.18759219  -0.78331922  -2.28280705
  O     3.47418957  -2.90496089  -2.23750334
  N    -0.14085986  -1.62090165  -0.38377868
  C    -1.30053172   1.24031252   1.01690669
  C    -1.37285766  -0.26971899   1.19757325
  C    -1.39773923   1.59790808  -0.44993598
  C    -0.01902729   1.81640600   1.60481869
  C    -2.50753906   1.84451467   1.74187626
  C    -0.08443854  -0.98742275   0.81541150
  C     1.04683276  -2.21354871  -0.94595204
  C     2.06621788  -1.16894720  -1.32747731
  C     3.28869263  -1.74282206  -1.98599124
  H    -1.48627453  -0.47698259   2.26873840
  H    -1.39965066   2.68945609  -0.54851371
  H    -2.34871761   1.24603790  -0.85744187
  H     0.13006208   1.48416725   2.62860753
  H    -0.06795855   2.90434749   1.60861879
  H     0.85245060   1.52570259   1.03204009
  H    -2.55276043   2.92320595   1.59419285
  H    -2.44403785   1.66502965   2.81358748
  H    -3.44073913   1.41724444   1.38437249
  H    -0.85204935  -1.27660817  -1.00624309
  H    -2.59164565  -1.69153633   0.69250000
  H     1.48308431  -2.89090514  -0.21244391
  H     0.75615300  -2.80137986  -1.81975602
  H    -0.31428247   1.46028594  -2.05202232
  H     2.38878431  -0.62403382  -0.44194520
  H     1.63551620  -0.43713878  -2.01023545
  H     4.94465977  -1.21532095  -2.70081021
$end
$temperature
298.15
$end
$mult
 1
$end
$sigma
 1
$end
$pressure
1.00000
$end
$scale
1.0
$end
$msrrho
$end
$freq
14.23
29.59
43.88
61.28
81.09
96.73
152.63
170.44
190.70
218.38
232.24
236.67
245.68
267.75
275.53
306.33
320.03
329.20
360.30
416.65
436.72
460.17
490.48
543.30
548.55
585.57
611.38
664.77
675.58
742.06
781.10
846.06
889.02
944.84
957.63
976.16
999.93
1008.87
1048.73
1098.84
1124.29
1139.20
1154.39
1165.94
1171.09
1182.52
1197.91
1218.50
1239.64
1250.24
1292.77
1296.19
1333.05
1344.79
1354.22
1389.96
1398.66
1403.73
1441.42
1445.12
1448.31
1453.51
1460.64
1473.30
1479.26
1480.19
1488.96
1496.19
1502.81
1509.20
1604.17
1879.77
1895.90
3088.82
3095.31
3112.78
3131.24
3149.64
3169.45
3194.84
3200.47
3222.25
3224.76
3229.01
3247.12
3279.71
3846.73
3901.43
3950.58
3972.75
$end
