
$molecule
   O     0.84001303   1.34340405   0.08960809
  O    -2.55588994   1.15775035   1.29788196
  O    -0.60475351  -0.57778585   1.55865874
  O     3.11161128  -0.24426336  -0.01189770
  O     4.37216215  -2.00022737   0.50535977
  N     0.63605305  -1.76504643   0.08574414
  C    -1.41389477   1.10287664  -0.88363412
  C    -0.08103495   0.46780003  -0.51860104
  C    -2.02938377   1.91176255   0.25942376
  C    -2.38204536   0.01241388  -1.32497540
  C    -1.13358247   2.06043631  -2.04736109
  C    -0.10939989  -0.69722731   0.45837420
  C     1.28889328  -2.53598417   1.12521625
  C     2.38344781  -1.70405903   1.76709246
  C     3.40259512  -1.32241694   0.71294066
  H     0.39381140   0.12792187  -1.44237987
  H    -2.84534580   2.51178719  -0.15326405
  H    -1.28991663   2.63589978   0.62552756
  H    -1.96207726  -0.59156167  -2.12948685
  H    -3.30613782   0.45257571  -1.69193418
  H    -2.64327441  -0.64842338  -0.50464950
  H    -2.04640682   2.56035464  -2.36809591
  H    -0.73229969   1.53092665  -2.91031915
  H    -0.41454677   2.82713799  -1.76532675
  H     1.13052662  -1.68735504  -0.78879349
  H     0.44773857   1.66891173   0.90706244
  H     0.54727990  -2.82409589   1.87095842
  H     1.70764119  -3.43951884   0.67405129
  H    -1.88778138   0.51330684   1.58692553
  H     2.90450237  -2.28132782   2.53220082
  H     1.94653796  -0.82118080   2.22906696
  H     2.32495753   0.25520771   0.25462604
$end
$temperature
298.15
$end
$mult
 1
$end
$sigma
 1
$end
$pressure
1.00000
$end
$scale
1.0
$end
$msrrho
$end
$freq
23.17
43.27
54.57
88.05
112.45
137.42
169.42
178.89
218.29
220.79
247.31
261.11
281.35
306.95
337.22
349.35
365.92
387.11
422.43
457.13
494.33
513.21
547.65
578.27
604.73
641.70
756.66
781.50
792.60
836.63
850.64
880.84
894.85
945.39
957.21
971.26
997.64
1036.75
1043.94
1056.43
1091.17
1113.55
1121.33
1163.39
1170.00
1190.58
1215.86
1222.26
1230.06
1246.20
1270.44
1308.25
1343.33
1358.95
1391.10
1406.56
1416.99
1429.11
1433.32
1444.62
1453.52
1462.71
1467.85
1475.26
1477.91
1481.78
1483.94
1490.06
1493.93
1502.66
1614.44
1866.06
1906.62
3071.92
3085.37
3097.25
3124.19
3147.13
3167.25
3190.72
3200.36
3207.45
3213.30
3220.19
3238.74
3248.44
3785.15
3802.46
3832.36
3974.90
$end
