
$molecule
   O    -0.20393066  -1.35480459  -1.13423975
  O     2.08966225  -1.46833357  -2.68492062
  O    -0.74773496   2.09130022  -0.95528864
  O    -3.52798339   1.21787270   2.22256563
  O    -4.56902942  -0.72188392   2.62538342
  N    -1.37465640   0.53108621   0.53912425
  C     1.66569025   0.18251533  -0.91839006
  C     0.19666021  -0.03690158  -1.30381526
  C     2.46257554  -1.02935985  -1.39716543
  C     1.83746238   0.29809902   0.59028593
  C     2.18829974   1.44554371  -1.59659306
  C    -0.69680208   0.94313445  -0.57006901
  C    -1.60241147  -0.79483053   1.05043492
  C    -2.16594754  -0.70011388   2.45784029
  C    -3.54989918  -0.11100333   2.45805472
  H     0.08467109   0.24504186  -2.35505573
  H     2.30154319  -1.87849532  -0.73199840
  H     3.53268381  -0.79919778  -1.36218506
  H     1.40148270   1.21613772   0.97303559
  H     2.89333340   0.30438506   0.86027004
  H     1.37089139  -0.53632887   1.10549784
  H     3.21848168   1.64509406  -1.30223965
  H     1.58600848   2.30882506  -1.33453465
  H     2.16810897   1.35922309  -2.68215298
  H    -1.98723206   1.24844179   0.89744905
  H     0.24036406  -1.86372469  -1.82299612
  H    -2.29614339  -1.35886023   0.42086982
  H    -0.67062019  -1.35374284   1.08173274
  H     2.34539597  -0.80196846  -3.32956280
  H    -1.52204830  -0.07338318   3.07616566
  H    -2.23054665  -1.69680125   2.90149915
  H    -4.43832941   1.54303360   2.22099817
$end
$temperature
298.15
$end
$mult
 1
$end
$sigma
 1
$end
$pressure
1.00000
$end
$scale
1.0
$end
$msrrho
$end
$freq
22.00
42.76
50.34
61.20
102.30
127.53
142.45
190.43
193.25
229.28
240.92
249.75
261.53
286.75
309.46
329.22
349.80
374.57
394.50
427.64
457.28
505.81
536.02
574.28
583.60
599.10
611.31
652.85
678.08
765.32
815.16
861.36
878.31
898.82
960.43
982.89
998.71
1013.56
1035.98
1064.98
1078.06
1109.25
1120.70
1144.75
1171.81
1202.44
1216.53
1221.39
1254.14
1280.70
1290.00
1326.81
1339.69
1355.64
1378.26
1387.84
1411.61
1423.61
1429.56
1443.11
1452.33
1456.66
1474.90
1477.51
1484.02
1485.41
1490.38
1491.43
1493.13
1502.82
1574.92
1841.43
1909.42
3090.85
3102.27
3104.62
3118.60
3140.70
3184.50
3193.62
3208.21
3208.34
3216.57
3250.37
3256.00
3258.76
3802.30
3909.45
3946.76
3968.33
$end
