
$molecule
   O     0.42294015   1.73672317  -0.70927576
  O    -2.02963641   2.38871546   0.18478358
  O    -1.01231547   0.72118731   1.95127311
  O     2.46215417  -2.61518451   1.90979308
  O     0.90314399  -2.43114305   0.32123977
  N     1.18342654   0.30953513   1.75281676
  C    -1.49200481   0.24624596  -0.88472344
  C    -0.12103432   0.52424288  -0.28844839
  C    -2.35584269   1.51005604  -0.85597004
  C    -2.17956095  -0.90560109  -0.15855904
  C    -1.26709683  -0.15809593  -2.34351779
  C    -0.05731960   0.52006214   1.23008292
  C     2.44756076   0.34581470   1.06034378
  C     2.72606296  -0.91414017   0.23852353
  C     1.93940962  -2.07312735   0.80511827
  H     0.54286909  -0.27096902  -0.61072646
  H    -3.41209245   1.22196685  -0.81370938
  H    -2.23021254   2.07673523  -1.78243094
  H    -1.50883706  -1.75563349  -0.05797277
  H    -3.05064171  -1.23588360  -0.72329322
  H    -2.51650400  -0.62333624   0.83197575
  H    -2.21660754  -0.25216740  -2.87082216
  H    -0.76039894  -1.11992967  -2.40907289
  H    -0.66424870   0.57739908  -2.87264209
  H     1.19402378   0.35525606   2.75982268
  H    -0.24054325   2.40556698  -0.48364323
  H     2.51761986   1.21783340   0.40886851
  H     3.21015579   0.44902330   1.83993073
  H    -1.93859333   1.86762126   1.00077039
  H     3.79743653  -1.13581129   0.22755625
  H     2.41193023  -0.79134895  -0.79427238
  H     3.29475712  -2.19161318   2.13618086
$end
$temperature
298.15
$end
$mult
 1
$end
$sigma
 1
$end
$pressure
1.00000
$end
$scale
1.0
$end
$msrrho
$end
$freq
31.79
41.72
60.10
83.44
103.71
128.32
181.81
189.69
206.92
245.89
268.31
280.17
280.84
306.99
345.26
361.53
366.82
390.50
427.15
458.79
479.70
491.85
524.30
555.52
610.87
628.24
675.01
677.04
785.60
797.25
824.07
857.58
888.93
930.84
971.75
996.74
999.27
1026.58
1037.26
1057.63
1083.71
1096.75
1138.13
1143.36
1165.52
1195.21
1218.23
1244.78
1258.11
1274.37
1286.30
1341.75
1349.98
1361.54
1390.63
1402.57
1411.91
1437.80
1443.67
1446.48
1451.21
1454.26
1469.72
1473.90
1479.34
1484.28
1487.49
1490.74
1494.95
1497.33
1571.75
1857.08
1926.50
3080.55
3089.73
3096.37
3108.04
3112.37
3179.30
3194.22
3213.23
3215.31
3218.65
3241.77
3272.94
3343.72
3785.55
3796.47
3873.95
3992.52
$end
