
$molecule
   O    -1.29658651  -0.79439723  -1.83060514
  O     0.36795368  -3.30144251  -0.35590942
  O    -0.79604656   1.39776897   0.53491267
  O     2.17992420   1.01862631   0.77649082
  O     1.84254669   2.93042767   1.88913862
  N     0.36372809   1.48202167  -1.41551747
  C    -1.00381797  -1.49304789   0.43199458
  C    -0.46678438  -0.65525798  -0.70928205
  C    -0.95528331  -2.93705262  -0.03826320
  C    -2.44135290  -1.11512737   0.75913756
  C    -0.12541184  -1.34534735   1.66684950
  C    -0.32822531   0.83271323  -0.41617095
  C     0.74791285   2.85699608  -1.22241757
  C     2.07767137   2.99084614  -0.50192428
  C     2.01904209   2.34898024   0.85616830
  H     0.54116138  -1.01467243  -0.94400345
  H    -1.60463346  -3.06501125  -0.90803871
  H    -1.35152192  -3.59097671   0.74867882
  H    -2.49680151  -0.09495451   1.11850943
  H    -2.84247696  -1.76803846   1.53394891
  H    -3.07962190  -1.20374417  -0.11510856
  H    -0.45857826  -2.02453987   2.44861553
  H    -0.17414253  -0.33823387   2.06521700
  H     0.90917933  -1.59031680   1.44390468
  H     1.00450914   0.90901205  -1.94145323
  H    -1.04537349  -0.14524692  -2.49300927
  H     0.81971264   3.35033623  -2.20007638
  H    -0.03572026   3.34434466  -0.64606192
  H     0.35951594  -4.18183389  -0.74451389
  H     2.33082143   4.04600215  -0.37470471
  H     2.86691775   2.50486650  -1.07804671
  H     2.07178247   0.64629993   1.66154050
$end
$temperature
298.15
$end
$mult
 1
$end
$sigma
 1
$end
$pressure
1.00000
$end
$scale
1.0
$end
$msrrho
$end
$freq
32.94
45.04
62.96
94.25
95.23
112.67
140.15
159.14
212.10
225.70
241.31
245.17
255.60
270.32
279.06
296.95
309.34
343.83
362.92
387.46
425.68
475.12
486.30
535.27
562.11
579.71
585.92
609.33
750.65
813.59
824.54
847.76
889.71
951.91
966.47
986.47
1007.39
1020.31
1049.05
1056.49
1103.08
1113.56
1128.76
1150.11
1174.53
1176.83
1193.83
1217.32
1230.44
1239.66
1280.25
1287.53
1330.86
1348.63
1352.47
1382.20
1400.55
1423.88
1436.90
1442.36
1446.96
1460.10
1470.51
1475.38
1478.80
1484.69
1489.29
1491.51
1503.88
1515.05
1583.40
1905.07
1924.18
3081.87
3090.14
3109.52
3119.61
3119.78
3175.74
3186.17
3201.24
3223.59
3229.78
3243.79
3273.06
3283.37
3793.43
3921.60
3943.22
3993.78
$end
