
$molecule
   O    -0.26139814   0.62598955  -0.96234423
  O     0.61174123   3.12215914  -0.92135201
  O     1.21917101  -1.36290730   1.18937727
  O    -1.09585090  -3.90418854  -1.15685715
  O    -2.64840793  -3.81379842  -2.75950995
  N    -0.89639725  -1.71207795   0.50513091
  C     1.13710635   1.46445218   0.82738744
  C    -0.00986979   0.55306459   0.40545323
  C     0.74158530   2.89703187   0.47105028
  C     2.42430404   1.09664783   0.11303321
  C     1.33572793   1.39959419   2.34215096
  C     0.19011682  -0.91858007   0.73700328
  C    -2.08230274  -1.39474289  -0.24046960
  C    -1.96516570  -1.76161789  -1.70692270
  C    -1.96428718  -3.24491229  -1.95085172
  H    -0.90347124   0.86757929   0.96538685
  H     1.47438241   3.59374667   0.88835589
  H    -0.22655051   3.15071106   0.90926023
  H     2.79578041   0.14055075   0.45710037
  H     3.19709505   1.84280891   0.29753029
  H     2.28289443   1.02098728  -0.96037574
  H     2.11849722   2.08956492   2.65556677
  H     1.62433884   0.40276142   2.65225059
  H     0.42514892   1.67294703   2.87649114
  H    -0.70020105  -2.69291644   0.63141970
  H    -0.13332929   1.54860306  -1.23115618
  H    -2.91931270  -1.93672685   0.21464108
  H    -2.29125487  -0.33198025  -0.16230619
  H     1.48855210   3.12025375  -1.31905263
  H    -1.03521838  -1.35108914  -2.09674825
  H    -2.79378577  -1.34231762  -2.28196251
  H    -1.13963864  -4.84159784  -1.38868065
$end
$temperature
298.15
$end
$mult
 1
$end
$sigma
 1
$end
$pressure
1.00000
$end
$scale
1.0
$end
$msrrho
$end
$freq
25.57
37.21
48.51
62.93
92.32
119.28
167.91
189.19
207.01
221.22
248.43
275.99
286.15
307.10
330.26
350.70
362.81
385.55
398.99
433.36
468.24
492.78
563.04
577.92
591.21
616.41
641.37
648.73
708.25
784.51
784.80
858.65
873.53
936.40
954.92
969.20
1003.91
1018.05
1044.75
1047.55
1071.12
1102.66
1112.70
1159.93
1181.42
1183.75
1206.69
1236.84
1262.91
1283.47
1294.88
1330.01
1347.40
1360.74
1375.90
1399.53
1411.01
1428.37
1437.82
1441.70
1443.21
1462.06
1466.38
1467.02
1474.47
1480.63
1484.09
1487.35
1493.03
1507.72
1584.21
1866.07
1897.55
3087.13
3101.14
3103.55
3106.21
3112.54
3139.27
3187.83
3195.24
3229.20
3233.30
3270.95
3275.16
3294.22
3811.03
3847.06
3909.81
3959.81
$end
