
$molecule
   O    -1.10452171  -0.33952992  -1.94621590
  O     0.54278744  -2.51030476  -2.51340547
  O    -1.64670292   1.11490290   0.12258118
  O     0.72387591   2.99334591  -1.08198285
  O     2.21002359   3.99067130   0.26097542
  N     0.43656899   0.94576674   0.99997344
  C    -0.24155241  -1.87165901  -0.29052580
  C    -0.20764455  -0.46331573  -0.88841432
  C    -0.32655629  -2.84771269  -1.46701007
  C    -1.46219455  -2.05709322   0.60176587
  C     1.03508246  -2.15338888   0.49498801
  C    -0.54641622   0.61148765   0.12931861
  C     0.29180048   2.06554607   1.89705955
  C     0.06317489   3.36184209   1.14459741
  C     1.12000782   3.51423492   0.08839471
  H     0.80104860  -0.26629376  -1.26559521
  H    -1.35612760  -2.89285318  -1.82837731
  H    -0.06400371  -3.85336776  -1.12616067
  H    -1.38194030  -1.47924318   1.51924717
  H    -1.57580033  -3.10274992   0.88683040
  H    -2.37313066  -1.75001375   0.09490879
  H     1.02342150  -3.16920662   0.88632623
  H     1.14673882  -1.49010433   1.34919737
  H     1.91704597  -2.05603307  -0.13563346
  H     1.35082027   0.56229547   0.83602333
  H    -1.81988119   0.23327267  -1.63499414
  H    -0.54916008   1.89314274   2.57504346
  H     1.20711925   2.12727544   2.49305166
  H     0.13924075  -1.76696715  -2.97574040
  H     0.11914136   4.21096202   1.83013957
  H    -0.91138788   3.33768152   0.66566794
  H     1.43912229   3.10740949  -1.72203452
$end
$temperature
298.15
$end
$mult
 1
$end
$sigma
 1
$end
$pressure
1.00000
$end
$scale
1.0
$end
$msrrho
$end
$freq
25.27
28.77
35.79
58.85
87.29
125.79
144.55
155.71
200.15
214.91
239.92
258.76
274.09
282.94
335.50
358.74
375.01
398.88
439.09
447.97
463.58
478.22
501.96
512.36
564.27
586.74
595.91
638.34
736.79
803.22
837.58
866.17
891.07
948.99
964.51
976.93
998.86
1018.89
1032.07
1047.77
1082.37
1117.27
1125.37
1148.02
1169.37
1197.90
1212.39
1235.40
1259.24
1279.62
1284.86
1314.29
1343.09
1348.21
1354.92
1392.19
1410.85
1417.92
1425.26
1437.33
1450.52
1454.43
1463.54
1466.31
1479.67
1484.81
1487.37
1489.50
1491.93
1496.60
1622.17
1873.65
1904.21
3094.90
3096.75
3103.52
3110.28
3137.57
3172.13
3191.88
3202.09
3207.31
3208.78
3227.40
3234.43
3262.39
3845.36
3883.21
3907.68
3945.18
$end
