
$molecule
   O    -1.56770038   0.97506214   0.81685911
  O    -2.06486726   2.54792307  -1.23595034
  O     1.68899474   0.95376145   1.93623798
  O     0.53370765  -5.10329747   0.84920425
  O     1.23911043  -3.44555617   2.16843192
  N     0.53363911  -0.87657368   1.31418112
  C     0.13924972   1.64671788  -0.77055175
  C    -0.25642521   1.40682039   0.69080275
  C    -0.67691100   2.81797947  -1.28895937
  C    -0.13252518   0.42350260  -1.62388509
  C     1.61879091   2.02975335  -0.86947103
  C     0.71973863   0.47548688   1.38913496
  C    -0.66263890  -1.62620608   1.05027563
  C    -0.30602816  -2.94216388   0.38766483
  C     0.56513280  -3.82105566   1.24278443
  H    -0.12033592   2.35619431   1.22270809
  H    -0.38839496   3.04072270  -2.32190368
  H    -0.45739535   3.71809718  -0.70310716
  H     0.44097436  -0.42799120  -1.27551168
  H     0.14946548   0.60751644  -2.65930427
  H    -1.18167797   0.15325434  -1.61418163
  H     1.86381134   2.34535622  -1.88356305
  H     2.26065334   1.19099994  -0.62232409
  H     1.86792683   2.84310116  -0.19185938
  H     1.20951357  -1.38771164   1.86756742
  H    -2.10682881   1.54580600   0.25186854
  H    -1.20435776  -1.83237317   1.97975124
  H    -1.32577586  -1.06697583   0.40364301
  H    -2.54966629   3.32838469  -1.52364775
  H     0.24214126  -2.76702625  -0.54145258
  H    -1.20434047  -3.51056596   0.13027131
  H     1.13301930  -5.59894323   1.42428627
$end
$temperature
298.15
$end
$mult
 1
$end
$sigma
 1
$end
$pressure
1.00000
$end
$scale
1.0
$end
$msrrho
$end
$freq
19.55
42.21
45.33
71.98
101.44
107.16
153.66
186.47
191.18
228.86
259.10
267.05
283.33
295.35
306.01
311.33
330.07
377.68
383.78
421.99
458.20
518.61
534.81
568.93
593.36
624.60
644.68
666.51
733.47
749.44
799.73
859.41
880.13
899.35
965.22
988.96
1002.98
1025.99
1060.59
1069.15
1093.39
1107.53
1133.87
1175.11
1179.98
1207.58
1209.33
1234.10
1247.42
1267.95
1280.47
1295.87
1325.31
1328.98
1378.66
1401.26
1407.40
1426.63
1435.78
1447.89
1459.21
1469.76
1473.47
1477.67
1479.96
1485.11
1488.86
1498.71
1501.71
1508.58
1576.61
1842.21
1896.19
3079.06
3096.98
3102.14
3121.45
3125.22
3158.11
3163.76
3182.44
3209.04
3242.67
3249.52
3284.56
3334.77
3749.54
3892.27
3903.10
3952.50
$end
