
$molecule
   O     0.00058905   1.01017865   1.42869453
  O     1.88519673   0.50037710  -1.71515893
  O    -0.96517667  -1.62385798  -0.53676698
  O    -2.80241322  -0.24594304   1.14160730
  O    -3.48181259   1.78664764   0.54485774
  N    -0.85323103   0.59825525  -1.00475750
  C     1.84138776  -0.30535697   0.60621404
  C     0.35224612  -0.23522085   0.90653348
  C     2.26262966   0.76857696  -0.39500153
  C     2.20142725  -1.68480015   0.06827805
  C     2.57825561  -0.05911450   1.92443729
  C    -0.52541129  -0.52425112  -0.30023374
  C    -2.00190971   0.60851163  -1.88079854
  C    -3.26659575   0.14315031  -1.17401721
  C    -3.23199712   0.65391531   0.24707675
  H     0.10966456  -1.03348743   1.61600560
  H     3.35334338   0.83726643  -0.39042679
  H     1.88197452   1.73837716  -0.06273686
  H     1.91708904  -2.46882485   0.76832222
  H     3.27484920  -1.75431110  -0.09375394
  H     1.71487894  -1.89182206  -0.87789186
  H     3.65582728  -0.14040978   1.78646559
  H     2.28991200  -0.79040162   2.67742763
  H     2.36413565   0.92946389   2.32195242
  H    -0.65744506   1.44982480  -0.49677983
  H    -0.88278686   0.95071194   1.81296022
  H    -2.12343221   1.63880949  -2.22653130
  H    -1.81424570  -0.03019626  -2.74861669
  H     0.93544768   0.63103075  -1.80176002
  H    -3.33235326  -0.94212486  -1.18501509
  H    -4.15033561   0.55089057  -1.66883169
  H    -2.52970833  -1.06586532   0.70824563
$end
$temperature
298.15
$end
$mult
 1
$end
$sigma
 1
$end
$pressure
1.00000
$end
$scale
1.0
$end
$msrrho
$end
$freq
39.85
45.20
64.06
82.92
124.59
140.16
163.09
194.18
205.79
219.22
225.59
259.57
268.37
292.78
300.87
343.55
366.10
419.39
445.99
477.51
482.67
495.66
527.08
551.71
600.06
616.99
665.49
735.38
763.04
799.52
829.65
870.12
903.72
924.00
961.96
983.29
999.72
1012.88
1040.53
1050.43
1082.75
1124.31
1130.14
1165.04
1183.09
1210.80
1217.90
1220.31
1252.84
1269.43
1273.05
1319.11
1339.50
1358.10
1380.79
1396.25
1404.65
1413.48
1429.49
1437.31
1442.41
1453.05
1462.39
1466.16
1477.14
1479.10
1481.53
1487.09
1489.92
1491.46
1588.88
1883.69
1926.57
3090.80
3104.30
3105.60
3112.10
3139.42
3171.40
3193.71
3199.60
3202.36
3212.40
3229.05
3240.02
3262.85
3773.55
3901.31
3926.54
3970.76
$end
