
$molecule
   O     0.07937575  -0.08389891  -1.23096670
  O    -1.44284698   1.67368918  -2.46629978
  O    -0.10132914   0.11051909   2.13650538
  O     4.30626738  -1.00334536   0.49947377
  O     2.47621463   0.01989144  -0.22756568
  N     0.46416058  -1.77990422   1.07472103
  C    -1.55767199   1.24386857  -0.04865718
  C    -0.81712228  -0.08335712  -0.16215757
  C    -2.29130634   1.47611938  -1.37358545
  C    -0.59014728   2.38225473   0.20436090
  C    -2.61095753   1.17863051   1.05918728
  C    -0.11498305  -0.53107748   1.11564523
  C     0.98846519  -2.47804500  -0.06317861
  C     2.50672978  -2.39828874  -0.09172328
  C     3.05601734  -1.00515782   0.03928414
  H    -1.55316941  -0.87144459  -0.37313214
  H    -2.92620697   2.36253481  -1.28414620
  H    -2.96776089   0.62986640  -1.55867790
  H    -0.08482165   2.26711190   1.15649778
  H    -1.11853805   3.33323801   0.21918620
  H     0.16049482   2.44638222  -0.57542145
  H    -3.20343691   2.09245453   1.06770369
  H    -2.15728292   1.06715028   2.03585070
  H    -3.29946414   0.34682956   0.90597622
  H     0.83521959  -2.04558741   1.97416038
  H     0.98193406   0.12436033  -0.93112397
  H     0.71172725  -3.54025198  -0.00671000
  H     0.56612712  -2.06397749  -0.96782540
  H    -0.74624977   1.00822052  -2.38311185
  H     2.90561552  -2.81708795  -1.02315009
  H     2.94052423  -2.97778014   0.72582605
  H     4.60442205  -0.08391723   0.55305453
$end
$temperature
298.15
$end
$mult
 1
$end
$sigma
 1
$end
$pressure
1.00000
$end
$scale
1.0
$end
$msrrho
$end
$freq
19.58
30.38
60.94
82.48
93.01
155.32
183.72
192.18
210.41
228.76
244.08
271.41
287.83
296.35
326.92
370.89
394.52
421.73
423.19
460.12
532.05
547.43
561.81
592.00
613.29
628.07
657.10
688.73
709.14
754.19
759.75
854.36
870.96
955.05
965.80
972.81
1003.96
1023.80
1056.21
1064.92
1087.45
1116.07
1139.58
1179.71
1182.32
1203.52
1208.20
1260.83
1268.01
1275.86
1290.61
1320.78
1340.39
1369.30
1389.27
1402.92
1417.78
1429.78
1434.04
1439.87
1452.98
1460.41
1473.27
1477.66
1481.79
1483.14
1490.34
1493.82
1498.03
1509.63
1553.66
1872.25
1894.86
3054.45
3076.12
3088.03
3088.60
3121.22
3127.17
3159.43
3178.21
3188.61
3241.40
3279.89
3281.79
3348.69
3765.30
3788.22
3880.63
3907.47
$end
