
$molecule
   O     1.46121767  -1.49908590   2.09389470
  O    -0.57534750   1.48697464   0.41769681
  O     0.37805399  -2.92863278   0.10065796
  O    -3.74858804   1.30444592  -2.16059066
  O    -3.08985332   0.63028772  -0.13976963
  N    -0.50323034  -0.97548284  -0.65252281
  C     1.61648140   0.51801181   0.81984236
  C     1.52683659  -1.00271633   0.78477369
  C     0.36687772   1.15684618   1.40970588
  C     1.91554268   1.08137079  -0.56475233
  C     2.79526872   0.85419441   1.74101026
  C     0.40124727  -1.71608097   0.02549075
  C    -1.68620444  -1.60359717  -1.17813525
  C    -2.43434618  -0.65117839  -2.07843388
  C    -3.10603503   0.47012238  -1.33496932
  H     2.44018149  -1.37075036   0.29308499
  H     0.64495007   2.07417480   1.93819041
  H    -0.06989079   0.49007871   2.15459950
  H     2.88711931   0.73647165  -0.91693715
  H     1.93834227   2.16755056  -0.53401180
  H     1.17980474   0.79077941  -1.30408020
  H     3.00105050   1.92426099   1.73115845
  H     3.70029900   0.34372883   1.41990171
  H     2.59761099   0.55698150   2.76644229
  H    -0.55043356   0.00499015  -0.40327595
  H     1.27289534  -2.44307879   2.01051691
  H    -1.39139793  -2.49347828  -1.73953064
  H    -2.34794989  -1.93608235  -0.37370703
  H    -1.47921891   1.40496557   0.75008237
  H    -3.21900010  -1.17457960  -2.63547919
  H    -1.76677136  -0.20069578  -2.81575210
  H    -4.15551236   1.99920351  -1.62510114
$end
$temperature
298.15
$end
$mult
 1
$end
$sigma
 1
$end
$pressure
1.00000
$end
$scale
1.0
$end
$msrrho
$end
$freq
20.29
28.40
42.97
71.38
107.13
139.60
157.14
194.14
212.59
229.71
247.30
266.77
279.86
293.09
314.98
333.72
361.53
379.84
385.94
452.88
502.26
517.51
535.16
541.99
556.55
586.68
647.48
686.53
693.18
809.80
838.44
856.76
899.36
939.79
972.72
992.59
1001.26
1049.00
1061.31
1076.60
1096.48
1119.09
1147.08
1153.29
1185.55
1188.69
1205.15
1218.36
1241.88
1266.34
1277.74
1297.75
1326.94
1335.62
1359.25
1389.93
1399.23
1420.38
1441.33
1445.51
1451.71
1461.28
1474.11
1481.02
1482.11
1484.06
1488.63
1497.57
1504.19
1510.04
1632.76
1838.12
1895.74
3095.73
3096.67
3098.37
3108.66
3111.47
3120.73
3181.74
3202.32
3206.78
3212.54
3216.39
3241.15
3278.60
3703.20
3897.73
3910.00
3912.13
$end
