
$molecule
   O     1.88658648  -0.81750947   0.03228700
  O    -0.25146901  -0.63804405  -3.52502021
  O    -1.24097020   0.04457391   1.33341441
  O     0.02470118   0.86242002   3.52948776
  O     1.11121907   2.79834583   3.78571014
  N     0.44385217   1.32031858   0.49492545
  C    -0.05631550  -1.45116565  -1.22735492
  C     0.51113679  -1.05502811   0.13289671
  C     0.13596636  -0.30608376  -2.21722173
  C    -1.53901563  -1.78522323  -1.11585873
  C     0.70538296  -2.68182280  -1.70452470
  C    -0.20272060   0.16240571   0.70887217
  C    -0.03390234   2.64056409   0.84711516
  C    -0.67369279   2.72276423   2.21186701
  C     0.24672588   2.14583678   3.26737214
  H     0.30843271  -1.86427599   0.84288594
  H     1.17918905   0.01903965  -2.19776992
  H    -0.47707815   0.54715766  -1.92435919
  H    -1.70644258  -2.62359247  -0.44221382
  H    -1.93033589  -2.05213255  -2.09367096
  H    -2.11863976  -0.94783562  -0.74133124
  H     0.28730833  -3.06217690  -2.63339105
  H     0.64295207  -3.48727414  -0.97605640
  H     1.75810294  -2.46750187  -1.86660769
  H     1.31411144   1.23566961  -0.00511398
  H     2.27739024  -0.82161674   0.91256924
  H     0.83718783   3.30193930   0.80796482
  H    -0.75272545   2.99325967   0.09542585
  H     0.41546730  -1.21288841  -3.91158802
  H    -1.62817018   2.20449928   2.21600873
  H    -0.84163984   3.77430145   2.45576063
  H    -0.63259490   0.50107601   2.90751942
$end
$temperature
298.15
$end
$mult
 1
$end
$sigma
 1
$end
$pressure
1.00000
$end
$scale
1.0
$end
$msrrho
$end
$freq
17.79
35.17
55.20
80.08
109.30
135.84
169.89
180.31
204.21
217.93
227.81
244.80
266.29
280.13
305.07
318.01
331.80
355.70
371.93
424.36
453.00
485.57
500.50
515.30
628.21
639.93
652.79
735.78
781.71
811.93
824.47
881.20
901.64
930.34
964.17
975.24
1002.46
1007.85
1052.05
1064.44
1079.66
1113.24
1128.91
1138.63
1166.78
1205.21
1215.90
1233.50
1277.59
1290.44
1293.75
1329.15
1341.37
1374.01
1376.78
1385.82
1396.62
1428.69
1429.26
1443.40
1444.70
1450.88
1459.91
1475.36
1476.53
1480.76
1487.01
1489.29
1492.47
1492.97
1640.51
1851.69
1916.44
3069.49
3107.08
3113.33
3129.91
3139.53
3165.40
3166.63
3219.68
3224.24
3227.11
3238.34
3256.23
3258.00
3731.29
3821.21
3946.46
3959.18
$end
