
$molecule
   O     1.77613954  -1.43592509   0.76266373
  O     1.67795681  -3.10584359  -1.34888149
  O     0.12213638   0.41945704  -1.28439792
  O    -0.05147381   5.39084736   0.78011029
  O    -1.04873054   5.10382029  -1.20511041
  N     0.76407578   1.23750348   0.73460986
  C    -0.28434434  -2.25835026  -0.17228574
  C     0.41824704  -1.13244167   0.55870390
  C     0.39735420  -2.56170025  -1.50180427
  C    -1.74272254  -1.86840605  -0.42677797
  C    -0.23768893  -3.49277214   0.71984058
  C     0.37707235   0.23339511  -0.12611151
  C     0.76585434   2.61375989   0.29175286
  C    -0.63527742   3.18050576   0.18463417
  C    -0.62011196   4.64066889  -0.18332395
  H    -0.06990775  -1.00224832   1.53517486
  H     0.42412039  -1.65529873  -2.10627040
  H    -0.20165792  -3.29471501  -2.04941942
  H    -2.23830453  -1.56820995   0.49651840
  H    -2.29453743  -2.71564722  -0.83005100
  H    -1.82211312  -1.05081098  -1.13681325
  H    -0.70064023  -4.34101075   0.22034099
  H    -0.77364993  -3.32974408   1.65456226
  H     0.78109737  -3.77136103   0.96236417
  H     0.64416612   1.06885204   1.72014625
  H     2.23123299  -0.65915124   1.10069090
  H     1.35552608   3.19775466   1.00290562
  H     1.25050728   2.65525882  -0.68379808
  H     2.15223725  -2.53826466  -0.73098188
  H    -1.14514097   3.08807682   1.14607204
  H    -1.19716893   2.63955302  -0.57387928
  H    -0.07425356   6.31244784   0.48881571
$end
$temperature
298.15
$end
$mult
 1
$end
$sigma
 1
$end
$pressure
1.00000
$end
$scale
1.0
$end
$msrrho
$end
$freq
21.26
29.66
36.24
56.99
71.41
90.73
159.99
166.99
194.85
219.87
234.65
252.77
262.24
289.81
310.69
331.17
350.73
364.20
408.78
417.26
439.06
449.93
497.91
528.64
558.46
581.23
592.66
641.64
742.82
773.57
818.25
853.91
882.95
951.50
962.61
974.39
996.01
1001.86
1055.51
1079.12
1115.23
1126.99
1128.40
1144.94
1152.56
1182.57
1202.75
1220.07
1229.19
1270.42
1288.98
1315.70
1328.97
1342.02
1372.16
1389.07
1402.68
1411.59
1437.50
1449.81
1456.98
1461.85
1463.41
1473.06
1476.40
1479.05
1481.69
1484.41
1494.47
1506.16
1575.60
1901.95
1908.85
3088.48
3100.24
3105.34
3122.13
3126.23
3145.11
3195.81
3205.97
3224.41
3244.20
3247.02
3248.25
3264.32
3797.47
3900.98
3962.44
3990.65
$end
