
$molecule
   O     1.18099960  -0.60334320  -2.16368388
  O     1.48188281   1.65447260  -0.76717485
  O     1.59881384  -1.52769996   0.10640096
  O     1.23745046   0.78783840   1.84841209
  O     2.75185073  -0.52789833   2.85571567
  N    -0.48619473  -1.32397356   0.93729190
  C    -0.67362994   0.71769315  -1.44860277
  C     0.01776389  -0.64176272  -1.39297360
  C     0.08909108   1.75219629  -0.63363771
  C    -2.12170102   0.65741185  -0.95069067
  C    -0.69698575   1.13430838  -2.91754607
  C     0.44475752  -1.18038522  -0.02688189
  C    -0.13070890  -1.90662488   2.20849594
  C     0.40201307  -0.89747887   3.20725853
  C     1.61738054  -0.20804598   2.64460415
  H    -0.67094179  -1.39646787  -1.80336680
  H    -0.16184127   1.65400947   0.42078327
  H    -0.24115646   2.75325905  -0.93467672
  H    -2.67305748  -0.15874198  -1.41646119
  H    -2.63655427   1.58398469  -1.19789205
  H    -2.19948222   0.54906812   0.12810106
  H    -1.23169038   2.07481476  -3.04178281
  H    -1.19699365   0.38875441  -3.53250508
  H     0.30196853   1.26969394  -3.31458519
  H    -1.39616615  -0.93079085   0.78828409
  H     1.83401248  -1.13700613  -1.67757091
  H    -1.01870699  -2.39989092   2.62082914
  H     0.63069122  -2.66269402   2.02359615
  H     1.67512581   0.96338159  -1.41384807
  H     0.67277357  -1.40831448   4.13469290
  H    -0.35431197  -0.14281848   3.42472517
  H     1.95354782   1.11305077   1.28468925
$end
$temperature
298.15
$end
$mult
 1
$end
$sigma
 1
$end
$pressure
1.00000
$end
$scale
1.0
$end
$msrrho
$end
$freq
55.96
57.76
82.57
96.38
114.43
141.67
156.85
182.45
211.84
240.74
253.56
269.28
301.81
310.84
337.71
369.89
380.70
432.64
436.26
436.44
450.99
471.92
487.89
554.41
584.86
599.79
626.54
667.47
733.55
788.22
841.40
868.75
904.25
958.10
970.11
987.34
996.37
1020.09
1045.88
1068.10
1090.80
1115.53
1140.91
1157.23
1183.03
1191.73
1225.90
1242.42
1247.93
1271.37
1277.80
1306.62
1315.04
1340.91
1350.51
1382.44
1406.23
1429.49
1437.14
1444.45
1452.66
1455.84
1463.39
1474.08
1477.80
1484.64
1488.87
1493.28
1500.65
1508.39
1632.66
1862.29
1926.93
3090.77
3093.72
3099.41
3100.35
3105.72
3121.67
3202.19
3205.66
3209.49
3223.43
3237.57
3258.24
3266.66
3786.19
3900.20
3901.58
3923.08
$end
