
$molecule
 O -2.31026302059836 -1.17258203081688 0.11163548518646
 O -2.43005295311143 1.03150564196862 -0.21315805391886
 N 1.76752156545729 -1.17743392334332 0.16788274593896
 C -0.28393632705371 0.02136010161938 -0.03574999242246
 C 0.41474164585680 1.21681183481441 -0.20120405581976
 C 0.44942934940998 -1.15136486487119 0.14596473916819
 C 1.79671854137307 1.18656456728676 -0.17776356314441
 C 2.42255772493712 -0.03905808446755 0.01029785274211
 C -1.76389345835843 0.03907781752689 -0.05856497845638
 H -0.13694581753636 2.13448905279581 -0.34307552744479
 H -0.04950153721901 -2.10124742065516 0.27813118131925
 H 2.37647314536594 2.08774168805814 -0.30173723177754
 H 3.50161458611491 -0.11749557762469 0.03653836266291
 H -3.27771944463780 -1.10392480229123 0.08832103596634
$end
$temperature
298.15
$end
$mult
 1
$end
$sigma
 1
$end
$pressure
1.00000
$end
$scale
1.00
$end
$msrrho
$end
$freq
41.99
139.48
184.72
330.42
370.98
383.66
473.79
593.70
608.06
619.13
680.16
707.28
782.66
805.03
902.82
924.66
933.46
1003.04
1088.01
1113.08
1132.33
1153.95
1192.52
1255.40
1275.03
1287.10
1403.33
1438.77
1565.45
1572.29
1759.28
3061.27
3078.92
3086.81
3099.74
3450.53
$end
