
$molecule
 O 5.46447008786820 -3.27771475100960 4.48049661757647
 O 3.71046409128641 -3.19555327413888 8.24914796650351
 O 3.02811287922661 -4.10928060536098 3.95619036642488
 O 0.18816188676935 2.20801490857263 3.10916221816066
 O 2.35662144674073 2.02497321916615 2.62792390297216
 N 2.29338732647370 -2.09683980203139 3.33923649060795
 C 4.17569387254372 -2.04267055397832 6.13555876847906
 C 4.44280023089870 -2.32214299787963 4.62398255254108
 C 3.86756920497280 -3.37686832011401 6.85773937802763
 C 3.00933485468860 -1.06360479983436 6.31321473603208
 C 5.45318504284264 -1.43857966030959 6.73420484119896
 C 3.20585714880685 -2.90303325755581 3.93484524678664
 C 2.43142230163501 -0.71040311019621 2.93273121971869
 C 1.13611294350753 0.04571459143912 3.23682883957054
 C 1.31825009901935 1.51917859070111 2.95241407978611
 H 4.77909544975141 -1.39277889050865 4.14375260804491
 H 4.71500790851031 -4.05851953830303 6.72677348884153
 H 2.97203794760192 -3.84693288228034 6.42430577139140
 H 3.21355558485321 -0.12381899849033 5.79886762881889
 H 2.87023950306584 -0.84196550704945 7.37203493591159
 H 2.08132630917118 -1.48490824359023 5.92426235177234
 H 5.34473227435435 -1.34190500691776 7.81439491068694
 H 5.65020128582369 -0.45374254170848 6.30908207209277
 H 6.30250115678388 -2.08844591257991 6.52419105653830
 H 1.56484647728110 -2.61609289055380 2.86628582174633
 H 5.03604907026058 -4.14216725565247 4.33708203653442
 H 3.25900114978749 -0.24057488721094 3.46627865145516
 H 2.64533400403268 -0.65996538174014 1.85785161860952
 H 2.87717830205620 -2.74735346649133 8.43773562785509
 H 0.86108823551135 -0.06884953102437 4.28854929000378
 H 0.30423813872866 -0.33193243859497 2.63778376548649
 H 0.35428778513914 3.14711819522575 2.92248713982690
$end
$temperature
298.15
$end
$mult
 1
$end
$sigma
 1
$end
$pressure
1.00000
$end
$scale
1.00
$end
$msrrho
$end
$freq
16.85
25.14
35.88
60.55
69.37
84.37
98.57
158.74
166.31
194.64
202.92
215.40
246.74
272.23
275.01
287.73
301.50
325.00
340.22
390.86
422.47
449.49
465.44
492.21
512.04
551.48
595.33
631.54
638.74
668.07
687.44
774.67
782.76
871.71
903.48
904.24
938.42
959.15
985.74
1006.72
1015.43
1065.48
1092.28
1098.86
1125.15
1139.15
1144.24
1158.21
1164.33
1183.06
1209.59
1210.49
1246.58
1253.09
1273.42
1296.88
1314.98
1343.69
1347.64
1366.83
1372.22
1385.10
1394.58
1416.25
1426.33
1448.91
1462.27
1469.83
1473.56
1481.01
1486.54
1712.86
1814.86
2966.03
2978.44
2990.77
3024.10
3029.19
3033.08
3034.90
3047.77
3070.57
3073.18
3074.11
3079.62
3089.17
3472.50
3484.61
3544.81
3646.81
$end
