
$molecule
 O -0.67073094293777 -7.06539284538837 -0.14162172347159
 O -1.60442548417930 -8.17705051892345 3.85623112804264
 O -2.60294241882912 -8.82767115389698 -0.17415662535317
 O -5.26368640513208 -7.49907747434129 -0.38856289429025
 O -6.69277766897869 -6.25787621711848 0.76256342264339
 N -3.48061478343707 -8.17493846880378 1.78444353172852
 C -0.13248190438111 -8.35224361264194 1.88324170886038
 C -1.16085869128502 -7.44663723036387 1.11844244625054
 C -0.26897291765666 -8.12178750633554 3.40389750486801
 C 1.28611655464123 -7.93306205732705 1.47151322129458
 C -0.33921495793004 -9.83608521283910 1.54974445287562
 C -2.47192504739327 -8.18902975357680 0.85802024504486
 C -3.90536186405362 -6.91362804980700 2.38243983921989
 C -4.38076750608504 -5.95916280065294 1.27334871248926
 C -5.56371661769158 -6.57032136876060 0.52292381923923
 H -1.32252928834901 -6.53185704584094 1.70272223229731
 H 0.09804512224522 -7.11997778747272 3.65732409662069
 H 0.35294613688566 -8.85996648897157 3.93649774779423
 H 1.46736373631404 -8.18095913541605 0.42676839585423
 H 2.02077111393077 -8.45439852448719 2.08592262317966
 H 1.41775649510704 -6.85863531289649 1.59870723506675
 H 0.46955319700182 -10.43021857742835 1.97631631444256
 H -0.34907220215169 -9.98412014164067 0.47007025383400
 H -1.28437976644729 -10.19942864865915 1.95548463446549
 H -4.26951847951857 -8.72461007987127 1.45298325547567
 H -0.95604136809678 -7.73737523373496 -0.78671484285009
 H -4.72117339056793 -7.13179337615983 3.07582124523184
 H -3.07995816427371 -6.47223404148930 2.94266092144886
 H -2.01234713047114 -9.01859547181984 3.60906927988289
 H -3.55934596964923 -5.75031417510709 0.58502310445187
 H -4.71825766559108 -5.02449994071038 1.72433300547877
 H -4.32231572103648 -7.71541674751353 -0.51460129211720
$end
$temperature
298.15
$end
$mult
 1
$end
$sigma
 1
$end
$pressure
1.00000
$end
$scale
1.00
$end
$msrrho
$end
$freq
21.56
45.43
58.92
71.80
96.79
108.05
124.90
146.82
199.73
205.89
221.30
243.83
260.53
283.76
311.09
320.57
336.21
340.07
376.62
382.23
427.20
456.35
475.11
502.33
564.71
566.71
593.38
625.21
657.67
719.12
800.55
816.02
850.12
861.59
898.66
919.53
932.40
957.43
984.54
991.85
1001.44
1015.36
1078.78
1089.75
1104.89
1130.74
1132.40
1136.63
1166.39
1181.09
1207.41
1210.78
1234.60
1239.64
1263.07
1282.98
1306.72
1322.10
1328.89
1370.48
1374.18
1386.85
1392.25
1395.87
1432.24
1449.23
1468.77
1472.19
1475.54
1478.89
1479.36
1698.48
1824.23
2937.53
2998.90
3014.51
3029.50
3032.62
3038.24
3038.43
3069.04
3073.28
3076.04
3081.60
3084.97
3092.89
3422.12
3473.30
3505.15
3610.55
$end
