
$molecule
 O 4.61087048612018 -3.73515743594738 3.49576028660375
 O 6.09276211668396 -2.72732177079255 7.60660707366644
 O 5.62026953449584 -5.16509873018631 6.54385643651757
 O 10.65868866633319 -5.94493495339579 6.74800676185251
 O 9.83777731112677 -7.51486779913520 5.39736519201264
 N 6.49818860487396 -5.16352464025344 4.46677371787898
 C 4.97487526064399 -2.27945707352045 5.44301214145161
 C 4.62096515473336 -3.70112233326226 4.91356652644296
 C 4.93320456438535 -2.23102984420958 6.99642556939471
 C 3.92036670247763 -1.29263835408918 4.91566499283759
 C 6.36398224975661 -1.87069502140162 4.93916420627150
 C 5.62416266869124 -4.75023248119267 5.39256427469174
 C 7.52558934581825 -6.12898324896218 4.80984978884418
 C 8.59476567532852 -5.47784113917766 5.69263959733260
 C 9.73970387269020 -6.43434549886138 5.91295439007159
 H 3.63315082655071 -3.99314665039666 5.31015136532777
 H 4.03743976587465 -2.76903337551348 7.35021118518597
 H 4.83981385314268 -1.18033057557254 7.30046179369803
 H 3.92830038954437 -1.25870789483096 3.82535691712448
 H 4.13096667641631 -0.28825303193754 5.28371481274745
 H 2.92276231333601 -1.58223143421088 5.24934604112675
 H 6.57465266925392 -0.83706359003398 5.21315737486662
 H 6.41518452321920 -1.96677005581022 3.85425398498166
 H 7.12850988850823 -2.50741737564795 5.38439361315866
 H 6.45056172658046 -4.78649828948640 3.53313580288331
 H 3.88877900455417 -3.19263134154424 3.15483089932458
 H 7.06570257960478 -6.96157532718401 5.35174592257966
 H 7.97162416366337 -6.50784366023840 3.88728221431508
 H 6.08071680051642 -3.70254856468395 7.54818808423414
 H 8.17331412777432 -5.19785641169527 6.66118085234044
 H 8.98647430001748 -4.56899210129180 5.22835026578795
 H 11.36938517728348 -6.59745299553183 6.85968191444667
$end
$temperature
298.15
$end
$mult
 1
$end
$sigma
 1
$end
$pressure
1.00000
$end
$scale
1.00
$end
$msrrho
$end
$freq
23.07
25.53
28.17
49.38
61.02
79.08
126.19
166.32
188.69
196.30
203.39
213.96
240.28
252.10
256.76
287.67
294.46
337.85
368.18
409.61
414.70
437.95
464.86
491.42
505.73
550.93
598.17
616.99
634.74
650.35
707.42
776.86
799.07
883.54
906.83
910.67
928.21
957.07
995.43
1013.26
1031.13
1053.56
1070.41
1108.26
1126.09
1140.92
1142.48
1156.47
1169.52
1172.28
1206.96
1217.67
1225.62
1254.72
1256.56
1279.02
1300.22
1340.12
1343.47
1348.17
1384.21
1387.61
1398.46
1409.96
1435.60
1442.40
1466.04
1470.36
1473.50
1478.94
1485.53
1713.22
1808.30
2923.14
2927.78
2999.06
3015.89
3025.15
3027.50
3038.23
3047.97
3061.59
3068.43
3074.28
3083.10
3087.40
3454.56
3525.06
3551.77
3632.73
$end
