
$molecule
 O 6.27207268609994 -4.95080389213968 3.08283758840576
 O 8.07579377220515 -1.85287981012345 1.11556848261406
 O 9.40951681067395 -3.63564325011154 2.69319757310830
 O 7.31194369534427 -7.98138228768969 6.61704169198368
 O 8.43484745351899 -9.73835694423063 5.83302765650065
 N 8.95581276532878 -5.59580677538834 3.63141829443507
 C 6.71614686356413 -2.53687055229396 3.07066259671837
 C 7.14474899616372 -3.94415685864359 3.56674273589889
 C 6.85140004498108 -2.38798688699950 1.52913413317081
 C 7.53290191471763 -1.45631669804967 3.79022994648328
 C 5.23207316206045 -2.36720349558404 3.44087685423435
 C 8.59393385277511 -4.35443666983174 3.24918187980657
 C 8.14354721194740 -6.61025041415738 4.28254064736913
 C 9.06135075517267 -7.53622953911072 5.08636820097866
 C 8.25783594392899 -8.55429880612149 5.86585058746038
 H 7.04010001280498 -3.96119707706649 4.66346714526523
 H 6.07396286782228 -1.70045896378321 1.17230124557691
 H 6.66446610657843 -3.37069141350500 1.05243766552424
 H 7.35885641671391 -1.50391244909181 4.86602692754852
 H 7.23424135850455 -0.47249133939934 3.42877264673773
 H 8.59780437179067 -1.57838849690903 3.60400194425693
 H 4.89371835400376 -1.36337354627835 3.18445692854446
 H 5.08610891907200 -2.51905744659705 4.51112401631902
 H 4.61796837051163 -3.09049368968945 2.90401657325307
 H 9.88677836273301 -5.86483676567642 3.34534761091638
 H 6.26467841736164 -4.94190273317374 2.11506902915623
 H 7.42625716996435 -6.13141911831386 4.95252753687988
 H 7.58710237139111 -7.18295492219305 3.53144339433631
 H 8.80165282478274 -2.39261222478671 1.48684369173761
 H 9.63678849816518 -6.94360815850812 5.80282673558838
 H 9.75649348036966 -8.06632060370366 4.43270639575777
 H 6.82729516895166 -8.67019617084961 7.10148964343415
$end
$temperature
298.15
$end
$mult
 1
$end
$sigma
 1
$end
$pressure
1.00000
$end
$scale
1.00
$end
$msrrho
$end
$freq
19.02
25.98
45.15
57.46
69.88
78.17
135.64
162.34
165.38
186.53
208.77
220.02
247.59
264.87
279.58
306.37
308.15
352.85
368.79
383.91
419.19
463.67
494.75
529.03
535.17
565.22
576.13
588.40
613.62
678.11
709.20
786.73
792.09
860.29
903.59
914.98
957.32
968.25
997.41
1016.67
1018.52
1059.75
1102.59
1107.81
1133.73
1147.46
1150.22
1153.81
1160.27
1190.21
1224.43
1248.47
1257.40
1264.16
1275.17
1276.98
1320.77
1340.80
1343.51
1357.90
1389.23
1390.21
1401.62
1416.13
1430.90
1454.10
1471.49
1472.64
1479.01
1480.38
1482.73
1718.49
1826.05
2870.05
2955.11
3000.74
3002.66
3022.14
3033.06
3038.87
3055.42
3067.07
3075.04
3080.54
3082.75
3107.96
3442.68
3487.47
3547.52
3595.45
$end
