
$molecule
 O -1.04634863639236 -4.61537411109824 8.80846835464152
 O 1.41615394539656 -5.34200350876852 7.67528068654036
 O -0.47704078832457 -2.09255716181200 9.02886110627876
 O -4.45844767310335 -0.59784548513716 7.45216334331734
 O -5.09774270451877 0.11938614627884 9.45785231536355
 N -1.81904849722007 -1.46230176654863 7.32082882976704
 C -0.42880663453996 -4.24761016086394 6.47495282041969
 C -1.35191891294719 -3.84778864444323 7.66696661196369
 C 1.05599241264723 -4.21358593512903 6.91868839598342
 C -0.62275906229438 -3.29133722331767 5.29225478951679
 C -0.80532778994845 -5.67269626778070 6.04558430453965
 C -1.17961692831512 -2.38319006297430 8.07650279562985
 C -1.82323207255129 -0.07733532334381 7.76993533026640
 C -2.74995440146916 0.11195893436898 8.97287925311227
 C -4.21471090677714 -0.11083312527615 8.68144202843187
 H -2.40102244235069 -4.02897279541684 7.38165217922331
 H 1.25052503819015 -3.28374826141061 7.47914783758169
 H 1.69488202425674 -4.21387496136166 6.02655576167951
 H -1.67919341323506 -3.20976256484751 5.03145260418645
 H -0.08445052282096 -3.66842525444598 4.42226356749310
 H -0.24365677168180 -2.29607682657932 5.52479985954465
 H -0.10401829924227 -6.03390206413828 5.29344219020308
 H -1.81261316134844 -5.69146433430897 5.62763575479981
 H -0.76940821163021 -6.34424222134127 6.90230455307630
 H -2.59711979992697 -1.74755794786642 6.74517521385723
 H -0.60601582167554 -4.00747854661546 9.43653476333146
 H -0.80180191042229 0.18305387142771 8.06094752989721
 H -2.13563833684306 0.55363038668633 6.93424105030153
 H 0.78022433042445 -5.44212629202966 8.40245288855331
 H -2.64686285313958 1.12379854338317 9.37236516460458
 H -2.46540062557355 -0.57849371794898 9.77232815224073
 H -5.41949357262516 -0.70244331734132 7.35191196365409
$end
$temperature
298.15
$end
$mult
 1
$end
$sigma
 1
$end
$pressure
1.00000
$end
$scale
1.00
$end
$msrrho
$end
$freq
19.16
21.87
35.86
45.46
74.80
115.40
140.86
154.90
199.59
206.54
232.47
243.42
255.80
272.62
307.14
336.35
339.42
371.24
377.22
410.40
418.91
472.35
477.17
516.48
528.08
551.22
565.47
585.22
651.14
664.43
740.52
802.18
825.33
877.04
899.35
914.64
944.82
958.47
981.21
996.79
1015.51
1033.60
1086.39
1124.11
1136.66
1139.77
1150.30
1151.62
1158.65
1189.55
1200.12
1215.20
1235.78
1251.33
1254.57
1291.25
1312.10
1328.55
1330.45
1351.36
1378.31
1387.41
1395.62
1405.52
1418.79
1436.61
1470.28
1473.84
1478.17
1481.47
1484.70
1724.58
1817.96
2939.92
2940.57
3005.95
3021.01
3024.93
3030.07
3035.69
3047.80
3061.86
3070.88
3078.07
3080.83
3093.26
3424.64
3512.06
3542.40
3560.44
$end
