
$molecule
 O 5.75324743390444 -3.02722602554473 -1.66928279681802
 O 3.03323836515334 -2.40583585917659 -4.77555895111705
 O 3.95797489903318 -1.54493065581346 -0.42650175569025
 O 2.34411323427142 0.30350714591798 0.66334100885548
 O 0.20958946243897 0.43120909664379 1.26932625665748
 N 2.78449929647200 -3.35261756053061 0.24576080008787
 C 3.74637922217384 -3.74258248009271 -2.85097046979295
 C 4.49340502397753 -3.61702754858497 -1.48723353565582
 C 3.62437688655286 -2.34176662444676 -3.49781378578648
 C 2.35707525674592 -4.36130712812329 -2.65329694748436
 C 4.58756162370378 -4.64253052422201 -3.76592454291701
 C 3.71546867535442 -2.74700142422518 -0.50383069633554
 C 1.96597844626423 -2.57772190583129 1.17205457220381
 C 0.97767923027336 -1.66646572381272 0.41924907669275
 C 1.13133895826382 -0.19366301179253 0.83017965493878
 H 4.63302663023963 -4.62522743787680 -1.06691664623133
 H 4.62766047926470 -1.92420781511901 -3.63728364972066
 H 3.05569910321759 -1.66803511228534 -2.83737101030083
 H 2.42722517840906 -5.29639494237766 -2.09526709053061
 H 1.90914950235729 -4.57880457846232 -3.62332588878754
 H 1.69495427794375 -3.68109451693771 -2.11580530283562
 H 4.16053064203520 -4.64868038734251 -4.76852304426754
 H 4.61197076217383 -5.66403717222623 -3.38501903812427
 H 5.60759105075048 -4.26332608752619 -3.82210863137433
 H 2.59499366202731 -4.33593731533858 0.14132720121061
 H 5.68819579228086 -2.09061153878725 -1.40866793286182
 H 1.43213118581988 -3.28317707703294 1.81185713562242
 H 2.63764238159608 -1.97925950100510 1.79674686291181
 H 2.08982096098348 -2.59579990747514 -4.70640263872634
 H -0.05280407405693 -1.96657289639202 0.61593581405608
 H 1.15261346054938 -1.73460317339836 -0.65672666509869
 H 2.99216198983107 -0.32847431078488 0.25278263721783
$end
$temperature
298.15
$end
$mult
 1
$end
$sigma
 1
$end
$pressure
1.00000
$end
$scale
1.00
$end
$msrrho
$end
$freq
27.18
31.55
57.35
79.66
89.91
102.24
129.83
147.40
177.56
207.53
213.91
238.54
254.52
269.08
274.61
287.20
312.86
339.07
359.24
385.96
406.60
422.40
427.56
444.05
494.05
586.65
601.90
674.23
677.68
730.02
759.48
782.71
824.68
903.89
906.99
916.13
947.04
958.84
985.82
1009.80
1019.35
1041.34
1057.99
1097.89
1129.57
1142.80
1143.10
1162.63
1175.06
1185.42
1206.92
1212.20
1240.96
1252.03
1270.66
1284.88
1288.49
1328.33
1342.76
1355.41
1365.37
1385.35
1394.46
1432.24
1436.18
1443.73
1463.06
1468.72
1471.66
1480.84
1483.66
1679.73
1827.65
2950.91
2953.94
3011.37
3027.57
3030.78
3031.11
3036.41
3056.70
3068.49
3069.20
3074.84
3081.77
3091.41
3108.53
3498.85
3528.53
3645.65
$end
