
$molecule
 O -2.01177023712377 -1.93645481104622 3.97553501515231
 O -4.67222572810960 -3.22155053179147 1.04436608994369
 O -1.53677803526649 -0.41536661683948 1.01676581712659
 O 2.96526714210969 -2.26095229841412 3.82556684226392
 O 2.50506446913858 -0.27628106087481 2.92833969536213
 N -0.35581577684080 0.09834330330602 2.83040083050644
 C -3.83501788151989 -1.43721764048119 2.41156022064105
 C -2.57770519998243 -0.92128833050572 3.15435729389794
 C -3.46857859174203 -2.62141994055303 1.49682453589032
 C -4.47407549243089 -0.31106763052001 1.58855468482397
 C -4.86056326332578 -1.91355691061012 3.45671790845011
 C -1.44785189898904 -0.42354690877532 2.22984831533250
 C 0.05326681223481 -0.01562010160075 4.21596437317053
 C 0.89999310934746 -1.27665850321755 4.42096775830545
 C 2.18851462170809 -1.19236367110317 3.64022694116499
 H -2.88095579032127 -0.06154036276491 3.78329856390273
 H -2.86523006790190 -3.34970344427487 2.06465621082176
 H -2.87467051876418 -2.26896712790660 0.64314020652201
 H -4.76191379990110 0.51917569333645 2.23525850278393
 H -5.36573165662308 -0.69366116260919 1.09163594303351
 H -3.78867422587528 0.05808163688285 0.82824314015216
 H -5.78272057378261 -2.20464043085544 2.95561063866340
 H -5.08448192356349 -1.11520518852411 4.16554545011091
 H -4.49371247882695 -2.78205038292537 4.00747705351223
 H 0.39434352368014 0.32523774073470 2.18773598965453
 H -2.70921168488984 -2.36690457413367 4.48804251881797
 H 0.65020981296806 0.87010629349989 4.45784467212266
 H -0.82102179696886 -0.03863466710219 4.86759918481733
 H -4.48485562342658 -3.79086862792794 0.28888102626460
 H 0.35368377120601 -2.16237506474906 4.08868170244773
 H 1.14113898270778 -1.41171786271292 5.47781945854333
 H 3.77358400104743 -2.16435381494446 3.29531841581789
$end
$temperature
298.15
$end
$mult
 1
$end
$sigma
 1
$end
$pressure
1.00000
$end
$scale
1.00
$end
$msrrho
$end
$freq
27.36
39.18
59.02
63.21
83.41
100.45
117.26
159.27
166.29
176.95
195.27
209.73
235.90
236.38
277.96
293.62
300.93
325.15
351.36
370.58
397.50
444.98
470.54
473.53
513.04
567.63
613.51
620.22
644.26
654.30
685.37
781.77
824.93
846.22
895.29
938.08
952.01
959.79
980.97
982.99
1022.16
1023.76
1098.48
1100.55
1112.55
1129.59
1140.37
1142.05
1151.69
1206.20
1211.45
1218.29
1237.79
1248.63
1279.41
1297.51
1321.51
1333.80
1341.92
1345.20
1382.58
1388.02
1398.95
1401.84
1424.79
1453.88
1467.73
1473.58
1474.57
1478.97
1486.19
1734.39
1801.99
2882.62
2936.44
2997.76
3016.18
3024.20
3028.11
3036.10
3056.89
3062.49
3074.39
3078.69
3088.73
3105.76
3463.79
3548.08
3607.93
3655.37
$end
