
$molecule
 O 2.81739749325439 -1.99746441340341 -3.67589681226607
 O -0.79770092295180 -3.00889284081184 -5.74629235425538
 O 1.39934333194076 -1.83616399293389 -6.92851784485734
 O 1.82190694970682 -5.37385892418097 -6.00254247013278
 O 3.64659037935319 -6.65016538577108 -6.08337209220885
 N 3.23620626092139 -2.87680394343453 -6.28479964745950
 C 0.45233990181951 -1.53822893124815 -4.19773948084582
 C 1.94823527872261 -1.44128525234717 -4.64477964829565
 C -0.14105389326938 -2.94286599323126 -4.50941751182465
 C -0.36839805471531 -0.44370354243674 -4.89247995257998
 C 0.37465979816012 -1.31202417842542 -2.67814328444322
 C 2.17117012758737 -2.09189031010119 -6.01238840211311
 C 4.23136833730445 -3.50374596405542 -5.43701119288051
 C 3.65067337129104 -4.70353997680515 -4.66601317654988
 C 3.06651465018238 -5.69662528412938 -5.64229083482428
 H 2.19817639137267 -0.37334694486979 -4.78836871440008
 H -0.89177023988209 -3.18964970878030 -3.74773973817635
 H 0.66436484629958 -3.69511050153698 -4.44240156476582
 H -0.04632177031169 0.54232980334929 -4.55472184563897
 H -1.42409890070634 -0.57107034395684 -4.65339667628680
 H -0.25460620210617 -0.49493189281533 -5.97289409632173
 H -0.66886456992672 -1.23068710178122 -2.37386246836861
 H 0.88513252672085 -0.38935202373708 -2.39582872380815
 H 0.82292254579122 -2.14497158254978 -2.13531228094678
 H 3.16706117585726 -3.26738746002032 -7.21604247134512
 H 2.79720890325974 -1.45821116263822 -2.87519181207618
 H 5.03414645114514 -3.85074197445023 -6.09564779647291
 H 4.64965847384453 -2.77849223186837 -4.73811378258036
 H -0.18526494118430 -2.72821074597665 -6.45175233719944
 H 2.87439615330430 -4.36077396423073 -3.98174336710981
 H 4.45296818156091 -5.18513466481927 -4.10548387938355
 H 1.47801796565707 -6.02229056601087 -6.63841973957709
$end
$temperature
298.15
$end
$mult
 1
$end
$sigma
 1
$end
$pressure
1.00000
$end
$scale
1.00
$end
$msrrho
$end
$freq
2.0
29.21
43.52
63.75
77.51
135.18
156.67
175.25
196.77
204.33
233.11
252.98
271.59
274.33
312.33
321.49
337.95
358.50
378.28
403.74
438.04
472.40
487.78
527.62
531.86
562.28
579.19
598.86
631.48
655.25
731.69
792.74
804.11
838.24
903.05
915.06
934.65
957.79
988.37
1001.36
1011.77
1019.43
1089.48
1117.59
1123.04
1139.10
1149.82
1159.16
1164.04
1186.03
1210.06
1215.44
1248.38
1254.37
1276.80
1293.76
1322.30
1334.19
1342.28
1365.85
1385.82
1387.55
1398.51
1425.47
1429.92
1461.97
1470.81
1473.23
1478.42
1483.19
1488.47
1683.73
1815.73
2897.24
2930.91
3002.05
3019.57
3025.74
3037.86
3045.58
3066.91
3073.55
3076.62
3079.41
3087.97
3112.19
3476.66
3480.89
3549.13
3629.14
$end
