
$molecule
 O 5.20166543590909 -9.11282726463390 0.82461664103746
 O 7.88161423281749 -6.02376471664533 1.70448960047941
 O 6.92725466409931 -7.55563649178602 -1.59951923010997
 O 4.61284608215812 -10.54682964786586 -1.57420898035124
 O 4.16036427512429 -11.82692587594006 0.19750965646786
 N 7.35078762668162 -9.63901014562807 -0.96570734746307
 C 5.69146779502233 -6.70871285626925 0.85267460701715
 C 6.22787089272873 -8.15029827862518 0.65354658692851
 C 6.87175218491696 -5.71586083875627 0.76135341218761
 C 5.07109895787102 -6.61399182116927 2.25953397792249
 C 4.61810540046596 -6.36326949740253 -0.18585625899449
 C 6.83583313889457 -8.40838818350850 -0.73714425845608
 C 7.32198202500019 -10.83455148801854 -0.15123209115760
 C 6.37155465090568 -11.89054734901316 -0.74747500112780
 C 4.93109746260756 -11.43575905743020 -0.63550059759862
 H 7.03375546146057 -8.31715470936311 1.39308972310613
 H 6.49930595405079 -4.69012406016488 0.91170101957615
 H 7.33670058987046 -5.77159414155788 -0.22695541186884
 H 4.16570423980477 -7.21854883725726 2.32433465852566
 H 4.80299204503759 -5.58033011972122 2.48108142553934
 H 5.77415062727973 -6.96088368424673 3.01865268735356
 H 4.13155261803514 -5.42261658146901 0.07487257333590
 H 3.86529205720407 -7.15196478876362 -0.21170041913833
 H 5.05294203842055 -6.26508237007003 -1.17869192779534
 H 7.67714305468430 -9.75991932631690 -1.91486396219044
 H 4.85206582951543 -9.09058156970139 1.72427195222288
 H 8.33504001639747 -11.25328418636206 -0.12342328483250
 H 7.02068392728262 -10.59081328986747 0.86790819187576
 H 7.60773783611752 -5.75147972866204 2.58872257589353
 H 6.48697779800548 -12.82406323104034 -0.19478374667995
 H 6.62025490996203 -12.05242571252131 -1.79800292292854
 H 3.73456617167282 -10.18095315022437 -1.37935484876736
$end
$temperature
298.15
$end
$mult
 1
$end
$sigma
 1
$end
$pressure
1.00000
$end
$scale
1.00
$end
$msrrho
$end
$freq
21.26
30.52
67.18
70.19
78.60
100.01
122.18
140.39
183.74
191.44
204.35
233.84
243.65
259.18
273.32
291.79
308.81
339.66
347.93
362.33
398.03
421.13
435.63
515.26
539.18
559.14
569.28
577.74
584.16
677.92
726.18
800.04
824.26
840.56
901.26
917.77
939.36
957.42
971.48
997.44
1012.21
1031.83
1060.91
1090.34
1098.92
1114.72
1137.35
1150.04
1182.13
1188.83
1202.79
1235.66
1245.60
1264.99
1278.82
1293.36
1326.75
1331.55
1339.79
1349.36
1361.80
1387.37
1396.05
1423.96
1434.95
1453.95
1463.38
1469.77
1475.12
1481.45
1487.27
1731.99
1811.72
2901.74
2944.45
2994.74
3026.63
3033.36
3036.75
3057.64
3068.03
3070.77
3072.64
3076.50
3082.69
3103.98
3485.70
3556.43
3628.53
3645.53
$end
