
$molecule
 O 6.32217081756372 -2.05789229782362 -1.38095708258615
 O 3.12440952977243 -1.80751111030276 -4.34300382611556
 O 7.31457678467190 -0.76908356526395 -3.37092727741058
 O 4.13930593301903 2.01126836126654 -2.81034615009840
 O 4.31974759145151 3.81972046129635 -4.09636470369699
 N 5.31990915124528 -0.10470167768620 -4.20346500299921
 C 4.82630787148787 -3.05390085642798 -3.04580403595204
 C 5.37855941659153 -1.75075245002851 -2.37333069475322
 C 3.34309191563951 -2.86909394516636 -3.43327219052013
 C 4.88824964299301 -4.19770581271685 -2.02210608654412
 C 5.66151420507863 -3.43287887196696 -4.27696779107420
 C 6.09670099862209 -0.82060651945198 -3.36342937213640
 C 5.92646033795675 0.96467692111066 -4.97332216899264
 C 6.11861216429808 2.22086952121462 -4.10463664722276
 C 4.78610564983610 2.79294499373400 -3.68801211841570
 H 4.53891598679950 -1.20904273776042 -1.90920970973221
 H 2.75919295189624 -2.63170366137523 -2.53611709027294
 H 2.95927624332378 -3.81302719247778 -3.85274618420764
 H 5.92357982657424 -4.43207960644534 -1.78000282158819
 H 4.41460003747812 -5.09182829271769 -2.42940820840364
 H 4.37542763348004 -3.91334211591801 -1.10333119052217
 H 5.34849174588749 -4.40425933893815 -4.66174809935133
 H 6.71694221675403 -3.48604243450264 -4.00965741096919
 H 5.54485327772739 -2.69317552657543 -5.07042001137533
 H 4.33268651784186 -0.02704458918275 -4.00003649765610
 H 7.19713633687716 -1.81274313388739 -1.74520885803316
 H 6.90379711978111 0.61839686184114 -5.32010309843462
 H 5.29180856219685 1.18581232693365 -5.83550608847010
 H 3.51324778948390 -2.02683671881041 -5.19973421628181
 H 6.65962111452805 2.97868998585697 -4.67285227834649
 H 6.69277791069111 1.95121401894992 -3.21587277433154
 H 3.29351271844841 2.42998600322282 -2.57996631350631
$end
$temperature
298.15
$end
$mult
 1
$end
$sigma
 1
$end
$pressure
1.00000
$end
$scale
1.00
$end
$msrrho
$end
$freq
12.97
24.04
29.51
38.53
63.50
97.81
121.52
144.16
187.43
205.76
213.93
240.81
248.89
284.36
301.30
319.41
340.44
358.58
368.82
385.01
414.10
448.89
473.05
492.99
558.89
573.71
583.21
599.57
643.80
718.89
746.64
798.75
829.39
883.78
896.64
922.15
937.63
957.07
987.67
993.64
1013.39
1028.22
1076.99
1102.96
1121.12
1125.75
1140.24
1158.92
1163.92
1188.78
1200.26
1217.27
1233.99
1242.34
1259.10
1289.50
1295.24
1325.12
1337.63
1360.52
1368.58
1386.49
1395.36
1422.66
1426.59
1438.75
1466.85
1470.14
1474.25
1480.34
1482.11
1723.58
1817.26
2941.25
2948.49
3016.12
3022.13
3030.69
3034.34
3036.97
3057.64
3071.22
3076.96
3079.31
3081.71
3094.75
3420.71
3492.68
3547.18
3629.90
$end
