
$molecule
 O 1.56026555309702 -5.48484578729915 3.93039095136592
 O 0.57692381173687 -5.46609442722832 6.43040836013097
 O 0.85981759206164 -8.58319914975351 3.01863997782412
 O 3.45336409153055 -7.74273933288759 3.05660858597856
 O 4.62613413782868 -7.81363215097726 4.94387932608353
 N 1.22509846301046 -8.00484692808318 5.17338248021213
 C -0.81093269624230 -5.76532338584988 4.39675948100725
 C 0.43383130910930 -6.29502766243071 3.62991440367066
 C -0.40205020902467 -4.87647284176315 5.59878202454810
 C -1.68044810035713 -6.93108385981099 4.88916384015068
 C -1.63654288209803 -4.89264957879787 3.43805355775601
 C 0.81915814603309 -7.75449415855857 3.92268207120801
 C 1.89095453449791 -9.24717964161255 5.53727810214291
 C 3.04990474953917 -9.57637002355827 4.57841581854176
 C 3.80467231642800 -8.29982920774507 4.22281636887067
 H 0.22826608623500 -6.25724018592185 2.54595220483398
 H -1.29221026040867 -4.69897775844064 6.21486564896035
 H -0.04162860775751 -3.90636694846254 5.22733896120667
 H -1.86825255047372 -7.63978155236053 4.08228433464067
 H -2.63813836372623 -6.55272066004077 5.24801112018499
 H -1.19120458513332 -7.45443143478895 5.71005455786548
 H -2.48049405548402 -4.44593841148525 3.96507520146752
 H -2.02334534544656 -5.49334168520389 2.61460305467336
 H -1.02068321058782 -4.09234127519647 3.02697976870309
 H 1.22174339339409 -7.24976932011782 5.84750157651544
 H 2.35404120927640 -5.85984911142132 3.51387256899836
 H 2.27114376480058 -9.12127093525305 6.55387360049933
 H 1.16700098657909 -10.06866795706237 5.52584985296722
 H 1.44118620815408 -5.25987243819929 6.03908360752400
 H 2.66919415722693 -10.06282251223607 3.67950914634842
 H 3.73884992073545 -10.25314270354501 5.08672870346220
 H 2.70176843546715 -8.21136597390766 2.63637374165391
$end
$temperature
298.15
$end
$mult
 1
$end
$sigma
 1
$end
$pressure
1.00000
$end
$scale
1.00
$end
$msrrho
$end
$freq
32.95
45.56
66.95
86.13
110.89
135.72
146.03
158.77
181.87
216.47
227.91
240.44
244.41
262.79
277.86
303.54
336.09
371.32
397.52
405.49
431.39
444.05
456.65
492.94
540.84
577.22
588.63
639.03
689.54
714.58
742.10
800.56
825.06
883.24
903.19
918.59
947.68
956.96
970.93
990.84
1017.06
1027.81
1089.47
1115.42
1120.66
1125.89
1132.05
1153.95
1164.69
1191.23
1211.62
1224.86
1242.88
1256.02
1261.60
1284.26
1309.22
1322.63
1340.14
1348.95
1372.28
1385.84
1394.93
1428.73
1438.31
1446.88
1462.88
1471.19
1475.06
1477.82
1483.30
1698.34
1826.49
2928.08
2966.68
3007.36
3010.42
3031.38
3036.60
3039.72
3051.53
3075.25
3077.64
3078.55
3079.18
3089.35
3380.27
3450.20
3541.11
3575.62
$end
