
$molecule
 O 4.14551651541607 -4.92915672605235 -1.93967655949769
 O 7.77363246625481 -5.02697648994936 0.10896602492639
 O 4.35466720093970 -2.59405083807092 0.46742641907712
 O 1.52673400679006 -0.23264799431163 -1.11924355015347
 O -0.05796856386520 -0.34934501948414 -2.67959982703976
 N 2.57232133622310 -2.88269933186318 -0.83015993257375
 C 6.25100638049113 -3.83633995610579 -1.30903980781384
 C 4.75451752982182 -3.67435966683164 -1.67462988517731
 C 6.40172259858680 -4.69794060059126 -0.04111904681697
 C 6.90504508108441 -2.46450814277969 -1.09850815908716
 C 6.96648524037324 -4.53887588003963 -2.47740183712161
 C 3.89916870539513 -3.00031300829495 -0.58338272385949
 C 1.87786365197440 -3.05093638811721 -2.08770875272805
 C 1.88964112098131 -1.74489404488910 -2.90793480640105
 C 1.00599832118763 -0.70621797558381 -2.25716797698296
 H 4.69304719122549 -3.03033594991341 -2.57478145632308
 H 5.79483333717316 -5.61287933320979 -0.14650990755701
 H 6.04483934876486 -4.14318088844708 0.83697692770341
 H 6.82316654648840 -1.85908396644896 -2.00257057813011
 H 7.96054181386266 -2.60427762204553 -0.86472191864407
 H 6.43879917969664 -1.92836727338164 -0.27435515910101
 H 8.03453298412884 -4.59211868490467 -2.27098318016124
 H 6.81653485208830 -3.98696695685413 -3.40632915228210
 H 6.60260281910344 -5.55956477566184 -2.61055170048155
 H 2.09174703550441 -2.32830861646422 -0.13304665175356
 H 4.70957755805883 -5.45146776295500 -2.52578425337595
 H 2.34317376812288 -3.84914530175889 -2.66628768254734
 H 0.84513215831197 -3.34111345615697 -1.87042904770220
 H 7.92624288916484 -5.37729508442197 0.99446656266563
 H 1.50985181884981 -1.94222367566709 -3.91132410556478
 H 2.90999161398156 -1.36251169990866 -2.97174011779891
 H 0.92332449381914 0.42684611114449 -0.73887715769974
$end
$temperature
298.15
$end
$mult
 1
$end
$sigma
 1
$end
$pressure
1.00000
$end
$scale
1.00
$end
$msrrho
$end
$freq
18.75
21.97
45.81
53.26
80.81
93.53
104.58
154.45
169.21
181.12
195.38
208.55
231.10
243.08
270.94
289.25
297.94
324.43
349.04
367.30
397.67
440.54
443.20
483.29
556.97
571.55
576.81
600.53
633.46
690.63
723.47
782.09
823.10
842.35
905.47
939.47
951.29
959.85
979.60
981.35
1018.75
1022.86
1093.08
1098.50
1114.24
1117.79
1132.05
1143.16
1160.80
1206.20
1217.56
1221.60
1248.56
1260.25
1274.75
1294.40
1298.47
1320.67
1344.17
1347.53
1382.87
1388.08
1399.04
1420.09
1424.92
1451.36
1467.78
1473.60
1474.51
1479.17
1485.67
1737.51
1818.79
2871.51
2938.20
2995.49
3020.91
3025.00
3035.22
3035.67
3063.02
3075.73
3078.69
3084.88
3089.06
3106.14
3480.23
3547.09
3609.58
3654.40
$end
