
$molecule
 O 3.40929336165439 -7.23973530156234 1.22515332441481
 O 5.96544987623945 -8.32082150132450 4.34911288812011
 O 5.53881250660096 -4.51863550946893 0.48821730244465
 O 1.69779169757860 -3.68378798502859 2.80955721955303
 O 2.94855521917877 -2.36536537801459 4.09165299159916
 N 3.30802607243352 -4.72095428766246 0.76906693631628
 C 5.34319701680465 -6.73976404525413 2.65370148864848
 C 4.70116592363903 -6.64835403232291 1.23985140129027
 C 5.34051793319138 -8.22127279127439 3.08403924389182
 C 4.51541521899421 -5.92700712972071 3.65696437383863
 C 6.78874513852362 -6.23409568147193 2.60992493432885
 C 4.56990361532355 -5.18704890000610 0.79972202339470
 C 3.07561577907837 -3.30909051585782 0.53024887811049
 C 3.47157446868882 -2.47699744787027 1.75274653099741
 C 2.70525182039646 -2.81875883460572 3.00823865554143
 H 5.35788250023937 -7.15158750205023 0.51133360217269
 H 5.88167208200433 -8.82587935871141 2.33533764176060
 H 4.30318495243504 -8.59195959463937 3.13999572569434
 H 4.61152411582606 -4.86007551575777 3.45770374786675
 H 4.86309080558941 -6.12479512812603 4.67025138671298
 H 3.46182140946612 -6.20194763360428 3.58608065807795
 H 7.25833850537628 -6.38928316879735 3.58067219961573
 H 6.82087026370371 -5.17258064128453 2.37187910806874
 H 7.35942869689083 -6.77611965490405 1.85453188552533
 H 2.57074226440303 -5.26560009703213 1.19096791207898
 H 3.47075608733272 -8.18755548154587 1.05915405604193
 H 3.68828240886763 -3.00137615681865 -0.32257487765979
 H 2.01918185644915 -3.16823053898059 0.28929941960006
 H 5.95882838339943 -9.23627290079709 4.65225396413545
 H 3.30966508719756 -1.41453505953426 1.55260543582948
 H 4.53576645515842 -2.60747142961072 1.96676065484466
 H 1.25810847733469 -3.84486879636036 3.66071128714426
$end
$temperature
298.15
$end
$mult
 1
$end
$sigma
 1
$end
$pressure
1.00000
$end
$scale
1.00
$end
$msrrho
$end
$freq
12.80
22.55
28.46
49.12
58.53
104.82
114.44
128.71
162.30
185.35
189.96
202.92
216.28
237.43
250.28
277.21
304.10
322.49
330.11
363.09
382.30
426.70
466.36
489.18
517.97
539.84
577.64
592.72
634.83
657.25
708.11
794.39
815.90
871.56
894.61
935.07
945.04
964.02
977.41
981.37
1030.15
1037.69
1078.03
1096.13
1109.62
1131.64
1142.76
1147.94
1155.10
1179.38
1204.77
1226.82
1237.50
1241.75
1255.99
1267.63
1304.95
1311.59
1329.15
1342.94
1383.98
1388.24
1399.02
1406.52
1425.98
1438.22
1467.06
1472.76
1474.88
1477.20
1489.94
1736.02
1812.44
2919.61
2933.22
2935.46
3019.18
3022.01
3036.94
3039.25
3046.42
3059.77
3081.60
3084.22
3093.09
3103.34
3518.63
3548.82
3651.40
3652.48
$end
