
$molecule
 O 6.35845025914671 3.17693252645965 2.36351586126232
 O 3.75254449928151 4.13226706649182 2.76626884399670
 O 4.96413197495674 1.35589817119213 5.06769145556605
 O 4.10451976764783 4.70752936777489 8.41294089480744
 O 2.08491834048070 5.11423379301982 7.57218317862598
 N 5.70195066878436 3.48365566160634 4.83878735999151
 C 4.31629924186560 1.81731250568221 2.12432402723831
 C 5.66059431730247 2.05075785206619 2.87730785892474
 C 3.24585645711259 2.82188315090788 2.60774618352494
 C 3.82215654743310 0.39123800697979 2.39483566829542
 C 4.54560287559862 1.99738894500680 0.61493765713156
 C 5.39731426321273 2.25802640298991 4.37393264854466
 C 5.24494420121668 3.86987337646502 6.16170209835911
 C 3.73548692775563 4.13074093497644 6.13316001718174
 C 3.20190362222023 4.70254736868732 7.42152633653067
 H 6.28470643755669 1.14816085267879 2.77570964257162
 H 2.85722167123166 2.50646462560033 3.58423870225458
 H 2.40558673197979 2.82074595103914 1.89343248431575
 H 4.52686192714087 -0.33725919336146 1.99255094499708
 H 2.85309987252928 0.23516490033581 1.91962335003082
 H 3.71792666227634 0.21720822597234 3.46486944505092
 H 3.64146941133406 1.72992768240194 0.06749389492225
 H 5.36025209671602 1.35828317522856 0.27181362057574
 H 4.79299722279862 3.03340795282570 0.38090829611817
 H 5.82987821965534 4.21751592934522 4.15686719955931
 H 6.87803104010410 2.92173850432579 1.59190518989067
 H 5.47262459438026 3.05756117656047 6.85718824639486
 H 5.78860359745903 4.76738130782102 6.46705023179346
 H 4.46559661693569 4.29100144758304 2.13129592233251
 H 3.20351140084739 3.19245798558989 5.94947525001611
 H 3.47324943405495 4.81116963537785 5.31858288060334
 H 3.68779909897892 5.07039571037232 9.21178360859251
$end
$temperature
298.15
$end
$mult
 1
$end
$sigma
 1
$end
$pressure
1.00000
$end
$scale
1.00
$end
$msrrho
$end
$freq
20.46
32.51
46.91
61.26
75.06
103.54
140.38
163.01
168.56
198.42
211.28
226.71
230.17
248.50
260.65
274.04
295.91
334.30
345.30
383.47
409.22
421.93
464.10
496.14
504.81
530.52
585.41
596.10
629.16
648.44
708.52
777.68
801.32
884.87
898.06
932.92
940.80
957.99
982.03
1019.18
1035.90
1064.81
1065.73
1106.21
1119.46
1141.83
1143.21
1148.98
1171.31
1174.32
1223.01
1227.02
1241.12
1252.09
1255.10
1273.50
1275.71
1311.44
1338.85
1346.54
1375.23
1387.89
1396.20
1412.12
1429.83
1445.02
1467.05
1473.90
1478.77
1482.75
1488.06
1735.97
1812.23
2935.23
2939.22
3008.05
3017.94
3029.20
3030.24
3035.02
3043.37
3063.54
3072.86
3075.10
3075.99
3096.45
3511.13
3551.70
3602.94
3644.54
$end
