
$molecule
 O -2.31215192772906 -2.97183237456218 3.98998236099769
 O -1.15438322811157 -0.28556554460555 6.92379121333598
 O 0.76399718608064 -4.45681520795302 4.82498996623975
 O 0.48538349016429 -6.15399786125838 1.74671833797024
 O -1.28229891241553 -4.84691008064152 2.09330301771221
 N 0.25924903290012 -2.76335256362317 3.39732328823930
 C -1.47745278290820 -2.55075618890858 6.21205793910285
 C -1.43902076454390 -3.48516597340045 4.97821277619975
 C -1.10961655256549 -1.11991846627108 5.77940426672349
 C -0.49108937090036 -3.04446619051530 7.27577453029709
 C -2.90359128668809 -2.55396233836319 6.77966700980766
 C -0.02855168673584 -3.64013765357254 4.40566223705751
 C 1.32021377894576 -3.10956531340774 2.47307657323999
 C 0.73549419399692 -3.85110820660131 1.25222029238289
 C -0.13881070379120 -4.98405427119336 1.73188249349711
 H -1.76295875667319 -4.49154165175487 5.29332717398726
 H -1.82280124235791 -0.77002801716562 5.01614189969237
 H -0.09936469171171 -1.11049407567224 5.33616742505837
 H -0.71247573728485 -4.07621462228089 7.54987931235337
 H -0.57048158258682 -2.41836704370065 8.16390215369783
 H 0.53380314037166 -2.99674230183897 6.90915703360163
 H -2.97697618350376 -1.83530291416597 7.59536846875966
 H -3.16061503592397 -3.54382535615501 7.15835846205345
 H -3.61870903374399 -2.27919019697104 6.00413302750629
 H -0.54416916367122 -2.29432620447734 2.99530303028701
 H -2.37047923071230 -3.62329785459408 3.26827344831803
 H 1.82823612880686 -2.20167071612698 2.13658976196702
 H 2.03143641784938 -3.74908244303921 3.00361002409344
 H -0.99100545437923 0.62995311546865 6.66886231807437
 H 1.54739333164072 -4.23473665221611 0.63376459924323
 H 0.11926615468135 -3.16315485442510 0.67003183761108
 H -0.09213952649654 -6.83058997600905 2.13840172088592
$end
$temperature
298.15
$end
$mult
 1
$end
$sigma
 1
$end
$pressure
1.00000
$end
$scale
1.00
$end
$msrrho
$end
$freq
29.23
40.34
51.93
63.68
75.65
96.48
119.29
152.84
179.65
184.54
197.71
208.54
228.61
244.67
275.64
302.44
330.73
345.16
377.74
401.28
416.34
437.20
475.69
484.31
562.16
595.64
597.17
629.90
647.94
725.54
733.53
779.97
830.29
888.24
911.78
939.48
945.74
963.04
976.50
988.88
1027.70
1041.22
1077.62
1095.35
1117.77
1140.18
1143.96
1152.26
1166.90
1193.69
1197.57
1206.25
1236.10
1259.23
1265.88
1282.80
1290.54
1302.66
1331.96
1340.55
1384.08
1387.78
1398.18
1402.93
1430.88
1441.13
1469.38
1471.14
1475.65
1479.56
1489.19
1756.26
1778.02
2930.75
2935.36
2953.01
3018.37
3034.44
3036.04
3040.71
3052.73
3077.07
3079.88
3085.40
3089.66
3092.59
3458.28
3517.79
3542.27
3654.77
$end
