
$molecule
 O -1.26610042752674 2.89997743980077 4.29848849162143
 O -2.67547754940682 3.13140539610811 1.73079895109445
 O 1.74022756157166 1.40630860785998 3.20828859294423
 O 2.48395214888989 3.82389798003658 4.28923499240191
 O 0.85327624138560 4.25839842143155 5.72097741126646
 N 0.64655281388112 1.29618750346231 5.18791307454702
 C -1.42472130288783 1.20306932537093 2.58450224151956
 C -0.52161722749927 2.25051398974158 3.28472926526176
 C -2.80321331503658 1.85592052335632 2.31407271262541
 C -1.62861648403421 -0.02440459330716 3.48037169603493
 C -0.77224002994678 0.80767057528724 1.25581726809330
 C 0.73319236867771 1.60803265687881 3.86654163283475
 C 1.89019380151231 1.16198204934712 5.92526100685442
 C 2.39953859182281 2.55516065213631 6.36019233823015
 C 1.83961396511999 3.63151989102040 5.43571757871706
 H -0.18358758199966 2.98049564395937 2.53062823953723
 H -3.37347910843407 1.91574775091904 3.25376912207297
 H -3.36292811117790 1.22932484162191 1.60943321191278
 H -0.69576264578932 -0.57556054791351 3.59919193862948
 H -2.37020850233958 -0.69116750986862 3.03932021856417
 H -1.97851240003674 0.28319886469574 4.46662626138805
 H -1.33717953899021 0.00314694078233 0.78422457820488
 H 0.25230208082097 0.47108251571662 1.41215518203187
 H -0.76044679582305 1.66601809954850 0.58322940859013
 H -0.14023856059724 1.69316649181913 5.68818758009818
 H -0.73756662921411 3.62505299004992 4.68154549861693
 H 1.72641946107609 0.52744662768874 6.79917902092976
 H 2.61439190073468 0.68003366780928 5.26287590343454
 H -2.39623489686293 3.75231721029828 2.41896207638992
 H 3.49034536075935 2.57528528287346 6.35270962419912
 H 2.04549649387890 2.78401567208123 7.36700119837642
 H 3.00217031746386 3.05994003938650 3.98395268297207
$end
$temperature
298.15
$end
$mult
 1
$end
$sigma
 1
$end
$pressure
1.00000
$end
$scale
1.00
$end
$msrrho
$end
$freq
37.97
41.86
60.83
67.82
90.33
111.03
136.74
148.69
200.23
203.84
215.34
223.66
232.69
264.70
307.67
328.95
345.79
389.76
405.91
408.45
423.05
431.60
468.43
510.42
519.06
572.04
597.02
630.56
635.26
707.51
727.32
796.74
829.82
894.06
908.04
920.23
929.09
960.06
976.01
996.45
1018.59
1023.07
1080.89
1099.68
1102.54
1127.12
1133.02
1146.27
1154.36
1194.84
1206.79
1212.33
1245.41
1258.59
1262.69
1275.52
1279.83
1320.79
1340.86
1348.54
1364.00
1386.75
1394.59
1407.12
1435.54
1444.35
1467.01
1469.03
1474.35
1478.24
1479.32
1722.06
1788.36
2939.16
2955.09
3014.67
3027.18
3033.17
3034.51
3035.52
3057.21
3072.85
3076.90
3079.57
3081.37
3088.62
3460.63
3477.29
3523.61
3609.85
$end
