
$molecule
 O 5.33994644560136 -1.12720261611163 2.80660940372015
 O 5.91295778832521 -3.31780964687347 6.31913980119347
 O 5.25963969919118 0.34984531153841 5.83858192633266
 O 7.26902449020199 1.54197956043506 -0.33920010456802
 O 8.76157189931266 0.24804116201326 0.68062113001035
 N 6.93754814129682 0.62875918254064 4.41076656429509
 C 4.36844046954381 -2.17875127933569 4.80045660041133
 C 5.56303280608060 -1.40675873980089 4.18242919288976
 C 4.71797100517267 -2.56276262778612 6.25609300203601
 C 4.15244599787368 -3.46934577574650 3.98740357320294
 C 3.08200312212548 -1.34617451899452 4.75955904845881
 C 5.87052647742625 -0.06588507710476 4.87264442428753
 C 7.68340116437996 0.43499469028443 3.18635298137737
 C 7.04817773915904 1.22834272545380 2.03566317994124
 C 7.79187472033208 0.94371819220381 0.74234408284971
 H 6.46690686785581 -2.03430505354800 4.29560015158414
 H 3.87890811929422 -3.12403062741739 6.69687699514758
 H 4.88207958776536 -1.66275278167749 6.85532087953489
 H 3.79063235232708 -3.23998193425828 2.98432764658041
 H 3.40892885423299 -4.09896889103894 4.47738710959396
 H 5.08219094555702 -4.03386136608547 3.90020923177272
 H 2.22672141159930 -1.96279398492627 5.03835013198674
 H 2.92390240127231 -0.96314803493849 3.75084634568022
 H 3.14035801066904 -0.50400787034120 5.44646259035056
 H 7.05813459781045 1.52118796862485 4.87034032768120
 H 5.26104151346968 -1.95416698799967 2.31399889187357
 H 8.70890663029971 0.78099655908616 3.34931767512321
 H 7.71888285763086 -0.62472695669420 2.92871073412847
 H 5.75282671250110 -4.22592934230017 6.03517133444885
 H 7.08184825597902 2.30150339117582 2.24078229699698
 H 6.00044353725346 0.94253577126956 1.91737212028013
 H 6.47632937845966 2.06161859835482 -0.15296626920631
$end
$temperature
298.15
$end
$mult
 1
$end
$sigma
 1
$end
$pressure
1.00000
$end
$scale
1.00
$end
$msrrho
$end
$freq
23.45
29.54
33.60
47.28
90.22
111.84
156.86
164.04
182.78
197.62
206.61
223.42
235.02
259.24
268.03
289.18
309.54
332.57
353.59
366.60
398.16
429.44
448.39
455.55
514.74
539.15
567.87
577.96
594.83
643.23
697.02
782.03
801.34
849.02
907.43
916.08
937.52
957.31
992.13
1006.32
1013.29
1048.75
1066.27
1083.23
1091.91
1110.04
1116.44
1134.51
1174.89
1190.03
1198.97
1234.72
1245.15
1249.66
1274.64
1279.46
1326.07
1332.08
1338.56
1349.59
1361.26
1387.30
1395.95
1416.97
1424.11
1457.19
1463.32
1469.77
1475.11
1481.05
1487.62
1733.59
1830.84
2906.32
2945.04
3020.08
3024.00
3026.67
3037.54
3052.11
3057.68
3067.78
3070.82
3074.02
3077.57
3103.94
3484.13
3618.49
3625.43
3645.71
$end
