
$molecule
 O 4.46523094670738 -0.39603738049761 4.52052930696435
 O 6.16162716675992 3.29895024426234 3.71659788334268
 O 2.34850572525130 -0.61670574160297 2.97779076059225
 O 6.62719047757886 -4.68373112572699 0.64730644432653
 O 6.83217425078833 -2.85218738745286 -0.59436329107295
 N 3.53031210048750 -0.96911240666119 1.10806433852929
 C 4.80608608767986 1.46297800748178 2.97885242055149
 C 4.65576844923109 -0.07804439520882 3.16241993471325
 C 5.95630815699232 1.91039981117719 3.90302732333716
 C 3.51860165946764 2.18443042054694 3.39500184476380
 C 5.15884958417747 1.80717394011065 1.52876893790182
 C 3.42696918848986 -0.59760816401380 2.41494530514850
 C 4.72307558850055 -1.49470961500879 0.47204283861698
 C 5.01593643997051 -2.92084122163479 0.96152261352248
 C 6.24878321641328 -3.46256847207695 0.24995036011167
 H 5.57837188198550 -0.57234030321929 2.82725779333758
 H 6.87240477683827 1.34771348344259 3.65392666468908
 H 5.69093531769037 1.69330621082888 4.94882906639948
 H 2.71322898013678 1.98078075340686 2.69034614530895
 H 3.69637970450032 3.25901451231277 3.42423561462807
 H 3.20448767425188 1.85569041512751 4.38598154252720
 H 5.30603452131844 2.88314862442358 1.43889698364287
 H 4.35771425740924 1.50795403010764 0.85289186024835
 H 6.08242062859854 1.31032773869741 1.22672798373000
 H 2.66085825022797 -1.35150576112331 0.75611791489026
 H 3.50206864208158 -0.45315619563614 4.66547525106226
 H 4.55553886690598 -1.50403421143783 -0.60833282465705
 H 5.58073960617906 -0.85055162036476 0.67308098226908
 H 6.79862545422874 3.62552160497811 4.36292240852861
 H 4.16757677046687 -3.57838724726702 0.75417301858839
 H 5.18829289111223 -2.93069040864188 2.04073936443399
 H 6.07685573757021 -5.06567613932215 1.34335720902555
$end
$temperature
298.15
$end
$mult
 1
$end
$sigma
 1
$end
$pressure
1.00000
$end
$scale
1.00
$end
$msrrho
$end
$freq
24.11
25.72
38.51
49.40
75.35
89.21
113.23
142.17
179.72
186.21
197.21
217.27
238.28
249.79
267.28
308.67
328.67
334.56
352.22
376.67
437.82
446.96
453.35
454.22
504.76
539.48
552.42
611.86
647.62
662.39
702.46
779.11
800.73
867.37
911.24
929.85
944.61
960.86
982.38
1000.68
1029.89
1045.95
1066.86
1080.29
1096.32
1131.63
1142.53
1163.85
1171.91
1180.87
1196.85
1220.66
1241.95
1248.30
1261.12
1273.63
1293.33
1315.54
1336.59
1375.02
1380.36
1387.35
1397.49
1405.99
1419.73
1455.36
1469.62
1474.79
1477.93
1479.39
1485.72
1723.94
1834.49
2925.08
2964.90
2977.57
3016.88
3030.69
3035.73
3041.50
3042.63
3073.00
3074.12
3086.20
3087.69
3092.74
3463.41
3482.13
3615.60
3652.62
$end
