
$molecule
 O 5.96378060082799 -5.02006317711326 -2.10495822352183
 O 4.94927275335810 -6.77282519921342 -5.05903870754022
 O 5.10360661072330 -6.28350395454558 0.07063592537073
 O 3.71617306128568 -10.24082670407234 -1.17319022847016
 O 4.40434187797188 -12.20284390375787 -1.96480812761590
 N 5.52845026878141 -8.31381586542202 -0.77990778829625
 C 3.99574202280260 -6.18014177463856 -2.94718686789398
 C 5.40660777794650 -6.29961966682958 -2.28852264820126
 C 4.23934304465731 -5.73624783768819 -4.40055683926552
 C 3.16345701531668 -5.11844585893852 -2.22024388547790
 C 3.25204223793988 -7.51842611545872 -2.94486743124275
 C 5.34234873815285 -6.95167384503287 -0.91243465909572
 C 6.28023163179483 -9.13507367166268 -1.73548501707541
 C 6.09260510790347 -10.61152570727172 -1.39241432594754
 C 4.65080811373786 -11.10920972854695 -1.55244791874300
 H 6.06659713719992 -6.85526422775924 -2.96643867037941
 H 4.82273757559671 -4.80236635242672 -4.40428333652417
 H 3.27503510699993 -5.54971885727923 -4.90002906561534
 H 3.06757734021677 -5.36889932435768 -1.16402891294234
 H 2.16665272459876 -5.06082392374406 -2.65778820697955
 H 3.63535407091415 -4.13942502341428 -2.30347441684693
 H 2.32516250288268 -7.42495825415220 -3.51167167363525
 H 3.00002931095205 -7.81845362170356 -1.92829858231760
 H 3.85527482486331 -8.29840125568365 -3.40860648554923
 H 5.72387117824025 -8.54277310853332 0.18949281574812
 H 5.74576138346811 -4.72776857370167 -1.20239742691675
 H 5.91269609322158 -8.94181956933399 -2.74542272542012
 H 7.34465980546295 -8.87400257471735 -1.69061216864348
 H 5.19139610573227 -6.48989111554962 -5.94895395171320
 H 6.38729486009881 -10.79513399786679 -0.35503045871459
 H 6.72852161126855 -11.22371540131608 -2.03443066494415
 H 4.10998850508403 -9.37393980827020 -0.90798032559224
$end
$temperature
298.15
$end
$mult
 1
$end
$sigma
 1
$end
$pressure
1.00000
$end
$scale
1.00
$end
$msrrho
$end
$freq
25.13
35.23
50.59
82.10
84.58
126.87
154.32
157.00
190.92
207.02
212.11
218.76
230.07
249.55
275.55
294.36
296.15
321.44
352.88
387.10
416.64
442.75
491.48
517.59
536.94
568.43
611.12
631.73
675.04
691.80
764.97
801.02
831.19
862.38
901.79
928.68
950.73
959.52
971.33
997.42
1022.38
1054.60
1065.05
1087.66
1129.57
1138.34
1141.23
1171.18
1172.52
1178.32
1211.57
1216.10
1245.68
1249.34
1266.38
1282.39
1295.34
1301.93
1317.23
1370.24
1375.38
1387.44
1388.44
1395.70
1423.94
1449.65
1470.28
1473.58
1477.30
1480.77
1481.26
1738.35
1834.56
2941.69
2958.61
2985.63
3007.11
3015.49
3038.62
3039.71
3057.12
3062.99
3080.00
3082.41
3089.44
3091.73
3187.79
3434.32
3517.40
3649.00
$end
