
$molecule
 O 4.70256396362405 -6.99140839152921 0.94832310001559
 O 7.34413395563441 -6.04396756554379 -2.13918316927174
 O 5.09752145392341 -4.22304187855791 1.06448944920770
 O 5.33352883499145 -2.28208869374496 -1.33220010829840
 O 5.29032121159253 -0.78206396643200 0.31558290978425
 N 2.99708099069302 -4.09311297260565 0.25343808682411
 C 5.08628900525289 -6.23996382301120 -1.35955524497366
 C 4.20413203738419 -6.16941331439804 -0.08315809280663
 C 6.51028743286207 -5.75656399469242 -1.02831957107167
 C 4.47475688071827 -5.36358066949987 -2.45925714295548
 C 5.14472192305981 -7.69412154032350 -1.85409068105347
 C 4.17129627966498 -4.73681369397786 0.48033685321644
 C 2.81196543163018 -2.72067017234291 0.68426926620400
 C 3.20944574446866 -1.72255905216229 -0.42143888160310
 C 4.71134347482928 -1.52996883011703 -0.42059148911245
 H 3.17493889780048 -6.47725005228546 -0.35215979713661
 H 6.86935946356472 -6.27253260553814 -0.12413200323781
 H 6.50334577018844 -4.67475143542994 -0.82825008675667
 H 3.48914874487950 -5.73551187231430 -2.74401470434729
 H 5.12174840345970 -5.37718313997650 -3.33621072170960
 H 4.37299857525488 -4.33298220053552 -2.12190314559018
 H 5.70628628921853 -7.74052314108962 -2.78628089768235
 H 4.13983195701389 -8.08027915787332 -2.02956369904730
 H 5.64765487482764 -8.33484207267043 -1.12797038690489
 H 2.27917391556244 -4.51271904050370 -0.31402558167074
 H 4.88171604738632 -7.88085096776011 0.61724023281277
 H 1.75894051882200 -2.58056684737287 0.94382098830918
 H 3.43042990844332 -2.55604684211689 1.57199156055808
 H 8.24926828287886 -5.77750600828497 -1.93865971867816
 H 2.74850952892277 -0.75782141378336 -0.20249273684369
 H 2.86937185195898 -2.08060773555258 -1.39405275317997
 H 6.29303534948905 -2.17787190797381 -1.22132883300001
$end
$temperature
298.15
$end
$mult
 1
$end
$sigma
 1
$end
$pressure
1.00000
$end
$scale
1.00
$end
$msrrho
$end
$freq
26.06
36.00
42.28
62.09
74.41
90.88
99.14
145.98
168.40
184.64
193.71
210.27
216.97
230.51
249.04
276.24
291.96
310.97
326.30
345.45
355.74
398.13
403.65
440.07
472.02
552.50
582.03
589.53
690.07
716.12
736.23
779.70
825.09
896.16
904.92
938.57
943.04
957.76
974.44
993.73
1022.64
1041.74
1049.62
1095.03
1114.29
1126.01
1142.47
1153.71
1169.46
1184.68
1199.89
1210.16
1229.57
1235.68
1252.42
1292.29
1303.33
1313.14
1325.52
1362.16
1383.06
1385.97
1396.70
1412.81
1429.21
1432.06
1469.58
1472.55
1476.65
1483.29
1483.87
1758.72
1817.00
2880.00
2957.14
2975.63
3013.46
3029.19
3035.33
3035.47
3050.71
3067.99
3075.39
3078.82
3088.27
3104.05
3525.54
3547.75
3626.46
3651.50
$end
