
$molecule
 O -1.65387985347318 -3.11012380739510 4.33042727449646
 O -1.21290938525841 0.46144101317801 6.62267422409990
 O 1.56096328680405 -2.23867379130899 5.05431286509610
 O 2.63242921332243 -7.22373867210822 1.62051967016523
 O 2.15223065715640 -5.06608557881144 1.41431032613200
 N 1.00223858350896 -4.02748586715951 3.85309628286985
 C -0.98607609126428 -1.97191988865291 6.40059036604971
 C -0.69361882445777 -3.09794845104066 5.37544966572459
 C -0.79153481520460 -0.57451239802369 5.76365005688466
 C -0.06684510180501 -2.10991206021922 7.62047818413454
 C -2.44823881699394 -2.13658555329211 6.85249431921295
 C 0.71859080194539 -3.06445633316281 4.75795390901026
 C 0.11710174641461 -5.03708225683481 3.30129671370396
 C 0.91262098787482 -6.32016262654141 3.04186141629275
 C 1.95097970666631 -6.11739870732911 1.94536250371707
 H -0.80553206963883 -4.06253766930340 5.89523584441853
 H -1.33419630960911 -0.52456031761548 4.80226909827939
 H 0.27026557359992 -0.39821068868610 5.56895247092760
 H -0.22343272557450 -3.06980683530291 8.11463744397752
 H -0.28901463986978 -1.31048779942898 8.32781200183473
 H 0.97907159147879 -2.03072577306609 7.32928933242133
 H -2.68573542587484 -1.42313546064233 7.64183526685668
 H -2.61141041242505 -3.14185636172343 7.24270995053204
 H -3.12891512304658 -1.97636095835334 6.01594163816095
 H 1.86683921335426 -3.88143420245803 3.34640831958944
 H -1.59476615988837 -2.29175520499068 3.81859419799211
 H -0.68670984390480 -5.25176609560852 4.00585180672415
 H -0.32187504117229 -4.67295604553702 2.36484249304264
 H -2.16780398333202 0.42211975114241 6.75702714451951
 H 0.23492890072347 -7.12327224504476 2.74143835752333
 H 1.42852506589581 -6.63619093873626 3.95275413426768
 H 2.38193129404879 -8.00936617594640 2.12338872134196
$end
$temperature
298.15
$end
$mult
 1
$end
$sigma
 1
$end
$pressure
1.00000
$end
$scale
1.00
$end
$msrrho
$end
$freq
11.25
34.11
50.85
64.49
75.40
84.09
119.54
137.83
174.06
197.08
198.95
228.39
236.00
269.37
282.90
293.64
299.88
320.18
349.57
360.04
396.22
425.56
443.06
460.89
502.90
540.28
576.82
590.93
621.80
636.74
690.14
773.93
833.94
859.48
893.38
905.93
958.54
969.84
984.89
988.01
1016.69
1042.24
1057.89
1097.26
1101.76
1114.78
1126.69
1147.87
1149.50
1188.59
1203.88
1229.24
1236.16
1250.24
1278.18
1310.48
1321.08
1333.89
1345.41
1360.66
1371.55
1387.99
1397.80
1411.20
1421.34
1441.74
1460.12
1468.98
1474.34
1479.26
1485.30
1736.95
1831.41
2904.64
2958.95
2997.04
3014.92
3032.84
3035.52
3043.61
3055.86
3073.67
3077.72
3078.59
3080.63
3101.54
3470.64
3611.25
3618.34
3641.53
$end
