
$molecule
 O 5.32237022675291 -5.80116048712525 -0.55798598805381
 O 8.15038369587332 -7.34430029689195 2.03809753181394
 O 7.47543682861821 -8.61453189098468 -0.30806803067779
 O 10.14496660914563 -4.24462637465148 -1.45051768222565
 O 8.03170805834625 -4.66965080313187 -0.91986740659452
 N 7.13281801708546 -7.07480988763845 -1.91654328704711
 C 5.74049158422059 -7.05063562566620 1.51562671151710
 C 5.60012730484383 -7.08210813572847 -0.03670236040621
 C 7.09147705111764 -6.42273949057758 1.94722323924845
 C 5.58743586210511 -8.46411359537989 2.09116514711204
 C 4.60599448746909 -6.16936885873857 2.06512067164791
 C 6.82650984090933 -7.67543789159924 -0.74335302389915
 C 8.48454883085807 -7.21901952183921 -2.41975202890443
 C 9.48456763170521 -6.51588807798897 -1.48224100330289
 C 9.12176686831466 -5.07101974812004 -1.25244937368415
 H 4.73510382588864 -7.71111624543484 -0.29691576347328
 H 6.97616864966686 -5.98155396471377 2.94613794674363
 H 7.34251836290262 -5.60300313295648 1.25070206825051
 H 4.58685487163037 -8.84720024732397 1.88704569119516
 H 5.73973111832717 -8.43782035501564 3.17034540757800
 H 6.31373626994171 -9.14978215573056 1.66031913261438
 H 4.59501307033876 -6.21161889029556 3.15439445672360
 H 3.64174354713101 -6.51636895042632 1.69274123997459
 H 4.73963136090821 -5.13199964135071 1.75877085438268
 H 6.66214026227163 -6.20083406322387 -2.11474964845214
 H 6.06742705406469 -5.20127972916337 -0.37778758707717
 H 8.72873900854666 -8.28391964228607 -2.46326685801359
 H 8.53155237674608 -6.79379718723482 -3.42514823296605
 H 8.11718099047947 -7.96782302968837 1.28934089316398
 H 10.49579147354792 -6.58500797892778 -1.88493482264098
 H 9.45962002703600 -7.01465135373871 -0.50846494376198
 H 9.86901183320304 -3.33181374642722 -1.26210895078473
$end
$temperature
298.15
$end
$mult
 1
$end
$sigma
 1
$end
$pressure
1.00000
$end
$scale
1.00
$end
$msrrho
$end
$freq
18.30
24.68
54.39
78.43
110.01
133.19
166.48
175.68
183.64
211.44
220.22
245.89
259.21
300.40
310.21
316.87
347.04
371.09
380.86
449.90
466.50
489.14
501.54
517.31
526.08
550.97
595.98
621.43
648.14
714.07
739.55
793.23
820.69
883.78
897.16
920.11
947.66
961.41
994.70
1001.61
1017.28
1039.18
1085.82
1120.52
1135.80
1139.39
1150.79
1161.03
1164.29
1173.75
1190.44
1219.90
1226.50
1251.90
1253.73
1271.80
1298.12
1328.74
1337.91
1353.32
1386.54
1390.21
1400.25
1411.25
1417.42
1440.28
1470.85
1473.05
1477.76
1482.15
1487.55
1715.22
1770.83
2928.55
2965.09
2995.63
3018.01
3025.09
3035.34
3038.58
3059.87
3070.07
3077.70
3078.87
3083.28
3109.53
3475.62
3480.08
3524.97
3540.40
$end
