
$molecule
 O 3.51962837492649 -0.91972633173472 4.33985965320698
 O 4.24952089665385 3.68636723076410 3.09000588350223
 O 1.42815581102383 -0.42726918495534 2.79241109979689
 O 5.73935140350022 -3.25043926907001 -0.87315931698099
 O 6.12569522441931 -1.07272080690287 -1.14815122896093
 N 2.68002250924859 -0.02134583984769 0.98108856215016
 C 3.86875864428849 1.42323226570460 3.76462460040277
 C 3.73058248993876 -0.04706055115737 3.25758904638970
 C 4.06022157135487 2.38183760589157 2.57631574619856
 C 5.10565799512224 1.48553222840524 4.67116777787332
 C 2.62464230491790 1.83483720785198 4.56059876894243
 C 2.52851292757336 -0.20368446694834 2.32540668401287
 C 3.89768294029879 -0.25186551713643 0.22628347405316
 C 4.18519238150831 -1.75267084455436 0.09461215364747
 C 5.44954664316914 -1.96098121352152 -0.70668265411640
 H 4.66721299859679 -0.34518807741543 2.76655361209534
 H 3.17619549238450 2.35060361944599 1.91798852454346
 H 4.93959649936324 2.07190656307564 1.98433847490508
 H 4.99117359025407 0.79039706216598 5.50229902871073
 H 5.22623480292750 2.49382218434938 5.06536551201994
 H 6.00435695350640 1.21930359287064 4.11222342243247
 H 2.74238447863766 2.85753806080388 4.91706903060233
 H 2.49327679064008 1.17750658699935 5.41975166813459
 H 1.72967755465585 1.78253881914819 3.94118794649300
 H 1.82709708825783 -0.23445438992233 0.47776223180926
 H 2.55600285759114 -1.01237034623824 4.45149610354097
 H 3.76676883770607 0.18707293839793 -0.76693794254511
 H 4.74374712009549 0.24755382721640 0.70278660799797
 H 4.33857052668175 4.31824434670412 2.36674459944747
 H 3.36162315638352 -2.26855802503280 -0.40481487593796
 H 4.31427908486779 -2.21583451519188 1.07591414833400
 H 6.56044804951310 -3.33398076016291 -1.38595034270423
$end
$temperature
298.15
$end
$mult
 1
$end
$sigma
 1
$end
$pressure
1.00000
$end
$scale
1.00
$end
$msrrho
$end
$freq
22.87
25.54
30.75
48.05
73.44
89.98
104.87
142.68
175.22
191.60
199.44
209.63
222.12
232.45
278.72
294.51
313.14
343.27
373.22
385.99
402.52
437.00
447.47
489.72
503.46
556.68
606.32
634.93
644.29
655.42
706.40
775.61
799.71
870.73
903.95
930.89
945.24
963.63
989.40
1005.77
1028.90
1057.76
1075.25
1096.97
1120.22
1140.34
1151.73
1167.14
1170.75
1179.42
1207.34
1224.57
1244.33
1245.86
1259.47
1289.38
1300.28
1317.96
1345.32
1375.05
1383.15
1386.79
1397.89
1405.65
1415.43
1458.61
1469.35
1471.12
1475.21
1478.60
1492.16
1725.70
1811.41
2914.91
2940.49
2981.87
3023.42
3031.98
3033.32
3043.85
3047.42
3065.86
3078.11
3089.85
3092.69
3094.15
3462.03
3502.63
3545.95
3650.83
$end
