
$molecule
 O -2.24501003350210 -1.71403161060311 5.57676115364802
 O -1.94149190627683 -4.56877701010975 8.53762573242432
 O 0.08393590454495 -1.47464416430117 4.40867514935456
 O 1.94466826596428 -6.19903654073196 0.91855537943134
 O 1.15054118702687 -4.13429103454374 0.73278656007641
 N -0.11241275189053 -3.35396337420798 3.21617284507723
 C -1.10571392877803 -3.70143622120813 6.39369875936222
 C -1.64474856642926 -2.91426333025724 5.15994944935519
 C -2.30885194022002 -3.90947623348414 7.34654616781985
 C -0.02665608764743 -2.89085005609257 7.12137484893949
 C -0.53882046863844 -5.05874777725636 5.96153530138303
 C -0.50254980934688 -2.52368395236678 4.21483123339199
 C -0.87429945219031 -4.41644232455291 2.58277443016314
 C 0.04928652565788 -5.60050449835811 2.27811462850054
 C 1.09242164317803 -5.21712792687702 1.23426909073306
 H -2.41166129882838 -3.51879573873998 4.65410837483276
 H -3.10455889956719 -4.46509051153675 6.82153640190382
 H -2.70422176398681 -2.93136886329469 7.63963581546186
 H 0.88059439427430 -2.82071398236685 6.52257514486211
 H 0.21288348662259 -3.37033290812659 8.07046050065457
 H -0.38872963260840 -1.88280251412090 7.32268965061051
 H -0.18258308082302 -5.60921000928319 6.83327011074036
 H 0.30409454414208 -4.92376102070752 5.28311540144623
 H -1.30166861888557 -5.65975697813264 5.46286348187043
 H 0.59080232786688 -2.94160514674091 2.61178166765983
 H -1.57422775704592 -1.01172075566789 5.47379018613243
 H -1.68433767585973 -4.74335930876255 3.23585490649997
 H -1.30298718036087 -4.03975247712903 1.64562229998960
 H -1.68422757004140 -5.48075784642712 8.35588038272971
 H -0.53455606327181 -6.44261504765058 1.89796362201189
 H 0.56430207286601 -5.92624872066437 3.18533442164542
 H 1.79997013405769 -7.02600311570237 1.39608190129247
$end
$temperature
298.15
$end
$mult
 1
$end
$sigma
 1
$end
$pressure
1.00000
$end
$scale
1.00
$end
$msrrho
$end
$freq
28.41
35.74
40.79
65.36
82.94
97.36
102.00
141.24
155.93
207.62
229.42
239.49
251.31
259.21
283.18
301.20
314.95
328.54
339.64
376.33
438.63
442.18
463.60
483.13
514.93
537.94
565.19
621.64
635.68
666.98
699.41
798.19
838.27
854.62
897.92
907.76
931.56
958.42
978.74
989.34
1018.28
1031.35
1057.82
1096.74
1117.07
1122.80
1138.97
1148.39
1164.76
1182.96
1202.07
1218.35
1227.05
1247.92
1273.04
1306.28
1315.19
1329.92
1341.13
1364.93
1375.04
1386.56
1396.87
1408.62
1422.98
1440.43
1464.66
1468.86
1474.60
1480.68
1487.51
1720.06
1831.35
2925.00
2967.17
2988.95
3017.73
3024.52
3039.08
3042.11
3046.42
3065.24
3071.26
3073.84
3088.06
3091.36
3448.62
3466.21
3617.86
3644.12
$end
