
$molecule
 O 3.09957017153178 3.79424897393706 3.17299982323785
 O 3.25272609689038 2.87848243883744 5.87025578950777
 O 0.65764799512374 1.75870894038046 1.79194649219176
 O -0.08869735498086 7.94436848771857 2.18908729197155
 O -0.22571381781131 7.48093501210986 4.36385775005592
 N 0.89634047633794 3.94167541169284 1.45744746523375
 C 2.55900774242422 1.53486515179325 3.91847987567183
 C 2.02660240153254 2.90855303526037 3.41885900849589
 C 3.62281498743096 1.81432082231792 5.01049905350565
 C 3.25028349895852 0.76242461867423 2.78790411833208
 C 1.41237872117020 0.71496447851091 4.52311298537666
 C 1.14675712937117 2.80824105087862 2.16554879929560
 C 0.97834525585592 5.31571934077964 1.90829193496344
 C -0.23831218903374 5.66057783384923 2.78734125157376
 C -0.18789884741542 7.10413602635145 3.22674282126526
 H 1.37327701505866 3.32839219853985 4.20864079627277
 H 4.56448158003213 2.11658079455577 4.53824130353961
 H 3.80977004660645 0.89576157259477 5.58799850264771
 H 2.52187025234271 0.38101283286264 2.07513622480715
 H 3.80711958070218 -0.08154690406532 3.19728838981106
 H 3.94378967278858 1.42046366752777 2.26306048655662
 H 1.78926724973306 -0.24228513494190 4.88560609286239
 H 0.64156153837671 0.52249265035228 3.77921118747566
 H 0.96199949099902 1.25013784427798 5.36162413065347
 H 0.23355448315038 3.77654292218868 0.71024854606282
 H 3.50198945683175 4.01210330267215 4.02892881528125
 H 1.90311205196895 5.47904931886321 2.46151837819020
 H 0.98393747700860 5.95855836158046 1.02340262370273
 H 2.51183279175170 2.61253011087824 6.42938318475428
 H -0.27090605928094 5.02423003008134 3.67307598898895
 H -1.15510989311917 5.50788019632621 2.21216896179899
 H -0.05936800233672 8.85679161261385 2.52130792591875
$end
$temperature
298.15
$end
$mult
 1
$end
$sigma
 1
$end
$pressure
1.00000
$end
$scale
1.00
$end
$msrrho
$end
$freq
19.21
23.74
32.54
50.92
68.60
100.72
119.19
161.44
171.09
190.16
210.14
222.29
262.34
278.44
296.18
315.42
334.16
355.83
363.69
387.14
409.44
468.84
502.64
514.30
529.37
552.73
585.88
606.19
622.01
680.90
698.74
781.06
801.92
849.83
908.06
919.16
935.51
961.53
976.85
1010.07
1020.50
1037.29
1073.95
1094.71
1111.11
1137.75
1148.60
1153.86
1177.65
1192.81
1235.21
1241.12
1244.99
1253.59
1274.36
1282.62
1316.41
1327.30
1337.03
1356.67
1370.04
1387.22
1396.20
1414.41
1430.06
1449.27
1467.65
1472.51
1475.55
1478.29
1479.36
1726.48
1821.72
2883.59
2951.33
3021.62
3023.46
3026.62
3032.30
3035.71
3065.65
3067.38
3076.12
3093.23
3101.07
3103.79
3470.48
3549.84
3568.57
3634.00
$end
