
$molecule
 O 3.68379758381559 -4.78191069400935 -1.78118565858342
 O 6.63385921932598 -4.22168466403714 -4.67541931802085
 O 4.42191905820105 -1.82797139412735 -0.43661839897781
 O 1.88525842158486 -5.41790416509460 0.44775602684394
 O 0.64066517857233 -4.98362501688872 2.23032468926809
 N 2.33799839160888 -2.70260863873678 -0.55560101019197
 C 5.28971230037488 -3.25399015988847 -2.85732437686755
 C 3.90040145177471 -3.43920941811741 -2.21066966635531
 C 5.36281117907474 -4.21879101536478 -4.07004840804219
 C 6.42340499245691 -3.58945241767555 -1.87919082843412
 C 5.42832443175950 -1.80504698624411 -3.34462551688776
 C 3.61704534566476 -2.55160329364211 -0.98188344669484
 C 2.00726227320599 -2.32949132511088 0.80939856799502
 C 2.41858365144648 -3.45710315291643 1.77080480764793
 C 1.56244830548408 -4.69415424048644 1.52564876544614
 H 3.12351250055001 -3.23008954158913 -2.96311254370738
 H 4.57997446252069 -3.95128139098405 -4.79991590572645
 H 5.17862956955194 -5.24505893007142 -3.73148215380694
 H 6.45801944142550 -2.86998733355626 -1.06363272632255
 H 7.37527725235970 -3.56692178557803 -2.40924583048971
 H 6.29623981862496 -4.58978461499039 -1.45892225343894
 H 6.37364493385930 -1.67923083016841 -3.87375137041753
 H 5.41515901919480 -1.11375114029599 -2.50370826818876
 H 4.61328274931071 -1.54856069447658 -4.02324156690580
 H 1.77405879919154 -3.42558312318547 -0.98063426195856
 H 4.51396693680443 -5.14953095219013 -1.44413111214014
 H 2.55844620672747 -1.41689347592388 1.05065545447665
 H 0.93373850823392 -2.13671773632452 0.87696425979641
 H 6.81979960599304 -3.36357792664763 -5.07705064980089
 H 2.25290104817522 -3.13113048382226 2.79887074102481
 H 3.47716416653657 -3.68543273546763 1.63112996502178
 H 2.63696819659507 -5.09434572238846 -0.08257300556239
$end
$temperature
298.15
$end
$mult
 1
$end
$sigma
 1
$end
$pressure
1.00000
$end
$scale
1.00
$end
$msrrho
$end
$freq
15.16
39.93
60.71
77.86
90.77
94.42
98.07
134.05
184.98
198.60
203.27
241.83
246.69
284.66
288.95
307.72
324.18
337.16
343.17
357.12
378.75
409.28
458.90
483.82
515.75
586.53
610.34
630.94
675.76
719.75
746.54
787.07
837.42
887.84
896.23
909.94
953.88
960.99
985.54
991.29
1014.70
1021.63
1070.92
1071.74
1095.34
1100.30
1128.11
1139.78
1141.24
1161.78
1195.82
1220.43
1240.59
1248.71
1257.75
1282.98
1293.76
1317.70
1337.54
1350.77
1371.62
1389.95
1399.91
1411.08
1430.30
1436.20
1463.62
1468.37
1472.55
1477.06
1479.77
1761.93
1825.23
2927.65
2958.70
3021.65
3023.81
3025.68
3030.89
3032.53
3061.43
3071.07
3071.50
3074.58
3097.69
3106.02
3451.07
3490.38
3583.20
3635.06
$end
