
$molecule
 O 3.11054608998087 -1.79915573475562 3.31466575749932
 O 5.32303046367201 1.74570690190974 1.65705692195240
 O 2.71336068049425 1.06759907460238 1.32291001509635
 O -0.20412614073809 -0.61361160083616 6.90511541641466
 O 1.43450963310048 0.49637644222067 7.91419409383956
 N 1.97781757690356 0.73453615708236 3.38906390354931
 C 5.10202385227267 -0.53623333238751 2.58817737860643
 C 3.59899442428652 -0.88119739151298 2.35503462331394
 C 5.63879438994481 0.39407527202561 1.46365224203246
 C 5.90661684510878 -1.84530927384854 2.53599072379602
 C 5.29591611933751 0.13338172656146 3.95250650410490
 C 2.72488500800800 0.36984067987141 2.32891570568412
 C 1.74815212475683 0.04756135383888 4.65113280971833
 C 1.02664311921532 1.00276151354584 5.60787197879087
 C 0.78632841717499 0.29214725558145 6.93470475659369
 H 3.50612678552082 -1.31694091795870 1.34371289222129
 H 5.26827616594445 0.03615332056635 0.48861961631718
 H 6.73413217037033 0.32134366938209 1.45878644408176
 H 5.59491284424646 -2.52735328451366 3.32823051031422
 H 6.96774787605209 -1.63629987865289 2.67298385597990
 H 5.77230473529193 -2.34146859921183 1.57359061203144
 H 6.35387104516657 0.33329009563537 4.12235258253454
 H 4.93072960739098 -0.51509938592505 4.74916040607244
 H 4.75820696189904 1.08063147736645 3.98775479719776
 H 1.41050721002694 1.55099971006879 3.20821357706301
 H 3.56430543005946 -2.64627956270458 3.22078378460462
 H 1.13954608020919 -0.84975610126268 4.48545325326255
 H 2.70232422723271 -0.25532938148405 5.08822408863007
 H 4.39209348911015 1.88789577000515 1.40317005157728
 H 0.07438921875407 1.32110519994789 5.17598800879697
 H 1.64514546469579 1.88266936853850 5.79458211360100
 H -0.66440791548460 -0.67590754369908 6.05845657471971
$end
$temperature
298.15
$end
$mult
 1
$end
$sigma
 1
$end
$pressure
1.00000
$end
$scale
1.00
$end
$msrrho
$end
$freq
19.41
24.87
34.21
51.45
76.13
108.76
128.73
149.47
194.79
202.96
214.16
226.57
239.57
243.65
257.67
283.32
294.72
330.83
359.11
382.69
422.11
434.92
443.99
501.37
520.96
526.72
587.50
603.78
630.85
652.45
714.29
796.41
805.76
841.59
904.30
915.97
929.16
956.88
995.62
1002.21
1011.65
1058.27
1089.06
1096.10
1125.67
1131.40
1143.19
1155.78
1167.27
1175.36
1223.66
1229.03
1248.56
1252.93
1263.45
1285.19
1318.74
1344.47
1351.28
1364.69
1383.18
1386.70
1397.07
1416.23
1441.21
1461.27
1465.02
1470.08
1474.85
1478.89
1485.53
1695.03
1844.36
2913.67
2932.23
2993.84
2999.40
3020.09
3027.52
3037.78
3054.94
3064.95
3068.30
3074.93
3081.52
3088.71
3484.67
3487.82
3619.84
3627.23
$end
