
$molecule
 O 5.83569531448670 -1.24181769490554 3.67664832526605
 O 6.24560644376783 -1.53222793255435 7.77435441763329
 O 4.07309257537429 -2.97640963958377 2.87658059550354
 O 2.42998521935024 1.14113716656293 1.23216938835247
 O 3.15224319428495 1.44264664691798 3.31685960792747
 N 2.30334369503197 -1.97073660366399 3.79253907132486
 C 4.88425106897815 -1.86433093018721 5.82431724225519
 C 4.63512717888625 -1.25340138706624 4.41122142717377
 C 6.02229493231454 -1.04334198037586 6.46265547530300
 C 5.32588280787913 -3.32822057106823 5.70531795360240
 C 3.63568103187747 -1.76141863617738 6.70510104989511
 C 3.64830567770481 -2.10647510596844 3.61571503153550
 C 1.57447925682178 -0.78027006512653 4.19032836315272
 C 1.21375738119038 0.06903174794929 2.96146349464022
 C 2.37402051631998 0.94834574773895 2.54685240848707
 H 4.28769201819666 -0.21794489993715 4.51960682464477
 H 5.73877097859345 0.02234429723028 6.49226845126452
 H 6.93216755925535 -1.14303048889985 5.85223042450085
 H 4.50385546313429 -3.95514050328566 5.36093069703103
 H 5.66078350100274 -3.69019363852244 6.67702209530872
 H 6.15001022325292 -3.41621434819855 4.99690557300448
 H 3.86662604575803 -2.13479367527779 7.70267675628858
 H 2.81915784700080 -2.35506102355558 6.29378828190872
 H 3.31060119548714 -0.72359706689068 6.79629907957130
 H 1.78474063827034 -2.58899721951663 3.17997318317361
 H 5.80946054081764 -2.01760057052828 3.08420005299490
 H 0.65988596632145 -1.10080719534601 4.69805128939488
 H 2.16933808165241 -0.18636652267934 4.88632019394930
 H 7.03556220310416 -1.12078064503013 8.14401076862332
 H 0.38883690379308 0.73965516737922 3.21734875180436
 H 0.89904536727681 -0.55510969832569 2.12365821094974
 H 3.19026617281544 1.70898726888990 1.02107051353755
$end
$temperature
298.15
$end
$mult
 1
$end
$sigma
 1
$end
$pressure
1.00000
$end
$scale
1.00
$end
$msrrho
$end
$freq
19.17
25.34
42.89
62.95
83.45
98.31
114.60
143.04
161.00
183.71
212.38
225.44
252.74
262.60
283.81
319.73
335.81
341.47
365.99
377.21
440.16
450.03
460.70
503.90
522.96
552.78
598.78
609.02
655.38
673.03
699.11
799.66
826.23
858.96
909.93
934.16
943.77
960.15
969.61
983.25
1028.90
1043.93
1072.48
1095.73
1131.02
1141.91
1152.54
1158.87
1168.10
1183.46
1199.16
1219.44
1238.03
1243.27
1261.43
1292.77
1314.03
1328.85
1333.80
1367.68
1379.88
1387.05
1397.38
1408.66
1419.33
1448.32
1470.71
1475.67
1480.14
1480.94
1485.20
1715.26
1805.31
2930.24
2969.27
3006.19
3018.48
3022.65
3030.33
3040.21
3061.10
3072.82
3073.68
3085.10
3085.42
3090.01
3459.63
3465.13
3540.00
3654.26
$end
