
$molecule
 O 3.95445458512458 -3.42232946352589 -3.30674387120516
 O 5.26181465629697 -7.27446622423530 -2.27983696159380
 O 4.67942035975566 -2.28386370545694 -0.05327035499953
 O 0.39846043809277 -2.05392539640564 0.65716933986899
 O -0.36815817493404 -3.81815909798351 -0.46912598025408
 N 2.75897703529786 -2.11474593092785 -1.15944958176148
 C 4.58014366482660 -5.02718745471871 -1.54036567413484
 C 4.60555749515526 -3.55671675709273 -2.05659427395808
 C 5.30835062231446 -5.90176549909784 -2.59149822575236
 C 3.13968266897764 -5.52771860178618 -1.38696425617574
 C 5.32118786854736 -5.11762252008569 -0.19997748266380
 C 4.00827237607006 -2.60041316797747 -1.02144147075671
 C 1.78008066489400 -2.33182764550082 -2.21348349265272
 C 0.40100881331705 -1.89902887647631 -1.70308353339965
 C 0.07878852517225 -2.70591268689811 -0.46584478778123
 H 5.66181562795633 -3.25010489376400 -2.15369757091758
 H 6.35247698122729 -5.55850121886158 -2.69621140451396
 H 4.81235772769066 -5.79535025846158 -3.56421497182930
 H 2.60665564558402 -4.95080840781762 -0.63134381943058
 H 3.14468367555124 -6.57584638969289 -1.08806689929324
 H 2.60989768888510 -5.44499171569022 -2.33639500638913
 H 5.44758485396267 -6.16201532128365 0.08963190433703
 H 4.76277014191412 -4.61467960063488 0.58730832875071
 H 6.30463220218749 -4.65240060015332 -0.27361125574033
 H 2.49302609388264 -1.48154856293850 -0.41719110832245
 H 4.52786140482009 -3.72604975683303 -4.02084763926544
 H 2.04703241868081 -1.75112712212584 -3.10338371002965
 H 1.74613952918473 -3.38990288935930 -2.48151894293847
 H 5.71042527358311 -7.44396633129718 -1.44153224595765
 H -0.34420798842695 -2.11323027363398 -2.47040403498762
 H 0.39386938868538 -0.83358944660268 -1.46777197121639
 H 0.22038773572261 -2.62383318267984 1.42374195496404
$end
$temperature
298.15
$end
$mult
 1
$end
$sigma
 1
$end
$pressure
1.00000
$end
$scale
1.00
$end
$msrrho
$end
$freq
3.86
24.95
35.36
49.38
72.49
97.35
137.99
143.38
165.83
176.33
194.41
218.20
229.17
247.80
264.21
286.05
309.90
314.27
339.43
363.03
388.88
412.82
459.76
470.46
535.48
560.18
578.24
608.27
628.21
673.50
734.07
793.01
824.21
838.83
905.38
913.64
937.47
958.90
987.89
996.58
1019.68
1046.38
1073.95
1103.51
1111.45
1132.75
1152.70
1159.56
1177.62
1186.87
1211.47
1223.24
1246.96
1248.25
1284.89
1301.79
1315.85
1340.55
1346.45
1364.92
1376.35
1388.34
1398.59
1417.15
1432.88
1454.48
1465.56
1470.92
1475.52
1478.17
1483.47
1714.39
1820.27
2918.84
2923.08
3003.81
3009.55
3033.21
3036.96
3037.76
3060.78
3072.73
3078.41
3082.20
3085.94
3097.25
3482.86
3543.86
3630.54
3637.79
$end
