
$molecule
 O 5.13096943114760 -1.88153789094503 4.77152915638371
 O 5.01016978363121 0.11106617096106 1.06121760674254
 O 4.58492630499637 -4.55100320214858 2.53462625631456
 O 0.69403382745448 -1.93913125771513 6.96286588971055
 O -0.14713873555291 -0.59391157954196 5.40784345917424
 N 3.06434289924882 -3.36534978893491 3.63607136861279
 C 5.87054496784104 -1.73092888737702 2.43026003595926
 C 5.47447601925009 -2.64194679775489 3.63001649961565
 C 4.68184291253990 -0.80793143964842 2.07786461020955
 C 6.25746540535581 -2.58997479095620 1.21908868651206
 C 7.07345440772304 -0.86470327655208 2.83496632511862
 C 4.34059844500711 -3.59130773651480 3.24466062990427
 C 2.54216846071974 -2.41862710864899 4.61173296706480
 C 1.01618264231591 -2.54888500706780 4.65324241216248
 C 0.44879405305429 -1.58679730022062 5.69082002712444
 H 6.33544072367233 -3.29431923435103 3.85910511867285
 H 4.41038750523300 -0.21455695705186 2.95911400103743
 H 3.81075348694820 -1.41855836492766 1.78738544963776
 H 6.97230625828824 -3.35908104118161 1.51126884891547
 H 6.71580229405231 -1.96492415697446 0.45175510013761
 H 5.38471654566711 -3.07985783255706 0.79024006319479
 H 7.32861249716192 -0.19237950091677 2.01598422559023
 H 7.93846911153918 -1.48890476456326 3.06040271248059
 H 6.84055034056280 -0.25519430142057 3.70958750848278
 H 2.44040052106824 -4.10995076697528 3.35713256460989
 H 5.90372155905844 -1.39536739892770 5.08715661808723
 H 2.96216985176088 -2.62818297964764 5.60301930011407
 H 2.81645537528506 -1.39974588183718 4.32618379686739
 H 5.16461993355876 -0.35347005382389 0.22899392405581
 H 0.73452623818921 -3.57345820692304 4.91007504170389
 H 0.58982652537698 -2.29703940093286 3.68040178299585
 H 1.17330540784400 -2.77164726391974 7.06246601280498
$end
$temperature
298.15
$end
$mult
 1
$end
$sigma
 1
$end
$pressure
1.00000
$end
$scale
1.00
$end
$msrrho
$end
$freq
21.54
24.40
37.02
50.05
75.77
93.01
108.76
141.63
156.25
186.02
203.66
219.77
232.47
250.39
254.41
283.81
296.35
302.43
332.18
375.33
398.88
421.90
437.49
441.05
466.93
533.80
582.29
599.82
627.12
675.99
711.53
779.57
808.35
838.41
912.02
916.46
940.09
959.92
985.74
1003.48
1016.00
1058.98
1089.92
1092.20
1101.42
1129.08
1132.96
1156.48
1164.40
1188.88
1217.39
1230.31
1249.73
1250.55
1265.35
1289.49
1319.66
1337.86
1343.59
1361.28
1366.86
1388.82
1397.73
1406.39
1440.85
1465.42
1468.55
1470.20
1475.05
1476.45
1483.70
1716.40
1845.07
2922.01
2936.56
2993.49
3019.00
3019.38
3030.00
3037.98
3045.71
3063.61
3070.50
3078.55
3083.98
3094.71
3484.60
3618.52
3620.43
3636.84
$end
