
$molecule
 O 0.86537075047800 -5.84493149389686 6.01271051293455
 O 1.04151548345533 -9.89884393334759 5.22976193172098
 O 2.74902766897238 -4.58866136436392 4.67188651882284
 O 0.33618092735636 -2.74398389602809 2.07482006417174
 O 1.44187207449126 -1.22328092298449 0.88314902790346
 N 1.77023502520814 -4.98584249354764 2.67158509465812
 C 1.53471397937378 -7.65868612586139 4.53315664641430
 C 0.98864030258225 -6.20525151217704 4.66057390283986
 C 0.59827260576747 -8.56116743246471 5.36210819210682
 C 2.95425651962009 -7.74555259951356 5.10560101964348
 C 1.51980947637871 -8.12239722584376 3.07252882356796
 C 1.93359914267471 -5.19679156978649 4.00949043944327
 C 2.83065257562457 -4.26852649912521 1.95324303216526
 C 2.73914830040692 -2.75787076741269 2.18635881299228
 C 1.45258053314517 -2.15016681548047 1.63653246839887
 H -0.00445337662862 -6.14986147424878 4.18737943695858
 H -0.43673249171683 -8.45809326356960 4.99377580035959
 H 0.62482286716239 -8.24433025521781 6.41524236953086
 H 3.65718883571687 -7.18701251973262 4.48772971907835
 H 3.26998694629628 -8.78749876372151 5.14508225804623
 H 2.97661599067754 -7.33502615565216 6.11537902439881
 H 1.73202464787618 -9.19056006467093 3.03153044894570
 H 2.27929446691045 -7.60175984580080 2.48844341886506
 H 0.54184638692203 -7.94850617092555 2.61969387136570
 H 1.23613077345279 -5.65319843957849 2.13626423376737
 H 1.63278552983417 -5.28589673854612 6.23704814451531
 H 3.80109865012517 -4.62694569435209 2.31278259707911
 H 2.72968243756340 -4.50198826513168 0.89061247772049
 H 0.56032317970299 -10.46627769820492 5.84367050271683
 H 3.58363984597871 -2.26582501706462 1.70100058284196
 H 2.79073180974710 -2.55731573911552 3.25954333305617
 H 0.54518713484363 -3.52482524263280 2.62583129297070
$end
$temperature
298.15
$end
$mult
 1
$end
$sigma
 1
$end
$pressure
1.00000
$end
$scale
1.00
$end
$msrrho
$end
$freq
22.73
32.40
40.03
49.64
76.78
113.16
119.77
139.75
188.95
195.03
207.22
216.68
232.01
244.06
267.22
299.99
326.59
335.03
353.79
374.34
405.44
430.23
435.42
474.72
477.90
565.38
589.13
601.31
673.96
686.29
747.55
797.68
827.92
890.30
900.34
940.77
945.62
960.86
975.82
982.46
1014.44
1028.02
1078.59
1096.82
1112.47
1131.38
1144.58
1150.19
1158.81
1182.56
1197.16
1219.94
1227.87
1244.29
1252.68
1269.21
1292.05
1307.29
1323.21
1356.49
1379.01
1386.51
1395.92
1397.43
1422.28
1432.74
1468.15
1473.11
1476.21
1481.66
1485.44
1737.75
1836.79
2927.51
2950.96
2970.64
3004.07
3027.23
3028.75
3039.89
3051.78
3069.23
3069.25
3084.28
3084.39
3091.98
3393.16
3479.20
3509.52
3650.79
$end
