
$molecule
 O -1.64434975342346 -5.85614581212384 1.58451166583579
 O -3.12882816784437 -6.30142804926532 5.47718630643176
 O -4.59790231267160 -6.91384713690510 3.19397435478336
 O -2.28726821839823 -9.55453314718063 0.15792260396915
 O -3.83554786555170 -11.01357899092883 0.82001379921450
 N -3.73975960387887 -7.25729484173532 1.13427519286024
 C -1.53477325619243 -7.00294686954298 3.75687850522632
 C -2.36508829161811 -6.12651073591548 2.77449534014097
 C -2.39926000171001 -7.39658611493299 4.98187647620952
 C -0.33946152817905 -6.17421071685446 4.25102463464206
 C -1.04716731656660 -8.26719696969369 3.04056500697066
 C -3.67984102805406 -6.80394722285470 2.39440232599690
 C -4.92444552362393 -7.93637772325015 0.64166454168824
 C -4.53539067882848 -9.03048641404115 -0.35901113051245
 C -3.54975043899657 -9.98910898145675 0.26919907263348
 H -2.62543174852470 -5.18357607678960 3.28458202649126
 H -1.73348723263043 -7.74682220628452 5.78101422516029
 H -3.07414124815352 -8.22312517454178 4.71468892347942
 H 0.26570781618176 -5.81536345646062 3.41660629862452
 H 0.29691041585983 -6.77991835179022 4.89687194558578
 H -0.69835149747579 -5.31669853648910 4.82122964864319
 H -0.43132043741261 -8.86886380324021 3.70928117011553
 H -0.45510177822428 -8.00158212365952 2.16424408901615
 H -1.89596124205825 -8.86859760438967 2.71283188590901
 H -2.95076309445768 -7.12312099735955 0.51930067741688
 H -0.85181238529660 -5.34484040587770 1.79233319571764
 H -5.44765022648116 -8.36348993469989 1.50340881864478
 H -5.59090754675785 -7.21867793867356 0.14813671633681
 H -3.95442385406035 -6.24344583743048 4.96006529764219
 H -4.08347844879804 -8.58027818148917 -1.24512856458555
 H -5.43045614135961 -9.58455853068630 -0.64528992866726
 H -1.69248036480391 -10.19283811344784 0.58527287839103
$end
$temperature
298.15
$end
$mult
 1
$end
$sigma
 1
$end
$pressure
1.00000
$end
$scale
1.00
$end
$msrrho
$end
$freq
18.25
27.64
43.73
62.02
68.58
116.44
144.80
148.22
183.76
193.48
207.30
218.02
223.12
245.05
276.21
299.07
319.79
340.72
369.49
391.82
418.73
427.13
473.88
504.63
542.41
559.93
587.07
598.20
612.80
709.97
732.83
799.24
825.47
886.28
906.33
925.17
945.97
959.35
985.42
993.96
1016.51
1039.98
1078.50
1108.43
1117.35
1136.03
1146.24
1157.04
1174.33
1193.45
1204.90
1219.84
1233.48
1236.88
1249.99
1287.50
1297.68
1327.16
1343.13
1351.71
1365.45
1386.31
1394.82
1429.36
1442.04
1448.23
1468.38
1471.78
1476.05
1479.48
1483.06
1719.90
1825.42
2935.88
2962.80
2988.26
3002.53
3025.57
3028.13
3034.52
3036.37
3065.88
3075.30
3078.27
3079.85
3080.18
3481.41
3511.26
3546.70
3626.31
$end
