
$molecule
 O -0.27291715225105 -7.70989441840816 5.03611500233421
 O -3.33605526800628 -7.01036378950999 2.34667715496983
 O -3.66642473501038 -6.75918357312610 5.14968519292061
 O -2.72335670662384 -5.00920027999531 7.11387282426132
 O -0.73564236485088 -5.93944046761884 7.42769432908731
 N -2.45407081380198 -8.23252996105512 6.35729749017517
 C -1.30000712818418 -6.15346079055710 3.44023264243345
 C -1.45660559801071 -7.42007542782993 4.32424318874078
 C -2.61747501343737 -5.84385638833940 2.68154337352451
 C -0.19080110847266 -6.46013736208298 2.42112316040626
 C -0.90732298119722 -4.93263511152534 4.27964735224902
 C -2.63623320428349 -7.40031825679999 5.30161423265106
 C -3.27043206032493 -8.04611737035547 7.54165682798808
 C -2.59906318438441 -7.01390750111719 8.46893529147948
 C -1.91943242419687 -5.93886574023252 7.62930716947735
 H -1.63031936072002 -8.27733494345018 3.65487611877650
 H -2.37019402655260 -5.32685622887274 1.74552937799823
 H -3.24540607086558 -5.17147530562784 3.28318263782941
 H 0.72089572980703 -6.76706954650384 2.93387060500045
 H 0.02691385987423 -5.57627490200675 1.82097864892793
 H -0.50672020012967 -7.26477405866648 1.75613049739993
 H -0.77998992185203 -4.06437895624086 3.63227801558160
 H 0.03183988005382 -5.10582793219602 4.80585200466488
 H -1.67823784873845 -4.70592676461605 5.01403018429411
 H -1.51304159369278 -8.58140504378734 6.49748243426197
 H -0.07148954511185 -6.98041554144322 5.64840999105778
 H -4.25271595488353 -7.69113233087331 7.21704471922037
 H -3.38726902908927 -9.00158305340483 8.05880695859723
 H -3.90995214328073 -7.22806614030143 3.09842079734434
 H -1.82548882325097 -7.49742741197119 9.06817415553625
 H -3.34147935667503 -6.56709299136583 9.13194857913500
 H -3.63895185185717 -5.30097041011778 6.98083004167754
$end
$temperature
298.15
$end
$mult
 1
$end
$sigma
 1
$end
$pressure
1.00000
$end
$scale
1.00
$end
$msrrho
$end
$freq
38.86
65.45
77.26
89.02
96.62
109.32
145.09
159.72
181.92
212.76
219.58
235.35
258.59
302.69
313.64
335.56
365.01
377.60
383.18
394.33
414.33
465.51
468.73
486.52
521.17
555.55
593.52
594.39
632.80
690.40
746.87
790.78
836.90
897.06
907.89
918.31
941.32
955.37
981.32
1001.19
1018.29
1022.79
1073.44
1095.02
1107.09
1119.03
1134.19
1145.31
1169.74
1185.46
1197.53
1209.13
1237.11
1241.72
1255.38
1277.61
1281.46
1318.62
1343.27
1354.15
1370.34
1386.58
1394.98
1411.58
1434.35
1444.86
1469.50
1471.46
1476.86
1478.49
1481.37
1713.66
1796.88
2966.30
2970.71
3003.16
3023.08
3032.62
3033.68
3039.72
3053.73
3072.01
3075.61
3076.93
3082.44
3108.90
3459.22
3520.17
3553.19
3571.42
$end
