
$molecule
 O 8.62431580213720 -0.49838918966290 3.06073660937911
 O 7.56651498922862 0.13593201117237 0.62549800581048
 O 5.54028104559813 1.02469834820220 3.59358780485491
 O 10.45558276363447 0.19339367620866 7.59230467324466
 O 11.14098712225985 2.28466253797327 7.28965102091248
 N 7.39252904909531 1.35522708874795 4.77421945384918
 C 6.48121521349623 -1.32892126596625 2.21420279522411
 C 7.26663548326452 -0.68396397870075 3.38923742763627
 C 6.29259653324463 -0.34073237366758 1.04858201570967
 C 5.10349429953844 -1.80123713878430 2.69684510641477
 C 7.28107592414774 -2.54393818880986 1.71646646404503
 C 6.65255795428938 0.63345466707197 3.90174115628894
 C 8.73247484402475 1.08825058715087 5.26778168188869
 C 8.89617205186750 1.76366182349364 6.63545187675802
 C 10.27799224586701 1.46606304664540 7.20466833101744
 H 7.24206801957070 -1.38586884325614 4.24048590756098
 H 5.65752054393973 0.50036867489999 1.35810487617071
 H 5.79059750888632 -0.86167971038274 0.21691229785199
 H 5.21433653871738 -2.49781919716638 3.52863037204840
 H 4.58161726191363 -2.31267956722339 1.88701851076537
 H 4.49271989384435 -0.96205586597632 3.02465707285804
 H 6.72202598596382 -3.06808122605539 0.94065493938348
 H 7.47133745129487 -3.23514567220313 2.53802344078094
 H 8.23645944078733 -2.22666563977349 1.30062389370134
 H 6.98504551677778 2.24619980904281 5.02025723096851
 H 8.66231663561910 -0.09689575062644 2.17272884253932
 H 8.87537474457983 0.00956806700834 5.36977241729223
 H 9.47958604631210 1.47127773561331 4.56322270691459
 H 7.44763407289892 0.79461272546957 -0.06912052323546
 H 8.12785312650620 1.39618881085662 7.32044681617266
 H 8.79310316844346 2.84602174033752 6.53724099557089
 H 9.67998872225233 -0.37100574164030 7.48037677962307
$end
$temperature
298.15
$end
$mult
 1
$end
$sigma
 1
$end
$pressure
1.00000
$end
$scale
1.00
$end
$msrrho
$end
$freq
22.17
24.16
39.78
59.58
70.69
81.72
141.07
156.77
168.34
196.01
202.40
213.35
223.12
256.82
272.18
286.51
322.79
344.97
370.08
391.89
411.27
425.72
439.12
493.49
512.27
545.54
562.89
574.81
612.17
666.53
715.99
790.56
796.68
865.45
914.74
936.24
954.56
962.41
998.00
1000.07
1024.36
1053.99
1079.20
1084.28
1114.91
1128.75
1133.13
1151.62
1166.80
1188.57
1227.94
1235.10
1244.54
1249.29
1259.91
1277.32
1289.84
1313.54
1336.48
1366.09
1382.32
1389.86
1399.14
1411.12
1440.27
1459.38
1468.12
1474.53
1476.80
1480.54
1482.89
1725.25
1842.93
2935.24
2940.55
2995.05
3001.85
3022.78
3034.93
3036.08
3045.31
3063.44
3073.29
3076.64
3092.34
3102.34
3489.88
3495.94
3619.11
3645.16
$end
