
$molecule
 O 5.86380291369676 0.38747589703336 1.57795344030540
 O 6.30353559912967 1.94488332876099 4.03594307779367
 O 3.41739362257226 0.50706450455408 0.12623264754991
 O -0.79653221088013 2.87966728801268 -1.32197062083537
 O 0.77526260086405 3.59590172538398 -2.72862183164436
 N 3.82538156073302 2.71702099952143 0.01068365614529
 C 4.17808637592352 1.36056328010641 3.06429942933813
 C 4.97740095939648 1.47103730179265 1.73018941793871
 C 5.18495420658106 1.08409387420505 4.19782145442545
 C 3.18529507528328 0.19414689800812 3.00873859476410
 C 3.45730300574503 2.68696668371248 3.33258285931509
 C 4.00938834290556 1.48084233226517 0.53893296033225
 C 2.88618501152758 2.89385516724852 -1.08422081974697
 C 1.44633796838547 2.72322267120406 -0.58957178746083
 C 0.47142210704835 3.11450129158818 -1.67090278819152
 H 5.54244647818151 2.41989622316127 1.73938037573272
 H 5.50566770947252 0.03097028919171 4.15921860305819
 H 4.70040628251559 1.25930784449035 5.17118915743085
 H 2.32644564852761 0.44526171285057 2.38821792899121
 H 2.82893150828420 -0.04932116010075 4.01051884570890
 H 3.67322004268590 -0.68149194429203 2.58023928047400
 H 2.84725520089056 2.61076080066756 4.23335333396062
 H 2.80642149145259 2.94693684250127 2.49683406594899
 H 4.18478248553138 3.48789019294137 3.47186916189602
 H 4.30412356464416 3.52331614019644 0.37466449203825
 H 6.60126791773833 0.51309953695653 2.19180390738405
 H 3.02793398579343 3.89077079012862 -1.50852315102755
 H 3.09415408530885 2.14508028676506 -1.85525711651306
 H 6.88380120775568 1.87731987543111 4.80367559083865
 H 1.25688172564316 3.34833701667546 0.28734173422290
 H 1.26205188424410 1.68536200145668 -0.30150415764330
 H -1.38113735758028 3.14295230758027 -2.05154974252577
$end
$temperature
298.15
$end
$mult
 1
$end
$sigma
 1
$end
$pressure
1.00000
$end
$scale
1.00
$end
$msrrho
$end
$freq
14.64
23.08
27.90
56.75
58.29
85.11
103.66
143.09
157.45
187.20
200.26
218.05
225.91
238.60
261.74
280.82
291.16
304.45
311.74
338.22
392.02
400.04
443.71
451.81
492.21
504.80
564.96
633.72
637.60
684.98
719.40
784.82
801.77
896.75
912.70
927.87
938.52
960.91
983.02
1024.41
1028.60
1048.00
1070.75
1085.42
1124.14
1135.64
1142.16
1157.85
1171.57
1179.14
1205.17
1209.95
1221.50
1248.49
1256.11
1278.82
1299.83
1306.45
1343.37
1374.18
1378.74
1387.52
1394.88
1408.78
1411.27
1436.30
1465.84
1476.23
1478.92
1481.88
1490.36
1748.28
1808.56
2917.22
2945.73
2952.75
3014.74
3022.99
3029.61
3036.33
3047.17
3060.27
3074.07
3075.52
3080.81
3094.45
3535.70
3551.73
3612.28
3647.05
$end
