
$molecule
 O 4.18307072780370 0.65621757536298 1.31365266115346
 O 7.59776774042127 -1.60885586615183 2.30898480377674
 O 3.48244942069995 -1.67806043869127 0.37573750912034
 O 0.55097465129877 -5.25942872860178 0.31575584518900
 O -1.27693951538456 -3.99551126501482 0.18355937393770
 N 2.71450984226661 -2.42269992847868 2.36776937737968
 C 5.39698798186051 -0.71624106994187 2.91210192560333
 C 4.02014517781006 -0.34732391850367 2.28418218624908
 C 6.33856392812623 -1.23046695645282 1.79720166766845
 C 5.24581728394355 -1.79386481298631 3.99069281569141
 C 5.97538565478261 0.56200432899498 3.53700861644171
 C 3.37239195101539 -1.54198409767784 1.58116672872676
 C 1.99362798965026 -3.52182974414129 1.74186047176620
 C 0.73232735672312 -3.00342677920120 1.04373677965611
 C -0.11963950041423 -4.11213563107067 0.47418924108899
 H 3.35552226434723 0.02702933023939 3.07930259499094
 H 6.44627254891422 -0.45773012492027 1.02029873532539
 H 5.90806383959517 -2.12618186014734 1.33546426578390
 H 4.55616215287842 -1.46865572636496 4.77098367647360
 H 6.21853234727228 -1.98922321650816 4.44247724406167
 H 4.87875412463791 -2.72647532683255 3.56176010788338
 H 6.96320877140383 0.36727690107386 3.95606366755693
 H 5.32744503831314 0.92119134194597 4.33744482490508
 H 6.06067290746356 1.34217695526031 2.78076429598690
 H 2.45311139912438 -2.16189787779342 3.30510239388800
 H 4.09830574006697 0.22481107374731 0.44106918979852
 H 2.65566688678236 -3.98948229911127 1.00799054649094
 H 1.73984490475671 -4.25193971709857 2.51422256859071
 H 8.09766117861998 -0.82730841570252 2.57552013633470
 H 1.02097481519293 -2.35585003433028 0.21002714610280
 H 0.11558002077182 -2.41011828441961 1.72252804250843
 H -0.04242163074483 -5.91954238647586 -0.07940244013002
$end
$temperature
298.15
$end
$mult
 1
$end
$sigma
 1
$end
$pressure
1.00000
$end
$scale
1.00
$end
$msrrho
$end
$freq
19.88
29.30
39.49
48.70
62.97
80.00
99.59
131.12
174.15
186.17
209.17
220.08
230.76
268.00
280.56
295.59
335.00
335.84
355.65
397.38
421.26
428.21
449.57
454.58
489.36
520.57
588.20
616.06
651.93
665.86
732.92
782.44
790.70
897.29
901.98
906.35
947.50
959.42
984.72
1014.52
1032.46
1055.19
1065.92
1098.66
1127.36
1141.99
1144.79
1149.57
1173.36
1187.66
1212.87
1217.31
1248.51
1253.49
1256.39
1275.01
1293.47
1338.08
1338.13
1354.73
1368.04
1386.48
1395.62
1413.46
1419.50
1439.20
1463.97
1469.82
1474.39
1480.78
1484.20
1725.89
1817.28
2944.42
2956.29
3017.20
3028.81
3029.18
3031.53
3032.50
3049.44
3065.00
3072.10
3075.98
3082.91
3085.45
3453.66
3520.71
3547.77
3640.85
$end
