
$molecule
 O -0.34441854563915 0.53428606748048 -4.43258730719790
 O 3.26245338672350 1.65892412308239 -2.51309638799605
 O -0.41869937152737 1.08732663020584 -1.59244528142169
 O -2.85832293688141 3.89990028789337 -2.72858379235253
 O -1.12051891906776 4.10167930457049 -4.10883886016966
 N 0.67519402522917 2.96338707572161 -2.25616195150442
 C 1.77766390687343 -0.10270548492811 -3.36095099470242
 C 0.76440133189426 1.02660473810545 -3.71450213057214
 C 2.72759864643577 0.37948321219589 -2.23918224399824
 C 2.60828219529781 -0.41589220778309 -4.61401954845052
 C 1.03149171896329 -1.35411328511466 -2.88684420391217
 C 0.22802977044912 1.67061832319661 -2.42885654142374
 C 0.03248855015612 3.76664905982049 -1.21998438966438
 C -0.86462421445305 4.84716247405581 -1.84913282117215
 C -1.61419832357129 4.25729584951494 -3.02263408380487
 H 1.28880132468071 1.79878338447606 -4.30638671891903
 H 3.57314109748282 -0.31515986860037 -2.16478945644444
 H 2.20072105535681 0.38023754314288 -1.27322538563797
 H 1.96004200118167 -0.66045240428794 -5.45702152759382
 H 3.26690986882971 -1.26501363637579 -4.42876278782172
 H 3.21940384149878 0.44767795358559 -4.87945330266590
 H 1.74237915508236 -2.11691907762044 -2.56787066883265
 H 0.42265399989746 -1.76113742420304 -3.69388867772992
 H 0.37517108895007 -1.11081439649462 -2.05210758313668
 H 0.87713452033201 3.47060584845611 -3.10976943195671
 H -0.04742201481498 0.10395439083104 -5.24445437242682
 H -0.56031410814662 3.09033545075786 -0.59701075880754
 H 0.79708905882815 4.24350408760562 -0.59933457968411
 H 2.62320482122202 2.33859959875963 -2.23937294544267
 H -0.24611931918696 5.66507451619057 -2.22481495951375
 H -1.55995250631536 5.22797281273253 -1.10058738831243
 H -3.25915010576110 3.45942405302790 -3.49702091673169
$end
$temperature
298.15
$end
$mult
 1
$end
$sigma
 1
$end
$pressure
1.00000
$end
$scale
1.00
$end
$msrrho
$end
$freq
17.91
32.19
50.62
52.98
68.00
88.01
134.28
158.07
177.40
208.18
210.94
219.08
222.08
231.86
280.37
291.54
321.39
348.67
351.76
391.53
393.48
406.87
435.50
499.99
561.26
574.32
602.27
619.92
696.95
723.39
761.76
802.06
825.14
896.99
904.29
915.52
938.67
961.76
982.28
992.60
1018.80
1037.73
1061.86
1105.36
1120.36
1129.75
1141.75
1152.98
1167.58
1177.65
1204.80
1211.35
1233.43
1242.16
1266.03
1291.22
1309.12
1332.16
1340.55
1361.80
1370.54
1387.28
1393.66
1396.49
1431.74
1445.07
1465.11
1467.19
1474.43
1476.94
1479.79
1768.57
1796.77
2909.02
2961.68
3010.14
3013.91
3026.42
3033.00
3039.28
3045.35
3068.20
3076.34
3076.46
3081.59
3095.44
3458.17
3512.00
3539.40
3630.87
$end
