
$molecule
 O 4.34925938057800 3.06541657687649 2.82932937487497
 O 4.44040365092284 2.19325911980297 6.18196025860661
 O 1.32624343216435 1.62139442528426 2.34672479903049
 O 3.44874461029342 7.53719191681699 1.87823624575767
 O 1.61016193586773 8.55205669774798 2.61687988850802
 N 1.69543908806790 3.80456209278436 2.11313312035189
 C 3.55032679545805 1.15337266083674 4.14363683098172
 C 3.23980232352546 2.54755338258555 3.54316963636194
 C 4.75281463611281 1.33847243328559 5.10215044394667
 C 3.93480162886469 0.14396747891204 3.05483988295678
 C 2.34519648332098 0.63396139785185 4.94071052897224
 C 2.00604057132727 2.59200163951977 2.62570987121371
 C 2.44345495208345 5.04450287067260 2.23864965160091
 C 1.48014038850486 6.21874228767327 2.05933722536253
 C 2.15919175252796 7.56022126765348 2.22835096126269
 H 3.07095072147606 3.24000364415173 4.38215233674566
 H 5.58155638790427 1.80872103283687 4.56077440368133
 H 5.08854460691738 0.35468083284707 5.46831115641521
 H 3.11742901044157 0.01808336486743 2.34636266623945
 H 4.15416219943633 -0.82447292843121 3.50575104499542
 H 4.82225956244810 0.47585416545442 2.51278321177191
 H 2.63821140995983 -0.23659739879536 5.52953544705891
 H 1.53676353189364 0.34144297226098 4.27378197545851
 H 1.97102996541646 1.40342187229872 5.61746147759277
 H 0.94705002696604 3.78744586001793 1.43460864670890
 H 4.55367637308161 2.49224669538950 2.07851329925755
 H 2.90730969231092 5.09414894845981 3.22607130805727
 H 3.23757363989801 5.08260513677863 1.48417779634142
 H 3.82027176095057 1.75980656665847 6.78137710491046
 H 0.65388198071682 6.16061356235461 2.77130303074452
 H 1.05133852377026 6.20292545459910 1.05245782255987
 H 3.82742597679296 8.42377396994349 1.99942455166999
$end
$temperature
298.15
$end
$mult
 1
$end
$sigma
 1
$end
$pressure
1.00000
$end
$scale
1.00
$end
$msrrho
$end
$freq
12.33
26.14
47.53
55.19
67.50
87.75
102.99
146.45
164.56
193.59
203.28
223.46
227.38
252.30
270.56
295.51
299.31
328.14
347.27
364.55
389.21
425.64
460.44
509.11
521.88
532.54
576.37
589.26
621.42
659.17
699.12
784.61
788.54
860.53
895.83
926.41
952.96
958.95
989.68
1013.11
1020.88
1065.58
1097.15
1105.24
1110.59
1123.12
1142.52
1143.08
1164.63
1185.16
1240.19
1251.94
1253.95
1261.74
1269.72
1277.00
1318.47
1334.36
1342.66
1355.39
1365.35
1388.46
1397.00
1411.21
1425.94
1455.71
1467.32
1469.17
1475.98
1478.73
1483.76
1733.84
1820.68
2938.33
2972.53
3005.16
3011.73
3026.87
3029.81
3032.60
3051.80
3060.19
3067.68
3070.25
3095.20
3103.37
3487.41
3546.96
3620.43
3640.36
$end
