
$molecule
 O 0.05145282692128 -6.99823271893769 3.68572172737462
 O -0.13793383834919 -7.29789411089148 7.78434983749175
 O 2.64717576151491 -4.75798601381019 4.19603589808274
 O -0.52577272775669 -5.29953197477607 1.36955542549139
 O 0.23187098421218 -4.04885365942424 -0.30517218582654
 N 2.29804598075147 -5.83438310432146 2.29446071876794
 C 0.99879997082874 -6.41366513678240 5.85847676667777
 C 1.26847091268948 -6.74901412512952 4.36659469044362
 C 0.09226714403437 -7.53749141827061 6.40726318443803
 C 0.26760570067799 -5.07358583565430 6.00832375965102
 C 2.30930676169937 -6.40871555305058 6.65468541840790
 C 2.11230067625529 -5.69226564047431 3.62929112533216
 C 1.81754915288906 -6.83951048261188 1.36375987677016
 C 1.30983812868703 -6.15314856386382 0.09226133500429
 C 0.30569807708870 -5.04972563900344 0.34934775599726
 H 1.83855716966299 -7.69196356730181 4.32341939723725
 H 0.58572887522644 -8.51413448801753 6.26317633084680
 H -0.86104129174723 -7.55013165808120 5.85621486190392
 H 0.91564096764940 -4.24406238083918 5.73189388504047
 H -0.04336515185135 -4.94364988457443 7.04460678010149
 H -0.62162348523252 -5.05159396774688 5.37494784833069
 H 2.08617797753892 -6.31857410708795 7.71747192196655
 H 2.94171363707722 -5.57385571649015 6.36082493541898
 H 2.85739262221778 -7.33874667107838 6.49293606349447
 H 2.89292152168627 -5.11644353927448 1.90244581997670
 H -0.36717966571283 -6.16390348677009 3.42875321641901
 H 2.63951563881952 -7.51747229152815 1.10018320340153
 H 1.01842549456483 -7.42248084888846 1.81920659041545
 H -0.73845876663007 -7.96525729532171 8.13618194114374
 H 0.81717443867983 -6.89465274406902 -0.54291419146091
 H 2.13466347170475 -5.71870862437144 -0.47703083729734
 H -1.14707396579851 -4.55633175155520 1.44658389895925
$end
$temperature
298.15
$end
$mult
 1
$end
$sigma
 1
$end
$pressure
1.00000
$end
$scale
1.00
$end
$msrrho
$end
$freq
15.41
21.39
26.97
76.09
82.89
96.32
107.75
147.79
171.67
185.90
194.59
206.99
240.81
254.27
272.61
287.94
322.83
332.60
342.91
357.61
386.31
428.23
468.90
477.11
542.96
552.88
574.73
594.09
620.60
659.18
675.00
791.22
821.57
838.73
897.20
941.87
947.30
964.49
973.07
989.29
1033.63
1043.10
1079.60
1096.98
1114.13
1134.47
1149.10
1155.15
1177.50
1186.05
1208.95
1229.62
1251.90
1263.19
1269.83
1300.95
1308.13
1320.29
1334.38
1358.77
1384.74
1389.74
1401.04
1416.82
1427.52
1443.58
1468.48
1475.04
1475.31
1479.73
1489.07
1727.36
1818.80
2923.75
2946.77
2957.23
2981.64
3019.27
3030.82
3034.51
3053.71
3078.21
3080.90
3101.07
3103.58
3109.39
3476.89
3543.80
3604.48
3654.99
$end
