
$molecule
 O 4.75894071039540 0.80205542808642 -2.00274788087820
 O 4.11097935657083 -0.97873313186554 -4.78179706956045
 O 4.43024708779599 -2.07717320715369 0.00859167662392
 O 7.19271655226368 -0.57346790202736 0.43872510410472
 O 7.40772101821945 -1.61366147037046 2.39766069799089
 N 4.33706890246124 0.14484086200543 0.44338023106114
 C 3.08694401412906 -0.91638261096795 -2.54203046653077
 C 4.44869112530621 -0.57740638304759 -1.86902316707134
 C 3.09451600228253 -0.39127862708740 -3.99698617504412
 C 1.95445122847055 -0.21553795169760 -1.78069418292573
 C 2.87573439181059 -2.43359824619855 -2.56547889137167
 C 4.42404365951432 -0.92598803120538 -0.37746773344357
 C 4.52903425441430 -0.01464586013775 1.86983695752609
 C 5.97831527741208 0.31638520823276 2.27150569164685
 C 6.93054914050449 -0.73215847556244 1.74028872042974
 H 5.24233482584051 -1.19302555843080 -2.32464881627226
 H 3.18136670197570 0.70827181817466 -4.00113166238005
 H 2.14543172924817 -0.65682188773543 -4.47661904166836
 H 1.85182311984022 -0.63448846790530 -0.77992486068475
 H 1.00792248094639 -0.34019447818081 -2.30707654246781
 H 2.16854073167199 0.85040417175839 -1.69020781163880
 H 1.91046028493696 -2.66521557278735 -3.01690541529843
 H 2.89812144720737 -2.84822491237244 -1.55957360027121
 H 3.65867020232224 -2.90845887519446 -3.15728042153799
 H 4.53245240252027 1.05178826316063 0.04366575923982
 H 5.05619647527384 0.99870924382814 -2.89898953963155
 H 3.84745864637005 0.65955450802197 2.39746277658214
 H 4.28709176437171 -1.04925548347266 2.12971262696037
 H 4.98500119827265 -0.77048971417679 -4.43123966873963
 H 6.05308541576670 0.32951009526717 3.35986783757165
 H 6.25504233627914 1.29453782026511 1.87308088813955
 H 7.75013951560472 -1.31278457122388 0.14422497954479
$end
$temperature
298.15
$end
$mult
 1
$end
$sigma
 1
$end
$pressure
1.00000
$end
$scale
1.00
$end
$msrrho
$end
$freq
19.62
28.74
33.70
49.18
61.78
79.49
97.34
158.41
170.57
172.50
193.96
203.10
216.11
235.57
241.64
275.14
313.38
325.63
348.61
378.58
393.47
426.87
464.26
511.08
526.17
557.16
572.51
583.93
599.91
716.90
728.77
795.97
824.69
885.12
902.43
916.26
933.07
961.71
980.41
988.56
1021.91
1043.00
1054.84
1086.24
1106.72
1126.38
1140.59
1154.99
1171.76
1176.26
1206.01
1216.06
1235.67
1246.15
1261.05
1270.65
1294.83
1326.96
1329.32
1344.90
1365.73
1388.17
1396.86
1422.14
1433.42
1439.29
1466.04
1472.03
1476.16
1477.46
1480.04
1749.08
1819.92
2930.70
2931.56
3012.20
3019.89
3031.13
3034.01
3039.25
3050.35
3073.33
3077.59
3080.25
3084.51
3104.11
3501.39
3548.82
3644.24
3647.37
$end
