
$molecule
 O 5.92083310854599 1.97034666515760 0.37676469363858
 O 4.39413725965993 3.92088329116135 2.85605009440444
 O 3.02068217104224 0.96612327387364 -0.91423999554011
 O 7.64691467739621 4.68003571063660 -2.63715672312097
 O 8.86333902077661 2.98592821523104 -3.41500678334449
 N 4.27580984381986 2.43337643694477 -2.02242546256437
 C 3.87449028923259 1.80634890540706 1.72118928975465
 C 4.54646368119050 2.31625706697243 0.42168381055474
 C 4.58396717624995 2.52203168078035 2.89735982854864
 C 4.04059480776813 0.29125379336737 1.89330146849119
 C 2.38396099610161 2.17464963209293 1.72709558475810
 C 3.87813122293194 1.82935716581712 -0.87711448592401
 C 5.40430329958775 3.32092330397099 -2.22451717005077
 C 6.64856238205749 2.51887555659041 -2.62013238300458
 C 7.83966007523138 3.39105662749118 -2.93982321090634
 H 4.51043561531785 3.41568466187712 0.44186305695513
 H 5.66431154772759 2.35080975113511 2.82787057758112
 H 4.22532318053221 2.10812087014875 3.85361225860146
 H 3.59389630627193 -0.23983653193372 1.05435592566497
 H 3.54801248356039 -0.03361548972037 2.81044842709697
 H 5.09564996604805 0.01940054294494 1.96076513967437
 H 1.96446852234216 2.00747937974958 2.72023521571502
 H 1.83295268664272 1.56455328231232 1.01399061124754
 H 2.24579398728067 3.22376780687695 1.46170040088663
 H 3.87557028362279 2.02301070366169 -2.85535474036475
 H 6.01524584386280 1.00978863414344 0.43337850717241
 H 5.14367458781832 4.02409681752071 -3.02216887401833
 H 5.60020744453128 3.88937962034660 -1.31425952970374
 H 3.47831897941058 4.13912672049578 3.06901803376537
 H 6.44883192970642 1.88638953174033 -3.48852984998031
 H 6.94128707803717 1.85866751739192 -1.79943853394736
 H 8.45594054570035 5.17660485580981 -2.84431118203922
$end
$temperature
298.15
$end
$mult
 1
$end
$sigma
 1
$end
$pressure
1.00000
$end
$scale
1.00
$end
$msrrho
$end
$freq
22.19
30.99
35.82
53.15
87.52
100.29
121.50
157.51
183.51
188.37
203.05
227.32
240.71
254.71
295.73
297.33
325.12
344.41
350.55
378.33
389.90
443.56
470.40
497.59
507.77
553.60
578.99
596.27
623.19
646.14
701.76
772.42
789.94
860.18
895.08
925.94
944.55
959.08
985.76
1009.55
1016.84
1063.06
1083.14
1097.51
1104.76
1122.81
1142.28
1145.07
1178.52
1188.65
1240.16
1245.72
1252.87
1257.67
1270.42
1275.74
1323.68
1334.33
1341.36
1356.07
1365.30
1388.36
1396.85
1413.78
1421.16
1452.76
1466.69
1468.11
1476.17
1478.96
1484.35
1731.76
1815.81
2939.52
2980.28
3018.16
3025.49
3028.39
3029.83
3032.69
3050.49
3067.23
3070.61
3075.53
3097.79
3101.06
3481.06
3547.72
3614.95
3640.74
$end
