
$molecule
 O -0.72446684951564 0.76464072498915 0.32174050847220
 O 0.58129500724997 4.55503925000976 1.07144080664920
 O 0.14283719224124 -0.39948293909146 3.56720694355739
 O 4.79755892029039 -0.88538913720544 1.69380987945182
 O 3.14319977564619 -1.06140108935779 0.21552566161954
 N 0.62344579861668 -1.15382683708105 1.48884473247072
 C 0.43359506976455 2.22830619451516 1.83974006101318
 C -0.48963522792949 0.99110331584430 1.70047592018589
 C -0.18080634347015 3.37098159011538 0.99332150738365
 C 1.83756639123410 1.91550874375614 1.30850213089199
 C 0.50103367689852 2.64804087751250 3.31328357261316
 C 0.13503100744421 -0.24259549495521 2.35983393829456
 C 1.38501368684883 -2.27570233081596 2.00952994237311
 C 2.77219412082149 -1.82182872681961 2.47329888376480
 C 3.55943167995525 -1.22496276894934 1.33271024866928
 H -1.44022203143187 1.19870120831530 2.22221497682342
 H -1.22004454985789 3.55176872509616 1.31614289076792
 H -0.19220768599589 3.07854351282056 -0.06155878453332
 H 2.36447716532941 1.23951150459410 1.98183639742905
 H 2.41022195045135 2.83913636742547 1.22304656913297
 H 1.77531734538738 1.45021388215331 0.32448088991594
 H 1.17495054506880 3.49745204608546 3.43052136352026
 H 0.87223723967003 1.83141344723444 3.93077246383568
 H -0.48770435320096 2.93279390689782 3.67605432109209
 H 0.84481424942227 -0.84991619261060 0.54923704261396
 H -1.38052272870831 0.06545356076558 0.20692252293016
 H 0.83663326751873 -2.69722540688789 2.85633635256759
 H 1.47313101179698 -3.02563864307645 1.21925645497043
 H 0.55973552378138 4.90899168372819 1.96928837427551
 H 3.33636004838110 -2.66107440845395 2.88632120658039
 H 2.67872461010560 -1.06743536597004 3.25921869714645
 H 5.25913448618521 -0.49788020058211 0.93174152351953
$end
$temperature
298.15
$end
$mult
 1
$end
$sigma
 1
$end
$pressure
1.00000
$end
$scale
1.00
$end
$msrrho
$end
$freq
26.44
31.53
44.34
56.06
70.85
98.23
117.45
159.68
190.18
198.18
226.44
231.51
237.92
248.41
263.65
297.62
304.59
320.13
329.94
365.68
382.19
426.10
472.51
491.04
519.73
575.76
593.24
615.59
638.75
667.15
715.77
791.49
818.20
876.73
899.45
909.43
930.68
961.18
986.27
989.13
1016.89
1038.84
1084.56
1098.78
1115.04
1124.28
1141.18
1145.05
1146.50
1187.80
1193.65
1220.57
1240.89
1248.74
1261.56
1277.34
1322.96
1335.82
1336.30
1341.37
1368.24
1388.24
1397.23
1404.52
1415.09
1434.61
1467.01
1467.80
1474.99
1477.22
1480.92
1735.56
1796.85
2919.26
2928.86
3022.64
3024.24
3032.70
3038.33
3040.73
3049.58
3061.28
3072.21
3084.77
3086.41
3093.24
3479.42
3547.19
3633.57
3638.15
$end
