
$molecule
 O 0.99465974757416 0.35287815665283 -1.87587727108068
 O -2.04740589774223 -2.82984972579331 -3.92437570323009
 O 2.13397766758515 -2.86769012791846 -2.82914671616137
 O 2.02758300271035 -5.40815337178437 -1.24884765554177
 O 0.07477657343468 -4.41529231976836 -0.83008129875323
 N 2.14284616454621 -1.77172692552567 -0.84574897950498
 C -0.59290673177894 -1.21701739803925 -2.78892574758803
 C 0.89941799906631 -0.80728555910297 -2.68914164550317
 C -0.71046805473371 -2.54769085992000 -3.57172921032070
 C -1.33351059797581 -0.09651936137685 -3.53665415449400
 C -1.19841742385238 -1.38474694605694 -1.39112711667312
 C 1.77441122380404 -1.93564944599194 -2.13437303064887
 C 2.91207395183184 -2.78956151260301 -0.15897902371945
 C 1.98977312806844 -3.82859044929230 0.50316826457763
 C 1.23858004124665 -4.57146698588337 -0.57967849733152
 H 1.26912155743087 -0.59025042453689 -3.70558671780876
 H -0.37634640477224 -3.37797019541409 -2.94208076086385
 H -0.06790325969183 -2.51063332446799 -4.46699182616696
 H -1.14885633307823 0.86117907266629 -3.05023147340627
 H -2.40751515047948 -0.28278666204779 -3.52914550482526
 H -0.99412927091975 -0.03365807256272 -4.57218760494102
 H -2.23136279316993 -1.72010753991137 -1.48413793214908
 H -1.17949388247510 -0.43937025560834 -0.84904367628047
 H -0.64390654892689 -2.12839262901008 -0.81946333565918
 H 1.69917562893638 -1.04248289118172 -0.30685864554147
 H 1.79736116271765 0.84342364846061 -2.09034207698125
 H 3.55029767279801 -3.28471558690154 -0.89741103846349
 H 3.53523652977388 -2.30790216067510 0.59975346619046
 H -2.35856843496717 -2.20567030319027 -4.59112377412718
 H 1.27564634862750 -3.33916624985075 1.16677991483512
 H 2.60067397673568 -4.53303077586705 1.06996634204157
 H 1.55087940767625 -5.73976381749704 -2.02801356987999
$end
$temperature
298.15
$end
$mult
 1
$end
$sigma
 1
$end
$pressure
1.00000
$end
$scale
1.00
$end
$msrrho
$end
$freq
38.56
57.95
63.37
74.82
89.39
100.28
103.02
132.96
167.84
194.10
202.73
228.46
230.31
246.98
274.06
283.21
311.02
321.37
351.73
371.82
405.28
409.86
422.45
456.86
508.23
548.32
572.39
599.00
640.74
702.68
725.58
788.64
828.88
886.61
904.91
910.44
933.75
959.68
987.93
996.76
1015.37
1039.73
1072.52
1086.34
1101.48
1117.39
1143.06
1146.34
1164.60
1188.10
1194.31
1220.10
1229.37
1253.33
1268.25
1281.47
1297.90
1330.31
1336.05
1343.84
1365.56
1385.22
1394.80
1419.21
1430.57
1434.59
1463.43
1471.29
1472.34
1479.76
1484.58
1740.57
1809.03
2928.68
2937.32
3013.42
3029.09
3035.53
3042.46
3050.25
3054.54
3072.30
3076.83
3083.08
3086.67
3097.66
3502.46
3548.49
3645.31
3645.46
$end
