
$molecule
 O -1.28769489631388 -2.79088417733599 4.71727922822665
 O -2.48372997584975 -6.26952658211727 2.78713226958933
 O -2.23992444371316 -1.35237074001551 1.67076521664604
 O 1.09698094786539 -5.05525189812133 -0.56325065457285
 O -0.77861186773899 -4.19454571910714 0.24811838093667
 N -0.29287291708857 -2.26442972058267 2.37912691669120
 C -2.98833216305063 -3.94278474307698 3.36701284528878
 C -2.28025170240963 -2.60317283429670 3.71943061502126
 C -1.91922535613889 -5.05184293487495 3.21873071129535
 C -3.78524686875051 -3.79729534380787 2.06436698816721
 C -3.94145960598784 -4.32463979340466 4.50951716009352
 C -1.61160910675449 -1.99774039478690 2.48546044330645
 C 0.45647001961241 -1.82609680582400 1.22041674552173
 C 1.27254989213198 -2.97817542922338 0.62565942668168
 C 0.40231551596686 -4.11343661215092 0.09598271446259
 H -3.03716753965789 -1.87835479454549 4.06316841012809
 H -1.45411385133493 -5.24448827338084 4.19319577332882
 H -1.13439064907013 -4.71916744665858 2.52424088275958
 H -4.39586566484584 -2.89490121395900 2.09043627175854
 H -4.44102195596121 -4.65849015850664 1.93402385739257
 H -3.11570110777896 -3.73627206390203 1.20743286906099
 H -4.34217508314957 -5.32225842421930 4.32817160047231
 H -4.76978779804652 -3.61843897798726 4.57397725509156
 H -3.41580382641042 -4.33431138969374 5.46668895518744
 H 0.18304782221990 -2.71588394030077 3.14447854631770
 H -1.70134377139362 -3.10679683020508 5.53119717559537
 H -0.26851420973085 -1.45553769577432 0.48890147821736
 H 1.13634984396895 -1.01067677391741 1.49583549136308
 H -2.69600512193407 -6.20495090372723 1.84650965905455
 H 1.94229587767932 -3.39961039149785 1.38154151986157
 H 1.89150889881017 -2.60081092769554 -0.19269792713338
 H 2.04457666485652 -4.88035206530237 -0.62681882581136
$end
$temperature
298.15
$end
$mult
 1
$end
$sigma
 1
$end
$pressure
1.00000
$end
$scale
1.00
$end
$msrrho
$end
$freq
15.22
20.82
39.80
61.62
64.14
115.27
118.64
157.98
195.37
201.88
217.27
221.86
256.13
258.41
275.87
294.49
301.14
326.80
337.39
353.98
392.78
422.23
429.52
438.94
482.73
493.63
545.63
603.45
631.86
638.89
717.53
784.00
832.75
871.54
906.33
910.89
943.45
961.36
981.25
989.68
1015.32
1050.82
1059.43
1077.80
1103.65
1112.56
1133.91
1147.80
1173.54
1191.22
1195.56
1214.48
1218.26
1219.78
1251.43
1288.02
1314.39
1330.00
1340.75
1343.87
1373.78
1386.60
1395.79
1415.00
1430.06
1436.58
1468.54
1471.08
1474.53
1478.03
1480.82
1747.75
1836.26
2933.46
2985.75
2986.80
3007.47
3017.30
3022.93
3034.71
3040.59
3041.35
3063.85
3080.16
3082.79
3097.03
3521.84
3620.29
3621.89
3628.59
$end
