
$molecule
 O 0.25934099080256 -5.79786553123470 4.52244975563336
 O -1.41849679021603 -7.81470384369404 1.32977554516712
 O -1.04521026458031 -3.00981263575647 2.78579365403282
 O 2.02993496178204 -1.38291344412700 5.60508599918824
 O 2.05869184669174 -3.50414138946476 4.97286182605853
 N 0.93381045948719 -4.10521432475519 2.61588542446034
 C -1.66082590945284 -6.15174894847222 3.11746275725669
 C -0.83199712499020 -5.12493966046591 3.92935406540121
 C -0.73919317240656 -6.83059255013337 2.07861297692452
 C -2.82492694594223 -5.43643944760656 2.41983764878311
 C -2.20410174398974 -7.21648556181352 4.07976587660266
 C -0.34371454940051 -3.96709406188106 3.05595945848653
 C 1.65815194938811 -2.91645378708267 2.20287233725096
 C 1.61484875062013 -1.82883361701039 3.28892711112539
 C 1.92713471582716 -2.34756143059703 4.68202988947999
 H -1.48367820059424 -4.68296528311852 4.70307535462401
 H 0.07861047734716 -7.34169151389572 2.59832198738847
 H -0.30271985129772 -6.06692404994521 1.41272542022771
 H -3.38717415043802 -4.83888241523773 3.13776303781293
 H -3.50178388533063 -6.16746131959697 1.97610338105070
 H -2.46286945230804 -4.77467445361098 1.63349889154164
 H -2.68981837405743 -8.01033856911226 3.51218612750245
 H -2.92950688006457 -6.77911235659602 4.76654543546567
 H -1.38891785732897 -7.64951636514939 4.65912722877945
 H 1.48481867949798 -4.80873892999853 3.09291562557922
 H 0.76957327814783 -5.18195180280213 5.07546724119773
 H 2.68972047502241 -3.20863429719785 1.99217660248377
 H 1.20302496113531 -2.52039738715371 1.29017440838627
 H -2.12659931022381 -7.40885052119646 0.81414686715927
 H 0.60990191566437 -1.39651502448007 3.32647568892724
 H 2.31219476187478 -1.02543325423061 3.03901067680965
 H 1.87897323932768 -0.49115522258382 5.26477469921250
$end
$temperature
298.15
$end
$mult
 1
$end
$sigma
 1
$end
$pressure
1.00000
$end
$scale
1.00
$end
$msrrho
$end
$freq
18.30
38.75
51.23
57.82
81.49
99.53
144.49
183.26
188.40
192.06
212.85
227.96
238.61
270.74
290.75
300.12
316.55
336.70
359.12
396.98
421.20
445.07
455.58
485.34
498.13
544.59
596.25
625.50
652.54
660.98
751.99
780.93
817.71
876.95
901.97
911.00
936.87
961.20
986.07
992.76
1017.28
1039.41
1062.35
1097.53
1102.30
1116.01
1134.95
1151.13
1160.85
1195.78
1200.62
1213.30
1240.25
1245.53
1265.50
1283.11
1305.74
1331.92
1337.47
1342.66
1368.54
1387.96
1397.02
1406.54
1409.69
1439.77
1469.86
1470.35
1473.72
1477.84
1480.02
1738.17
1808.40
2921.35
2934.67
3013.29
3020.00
3032.64
3035.00
3036.00
3040.92
3057.71
3076.44
3080.04
3086.30
3088.50
3472.55
3536.53
3612.29
3637.88
$end
