
$molecule
 O 5.20601303523402 0.29906402106371 5.34769555202987
 O 7.13469168895393 0.20563731931583 3.32716301626099
 O 5.98398300914031 2.60939330190532 3.90508131944464
 O 5.66757080298615 6.29289372379602 0.55836078504902
 O 3.91665973423605 6.75627548571426 1.84525473605086
 N 3.78863894341746 2.96679213828512 3.55347056107967
 C 4.71940382258319 -0.17332103951389 2.98862766824584
 C 4.47826450364785 0.73434855844532 4.23475773192757
 C 6.11581609541540 0.08637736293530 2.36262245046665
 C 3.64113952003282 0.11292371809878 1.93594854484128
 C 4.63137609829889 -1.63684287147217 3.44232956026420
 C 4.83539913681632 2.19110421391462 3.90245413789380
 C 3.99492283518104 4.37439348104689 3.24354782087341
 C 4.79107685064706 4.52951809253347 1.94323524253495
 C 4.73474354184558 5.97252120700905 1.46519924131120
 H 3.41453458951803 0.67608437155774 4.51150801798522
 H 6.07592741187441 0.99268689887154 1.73680705399347
 H 6.37075490392009 -0.76015436681848 1.71230132142852
 H 2.65062995308069 -0.11504667284129 2.33170040742867
 H 3.80743908878550 -0.50186749932420 1.05082058751010
 H 3.66063415879309 1.16187576829282 1.63505838530034
 H 4.69498042090926 -2.30221297838345 2.58090319167423
 H 3.69022252587046 -1.82185121801152 3.96073086543831
 H 5.45286702044812 -1.86382399100563 4.12086848289750
 H 2.84393772746567 2.62845769091213 3.63164495286598
 H 6.14739875948466 0.24650852996285 5.10667511114187
 H 3.01717334202574 4.85167933537774 3.14489888730845
 H 4.54378800978404 4.84775357282219 4.06434795264624
 H 7.13855769647816 1.13260083151382 3.64048887150166
 H 4.35900933253989 3.90063748739078 1.15918682181743
 H 5.82699838685070 4.21693379859475 2.09215776738330
 H 6.28679905373570 5.57807472801260 0.36064595340361
$end
$temperature
298.15
$end
$mult
 1
$end
$sigma
 1
$end
$pressure
1.00000
$end
$scale
1.00
$end
$msrrho
$end
$freq
22.10
26.70
30.13
56.01
83.41
92.20
145.66
170.08
185.48
190.18
213.01
216.46
227.64
251.44
273.53
305.62
329.28
348.81
356.79
388.93
413.00
420.81
444.42
458.92
487.19
553.05
573.64
592.09
652.38
677.27
729.32
793.86
807.11
901.12
917.69
920.68
940.89
958.92
972.99
1013.99
1023.63
1042.17
1062.69
1082.42
1124.78
1131.44
1142.47
1159.09
1165.81
1186.40
1200.21
1218.66
1229.16
1254.96
1255.82
1280.01
1285.08
1333.53
1352.63
1369.49
1382.47
1387.04
1395.48
1416.08
1420.49
1434.53
1469.29
1471.09
1475.55
1478.34
1482.45
1708.33
1830.58
2938.82
2965.21
3001.34
3009.78
3017.76
3027.57
3035.54
3049.43
3061.80
3069.20
3074.19
3077.73
3090.84
3430.20
3528.62
3531.49
3614.60
$end
