
$molecule
 O 1.96195134193142 -6.47759239276224 -5.05759494086293
 O 0.71247641094131 -4.18373549114893 -3.98054933598413
 O 5.06193975407926 -5.99641066183562 -3.43271637876549
 O 6.33192641105446 -3.80281620461950 -7.04727646309038
 O 5.28125717543564 -4.38117374723782 -8.92502325143234
 N 4.27980324900699 -4.89179932671203 -5.19453808520658
 C 2.05600248134124 -5.78878871231005 -2.68744146718726
 C 2.78329276741969 -6.44937155274132 -3.89895132369922
 C 1.71128452516903 -4.31448955409890 -2.99330891488212
 C 2.96079802992110 -5.84143329457488 -1.44990668262186
 C 0.76353539051877 -6.56989104431324 -2.40316034382395
 C 4.12441818508594 -5.76634113227190 -4.17817502969301
 C 3.38615205099932 -4.57423129963820 -6.29874987281792
 C 3.99292125628189 -3.43411221330385 -7.12532540674299
 C 5.24468641377009 -3.91647881512500 -7.82110053859304
 H 3.04455043349953 -7.48236837862792 -3.61300488817617
 H 2.62951094769420 -3.78016090824409 -3.29190172504454
 H 1.32462207809183 -3.83840881871303 -2.08332006772968
 H 3.34811164754119 -6.84962526121988 -1.30365219244174
 H 2.39416204230463 -5.55243388632262 -0.56420774529148
 H 3.80638481754516 -5.16349182514782 -1.55427506905389
 H 0.25577169355761 -6.14402795908513 -1.53752765216830
 H 0.98700880862319 -7.61706602914998 -2.19661656547937
 H 0.08361338014276 -6.51592778604038 -3.25377363805283
 H 5.23798858055570 -4.58121204790099 -5.29370673980493
 H 1.32330706523113 -7.19770804217605 -4.98407573327354
 H 3.23315165116614 -5.45483274565236 -6.93281822639028
 H 2.41855522574337 -4.24778803194958 -5.91087722565510
 H 0.89092882670459 -4.81559153401116 -4.69508499245608
 H 4.22898501765822 -2.58759651894309 -6.47824309409110
 H 3.27193343564149 -3.12756144632934 -7.88462162179901
 H 7.10397090534447 -4.15052733779300 -7.52405478768746
$end
$temperature
298.15
$end
$mult
 1
$end
$sigma
 1
$end
$pressure
1.00000
$end
$scale
1.00
$end
$msrrho
$end
$freq
25.73
35.68
45.76
52.24
75.92
121.79
141.54
160.74
171.87
185.14
208.56
215.79
231.62
250.87
269.38
296.32
315.23
334.04
371.84
386.95
416.94
422.93
446.67
508.05
552.76
558.21
570.81
602.38
627.19
652.97
735.34
794.08
823.32
849.47
909.09
917.29
945.83
959.95
992.65
1005.78
1019.97
1043.72
1083.74
1112.03
1120.59
1138.81
1151.56
1154.01
1169.98
1183.72
1213.60
1219.04
1249.92
1254.36
1285.19
1298.69
1321.00
1323.44
1347.02
1362.98
1376.88
1390.08
1398.63
1415.96
1429.47
1455.35
1468.84
1474.06
1475.19
1483.14
1486.95
1711.93
1822.36
2930.59
2932.49
3004.38
3005.25
3033.23
3036.75
3039.22
3055.39
3077.33
3077.58
3078.90
3081.06
3095.62
3477.70
3541.88
3565.81
3632.36
$end
