
$molecule
 O -2.42425030729251 0.02903001413149 1.82960071033840
 O 0.42438691153729 2.07979223194129 -0.76510081566897
 O 0.94589276568125 0.15347408463841 2.97444445468968
 O 0.49121145333562 -1.92721252083410 0.77014799907269
 O -1.60105014514705 -2.05060029743464 0.07107380086682
 N -0.56305827087709 -1.34623248080262 3.58067393916970
 C -0.79721307629235 1.79384900912497 1.33866384292334
 C -1.31640800334074 0.72483860230033 2.34412349450454
 C 0.03344000719869 1.13705560839764 0.21021087854023
 C 0.05340956624334 2.84986215342058 2.05700695156214
 C -2.02633559757590 2.49341825075362 0.73004570950406
 C -0.22143365485339 -0.18805118379414 2.92219788801115
 C -1.57962547370341 -2.31994588253680 3.23539717788964
 C -1.07571900395260 -3.22075765556637 2.08682463886252
 C -0.76414107434435 -2.36519865643105 0.87269475528612
 H -1.69356324889528 1.26133341103242 3.23226889261388
 H -0.54331909585807 0.31855622476940 -0.25044315089785
 H 0.95652104426467 0.71913729953007 0.62371156299313
 H -0.53441660396732 3.36142627308745 2.82030680484714
 H 0.39741960638116 3.58472351247214 1.32857489902396
 H 0.92534931702605 2.40131206495518 2.52785156227398
 H -1.71114537200001 3.34775417033606 0.13065419875554
 H -2.68646436061395 2.85267360559177 1.51981969973373
 H -2.58959032502013 1.81122123783526 0.09327857940128
 H 0.26931771069630 -1.76985108032844 3.97766101616028
 H -2.22023418984344 -0.38262393767846 0.97158679389390
 H -1.76261910858236 -2.93835425905317 4.11941283480660
 H -2.50914478249823 -1.82593927073747 2.95655821021402
 H -0.34236098628570 2.36979238716991 -1.27424861013465
 H -1.86439989243075 -3.92500511694459 1.81791958415190
 H -0.18971286529330 -3.77181712163050 2.40901835268393
 H 1.05779805630096 -2.07273367771542 1.54156734393003
$end
$temperature
298.15
$end
$mult
 1
$end
$sigma
 1
$end
$pressure
1.00000
$end
$scale
1.00
$end
$msrrho
$end
$freq
49.01
50.06
74.28
79.47
94.26
101.56
149.80
155.70
170.61
196.60
209.39
226.16
277.39
293.03
296.12
309.13
347.72
374.76
383.70
401.79
433.47
437.88
445.70
466.50
521.64
558.04
588.93
610.68
667.11
698.06
720.85
774.65
836.41
853.67
904.24
909.64
941.55
960.64
980.66
989.53
1016.10
1018.15
1039.03
1094.61
1098.50
1116.50
1139.51
1160.37
1163.41
1186.38
1188.73
1226.12
1237.63
1252.15
1270.24
1276.63
1301.94
1321.17
1341.59
1357.57
1369.18
1389.36
1398.98
1416.77
1434.01
1445.80
1466.55
1469.05
1475.21
1479.69
1484.79
1713.24
1796.90
2935.42
2948.43
3020.23
3027.60
3035.55
3037.21
3049.03
3067.39
3077.33
3078.60
3081.31
3100.32
3110.66
3438.94
3513.77
3581.66
3644.30
$end
