
$molecule
 O 3.20849385177978 -3.42566888818432 -3.81766727445996
 O 7.49196926283785 -4.05878043860261 -1.51781853373128
 O 4.77490880604562 -0.76518213617361 -2.20537135185346
 O 1.91039800038981 0.62131975312017 -2.28843780614987
 O -0.23816743799856 0.25475711566435 -1.88541487394671
 N 3.01513727971143 -1.87127301528009 -1.39680493174754
 C 5.33151818334316 -3.87394983227057 -2.65161541858063
 C 4.37776813381262 -2.82573413149951 -3.29767231543494
 C 6.52845444285292 -3.14450765595553 -1.99082102108318
 C 5.84770700830786 -4.80483599705902 -3.76080711028589
 C 4.59336972628066 -4.69948352942020 -1.59212376483319
 C 4.03750222172762 -1.73405598220188 -2.28788463085624
 C 1.70544116320253 -2.42932363220460 -1.69691763635620
 C 1.00757309477783 -1.57946536954636 -2.77207287982688
 C 0.81604742630292 -0.14908695061558 -2.27996530402687
 H 4.92815255472159 -2.31460825866143 -4.10766159810848
 H 6.18047789995555 -2.58275869471666 -1.11788882969126
 H 6.97320876525885 -2.43288719149080 -2.70401640891397
 H 5.01864150949970 -5.30431431032563 -4.26425382990516
 H 6.49043053854588 -5.57431608495334 -3.33315839585310
 H 6.41858121637776 -4.24260932641095 -4.50118920268211
 H 5.28522127129506 -5.41035245426852 -1.14069640298730
 H 3.76523206465364 -5.24785596098392 -2.04142696134459
 H 4.20076688281884 -4.05206873339429 -0.80769396076208
 H 2.96846408307868 -1.05910376423081 -0.78844298008305
 H 3.44277719388398 -4.05381509199761 -4.51317615111836
 H 1.80081353754113 -3.46238086828153 -2.03187296035092
 H 1.12574301502840 -2.41513024629299 -0.76958389816933
 H 8.02596200176478 -4.40025071481533 -2.24518458801318
 H 0.02154400220931 -2.00043487023435 -2.97551551881105
 H 1.59881370341306 -1.59205041362094 -3.68919916079533
 H 2.72964259658193 0.20739467489349 -2.60504129923506
$end
$temperature
298.15
$end
$mult
 1
$end
$sigma
 1
$end
$pressure
1.00000
$end
$scale
1.00
$end
$msrrho
$end
$freq
30.68
34.47
52.75
67.68
79.15
96.82
123.13
147.24
182.28
196.46
214.92
228.87
237.76
268.49
271.92
292.83
316.21
335.30
356.80
375.31
397.04
408.63
464.42
470.79
529.77
577.44
587.93
647.46
688.22
720.55
763.23
791.90
807.92
850.12
902.26
904.72
925.31
958.46
990.49
995.37
1001.67
1014.01
1069.57
1081.59
1096.60
1117.89
1130.26
1147.70
1163.33
1197.17
1207.96
1220.45
1238.86
1240.59
1282.34
1295.75
1311.26
1334.60
1340.80
1366.01
1366.37
1386.16
1395.81
1407.37
1432.05
1457.99
1464.14
1468.83
1473.00
1479.33
1486.07
1704.40
1824.81
2920.71
2950.70
3027.80
3030.47
3037.69
3037.78
3038.55
3067.08
3074.64
3077.96
3081.04
3083.64
3087.10
3435.37
3535.61
3618.25
3647.50
$end
