
$molecule
 O 5.60542299824038 0.07610453070952 2.62354977519160
 O 1.99161514871824 -0.43917807602756 5.89251681021894
 O 2.27660685183359 0.94920888182215 1.89497479929707
 O 5.78980202711198 -4.18703729775831 0.26458594328705
 O 6.20684303019434 -3.27637625136841 -1.71884701297310
 N 3.51946024362919 -0.58314167179866 0.87053079419950
 C 3.83438277672188 -0.30663728985690 4.28840630941336
 C 4.30423822773110 0.46374977634146 3.01920268208313
 C 2.39650487174568 0.12932735623136 4.66579765692711
 C 4.79307243769264 0.03221659871718 5.44158495774320
 C 3.85181792313089 -1.81988051177897 4.04142949752568
 C 3.30646557591367 0.29701496123572 1.87342988826653
 C 4.70891179048145 -1.35959860134510 0.55518095438328
 C 4.33711054093362 -2.41899699092068 -0.48876777677912
 C 5.53402751508608 -3.32891615865359 -0.73589456587907
 H 4.29205267907299 1.54292294555182 3.25299929215130
 H 1.69043483297448 -0.23095173708183 3.91141652238703
 H 2.33485188049866 1.22813520124264 4.69889520453199
 H 5.81533029013776 -0.25065441254480 5.18765363461598
 H 4.50815479211100 -0.51582802751189 6.33978904995217
 H 4.76902472965682 1.10078907887186 5.66048970158222
 H 3.49470043335014 -2.33727685904053 4.93198381172391
 H 4.86370130668334 -2.15991486164665 3.81875792602245
 H 3.19977334902240 -2.07895599736478 3.20621249021780
 H 2.82908558888137 -0.50871884130948 0.13576420589447
 H 6.25991604990743 0.44208757573138 3.23148782391995
 H 5.49959525908976 -0.70652068536507 0.16830979353897
 H 5.07531311857531 -1.85340871772621 1.45828385227553
 H 2.39680354202904 0.02656135173597 6.63395985165016
 H 4.06311374048335 -1.94386972856448 -1.43252449516668
 H 3.49046918230993 -3.00900923485129 -0.12861521422925
 H 5.16051826604976 -4.14535730567062 0.99612783603620
$end
$temperature
298.15
$end
$mult
 1
$end
$sigma
 1
$end
$pressure
1.00000
$end
$scale
1.00
$end
$msrrho
$end
$freq
18.42
26.30
36.14
48.39
80.32
83.68
112.19
146.19
170.93
189.28
195.42
221.52
228.16
244.90
257.32
268.22
277.49
325.48
332.04
357.62
396.65
406.79
427.10
444.68
466.69
544.21
587.67
601.37
628.21
675.25
715.23
792.40
802.06
840.26
903.83
915.61
932.03
957.69
997.53
1000.96
1011.89
1056.08
1081.97
1093.64
1101.78
1117.00
1134.93
1150.57
1161.34
1192.11
1220.50
1231.84
1240.54
1248.79
1260.26
1289.63
1318.85
1336.82
1345.47
1364.96
1368.04
1384.70
1394.60
1412.61
1440.93
1461.08
1464.62
1470.29
1475.91
1481.92
1488.15
1715.66
1844.07
2922.89
2953.03
3001.79
3022.45
3029.20
3032.43
3045.99
3052.00
3065.17
3070.52
3075.93
3076.98
3082.67
3482.90
3617.44
3631.00
3647.41
$end
