
$molecule
 O 5.82318109464121 -2.45501850251774 1.85984056165110
 O 7.49708362282071 -3.19134013642054 3.75710476349358
 O 2.69158578224448 -3.98839351678733 2.65976333778738
 O 8.86408379646331 -4.81921206851206 1.82066088079570
 O 8.16834934668937 -5.19846483349129 -0.25638828913419
 N 4.19354694499559 -4.72866832805752 1.19786822458744
 C 5.07237045171007 -2.89704487625276 4.17414936208605
 C 4.68279358772331 -2.71486350661323 2.66330048893523
 C 6.52184564145725 -2.41569542400860 4.42999154959775
 C 4.94383696627502 -4.34090516396046 4.68243921757502
 C 4.11801668210809 -2.02313363061289 5.00310107473875
 C 3.80315625580197 -3.87244965532379 2.16908447651739
 C 5.47049475487484 -4.89043313987107 0.52434166230320
 C 6.55020514132772 -5.40500696462204 1.48730342060733
 C 7.93500198088600 -5.13509800830478 0.91605761091024
 H 4.01956760526963 -1.83522181157616 2.60727073544625
 H 6.72767943503007 -2.49959291867235 5.50372701478211
 H 6.61769671277480 -1.35777565056477 4.14152487263995
 H 3.92116854762079 -4.70082045456549 4.58898588323766
 H 5.22146700074570 -4.37192013024753 5.73688541457394
 H 5.60663520124458 -5.01394369304738 4.14259668862533
 H 4.32017794701816 -2.14353267369152 6.06789128780740
 H 3.08816029767245 -2.32304640405507 4.80874378242069
 H 4.23168934637802 -0.96911936426870 4.74621340186464
 H 3.51113982669899 -5.45678035571352 1.03679945106040
 H 5.59381748269016 -1.84557058148649 1.14785337297750
 H 5.32229735688008 -5.60774183843823 -0.28734863245355
 H 5.78635239620004 -3.94520833924931 0.07710823978884
 H 7.49716323215997 -2.88718256731407 2.83460814166323
 H 6.44517057253796 -6.48227348261347 1.63631816878913
 H 6.45026533499694 -4.91938512662131 2.45485400086526
 H 8.52252765406273 -4.70605685251957 2.72491083345866
$end
$temperature
298.15
$end
$mult
 1
$end
$sigma
 1
$end
$pressure
1.00000
$end
$scale
1.00
$end
$msrrho
$end
$freq
19.61
46.78
62.77
83.99
102.46
125.86
165.50
180.62
193.96
200.97
225.96
247.61
253.97
270.92
273.66
308.05
327.47
358.99
374.14
407.67
418.76
448.79
470.87
505.21
522.92
545.20
576.46
583.12
630.01
635.19
699.44
771.98
787.94
843.79
911.83
925.17
931.16
953.44
985.96
1010.14
1019.56
1057.61
1078.43
1091.68
1109.66
1121.20
1136.02
1147.14
1171.22
1182.40
1213.98
1233.30
1247.82
1252.23
1278.03
1282.76
1321.09
1344.44
1346.57
1366.61
1374.17
1386.20
1396.73
1413.41
1420.84
1464.04
1465.57
1466.82
1473.82
1477.07
1482.85
1703.28
1820.21
2932.29
2954.44
3014.93
3029.93
3030.14
3033.62
3046.09
3060.65
3072.59
3082.42
3090.12
3109.91
3122.40
3487.34
3503.86
3571.89
3640.00
$end
