
$molecule
 O 7.42113322341761 -2.79893720533335 4.34685351350601
 O 5.43476792436103 -4.75979177799811 7.35781308427380
 O 5.91529780240993 -1.95842105535547 7.35601896990177
 O 11.59342859139809 -4.90807637348938 7.57264662171512
 O 11.99852127074755 -3.06944092138068 6.38153023007414
 N 8.07199093551700 -1.70021722228470 6.87322469490376
 C 5.27557571791545 -3.65751159239795 5.15081325010333
 C 6.73976528626135 -3.27139546228269 5.49062469931929
 C 4.54595469238189 -4.21839702912396 6.40442268955347
 C 5.33515671810713 -4.74844436741119 4.06937368793991
 C 4.50200988785154 -2.44514463242173 4.61462908963081
 C 6.86162818857534 -2.26810677700720 6.64927765170803
 C 9.37262659126713 -2.19020633888703 6.45515503318421
 C 9.80292752592839 -3.38600849855701 7.31405524929589
 C 11.24164073729808 -3.74506585622419 7.02252678087523
 H 7.26695996240021 -4.18590710381902 5.80261112888980
 H 3.86978724923567 -5.02365762985481 6.08994734468888
 H 3.93825623395130 -3.42743355104442 6.86495762826561
 H 5.90348576526713 -4.40002587664057 3.20671446608112
 H 4.32915527542134 -5.01026697991839 3.74055525581115
 H 5.81705861287702 -5.64302509188966 4.46531078586518
 H 3.47166276667062 -2.72869544965545 4.39803908626161
 H 4.95157071525788 -2.07479539503431 3.69154938078504
 H 4.49331108026214 -1.63953837653097 5.34816330521785
 H 8.07622806537223 -1.11853455036498 7.70162884324187
 H 6.99379185886323 -1.99904254049116 4.01293653234560
 H 9.35525952143358 -2.46960055336322 5.40143362924588
 H 10.09131994194487 -1.37492662776530 6.58006763814971
 H 5.70191186864814 -4.03976057844075 7.94961866667260
 H 9.17266108480869 -4.25926151341022 7.13299613950919
 H 9.72690043787487 -3.14237788549117 8.37758820555597
 H 12.52367946627470 -5.09434418613029 7.36344471742778
$end
$temperature
298.15
$end
$mult
 1
$end
$sigma
 1
$end
$pressure
1.00000
$end
$scale
1.00
$end
$msrrho
$end
$freq
19.98
23.69
31.90
53.03
75.70
89.34
119.58
160.33
175.80
209.14
227.55
228.07
238.71
259.04
305.14
324.42
340.24
350.55
355.36
401.99
438.21
443.52
451.71
496.39
530.18
554.24
584.62
607.89
634.58
647.10
694.47
773.29
793.27
864.34
905.23
913.15
940.21
958.97
984.80
1016.11
1018.62
1057.96
1077.77
1106.29
1115.34
1131.07
1140.51
1152.93
1175.31
1196.69
1209.13
1234.44
1237.07
1248.56
1275.94
1298.02
1322.56
1344.73
1347.36
1359.84
1373.23
1387.55
1396.08
1412.90
1417.58
1450.29
1468.11
1468.85
1477.45
1479.39
1484.90
1712.27
1813.08
2974.26
2976.01
3004.02
3018.51
3029.64
3031.97
3032.97
3049.66
3068.44
3077.23
3081.03
3088.76
3089.62
3470.32
3548.29
3588.62
3620.18
$end
