
$molecule
 O 2.24853375913909 3.66917086866935 -2.87690033862609
 O 4.43196665920653 3.22871814524532 -0.98220402485197
 O 2.43521502897657 0.35631775526276 -3.33565342895069
 O 4.31905788840256 2.14651538555855 -4.48827194094294
 O 3.79917543334360 3.15823453612829 -6.39767211974472
 N 1.28854029822938 1.81729733160761 -4.62206996494961
 C 2.24259795953689 2.10337993143324 -0.96440312871701
 C 1.67747708084556 2.47751963125549 -2.35874790447579
 C 3.78315694948636 1.97835409589855 -0.98409138330952
 C 1.63012432413667 0.77564991817607 -0.49749454321110
 C 1.83716961120412 3.21667284354457 0.01525208487143
 C 1.83628649791600 1.41397493849494 -3.45625937672727
 C 1.54001123244170 1.08245493852939 -5.85486405522686
 C 3.04775764905783 0.90438268181496 -6.12098289734264
 C 3.76990445658818 2.17975515393910 -5.71195371334180
 H 0.60004746569062 2.67912634473635 -2.24667386676135
 H 4.09727970555261 1.37299596018403 -1.85066348570266
 H 4.11016297067498 1.45649653345298 -0.07593408880759
 H 0.54529748159394 0.79557189547566 -0.60966278024067
 H 1.86471194858907 0.61290677630084 0.55478705562566
 H 2.02368946199071 -0.06190919302492 -1.07076714313086
 H 2.30763603448315 3.05128263570015 0.98417602769595
 H 0.75463038377208 3.23098982876728 0.14688280823859
 H 2.15432923547804 4.18824097892838 -0.36202841788736
 H 1.03841217387933 2.79284233897128 -4.70765546851540
 H 3.08648529235868 3.47488714584033 -3.33057940214458
 H 1.06567577022240 0.09913335932735 -5.78459412344458
 H 1.07831527189517 1.64696842840437 -6.66794440538016
 H 4.01897556877195 3.82292068574327 -1.62452028664302
 H 3.19917294793892 0.74145440275954 -7.18902900281409
 H 3.42957556013589 0.04536609509094 -5.56792403530250
 H 4.17634189846208 1.29586562778355 -4.03255764923884
$end
$temperature
298.15
$end
$mult
 1
$end
$sigma
 1
$end
$pressure
1.00000
$end
$scale
1.00
$end
$msrrho
$end
$freq
35.23
49.10
51.83
104.56
110.43
127.25
133.96
142.24
172.78
190.24
197.63
230.41
254.21
275.30
279.60
296.50
319.53
342.21
366.48
384.10
429.33
445.16
464.05
512.87
527.31
553.50
578.32
611.00
661.18
715.41
763.07
799.20
824.13
890.59
898.49
916.68
952.51
961.75
990.62
999.74
1018.58
1027.25
1074.61
1108.49
1113.47
1123.75
1138.66
1150.48
1157.56
1173.89
1204.93
1216.27
1225.63
1238.77
1266.63
1279.64
1298.30
1323.84
1325.48
1354.25
1379.02
1389.14
1397.86
1418.06
1431.67
1439.92
1470.54
1472.53
1478.31
1480.72
1484.31
1721.18
1830.32
2944.10
2955.50
3006.64
3019.41
3035.75
3037.01
3040.98
3058.41
3075.16
3079.11
3080.00
3090.64
3100.26
3469.07
3490.63
3531.40
3609.97
$end
