
$molecule
 O -1.63325172406900 0.12370838232197 6.47575914759089
 O -3.07338530857198 -1.78986273052185 7.74381933802266
 O 1.16121648535652 -1.13644825465774 5.00248086151439
 O -1.43785109028906 2.85762962335895 7.26880008399304
 O 0.74211341731240 2.39693798595838 7.36917655172182
 N 0.27793117840071 0.82960600668852 4.48801351700514
 C -1.17752590159311 -2.26691162161876 6.20830748565507
 C -1.18844030999071 -0.85581236494401 5.56018285327575
 C -2.61241326692903 -2.61090080933371 6.68253380018977
 C -0.21711202681526 -2.30325626840095 7.40450340788137
 C -0.79445642108867 -3.33097516130694 5.16967626362306
 C 0.18745600915640 -0.40719951853384 5.02835995176999
 C -0.68457290701136 1.91013942057389 4.42560715651902
 C -0.20509846990993 3.10442428519909 5.26985315665540
 C -0.21692713818321 2.74358895398689 6.74015708148091
 H -1.86584037361391 -0.88864454504758 4.68182751606133
 H -2.64620814742076 -3.66904423158157 6.98756324369940
 H -3.31964884537332 -2.47158812518383 5.85600671546073
 H 0.81476367448744 -2.23825080862049 7.06430155843876
 H -0.34217661468807 -3.23184868646309 7.96310404653348
 H -0.41132041894860 -1.46040191750167 8.06916423205419
 H -0.88045693927998 -4.32598507560734 5.60856065650202
 H 0.23048826729059 -3.19447316199464 4.83258877311635
 H -1.45718696843498 -3.27521330837024 4.30438919424931
 H 1.21964267649662 1.06463959514311 4.20382191255370
 H -2.37269799849400 -0.24662202369703 6.99396626013134
 H -0.77678864409939 2.23154771017611 3.38084040963121
 H -1.66019853691819 1.57206819675907 4.77431378591548
 H -2.52346885860714 -1.93635664192168 8.52469936045895
 H -0.87761835480795 3.94703231193965 5.10088523998437
 H 0.81059692632643 3.37993010885482 4.98098842614130
 H -1.41935836968606 2.50744467435139 8.17416501217003
$end
$temperature
298.15
$end
$mult
 1
$end
$sigma
 1
$end
$pressure
1.00000
$end
$scale
1.00
$end
$msrrho
$end
$freq
12.20
19.09
54.97
70.09
76.99
81.50
129.37
143.38
176.88
196.42
203.96
252.53
262.43
268.60
296.73
309.85
345.81
369.02
379.39
390.31
407.12
438.65
477.06
522.40
539.38
558.83
566.25
581.08
595.58
672.46
718.83
802.94
828.39
847.52
903.79
923.78
936.93
961.31
974.33
991.05
1016.02
1034.97
1059.84
1103.63
1115.84
1140.16
1154.45
1156.59
1179.11
1193.40
1209.09
1215.47
1260.38
1266.31
1286.93
1292.31
1329.61
1337.94
1339.03
1348.91
1371.55
1388.39
1398.06
1424.97
1436.34
1450.12
1468.02
1469.34
1473.13
1476.49
1478.45
1728.21
1822.81
2859.23
2942.72
2989.27
3012.50
3031.16
3034.20
3034.49
3068.29
3072.07
3074.09
3090.67
3100.27
3110.22
3451.75
3480.44
3560.02
3626.19
$end
