
$molecule
 O 4.11970761582133 -6.97374369538188 3.43040249589359
 O 5.09898732809212 -10.03770286335194 1.31454568959181
 O 6.43864323289722 -8.00008409689355 3.40906191362200
 O 6.93921096865267 -9.50322332563796 -0.92970780391617
 O 8.90139140984441 -10.54050922804597 -1.04884699001410
 N 6.89306125160015 -7.57177801095833 1.23790153256603
 C 3.67114183485453 -8.03050995821880 1.29651810963679
 C 4.62700770413506 -7.12243508992322 2.12981917054291
 C 3.85353773416920 -9.50637840906266 1.71192968122301
 C 3.90179759239280 -7.84824520801434 -0.20899752412939
 C 2.22605236692466 -7.61631351855928 1.61690689857959
 C 6.06265906291701 -7.65442961320379 2.30467226316585
 C 8.22403063187544 -8.14162568796896 1.35539061023011
 C 8.22386945845685 -9.65533803606449 1.08115232879811
 C 8.08789092602543 -9.96240430872665 -0.38496990953721
 H 4.68316958411703 -6.13371380515420 1.64250171235713
 H 3.02846365551173 -10.10860669400100 1.29769688267924
 H 3.81859272106177 -9.57471911182120 2.80539709735175
 H 3.77178405382709 -6.80209775219789 -0.48796063110545
 H 3.18109448150517 -8.44603114222129 -0.76884343777486
 H 4.90076575638573 -8.16084544452454 -0.50906333596845
 H 1.52626853554849 -8.19447515127031 1.01236718559653
 H 2.08096553592104 -6.55720306877002 1.40357174293838
 H 2.00530152216784 -7.79029110517703 2.66911814298616
 H 6.50953347442815 -7.51124047443216 0.30804797028543
 H 4.78424919146050 -7.37999789386806 4.02780835569342
 H 8.89222051639676 -7.62319388831252 0.66197693527764
 H 8.56460845724296 -7.96995208978723 2.37993515365570
 H 5.17080663628581 -10.06256117197714 0.35061307372559
 H 7.39294969828537 -10.11151752867257 1.62410908347095
 H 9.16132876250470 -10.09072297824894 1.43075982115634
 H 6.94071229869161 -9.74056764955195 -1.87161421858807
$end
$temperature
298.15
$end
$mult
 1
$end
$sigma
 1
$end
$pressure
1.00000
$end
$scale
1.00
$end
$msrrho
$end
$freq
14.80
38.81
68.60
76.44
100.27
107.13
138.01
159.24
182.29
191.34
214.90
231.65
239.56
291.08
298.63
317.89
339.90
363.15
367.39
392.86
422.68
469.89
482.72
489.87
522.06
554.46
567.15
593.60
625.18
713.47
736.76
804.42
833.30
883.22
898.31
920.06
946.90
953.66
982.53
990.57
1010.85
1024.02
1077.83
1108.43
1119.55
1126.69
1149.07
1151.84
1160.27
1184.41
1190.67
1222.51
1236.00
1249.17
1255.88
1292.15
1294.40
1326.89
1334.08
1350.76
1363.92
1387.49
1396.64
1414.36
1416.91
1437.41
1463.05
1471.90
1475.39
1476.93
1486.47
1727.05
1817.28
2924.56
2936.72
3020.31
3024.25
3034.82
3035.36
3036.38
3056.86
3072.31
3074.93
3077.58
3093.01
3098.45
3375.09
3530.68
3545.02
3617.92
$end
