
$molecule
 O 4.01731255946217 2.98276096860975 3.72634804318791
 O 4.16824477656978 3.22053026507094 -0.36450486141161
 O 6.79887026092662 2.14067698562272 1.94903313941326
 O 6.05902575933998 6.47842413788826 6.77818160005981
 O 5.95950618019030 7.98555014290238 5.14895696115619
 N 6.64715071262653 3.81288240148948 3.40138207911140
 C 3.95745278527393 1.81980915647586 1.56505462634390
 C 4.55770284654154 2.97208679401791 2.41289125248708
 C 4.47827607031275 1.92216289476736 0.12059384568357
 C 2.42753651037600 1.98399129196660 1.52884242544264
 C 4.30971889697874 0.45531834156666 2.16688976211269
 C 6.08480379420110 2.91066771698147 2.56329508741874
 C 5.98470869416869 4.77691251521113 4.26102356293011
 C 6.98211514624181 5.88053261398386 4.63391498064754
 C 6.29207254527206 6.90429402109780 5.52619483202958
 H 4.32912828329423 3.92807302721764 1.90558289050239
 H 3.98395432529772 1.15286339488430 -0.49583122896241
 H 5.56137904499750 1.74575561964176 0.08417829867952
 H 1.99536824046768 1.87123141985493 2.52420972236170
 H 1.98820219653227 1.22246992537774 0.88371857068062
 H 2.16162882812124 2.96516236505597 1.13502041017389
 H 3.77250566324384 -0.33712034678200 1.64479495832077
 H 4.02761553349670 0.43490590079316 3.21999693835105
 H 5.37802324690408 0.25994607355834 2.08894724909886
 H 7.64198799139099 3.69113115690841 3.52481695249398
 H 3.05700779969501 3.07830975856772 3.68104083870688
 H 5.13331687860205 5.21364182479561 3.73247059567983
 H 5.61268943192506 4.28391164358004 5.16812385934810
 H 4.55967521671176 3.34229950892458 -1.23770012749772
 H 7.33391912825459 6.38659534707430 3.73303984907324
 H 7.83919030412881 5.44869599089220 5.15692220936968
 H 6.38618534845192 5.58921414200450 6.96541167700601
$end
$temperature
298.15
$end
$mult
 1
$end
$sigma
 1
$end
$pressure
1.00000
$end
$scale
1.00
$end
$msrrho
$end
$freq
20.72
26.20
39.37
58.95
78.11
92.98
115.92
139.80
171.39
189.34
202.65
210.37
218.79
239.22
250.13
264.97
282.06
317.93
341.19
366.90
409.70
421.20
425.96
442.08
490.91
539.26
559.98
576.56
614.47
670.20
717.17
798.62
801.90
852.18
914.65
937.82
942.63
959.39
999.77
1003.14
1028.71
1055.16
1086.71
1088.38
1100.93
1112.04
1125.04
1145.01
1158.64
1187.95
1227.72
1231.58
1245.50
1248.62
1262.07
1267.18
1288.55
1323.87
1338.16
1348.00
1378.72
1387.94
1396.75
1409.18
1440.68
1462.05
1467.80
1474.04
1477.60
1483.30
1488.67
1733.79
1843.22
2906.87
2934.34
2986.44
3000.33
3020.66
3029.82
3038.08
3043.61
3064.48
3068.72
3079.24
3081.33
3098.97
3493.81
3618.30
3622.26
3650.15
$end
