
$molecule
 O 1.81032547990116 -2.82867262342143 -2.53139889722690
 O 0.16385464279280 -6.77111872159742 -3.67534116954212
 O -1.20551984135611 -4.43268644081446 -3.00280492953571
 O 0.35786840532614 -0.36265879801806 -3.37123108867041
 O -0.84886276328585 0.79264435947752 -4.82829192910868
 N -0.00063610306636 -3.06989207314190 -4.35070556829740
 C 1.95997713493859 -5.27534012629968 -2.87082120680832
 C 1.10093564760877 -4.05717372021249 -2.43407871080156
 C 1.14838467609329 -6.58835746167442 -2.69531902081352
 C 3.19424949683862 -5.35538911093967 -1.95896857517703
 C 2.39842844002160 -5.12167285324446 -4.33121931008480
 C -0.15598475357952 -3.88018502679102 -3.28445215236672
 C -1.17700690812150 -2.51756684874573 -4.99758341846654
 C -1.71429583721103 -1.33547144903223 -4.17392807668254
 C -0.70948124069933 -0.18959379804045 -4.16062904924231
 H 0.76311946989127 -4.21563579617806 -1.39542319963820
 H 0.71233750122847 -6.61157415607050 -1.68228427511378
 H 1.84505132492577 -7.43180703839650 -2.78449141700894
 H 3.81989363976446 -4.46886634919401 -2.07212967038126
 H 3.79564158481449 -6.22621717152545 -2.22035569566080
 H 2.89530570267608 -5.44127571940875 -0.91332364156050
 H 3.10052984069404 -5.91179089160269 -4.59694014746746
 H 2.88185513513089 -4.15615269625168 -4.48250136046756
 H 1.53410626504417 -5.19187230155055 -4.99132948339263
 H 0.87153983529297 -2.57032445438430 -4.45400032068002
 H 2.60210647419300 -2.84749859278271 -1.97826921712380
 H -0.90959870508996 -2.19752735466381 -6.00746434404911
 H -1.93496024797697 -3.30363524691323 -5.05125937248522
 H -0.60172482215325 -6.19792959985695 -3.49045304236218
 H -1.92426418586835 -1.67183864938155 -3.15645403023340
 H -2.63603109348921 -0.96931854261987 -4.62889846762691
 H 0.40913680471663 -1.21194974672618 -2.90095321192329
$end
$temperature
298.15
$end
$mult
 1
$end
$sigma
 1
$end
$pressure
1.00000
$end
$scale
1.00
$end
$msrrho
$end
$freq
23.69
38.27
53.19
70.95
76.59
108.50
132.83
171.09
193.07
201.31
215.85
235.16
253.74
260.35
286.01
289.27
328.96
338.20
372.57
377.27
424.34
473.21
487.53
510.38
517.02
583.01
591.69
628.45
650.84
703.26
731.90
799.74
824.70
876.94
902.70
913.91
935.46
958.44
988.53
994.66
1009.31
1016.91
1064.07
1073.28
1102.96
1124.22
1139.91
1144.62
1158.87
1176.91
1193.68
1223.90
1234.47
1241.90
1257.76
1282.41
1287.10
1318.30
1339.79
1348.01
1377.58
1387.34
1396.89
1424.06
1430.57
1436.00
1465.68
1468.89
1473.82
1477.47
1482.92
1731.16
1825.50
2927.41
2928.78
3002.14
3024.91
3027.70
3030.81
3038.26
3061.10
3068.35
3071.32
3076.12
3082.49
3090.15
3497.26
3503.94
3520.52
3618.39
$end
