
$molecule
 O -4.91365088805245 -0.36439386517502 -0.69289561093242
 O -3.88570123789407 -2.89343984786142 -0.22594867440886
 O -2.74335699653632 -0.06154028602527 2.13924208785616
 O -6.01059867226910 -2.25587396388381 3.78839762260518
 O -5.07731488283864 -3.59754700975588 2.28017717886670
 N -4.95092434992050 -0.04961553959350 2.14174762419155
 C -2.53891230967261 -0.92041519913552 -0.62400489940526
 C -3.69918672403422 -0.04345890492052 -0.06038928276920
 C -2.59840827119836 -2.33011469770147 -0.00319258631409
 C -1.17411695699240 -0.28577420031562 -0.32910230404070
 C -2.70241125774973 -1.03264931534018 -2.14932569942239
 C -3.76738431508718 -0.09256738636232 1.47492381087768
 C -6.30882530373596 -0.33437639356648 1.72248174739915
 C -6.53416379053620 -1.84329174574066 1.51102606779619
 C -5.79538179371245 -2.66608727402234 2.53643995027320
 H -3.48639020979671 1.01213885777256 -0.29757536410883
 H -2.39107777011906 -2.27439133150626 1.07390089587457
 H -1.82732952299279 -2.96498864578996 -0.46827434347187
 H -1.13173615869393 0.72183805376800 -0.74371160708880
 H -0.38367525522682 -0.88154087345153 -0.78794223773082
 H -0.98385646237387 -0.22863290126039 0.74026250939188
 H -1.82866044526895 -1.52329207795029 -2.57955268937410
 H -2.80259533829078 -0.04247470641507 -2.59410690829800
 H -3.58304278261243 -1.62008750296983 -2.40617361380576
 H -4.80486123868739 -0.12736184230351 3.14086467671331
 H -4.93230336354993 -1.33262882776571 -0.80361067094992
 H -6.96205500133820 0.02065082819929 2.52553302268356
 H -6.55119334269420 0.20910146025681 0.80868975977107
 H -4.12430355348704 -3.45917264719517 0.52873351075821
 H -6.19889871019878 -2.15736402654203 0.52319200308795
 H -7.60088626045817 -2.06245487433785 1.60110410419678
 H -5.50302683398153 -2.81614531310780 4.39934591977832
$end
$temperature
298.15
$end
$mult
 1
$end
$sigma
 1
$end
$pressure
1.00000
$end
$scale
1.00
$end
$msrrho
$end
$freq
35.54
43.45
61.50
73.32
112.20
137.86
157.11
169.46
178.80
200.33
213.18
249.26
268.76
294.21
328.36
351.83
364.71
380.34
394.14
400.03
420.75
456.19
521.58
527.82
543.68
558.28
579.62
604.85
644.92
661.32
683.26
791.87
812.88
849.64
896.59
931.98
941.10
961.07
989.72
992.14
1014.82
1020.04
1101.07
1106.66
1131.63
1140.45
1141.39
1157.92
1164.08
1201.80
1216.74
1228.41
1247.21
1270.32
1276.17
1293.86
1295.87
1322.19
1342.86
1362.43
1374.53
1390.51
1399.15
1421.18
1424.42
1451.37
1467.52
1473.40
1476.09
1478.55
1485.17
1700.01
1794.29
2944.89
2946.78
2991.09
3022.69
3028.78
3035.23
3036.96
3072.87
3077.13
3078.20
3088.59
3091.61
3110.74
3470.54
3498.99
3518.13
3541.38
$end
