
$molecule
 O -4.18952927293056 0.72187809938004 1.26827846794759
 O -3.49798780535528 -2.83793965829903 -0.62584114158352
 O -3.69655569560057 0.59435507042764 -2.23330457821582
 O -2.29062974893693 3.01412534466531 -3.51814127856813
 O -1.34979279721600 3.00700098311781 -1.49575081287181
 N -4.60052685485942 2.10837700466753 -0.82172592823456
 C -2.52520955387697 -0.73025233613416 0.16085720660798
 C -3.90957380305835 -0.02388967096259 0.09377285602499
 C -2.50509553015168 -1.86500545498457 -0.88817462057147
 C -2.33461818021447 -1.33444375386825 1.56304254589331
 C -1.38605666816340 0.25531647652861 -0.12027150201514
 C -4.02835185563649 0.91988855260571 -1.10840302862363
 C -4.70687546180932 3.14138875174270 -1.83036657811968
 C -3.48705140285003 4.07959627799696 -1.78891878515022
 C -2.25457541524603 3.31836781349636 -2.22147541813076
 H -4.68231203697913 -0.80235766620429 -0.04331123527347
 H -1.50463908325854 -2.32595263363982 -0.90851429154634
 H -2.71991002520984 -1.45774363820439 -1.88064166435360
 H -2.20589571974358 -0.54588374546369 2.30468805556574
 H -1.44409710057922 -1.96397014877834 1.57846220891117
 H -3.19503328799058 -1.94349082723757 1.84619287190968
 H -0.42372181391909 -0.20451851733479 0.10739786505873
 H -1.50219728488661 1.14841599079291 0.49383269879692
 H -1.38504466645203 0.55515610328677 -1.16689679593101
 H -4.71159099088818 2.36650239096757 0.14760310653374
 H -4.30804780937010 0.12098455979931 2.01423774832944
 H -4.76702175798632 2.65542006829310 -2.80881438219952
 H -5.61995017391859 3.71659556371023 -1.65104037116643
 H -3.24412902179413 -3.37926039545734 0.13145439065102
 H -3.33513673141929 4.46697095210798 -0.78048959414879
 H -3.65520855058899 4.90716375202498 -2.48040896305666
 H -1.55889589910732 2.41124169095656 -3.72797905247454
$end
$temperature
298.15
$end
$mult
 1
$end
$sigma
 1
$end
$pressure
1.00000
$end
$scale
1.00
$end
$msrrho
$end
$freq
20.07
38.70
54.17
64.64
84.47
91.30
108.33
136.50
194.20
212.85
216.83
232.70
246.31
264.11
280.75
302.18
322.47
329.32
352.43
399.05
406.14
412.67
451.56
479.00
503.69
546.49
568.38
575.70
589.92
699.67
729.17
797.07
828.78
883.03
899.41
916.14
932.62
957.35
984.29
999.66
1009.88
1041.42
1059.21
1093.08
1101.78
1116.31
1140.17
1146.06
1160.18
1184.31
1196.15
1217.67
1233.91
1245.18
1267.87
1282.21
1296.98
1329.48
1331.56
1348.16
1361.41
1385.51
1394.50
1420.60
1432.12
1436.46
1460.82
1472.61
1476.03
1484.15
1488.60
1735.59
1809.12
2913.60
2942.54
3013.14
3026.53
3033.63
3039.09
3050.63
3054.10
3067.05
3074.86
3074.96
3081.08
3101.15
3511.29
3556.87
3638.26
3645.38
$end
