
$molecule
 O 5.39596581340160 -3.17526029907728 4.45129921004261
 O 5.29319586188566 -1.21148666427021 8.13082085409623
 O 2.98606577995675 -4.02615363159001 3.88138745962786
 O 0.05953699472764 2.35029833847412 3.40550377385840
 O 2.10752180866719 2.07503608479331 2.58836280642220
 N 2.17941452755373 -2.00411676722460 3.39833454346057
 C 4.09594662596074 -2.02000946044714 6.14640331335361
 C 4.36117783428322 -2.23887933593146 4.62627017838291
 C 5.42575487753544 -1.51353101489265 6.75920086082935
 C 3.69326045395455 -3.34506476276547 6.80720770965512
 C 3.00833080131787 -0.96699155520968 6.37756599207115
 C 3.12891451555816 -2.81674014466449 3.92588364666116
 C 2.28323645895972 -0.60261954124863 3.03626330051878
 C 0.99439343090104 0.12956666490800 3.42416744079694
 C 1.12939747229315 1.60984379703169 3.09025149685789
 H 4.68074762109740 -1.28933404023870 4.17427956409813
 H 5.72233127188554 -0.58219811331602 6.26138179800664
 H 6.21440372066416 -2.26301214196472 6.59538339858584
 H 2.74642891478607 -3.70686071530684 6.40800609990656
 H 3.58219109116374 -3.20901258322430 7.88357474817586
 H 4.45642801820438 -4.10253687754344 6.62786013264886
 H 2.91870184520692 -0.77044562802617 7.44626816659831
 H 2.04383689903289 -1.31449328228602 6.00609334680214
 H 3.26537576691677 -0.03039523573839 5.88064192535312
 H 1.45858262233511 -2.52101421398203 2.91074930296867
 H 4.97293779775635 -4.03668661990805 4.27271214448804
 H 3.12933728717986 -0.14045043509591 3.54632852805257
 H 2.44427647450022 -0.51127578267080 1.95506000919467
 H 5.20560101898330 -2.02510093303498 8.64287027104413
 H 0.79864426389494 0.01818222508091 4.49366514997256
 H 0.13813182423957 -0.28294521269080 2.88405540574790
 H -0.66392969479632 1.85651688206045 3.81244542172045
$end
$temperature
298.15
$end
$mult
 1
$end
$sigma
 1
$end
$pressure
1.00000
$end
$scale
1.00
$end
$msrrho
$end
$freq
22.45
27.27
37.87
61.61
75.72
89.85
99.70
143.33
170.43
187.21
212.61
233.05
253.36
256.02
281.52
289.35
317.99
334.13
341.20
374.20
424.50
442.03
456.14
463.28
517.56
538.85
552.61
602.33
641.61
674.14
688.96
777.48
798.95
866.91
907.87
910.03
930.35
958.70
988.53
1002.06
1018.83
1053.14
1067.71
1095.66
1098.62
1123.11
1143.94
1158.45
1162.75
1179.01
1197.59
1224.76
1241.75
1252.71
1273.31
1275.96
1312.75
1337.84
1339.05
1365.23
1372.55
1386.90
1396.54
1418.68
1425.62
1447.67
1464.11
1469.59
1478.21
1481.20
1482.49
1715.22
1835.67
2964.84
2975.81
2993.64
3012.66
3017.77
3030.30
3037.16
3042.82
3072.89
3076.37
3078.65
3080.29
3089.53
3470.37
3472.46
3618.25
3640.65
$end
