
$molecule
 O 3.82084376207783 -8.23660586854263 -4.33009347759624
 O 1.03644736245884 -8.13493502738025 -3.74400246925051
 O 2.60128004001055 -4.90487320227578 -4.34966492239565
 O 1.65620395605163 -8.53036603533095 -6.49027358026894
 O -0.01676792078080 -7.10140795581207 -6.14381940556574
 N 3.36398740945263 -6.26740460025213 -5.98607757379347
 C 2.79818029405419 -7.09561060471013 -2.41139716227494
 C 3.67002645810658 -6.98677872988995 -3.69480512414158
 C 1.29777480041608 -7.13517862010136 -2.76000875028248
 C 3.06211055842676 -5.88675130804027 -1.50446057811456
 C 3.17944443636477 -8.38317108347969 -1.66442599987052
 C 3.13428021925950 -5.94365438553410 -4.69142515864927
 C 2.64511264013856 -5.57917485362772 -7.04244351327262
 C 1.68434929477014 -6.54619880973446 -7.76314108046668
 C 0.98965973704254 -7.40054061701577 -6.73078332268815
 H 4.68127688890207 -6.66083714709571 -3.40573342399896
 H 0.97542653619249 -6.15511182954132 -3.13447719443383
 H 0.72404496005359 -7.35766835129175 -1.84638615090160
 H 4.10970032330129 -5.86361883384347 -1.20267367158416
 H 2.44567546999305 -5.95160215676274 -0.60688850450583
 H 2.82772271456918 -4.95659619383688 -2.01950470583153
 H 2.68373275664603 -8.41136950253902 -0.69351261237696
 H 4.25752238481222 -8.42800917266326 -1.50949248050545
 H 2.87336017543184 -9.26044353952370 -2.23337139092544
 H 3.70086042098246 -7.20304954992958 -6.17555427707084
 H 2.93529009654002 -8.63012967709006 -4.41320301358085
 H 2.08617847272154 -4.76104752018175 -6.57773208033411
 H 3.35097131439306 -5.16332414091641 -7.76857588559909
 H 0.29969622528403 -7.81619462319726 -4.29492052505660
 H 2.24145964770121 -7.19019747837009 -8.44559386486594
 H 0.94429973192027 -5.97008139091141 -8.31949818430200
 H 1.25372783270592 -8.99474019058203 -5.73290391549546
$end
$temperature
298.15
$end
$mult
 1
$end
$sigma
 1
$end
$pressure
1.00000
$end
$scale
1.00
$end
$msrrho
$end
$freq
48.81
58.94
82.96
92.21
103.78
135.19
164.87
172.79
175.53
199.19
211.55
231.12
267.00
288.32
325.57
342.65
352.52
361.60
384.99
400.64
409.69
435.05
454.99
524.07
543.09
563.97
583.16
614.22
631.58
721.13
752.44
795.39
832.88
896.19
901.80
938.30
950.27
961.75
985.45
991.61
1020.56
1041.01
1078.75
1105.07
1118.84
1142.28
1145.41
1164.48
1180.40
1184.33
1200.83
1204.55
1231.73
1243.25
1258.85
1274.27
1289.36
1300.37
1326.89
1358.64
1379.32
1388.96
1397.73
1412.92
1430.93
1441.52
1468.24
1472.90
1476.87
1477.56
1482.26
1739.21
1799.77
2948.74
2962.26
2999.98
3006.91
3034.77
3035.64
3036.42
3042.68
3073.84
3078.65
3078.87
3087.82
3099.90
3472.74
3489.46
3508.94
3547.08
$end
