
$molecule
 O 4.97399890938342 0.18474418214948 -1.36210328028205
 O 4.26188349126072 0.26618791425166 -4.10775199082708
 O 3.16673615701294 -2.65641812488785 -0.30069741225093
 O 1.05044898289576 -2.03119394786034 1.11199378493216
 O 1.10874784109939 -0.97535637743707 3.06955031805554
 N 4.09775688002498 -0.88459478002105 0.79394720834457
 C 2.73894572363923 -0.29400292806607 -2.25468949283731
 C 4.04486663627399 -0.84990229811305 -1.60856350291991
 C 3.14708205434137 0.71297224410895 -3.35806005055322
 C 1.89752156721609 0.45291444461714 -1.21263619474949
 C 1.93951440467955 -1.44743970171348 -2.87022510142395
 C 3.74064023719411 -1.56811072616874 -0.29677448319984
 C 4.10914563018194 -1.35861867787428 2.17545373485677
 C 2.98798450366816 -2.33969667986395 2.51893317383428
 C 1.61494625162483 -1.70848434467198 2.26724198407716
 H 4.48327374360837 -1.59755149802260 -2.29060730039792
 H 3.44770783474040 1.66043706990818 -2.89669683568325
 H 2.28668855301321 0.90841341898516 -4.01633076959184
 H 1.46188508669138 -0.24197645976065 -0.49606013972011
 H 1.08747567350690 0.99548449965318 -1.70066925851693
 H 2.52136051270256 1.16558776401419 -0.67163326994535
 H 1.00554371432162 -1.07323248014974 -3.29057453480278
 H 1.70399678456556 -2.19806031719897 -2.11720338230470
 H 2.51275545741223 -1.92612342479582 -3.66608499424227
 H 4.61904685819177 -0.03298477108443 0.62990904644195
 H 5.30617622188519 0.49242981012738 -2.22091468961297
 H 5.07949864252839 -1.83037860158856 2.37681107024106
 H 4.01840759017656 -0.47222132905176 2.81273449638043
 H 4.01572055262678 -0.49177035683364 -4.65315307338168
 H 3.05828525219844 -2.55012108469056 3.58863328761923
 H 3.10275931065953 -3.27310088301250 1.96818141347055
 H 1.68971794067476 -2.50924755495028 0.52302723899023
$end
$temperature
298.15
$end
$mult
 1
$end
$sigma
 1
$end
$pressure
1.00000
$end
$scale
1.00
$end
$msrrho
$end
$freq
35.14
42.13
58.86
93.09
115.69
129.87
161.55
170.12
190.20
196.89
212.60
224.94
236.79
263.15
278.11
295.64
326.22
345.38
389.79
421.98
442.14
461.42
477.07
523.22
551.17
583.34
589.37
613.21
704.05
734.95
742.14
798.64
842.32
880.89
896.23
922.12
932.10
959.72
974.92
990.11
1015.68
1026.31
1081.55
1095.87
1114.97
1136.29
1144.18
1170.66
1182.66
1188.95
1214.86
1224.57
1237.93
1247.43
1272.23
1284.02
1305.87
1324.80
1330.54
1353.65
1367.88
1387.71
1396.01
1441.69
1447.56
1467.35
1470.02
1472.23
1474.33
1475.83
1476.38
1692.30
1817.49
2935.39
2953.48
2980.35
3019.37
3023.49
3030.67
3036.76
3037.36
3070.86
3078.51
3082.18
3094.83
3100.31
3157.78
3483.74
3562.96
3631.64
$end
