
$molecule
 O 3.56391422058760 -0.28796080976545 -2.89523412543312
 O 4.72734434955070 3.24893579115772 -1.16624420368620
 O 3.34819616389858 -0.65805134126368 -0.04596298332121
 O 1.73624656617171 -4.18683252866554 -2.05819428181291
 O 1.57092316096316 -2.26968862177370 -3.15426378783349
 N 1.13404871579285 -0.65759289356165 -0.31053574829046
 C 2.96257236610428 1.80239757590283 -1.88512789333767
 C 2.56319158112230 0.32188824236852 -2.11744763720362
 C 4.40197474385494 1.87758771578715 -1.34632776716458
 C 1.99698128013416 2.46055592632857 -0.89239652510368
 C 2.89476585449589 2.52657510422368 -3.23713609719434
 C 2.41322644376144 -0.40383827973377 -0.77250835606381
 C 0.00309426180710 -1.08693904028685 -1.10986025356607
 C 0.05619040490102 -2.60859482845505 -1.33286106764738
 C 1.19601073127682 -2.98598226682298 -2.26951726228580
 H 1.60326468403882 0.31251813303975 -2.65997237734203
 H 5.08863592532701 1.40898135826559 -2.06697994495476
 H 4.48020295151237 1.33957605874494 -0.39083273935485
 H 0.96777094151762 2.38007262612746 -1.24626502761234
 H 2.25014662152451 3.51483339801593 -0.78432222688840
 H 2.06563931829394 1.98776855331723 0.08766365915714
 H 3.26637303215159 3.54513976941068 -3.12916697596508
 H 1.86744680347627 2.56346146581929 -3.60285129176502
 H 3.50941162685177 2.00429371467840 -3.97050978838525
 H 1.17774383015130 -1.11696663228458 0.59306358471572
 H 3.25165138032613 -1.16425948364225 -3.17660811104699
 H -0.91381138648501 -0.83073923155825 -0.57037894159013
 H -0.00394380891482 -0.57208207313234 -2.07183518376171
 H 5.63140697774191 3.32043098466558 -0.83829521617346
 H -0.87088746677462 -2.93468165337670 -1.81214589237000
 H 0.15048645348267 -3.13369440951181 -0.37930903771098
 H 1.38189727135356 -4.66203632401906 -1.29519449900650
$end
$temperature
298.15
$end
$mult
 1
$end
$sigma
 1
$end
$pressure
1.00000
$end
$scale
1.00
$end
$msrrho
$end
$freq
20.87
32.88
39.22
57.96
77.59
101.89
130.10
161.85
170.59
196.05
200.10
208.90
228.19
245.21
277.34
291.76
316.02
337.72
366.29
393.33
409.75
435.71
445.14
475.55
487.34
547.80
563.63
629.59
635.81
674.59
736.04
780.98
841.68
866.00
903.51
933.80
945.91
959.97
970.52
978.38
1024.07
1027.35
1054.78
1088.68
1093.80
1121.07
1141.80
1160.36
1169.64
1187.66
1200.35
1217.30
1234.28
1247.18
1268.44
1294.09
1311.61
1319.29
1323.56
1359.01
1383.16
1386.07
1396.91
1405.36
1417.19
1448.21
1470.81
1474.04
1475.57
1478.65
1481.64
1744.70
1811.15
2934.44
2967.35
2986.72
3013.17
3019.66
3031.40
3032.86
3043.29
3071.55
3073.49
3076.23
3087.96
3089.79
3441.66
3546.23
3612.69
3655.76
$end
