
$molecule
 O -2.03700502626924 1.26506663440706 1.87441847945199
 O 1.92426540457560 1.66238922962503 -0.89975259001799
 O 1.17465352596742 0.63986773755226 3.16694078207947
 O -0.84653505689889 -4.78850161007371 2.51463302439908
 O -0.79370404225321 -3.13178669049608 1.03822693047001
 N -0.54518895199055 -0.76383313965866 3.08203731832229
 C -0.06942323532919 1.34311890914651 0.39209266352288
 C -0.63081367986000 1.41830145696983 1.84234913780803
 C 1.46569194465343 1.48174772266031 0.43005628398665
 C -0.65436280750076 2.51179842963882 -0.41723896580095
 C -0.44522094007569 0.01486856471909 -0.27325481346401
 C 0.05190033961308 0.39980830204677 2.75111235115694
 C -1.88569982113805 -1.24144525493790 2.77970793292661
 C -1.96359657221709 -2.73369167251432 3.09745596828666
 C -1.13738405778209 -3.54529727529682 2.10367341478249
 H -0.35561441797534 2.40424234404790 2.25970251893697
 H 1.91467886178610 0.57783276515746 0.86474713465504
 H 1.74751668124454 2.34269911177175 1.05850810767974
 H -1.74065460954090 2.43207383911170 -0.48648396655316
 H -0.24727445183939 2.49964162196401 -1.42734007185337
 H -0.40045016918710 3.46549136856814 0.04780010191120
 H -0.02334799877966 -0.02109606615259 -1.27749664229665
 H -1.52871543661301 -0.08356655953436 -0.34497205591886
 H -0.05400145818896 -0.82744865452204 0.29722463140615
 H 0.00700670095333 -1.32061323156421 3.71871976907465
 H -2.44668568580134 1.94170066093066 1.31984180297443
 H -2.62475179731720 -0.69121641264413 3.37256684018363
 H -2.10072057348526 -1.09208680255999 1.71939374150284
 H 2.88566366383161 1.58771861724154 -0.92061369633263
 H -2.99996177272685 -3.07016060847687 3.00415369497697
 H -1.63492516671258 -2.94059167226957 4.11948375097248
 H -1.18003539314017 -5.00553666485898 3.39458142076868
$end
$temperature
298.15
$end
$mult
 1
$end
$sigma
 1
$end
$pressure
1.00000
$end
$scale
1.00
$end
$msrrho
$end
$freq
21.55
31.66
41.90
53.11
74.41
109.41
125.04
160.83
182.78
192.83
195.52
216.79
230.47
238.57
250.72
270.30
296.32
320.76
334.78
361.14
395.62
401.75
439.06
448.67
489.56
535.82
543.54
579.56
620.94
648.25
672.24
793.55
824.89
847.38
903.01
931.78
943.36
959.44
980.25
989.31
1024.92
1048.84
1075.00
1085.29
1097.63
1117.58
1130.96
1167.84
1182.33
1192.78
1203.08
1222.98
1226.59
1250.06
1267.50
1309.98
1315.56
1321.00
1347.41
1366.25
1381.96
1386.41
1397.01
1414.30
1422.14
1453.91
1469.11
1474.23
1478.75
1481.87
1487.22
1709.50
1835.94
2910.91
2939.67
2982.76
3004.41
3012.37
3027.36
3038.61
3038.71
3063.59
3065.26
3083.36
3089.74
3090.90
3490.51
3618.71
3619.91
3653.18
$end
