
$molecule
 O 0.88487964665540 -2.73454526182168 -2.06148958615893
 O 4.82504510900764 -1.19441962620025 -3.91851281225816
 O 3.96473680577009 -3.73382818891973 -3.53132818799565
 O 0.14029771378261 -3.87252573814971 -4.83723665652035
 O -0.38294694169314 -5.69251801197943 -6.00554823732971
 N 2.06476198694433 -4.82962195727314 -3.02158689351493
 C 2.60463886812246 -1.16269118022267 -2.82003492923589
 C 2.28057735006820 -2.55829699904227 -2.21441432279490
 C 4.12841865558165 -0.84764662130753 -2.75490961495616
 C 1.87137875840260 -0.11093033168381 -1.97078124284871
 C 2.11418567734666 -1.08530216152559 -4.27192075729568
 C 2.86510824569975 -3.74026473422747 -3.00349344833514
 C 2.31449733606483 -5.85556157934670 -4.01307289496801
 C 1.92303559176429 -5.34785531500450 -5.41465984181052
 C 0.45393567685967 -5.01908919874671 -5.47454244799693
 H 2.70611787020130 -2.61191546418440 -1.20060676287051
 H 4.56373909633353 -1.33970325302688 -1.86775817096526
 H 4.25040363465043 0.23578401851624 -2.63028405747035
 H 0.80033374869361 -0.31081777366047 -1.94656492096527
 H 2.02693371705994 0.88318409442073 -2.38989201471724
 H 2.24737402365696 -0.12123356291547 -0.94675801241887
 H 2.36714733177022 -0.11405954271316 -4.69602950271047
 H 1.03200278114932 -1.21715256744100 -4.32317798807152
 H 2.58653521571462 -1.85674588882504 -4.87885581924495
 H 1.11352852734902 -4.71208100106175 -2.69889641692192
 H 0.45586503450143 -2.61243036669856 -2.92221459712069
 H 3.38264964096025 -6.08859133806814 -4.00595294066273
 H 1.74315763135617 -6.74923315552368 -3.75129533940409
 H 4.81146937178091 -2.16815847878156 -4.00125757782646
 H 2.13482717554329 -6.12171526789573 -6.15361072754902
 H 2.50745339987488 -4.45396740239029 -5.64146710210299
 H -0.81524768097935 -3.72633814429752 -4.93631517496112
$end
$temperature
298.15
$end
$mult
 1
$end
$sigma
 1
$end
$pressure
1.00000
$end
$scale
1.00
$end
$msrrho
$end
$freq
19.47
37.45
43.68
49.24
83.83
111.36
123.96
159.20
190.28
204.47
222.30
246.82
267.38
288.45
306.58
326.14
350.42
359.00
380.33
409.81
444.20
470.40
508.69
527.97
553.56
560.14
592.68
603.35
631.47
720.31
740.10
788.44
823.61
881.14
892.99
912.64
944.78
958.39
982.79
1000.83
1014.11
1036.23
1081.90
1103.40
1124.53
1126.31
1148.61
1163.31
1164.75
1171.19
1187.17
1224.19
1231.35
1248.82
1255.15
1264.92
1283.14
1321.23
1343.30
1349.77
1388.59
1389.97
1400.98
1413.35
1423.55
1436.43
1471.00
1472.25
1475.36
1479.53
1481.22
1725.01
1819.81
2919.06
2965.69
3004.10
3025.06
3033.27
3034.37
3035.73
3061.44
3076.27
3077.02
3078.43
3083.89
3092.77
3458.07
3486.40
3541.85
3584.23
$end
