
$molecule
 O -2.90284369298516 -0.20626574867630 5.55371793803351
 O -3.59438595813013 2.38964157727065 4.21588962604833
 O -0.20739287737324 -0.91824576648360 5.98128458481107
 O 0.55382904294087 2.19658312007966 10.98126760453982
 O 1.65535301434454 0.84591712163070 9.59664160581064
 N -0.02287166805863 0.95667838037871 7.17471162140283
 C -1.50964958966335 1.18299885682949 4.09474954513847
 C -1.88344020797659 0.76914861104372 5.55000724320397
 C -2.81006405556871 1.56743194407462 3.36230240417942
 C -0.86503037748178 0.01436497547144 3.34110301023053
 C -0.57000552493274 2.39376024561654 4.13913743776795
 C -0.66115757199459 0.16851228654788 6.25921533076406
 C -0.55518601455305 2.12888810087197 7.85139864030004
 C 0.55899693386909 2.77950386878061 8.68274295428558
 C 0.99879056328644 1.83539213112348 9.77771704052403
 H -2.23509596422116 1.66495236794403 6.08516626016676
 H -3.36794037250626 0.65606185842544 3.09395154725535
 H -2.56302536053784 2.10294289041262 2.43206706356325
 H 0.16079574429883 -0.14069545964618 3.67065325363505
 H -0.85813708150989 0.21303155703592 2.26843421195329
 H -1.42788121090960 -0.89944690149814 3.53185549532505
 H -0.25259728227958 2.66282381676398 3.13097502144272
 H 0.31726557794607 2.16863516669074 4.73150326412245
 H -1.08093072481760 3.25057902125676 4.58126830938627
 H 0.69980589419110 0.45611922545265 7.68146092609893
 H -3.73055457533317 0.22061751424269 5.29299530807795
 H -0.90458917093547 2.85886635721588 7.11622666689146
 H -1.39602551361903 1.85522853511468 8.50272181631565
 H -4.35004054411689 2.73951415284152 3.72886774500515
 H 0.19437789727918 3.71096338134332 9.11738884119194
 H 1.41572120264902 2.98541991198840 8.03771929435112
 H 0.84733746869813 1.54582289985917 11.64106738817913
$end
$temperature
298.15
$end
$mult
 1
$end
$sigma
 1
$end
$pressure
1.00000
$end
$scale
1.00
$end
$msrrho
$end
$freq
12.15
29.94
33.40
40.36
68.07
96.54
120.43
146.21
161.17
189.05
211.73
221.32
230.65
237.97
276.41
276.67
295.80
308.49
340.65
374.52
392.99
409.61
479.71
497.56
549.79
560.98
598.94
606.71
641.23
692.49
733.86
802.61
835.62
852.80
909.72
929.29
941.15
961.55
983.57
999.43
1029.32
1042.61
1085.49
1095.88
1123.85
1142.77
1155.99
1157.78
1169.47
1183.26
1212.07
1221.68
1248.47
1258.26
1265.56
1286.35
1301.74
1313.64
1326.67
1377.61
1385.36
1387.36
1394.96
1408.25
1427.18
1457.80
1465.95
1477.17
1478.99
1481.31
1491.26
1751.51
1806.70
2944.09
2950.42
2956.05
2973.05
3028.93
3032.10
3036.31
3037.21
3071.66
3076.56
3077.88
3080.97
3098.13
3441.08
3540.59
3620.27
3647.62
$end
