
$molecule
 O 1.37275973874031 -0.93980324727236 -2.49253482637311
 O 3.49406718331544 -2.80570298490252 -6.48144306747615
 O 4.24941741808713 -2.96627104988161 -2.27317485611929
 O 2.18275509713194 -1.10512303915857 0.93770415682312
 O 2.15181860849853 -2.35989085772158 2.77640620956859
 N 2.25495433288404 -2.97945330455703 -1.20471542059460
 C 2.31365214733518 -2.01159263611413 -4.48964822832129
 C 2.56651069069819 -1.44595160016929 -3.06335480365279
 C 3.65649416303454 -2.44819617327696 -5.12454056283456
 C 1.69504583517445 -0.90731560853036 -5.36161800552172
 C 1.34767653427144 -3.20129880765646 -4.40260160052884
 C 3.12306956041863 -2.52570111248317 -2.13465771222014
 C 2.74902282051088 -3.86049484179272 -0.16578747684757
 C 3.50642574150533 -3.07171563530436 0.91842807838212
 C 2.56064072126735 -2.16494434611238 1.66509321175475
 H 3.32815270776449 -0.64922981734498 -3.12471655653943
 H 4.09641371958975 -3.28010184454429 -4.55812510670927
 H 4.35861168489216 -1.60623365154192 -5.10233736987736
 H 0.69261092789267 -0.65209885688919 -5.01613761221420
 H 1.62419106562311 -1.25258751504593 -6.39287276587171
 H 2.31585931440237 -0.01053776750567 -5.33969939378662
 H 1.07166358975927 -3.53972159325091 -5.40162466793311
 H 0.44133175375129 -2.90714067668964 -3.87227038710547
 H 1.80806846936081 -4.03197283843275 -3.86669591609284
 H 1.45810090020037 -2.39478938202001 -0.99186210139208
 H 1.06845516089215 -0.17215472841611 -2.99287229661835
 H 1.90530039788863 -4.40104699704269 0.27131109499623
 H 3.43634344958580 -4.57336489498524 -0.62976310662180
 H 3.03436216376920 -3.65176835897459 -6.54733201596296
 H 4.28895987172215 -2.47791412404120 0.44237539155021
 H 3.95412867655453 -3.76917399144970 1.62756209770139
 H 1.57051955346810 -0.56217271690066 1.46060361643465
$end
$temperature
298.15
$end
$mult
 1
$end
$sigma
 1
$end
$pressure
1.00000
$end
$scale
1.00
$end
$msrrho
$end
$freq
13.01
21.45
32.20
41.03
46.34
90.43
106.92
151.05
192.03
196.74
202.20
212.18
230.31
247.02
274.76
281.78
315.34
330.67
355.82
367.75
382.11
401.03
456.49
507.98
537.93
562.23
589.47
597.35
625.60
717.91
735.37
797.10
817.36
877.85
902.81
908.36
936.55
958.07
987.97
996.17
1014.50
1029.77
1073.09
1095.81
1101.83
1117.28
1132.35
1157.17
1161.29
1182.45
1198.58
1226.62
1235.35
1239.51
1260.22
1286.90
1290.01
1326.75
1341.25
1346.55
1363.52
1386.70
1395.92
1422.01
1424.06
1438.50
1462.12
1469.63
1477.52
1477.95
1482.80
1736.62
1814.94
2922.06
2986.69
3019.60
3021.00
3030.66
3033.55
3036.45
3056.31
3071.67
3078.45
3078.54
3079.45
3083.72
3496.57
3552.04
3631.12
3643.49
$end
