
$molecule
 O 2.06973533801047 -6.04856217342802 -2.21560512729085
 O 2.23758255647224 -8.79583735446588 -2.38061609921426
 O 1.21521824137359 -4.70985207458885 0.96502585518841
 O -1.95542624203962 -6.11906876197926 -2.35827324876911
 O -3.15705339594542 -5.97856935362278 -0.48581364012891
 N 0.21536692344517 -4.59936166303417 -1.05941201608625
 C 1.75386689081864 -7.53500704275533 -0.31680644962768
 C 2.10343751006295 -6.09914444676648 -0.79359808854637
 C 2.65145261630542 -8.55899981805117 -1.05844186737568
 C 0.28120837322118 -7.85222697375216 -0.60300477237564
 C 2.04039441185493 -7.64252645170006 1.18582787178286
 C 1.13466390610702 -5.07205039777858 -0.19264478400262
 C -0.85144349294457 -3.73328079472012 -0.57910851977942
 C -2.13928886384552 -3.97978207134557 -1.37090179201963
 C -2.49564315047483 -5.44879891050347 -1.33182119902378
 H 3.11578632595195 -5.84963413719253 -0.43485901662805
 H 2.59597906474657 -9.52110561578103 -0.53413213868858
 H 3.69983804668808 -8.21342818460959 -1.02752599567836
 H -0.37485600253918 -7.21421033504892 -0.01153078030795
 H 0.07100225480841 -8.89347041203508 -0.35895141307541
 H 0.06543283296927 -7.69590078498159 -1.65997751169261
 H 1.78815069691837 -8.64196572425663 1.54084083017395
 H 1.45162076889177 -6.91837407447601 1.74655097672606
 H 3.09653993523084 -7.45788028606871 1.38712850759635
 H 0.12877008514948 -5.02659281988489 -1.97048134323512
 H 2.55717920094002 -5.27587380284083 -2.52662048009598
 H -1.00262202611850 -3.94233413558732 0.48571823876654
 H -0.55556948403956 -2.68323064632245 -0.68740858225156
 H 2.20264704548038 -7.94499333481170 -2.84624902167447
 H -2.00870210738412 -3.66633331352248 -2.40843166678846
 H -2.94902444804146 -3.40858280455219 -0.91444604955083
 H -2.18663081207341 -7.06047629953640 -2.28561067632655
$end
$temperature
298.15
$end
$mult
 1
$end
$sigma
 1
$end
$pressure
1.00000
$end
$scale
1.00
$end
$msrrho
$end
$freq
18.96
24.18
41.41
56.18
75.99
113.07
131.47
141.68
179.31
187.92
201.32
219.89
227.56
254.83
263.33
300.71
312.45
342.35
367.91
376.57
413.43
420.89
452.55
488.61
521.87
560.76
579.34
603.39
625.01
710.73
733.33
788.94
825.69
885.90
902.92
915.46
958.86
963.46
994.35
997.81
1015.11
1039.29
1094.79
1098.93
1123.88
1128.34
1141.59
1144.80
1171.38
1193.66
1198.20
1213.05
1231.31
1245.10
1257.45
1271.90
1298.52
1327.17
1333.44
1344.36
1377.53
1388.61
1397.48
1414.26
1432.30
1452.42
1468.61
1472.19
1476.03
1476.48
1479.91
1743.86
1826.09
2916.61
2934.26
2994.05
3007.91
3019.87
3035.38
3035.95
3040.65
3074.96
3075.97
3085.52
3089.46
3097.32
3498.00
3538.38
3577.18
3638.25
$end
