
$molecule
 O 2.61576465479074 -0.75810682803462 -1.66289825884294
 O 5.60733012046892 2.15356783349482 -1.80171099146366
 O 2.69251495233087 1.06400307991567 1.00442379891282
 O 1.28298879744940 -2.98362606828414 -2.76780395696851
 O -0.00887519239279 -1.18319837678091 -2.92197127705185
 N 0.86445240722931 -0.13904875413242 0.62713960160962
 C 3.21542407832432 1.61641766243819 -1.80585188498350
 C 2.19215961789555 0.55806025236364 -1.32547357954167
 C 4.62468774640614 1.30357313685169 -1.24736044461069
 C 2.77979993870903 3.01819807874920 -1.36238952979290
 C 3.24852529042670 1.56941439618318 -3.34479431357847
 C 1.96145198846943 0.53075897789906 0.19518174144993
 C -0.17720883641741 -0.79616364113562 -0.13640468116610
 C 0.29495144087425 -2.13275276726314 -0.73728568416171
 C 0.50993792211310 -2.02202200034758 -2.24243111122375
 H 1.22430990527555 0.77027769353314 -1.81529172006043
 H 4.86963468319125 0.24661808587226 -1.43848843524695
 H 4.64184290403701 1.47506260573562 -0.16747210118690
 H 1.79793125356293 3.26449883077293 -1.76924666377244
 H 3.50383718753944 3.74867214899978 -1.72400213476475
 H 2.73791552041241 3.08548801551717 -0.27656154363142
 H 3.87495091333842 2.37277534862095 -3.73273319544687
 H 2.24460223777497 1.69460507590644 -3.75203313451881
 H 3.65191993303308 0.61868682718884 -3.69823750738363
 H 0.79426637655330 -0.18731964711770 1.63325707138070
 H 2.65277203353166 -0.84256313207279 -2.62703662216715
 H -1.00962130927391 -0.96924030097288 0.55041413043625
 H -0.53046729289811 -0.13807799353073 -0.93802040505149
 H 5.76005522784906 1.93162089757448 -2.72812226285543
 H -0.46824198543747 -2.90141633828604 -0.58827277327769
 H 1.21337920868880 -2.46707671914969 -0.25194139587929
 H 1.72843327614122 -3.52203238050892 -2.10018673515697
$end
$temperature
298.15
$end
$mult
 1
$end
$sigma
 1
$end
$pressure
1.00000
$end
$scale
1.00
$end
$msrrho
$end
$freq
37.78
47.64
66.80
74.17
82.20
111.77
119.65
146.05
184.84
198.24
202.31
234.76
265.79
274.89
293.89
295.88
320.11
349.39
357.91
388.79
394.14
438.35
442.02
464.15
493.05
508.26
533.81
587.31
628.92
643.71
695.80
784.43
819.69
853.82
906.04
918.94
950.14
957.76
983.20
987.49
1012.44
1039.51
1071.34
1089.02
1098.46
1113.45
1125.67
1131.99
1153.16
1199.66
1208.77
1229.12
1237.22
1243.22
1276.70
1303.78
1335.53
1340.26
1346.23
1348.57
1369.82
1387.07
1396.72
1409.86
1418.53
1450.06
1459.35
1469.55
1474.66
1478.69
1486.84
1744.03
1812.63
2909.85
2950.00
3007.32
3018.53
3026.00
3035.17
3046.56
3058.95
3059.74
3066.33
3075.79
3078.12
3099.45
3498.38
3594.34
3612.56
3646.84
$end
