
$molecule
 O 4.75470762171187 -1.76137613979472 5.05189368908382
 O 7.96352694983611 -3.27409290297881 2.98100444136184
 O 2.91994268968937 -4.58349165655073 3.87049571687541
 O 2.97171227985940 2.01165966681344 2.84386972993893
 O 1.91675619559541 1.61600817295158 4.76557927845992
 N 2.18333020436653 -2.53445243214702 4.24935911195732
 C 5.64553156535097 -3.50254357452788 3.56195535089488
 C 4.61329266685092 -3.11938476946086 4.66885449871617
 C 6.99462253366300 -2.84149875317658 3.91735193294442
 C 5.19509133257917 -2.98710401446807 2.18973663287522
 C 5.83730963785449 -5.02305437032554 3.52230235922497
 C 3.18197715957261 -3.44531187607172 4.22452923917785
 C 2.13847351868520 -1.12680359481255 4.59544172547635
 C 2.70371602361770 -0.25272183857603 3.47110394760663
 C 2.47702702914773 1.20395183949009 3.78616774119980
 H 4.79389298452025 -3.76446848574373 5.54630084996333
 H 7.29103870543185 -3.12819070316981 4.94199048987595
 H 6.89555947585645 -1.74463384458032 3.88176444972136
 H 4.29067119520491 -3.49893458846971 1.86341529399025
 H 5.98162547712996 -3.16505940714011 1.45680927309800
 H 4.99791250654879 -1.91491625898845 2.23325054796304
 H 6.61468741812710 -5.27301013373583 2.80098415430392
 H 4.91630835087912 -5.52154368190055 3.22852852118374
 H 6.13965319229875 -5.39524471621979 4.50245759067359
 H 1.31971456909817 -2.92329527464656 3.89593580655919
 H 5.39949091394698 -1.67825432746878 5.76409088821528
 H 1.08620305761184 -0.87077874372512 4.75504417099214
 H 2.67318493681061 -0.93777075309947 5.52794291717601
 H 8.80138574365932 -2.82380971037537 3.13978207427923
 H 2.22529622885591 -0.48568199068185 2.51669534974088
 H 3.77640414749863 -0.41582063987098 3.35035144662917
 H 2.80100468813981 2.93451850345493 3.09401977984047
$end
$temperature
298.15
$end
$mult
 1
$end
$sigma
 1
$end
$pressure
1.00000
$end
$scale
1.00
$end
$msrrho
$end
$freq
20.77
27.47
35.25
41.81
49.81
107.86
151.77
158.56
170.63
180.40
195.50
203.13
218.54
239.24
266.54
272.45
308.10
328.40
345.83
360.89
405.93
434.83
450.73
475.88
490.96
539.54
577.67
610.38
634.82
641.22
685.12
781.94
787.65
817.74
910.61
929.22
944.02
960.65
980.04
1014.40
1032.60
1057.41
1079.47
1097.62
1114.77
1132.12
1139.51
1152.82
1176.25
1180.49
1207.57
1225.96
1243.00
1250.09
1262.89
1300.30
1307.21
1331.44
1348.89
1362.80
1383.32
1387.03
1398.82
1413.61
1427.20
1465.39
1466.74
1472.42
1474.23
1477.06
1493.16
1702.91
1808.20
2914.27
2921.11
2946.08
3023.57
3029.62
3036.55
3037.92
3058.75
3070.65
3081.06
3083.04
3093.41
3111.42
3487.67
3551.52
3647.37
3652.93
$end
