
$molecule
 O 3.57195376658391 -1.97561627584328 6.43833288506704
 O 6.81211047193494 -2.54485713247470 5.59425388033863
 O 2.42333617800422 -3.35684828162832 3.43541372199613
 O -2.54143657624443 -2.25945457845630 3.67904699016982
 O -2.31378321117080 -4.30853933738215 4.52331931019088
 N 1.68847361006937 -3.58896261880668 5.55383448307815
 C 4.81700638764451 -1.90033089179295 4.31925994289829
 C 3.90613297645314 -2.71200602536803 5.27383096513850
 C 6.05468385743116 -1.44782505697231 5.13331964589151
 C 4.08451954575788 -0.66291871161862 3.78507868953609
 C 5.28489837303003 -2.77648565251497 3.14807811041161
 C 2.60908993560300 -3.23739747090148 4.63237649816360
 C 0.36676839189975 -4.00987168182226 5.12831144564803
 C -0.41816321846963 -2.82737532049520 4.55056333986755
 C -1.84069472378726 -3.23654288874001 4.26098793208940
 H 4.47469593783544 -3.58557384050350 5.62834319468854
 H 5.73036622693277 -0.89662711903454 6.02324771244173
 H 6.67388379580874 -0.77674619493019 4.51551304588100
 H 3.20567627541272 -0.96134675437235 3.21429990156285
 H 4.74319404988601 -0.09011334847413 3.13164503090506
 H 3.76684523675077 -0.01290986534325 4.60302837455816
 H 6.08471555819609 -2.27063421151162 2.60488879427660
 H 4.46818778805669 -2.96958109321703 2.45597624573819
 H 5.65953863898845 -3.73443045087340 3.51047332749059
 H 1.83842079907410 -3.33245655190322 6.51838310836327
 H 3.17532127557946 -1.12919128280385 6.19283413093114
 H 0.47504015391828 -4.78166951902616 4.36020105997305
 H -0.15890706499205 -4.43438789447520 5.98700118276190
 H 7.23281866779321 -2.99683186448344 4.85223084596694
 H 0.04516678747529 -2.47854987836255 3.62428630279995
 H -0.43549924071217 -1.98705692052892 5.24966549318699
 H -3.44497465074358 -2.57327328534013 3.50981040798853
$end
$temperature
298.15
$end
$mult
 1
$end
$sigma
 1
$end
$pressure
1.00000
$end
$scale
1.00
$end
$msrrho
$end
$freq
21.17
26.40
29.14
56.66
68.38
82.49
93.35
150.42
157.57
194.51
197.85
224.88
240.66
270.57
278.50
291.83
298.29
338.41
352.06
382.97
392.98
445.16
454.53
491.57
498.06
504.95
537.90
614.78
635.24
639.27
733.61
780.13
796.83
880.88
910.07
927.04
941.46
957.96
985.86
1012.54
1035.45
1060.51
1072.69
1094.48
1107.26
1125.25
1139.41
1143.75
1153.56
1178.61
1204.72
1211.50
1240.96
1251.42
1257.20
1274.52
1299.59
1333.59
1344.05
1350.37
1365.80
1388.78
1397.33
1411.62
1419.46
1438.25
1468.86
1470.04
1474.96
1478.35
1482.62
1739.46
1810.47
2934.80
2973.04
3018.56
3025.80
3025.95
3026.76
3033.49
3047.05
3062.06
3066.47
3071.64
3087.70
3106.95
3504.83
3550.81
3618.27
3639.18
$end
