
$molecule
 S -0.45709461451554 3.00686461472248 2.62428235425905
 O -2.45391903792665 3.71921855467468 -2.34073914393081
 O 5.89609368090807 1.06018625782049 0.13973400125723
 O 5.67445256721728 -1.12342095067424 0.49021480583639
 N -0.71194558069996 3.01205059557777 -1.00592597764971
 N -1.69304121723575 4.96388775301698 -0.55307461482700
 C 0.11540077922411 3.62027311371742 0.02588863480797
 C -0.83869795025455 4.69032765609936 0.58375367738368
 C 0.54595595442918 2.64834834577272 1.13961125143795
 C -1.61947350492161 4.08336631363799 1.75197746645472
 C 0.41046862069053 1.16869292057362 0.76553285881114
 C 1.46552707263210 0.68909376434694 -0.24086644538211
 C -1.71222276322804 3.87866626756255 -1.40666302619366
 C 2.85899389233576 0.57140357723281 0.38486847367239
 C 3.87051686219343 -0.00210216546115 -0.61988899256665
 C 5.23259436607995 -0.10642069977050 0.04967120157433
 H 1.00483555026147 4.07960782277222 -0.43163743308197
 H -0.30397126448304 5.59345314890438 0.89783712024511
 H 1.58465065344464 2.86455203885559 1.41080254031169
 H -1.97283742175147 4.84949123023361 2.44145516858891
 H -2.47470731437989 3.51253889727306 1.38287036718961
 H 0.49133004772954 0.57339525402470 1.67912310379422
 H -0.58754162062770 1.00054785273939 0.35119742591229
 H -0.26952881571380 2.48644606722735 -1.74505748889221
 H -2.56784324940576 5.44658382613780 -0.41047598748044
 H 1.16264167624099 -0.29370186083278 -0.61536195953237
 H 1.50907553709147 1.36842522555040 -1.09843814757022
 H 3.20752068372376 1.55380832921226 0.72078121634964
 H 2.81540817193732 -0.08446242774206 1.25970372577807
 H 3.93132699682096 0.64137156784306 -1.50167639941749
 H 3.56300812576180 -1.00251527459703 -0.93070452054989
 H 5.43821711642037 1.80338638354781 -0.27268525658813
$end
$temperature
298.15
$end
$mult
 1
$end
$sigma
 1
$end
$pressure
1.00000
$end
$scale
1.00
$end
$msrrho
$end
$freq
14.40
20.21
32.31
41.07
58.14
92.22
100.41
128.27
138.04
189.73
233.11
256.25
302.05
374.36
384.65
405.28
421.57
437.54
453.70
471.04
514.87
543.78
596.25
604.54
680.96
696.07
703.11
712.55
734.37
771.77
818.26
850.09
868.16
892.37
913.08
930.42
957.41
970.75
992.88
1025.76
1050.70
1061.69
1067.66
1068.62
1090.91
1100.92
1114.63
1133.64
1140.08
1181.57
1197.96
1207.56
1218.19
1221.49
1234.09
1243.21
1248.08
1257.22
1278.54
1288.16
1299.51
1313.13
1315.10
1325.06
1334.60
1343.44
1361.52
1443.39
1445.70
1461.48
1466.12
1474.57
1819.16
1839.93
2943.92
3005.14
3007.98
3009.23
3010.04
3017.52
3021.63
3026.22
3029.06
3038.71
3047.17
3060.11
3067.37
3506.16
3509.11
3625.02
$end
