
$molecule
 S -2.58063239596839 1.73928458387752 0.26163654400535
 O -1.20192829909035 -3.38108270898501 1.68391413863575
 O 4.26445165918237 1.68817466838658 1.91367647106238
 O 3.72967373388696 3.44733194526660 3.17007048479366
 N -0.99293570879396 -1.65423262649938 0.17307158295907
 N -3.00101256083151 -2.09668232970674 1.02657898004776
 C -1.89332196635462 -0.76826918147847 -0.54468838539460
 C -3.17111123841868 -0.84897481659796 0.31297502950379
 C -1.38119062876404 0.68692165733301 -0.62369452906526
 C -3.21287085114969 0.36139234533067 1.24770439580248
 C 0.03241831391816 0.84805193364309 -0.05519119347402
 C 0.50596656904275 2.30117283403874 -0.14587379283117
 C -1.67576609133702 -2.48012972219211 1.04057445957832
 C 1.92179370778129 2.49596203868258 0.40386996314698
 C 1.98731445055347 2.33480744650464 1.93004614273842
 C 3.39534069337738 2.57325450008765 2.41965293334649
 H -2.07091410840963 -1.15431223754117 -1.55916852175369
 H -4.07257611092218 -0.87876800446499 -0.31018742316979
 H -1.38712308522372 1.01804359392714 -1.66723813453634
 H -4.22889958773948 0.59376773388472 1.56414850557114
 H -2.59229924276610 0.18963455886386 2.13018025668490
 H 0.03627904285121 0.51159334162330 0.98517484541457
 H 0.71837974693506 0.20593887153100 -0.61796189891509
 H -0.19313242954248 -2.04679043366761 -0.29862464332116
 H -3.54181405320522 -2.27406266673783 1.85934115665837
 H 0.49493988974678 2.61665641493723 -1.19452954902302
 H -0.19408105641306 2.94207926244840 0.40052468112743
 H 2.60520431446047 1.77964487380346 -0.06232715654035
 H 2.26366163643532 3.50207331967021 0.14215109185495
 H 1.70018869452558 1.31977422642123 2.21515709880132
 H 1.32095737380375 3.04441411920374 2.42437718049039
 H 5.15094958842903 1.88417345840317 2.25837028579998
$end
$temperature
298.15
$end
$mult
 1
$end
$sigma
 1
$end
$pressure
1.00000
$end
$scale
1.00
$end
$msrrho
$end
$freq
16.50
18.48
24.76
38.44
59.66
90.19
116.82
138.34
157.02
168.88
229.73
274.68
324.06
343.79
372.83
396.61
401.32
437.29
475.04
488.87
540.17
555.26
604.80
636.71
674.79
691.67
698.30
703.26
733.92
765.99
796.55
818.30
851.31
904.00
930.64
948.07
955.14
971.22
990.67
1043.97
1056.27
1065.24
1072.20
1092.87
1095.28
1106.67
1123.85
1135.91
1159.80
1173.76
1197.18
1203.83
1219.06
1230.76
1240.08
1255.80
1261.04
1268.58
1278.77
1283.25
1289.71
1314.04
1318.44
1326.27
1336.47
1346.80
1363.64
1433.17
1444.62
1459.87
1466.87
1473.05
1816.16
1818.36
2952.54
3001.09
3003.66
3007.27
3009.99
3014.00
3025.36
3026.61
3029.17
3039.45
3043.64
3065.28
3071.14
3512.48
3519.76
3554.28
$end
