
$molecule
 S 1.17815647521173 1.07201305074973 5.08357530041731
 O 0.74769164133816 4.57213805763714 0.95400449507802
 O -1.39408646677757 -3.80705770089629 1.22559492532383
 O -1.99641053018841 -1.72436886998718 0.74219142437000
 N 1.65759922470298 2.62813337461590 1.79722593823150
 N 1.59949094905308 4.44098262924312 3.09376050910337
 C 2.43105439882531 2.27114992349232 2.97559973638078
 C 1.99276556869472 3.35851325204540 3.97084738842006
 C 2.13587121155169 0.86851582380821 3.54022674485461
 C 0.81791761058266 2.82149257690019 4.79171716528511
 C 1.48541242045439 -0.10013545736171 2.54077586992150
 C 0.00427729957531 0.16313407980679 2.21901631560341
 C 1.26876589149605 3.95223951766575 1.84386420668173
 C -0.98342333844124 -0.60322650905213 3.10694643917983
 C -0.96973608719949 -2.11949261160580 2.88323578960163
 C -1.50616805127731 -2.49635528611969 1.51029459834129
 H 3.50531050169730 2.35139507527953 2.74896556815339
 H 2.81441602221468 3.66676972817098 4.62708589969590
 H 3.09301593748572 0.42559365697125 3.83923059972687
 H 0.73488829278411 3.32543136833239 5.75419542299638
 H -0.11896618453422 2.94229778726722 4.24335142472999
 H 2.06553386776716 -0.05478691043300 1.61288029953003
 H 1.60505781754347 -1.11279851141700 2.93811059894150
 H 1.93360109282663 2.27213344758832 0.89468345030913
 H 1.02848862876848 5.19045976450143 3.45503293000316
 H -0.20654844930851 1.23036503763977 2.32207983471930
 H -0.18141607350539 -0.10098272932320 1.17468496756947
 H -0.76743289408690 -0.39694445845111 4.15920139007073
 H -1.99091843282773 -0.23581419516530 2.88960953573882
 H -1.60864424019965 -2.60571283523519 3.62697184101465
 H 0.03459923693929 -2.53763115424980 2.99761147427245
 H -0.98768234116322 -4.32524892242569 1.93177791573601
$end
$temperature
298.15
$end
$mult
 1
$end
$sigma
 1
$end
$pressure
1.00000
$end
$scale
1.00
$end
$msrrho
$end
$freq
21.34
28.12
33.29
46.46
77.28
111.73
123.86
143.37
181.50
220.57
241.14
282.17
336.38
371.77
393.19
403.44
427.89
442.28
474.42
486.55
505.34
538.15
545.19
622.72
636.54
666.54
685.45
698.29
761.94
776.68
818.92
834.50
860.78
884.49
919.49
930.65
943.82
967.90
973.56
1008.66
1030.64
1056.65
1068.13
1073.00
1096.42
1097.26
1133.78
1136.82
1146.39
1162.39
1191.27
1198.64
1204.78
1215.10
1222.74
1239.73
1258.59
1270.52
1285.26
1300.78
1315.24
1319.84
1327.45
1334.43
1338.13
1351.61
1364.43
1427.38
1445.66
1456.55
1462.39
1468.33
1819.82
1834.09
2942.48
2996.24
3006.00
3006.39
3007.98
3019.48
3026.10
3026.98
3029.91
3037.14
3050.03
3062.17
3067.35
3507.87
3513.20
3623.16
$end
