
$molecule
 S -1.87647190060482 0.41626694907367 2.08772137836232
 O 1.59746102262966 0.46918935120626 5.38002109491711
 O 5.61251607137538 1.70055375873999 1.48774042558243
 O 4.23530976723070 0.09131564176937 2.16871196066645
 N 1.28230306414063 0.14426143670673 3.11465244444727
 N 0.17788002491167 -1.14251578542698 4.56463842324799
 C 0.53058679955517 -0.77994915339164 2.28197915930173
 C -0.38651789267233 -1.51467403757199 3.28618003734727
 C -0.33307381200488 -0.04632955914861 1.23840536588311
 C -1.84587768048142 -1.05418206158322 3.14306952837244
 C 0.26450314404010 1.23682841847364 0.65092990423757
 C 1.20791760801895 1.01112844931570 -0.53971807744402
 C 1.07403964018776 -0.10668942661820 4.46019456420111
 C 2.61389741273300 0.53906567821328 -0.15928914739993
 C 3.45177845509290 1.63925321110089 0.50820054650329
 C 4.45441559836883 1.04500429480492 1.46671608619751
 H 1.21357179944179 -1.48087921015084 1.78271866737384
 H -0.32883163113314 -2.60411033176029 3.15940709768337
 H -0.56797860541293 -0.74848131682192 0.42872543008750
 H -2.45172273192468 -1.85020957550338 2.70390837273493
 H -2.26779866278379 -0.79086172238475 4.11350291854668
 H -0.56648475242591 1.85355179798409 0.29594723302130
 H 0.76138378830818 1.79787054493980 1.44777284852083
 H 2.25115229782134 0.30640242543012 2.86925014861785
 H -0.36340753511454 -1.22601200901136 5.41002248750107
 H 0.76213783691009 0.27059040180256 -1.21216029265345
 H 1.28932794679362 1.94937578367500 -1.09852475018700
 H 2.54758210928339 -0.31905319799964 0.51465479511530
 H 3.13190571848688 0.20200386018656 -1.06221469048331
 H 2.81442805741618 2.28971487566437 1.11553543040223
 H 3.96013549328440 2.26538042470203 -0.22690510131618
 H 6.19728454852763 1.29797508358460 2.15164171060694
$end
$temperature
298.15
$end
$mult
 1
$end
$sigma
 1
$end
$pressure
1.00000
$end
$scale
1.00
$end
$msrrho
$end
$freq
19.15
31.24
39.11
52.05
70.92
89.66
120.09
125.18
175.44
219.38
239.53
274.45
351.02
356.40
376.86
400.75
417.06
435.22
493.03
523.21
527.91
546.85
579.11
624.63
665.51
671.71
693.32
731.03
768.34
775.29
822.74
838.88
870.04
884.53
908.48
922.07
949.40
978.62
989.60
1028.50
1045.02
1059.28
1070.80
1100.42
1104.49
1118.36
1133.61
1147.44
1153.48
1166.86
1191.94
1196.69
1214.34
1222.03
1234.67
1245.02
1258.78
1268.45
1280.01
1308.49
1309.57
1317.86
1332.67
1337.10
1345.52
1351.90
1360.79
1425.22
1448.88
1462.60
1465.98
1471.32
1790.45
1811.29
2961.93
2976.65
2979.65
3003.74
3011.22
3017.50
3020.88
3022.87
3028.32
3040.76
3051.42
3057.77
3061.74
3472.56
3524.88
3541.41
$end
