
$molecule
 S -2.14337336121534 3.49538349651829 -0.54330813477677
 O -1.89845295380738 -1.99076995892073 -0.36381954927294
 O 4.69856675965842 1.60495600747473 -0.86754674896784
 O 5.45392287591072 2.79173873884718 -2.59392329435724
 N -1.54940623109991 -0.06200754559636 -1.57491420885314
 N -3.38785801819084 -0.23061083367003 -0.33048572408933
 C -2.30888310520984 1.13586779405049 -1.88941755472508
 C -3.36451062703275 1.14921489853518 -0.76666520703030
 C -1.45773776674898 2.42455121665165 -1.85179634892599
 C -2.90037813096400 2.10614928489603 0.33295533694123
 C 0.03199527330717 2.14421374503080 -1.62689584419643
 C 0.84265624024488 3.44279036652899 -1.59721533056679
 C -2.23665657489961 -0.88854680408473 -0.71137677141707
 C 2.31532002414156 3.21318853058678 -1.24827401082596
 C 3.07657707118569 2.47192270174060 -2.35769540500824
 C 4.53223869047364 2.32537120884249 -1.98394155778177
 H -2.78135734146247 1.03269366152775 -2.87725998313107
 H -4.34819556403052 1.45304707197899 -1.14348014279322
 H -1.57968976915238 2.96806857845879 -2.79433366001136
 H -3.73547712802387 2.47816202120139 0.92511224250483
 H -2.18141719849559 1.61638390066071 0.99364227607295
 H 0.15985344081201 1.60536536152556 -0.68352617866789
 H 0.39159562642910 1.49803808475400 -2.43413131079974
 H -0.99548482382483 -0.50710503218753 -2.28998248704097
 H -3.77707956232771 -0.46405980424111 0.57024886777770
 H 0.76620352309493 3.94896339043513 -2.56543886185492
 H 0.40871858702650 4.10543356244053 -0.84073937560332
 H 2.79139556138705 4.18472519746060 -1.08374106078490
 H 2.39214656812636 2.64198403404321 -0.31827899733107
 H 3.01275262164403 3.01461714351190 -3.30296945527047
 H 2.66234617242666 1.46989737998743 -2.49400715275119
 H 5.64721112062529 1.54243960102061 -0.66936736645888
$end
$temperature
298.15
$end
$mult
 1
$end
$sigma
 1
$end
$pressure
1.00000
$end
$scale
1.00
$end
$msrrho
$end
$freq
14.09
17.29
34.91
35.32
59.87
89.14
109.35
142.98
147.07
169.21
215.02
277.14
339.71
345.13
372.79
396.22
400.32
436.89
471.44
486.94
539.67
555.67
604.47
635.69
674.52
689.42
697.47
704.18
734.51
767.62
800.15
819.30
849.63
904.25
930.45
946.73
956.38
971.52
993.18
1040.17
1059.72
1065.34
1072.89
1087.19
1095.23
1106.50
1123.94
1136.80
1159.55
1171.92
1198.38
1206.54
1218.79
1230.76
1244.98
1250.40
1259.43
1267.69
1279.15
1285.79
1289.23
1313.82
1318.35
1326.36
1336.49
1347.35
1363.15
1434.19
1444.39
1459.39
1466.33
1472.33
1816.25
1818.12
2952.65
3000.70
3002.99
3009.71
3010.30
3014.80
3025.62
3025.74
3028.08
3039.55
3041.68
3064.20
3071.24
3513.08
3519.85
3554.22
$end
