
$molecule
 S -2.17526160657344 2.27649704847628 0.14843420948995
 O -1.79016671698171 -2.53188878688252 0.96343467773054
 O 4.59259966671418 4.07548321609154 -0.74980758083388
 O 4.54166096211711 4.62212145962348 -2.90335814984104
 N -1.40563196473208 -0.84819601158728 -0.56312879444876
 N -3.48289611118981 -1.19395783570672 0.15288603017372
 C -2.22316942053674 0.04796595083111 -1.36269389681946
 C -3.56337555620919 0.03878200805781 -0.60338591660849
 C -1.65822678038384 1.47170670619075 -1.40055216676978
 C -3.67961571202934 1.27287938924609 0.30927512276969
 C -0.13534270059264 1.50426443782688 -1.51224607941984
 C 0.38395718125431 2.94182858935986 -1.60488761169026
 C -2.17985133273109 -1.62689976923835 0.27134253964179
 C 1.91133357038942 2.96903479851607 -1.70072701023716
 C 2.43769270564528 4.41022043801232 -1.77544909782044
 C 3.95471111976530 4.39475580134444 -1.88926292653306
 H -2.33092049937714 -0.34338739814078 -2.38531945407901
 H -4.41637356449662 -0.00128613838321 -1.29173614527087
 H -2.10177070834766 2.00057106764187 -2.25279328129415
 H -4.55426668036735 1.86658963938121 0.03553033798992
 H -3.77766853281964 0.97275315083379 1.35358698265687
 H 0.29635545571982 1.01507835373358 -0.63384100869570
 H 0.17349933641617 0.94285014106006 -2.40093926322952
 H -0.60171033733724 -1.29258677387124 -0.97913870484645
 H -4.09612069805206 -1.34217454847849 0.93961190464705
 H -0.04616602106939 3.43349563633808 -2.48362116035671
 H 0.06173423836995 3.50003860387729 -0.71984325496260
 H 2.34321145038235 2.46904590047400 -0.82700827366678
 H 2.23498599978292 2.42249312167874 -2.59189573315185
 H 2.13770253890288 4.96515091037733 -0.88248497728248
 H 2.03361955544453 4.91267581908522 -2.65657237769684
 H 4.00309016292243 3.92455807423223 0.00010606045286
$end
$temperature
298.15
$end
$mult
 1
$end
$sigma
 1
$end
$pressure
1.00000
$end
$scale
1.00
$end
$msrrho
$end
$freq
21.25
23.55
31.90
36.91
52.60
70.76
100.94
115.80
119.93
148.59
182.76
269.53
284.35
359.61
374.32
403.00
422.24
443.83
464.55
478.94
486.35
549.95
602.68
624.23
674.53
683.32
692.59
704.45
731.23
755.77
801.76
834.71
856.08
911.41
913.62
921.55
973.73
989.46
1025.22
1040.85
1057.08
1061.29
1066.24
1076.86
1079.91
1107.32
1108.70
1129.28
1152.54
1188.39
1206.36
1208.40
1217.57
1231.50
1238.17
1244.80
1247.81
1267.16
1274.48
1278.30
1294.14
1305.59
1308.82
1331.47
1334.76
1342.84
1366.33
1443.05
1450.30
1458.93
1467.50
1477.41
1817.80
1838.61
2947.09
2985.18
2995.00
3000.68
3004.12
3009.97
3017.85
3025.32
3026.97
3034.06
3040.74
3054.35
3060.10
3514.40
3517.91
3620.49
$end
