
$molecule
 S 0.90901167386277 1.45974425554089 4.45426862705668
 O -0.29420321369470 4.12514642003381 -0.16076787170752
 O 0.05856585962183 -3.72910471506372 3.87274005747835
 O -0.92738734178593 -3.03505707029300 2.00730990790883
 N 0.96656255923939 2.51005907214944 0.89703829929812
 N 0.63485291837314 4.46124126734132 1.92270627988235
 C 1.81048547158578 2.45547162916806 2.07885908928805
 C 1.24765125245649 3.61303370470938 2.92235683007706
 C 1.74106583983304 1.12813682188341 2.86224995121541
 C 0.22732008116082 3.04700511047282 3.91199514517470
 C 1.16415311914316 -0.06334009072185 2.08217070263972
 C -0.33892687826894 -0.08001213433678 1.76598684775000
 C 0.35529727062316 3.74254291117358 0.77741240255426
 C -1.29878477742995 -0.37973265153561 2.92704437679646
 C -0.85412684229022 -1.50699536357482 3.86465666472156
 C -0.58920847499328 -2.81087012757443 3.13109604274022
 H 2.85529758506540 2.64960302305603 1.79228885419514
 H 2.04103256179225 4.14981795818009 3.45504873353592
 H 2.76860940860652 0.85125800863215 3.12615201728137
 H 0.10904260105289 3.69069619771997 4.78293605471660
 H -0.74355048840889 2.91680702247183 3.42894416112348
 H 1.69923359341446 -0.10648998670245 1.12659221975711
 H 1.42836131633801 -0.97455336254629 2.62728980162547
 H 1.28542314934092 2.08122057167983 0.04154029780929
 H -0.03819643309890 5.15839420537156 2.20321949189854
 H -0.63544229604687 0.87614521127561 1.32788660404485
 H -0.48512588485743 -0.84649555536642 0.99922748051726
 H -1.44785143933888 0.51760370678894 3.53274907125474
 H -2.26501759885658 -0.65122655276329 2.49098061693217
 H -1.65024616359375 -1.70473749204271 4.58957516725085
 H 0.03312445275410 -1.21310232598056 4.43355260624152
 H 0.26839011850894 -3.42761066919765 4.76587646896205
$end
$temperature
298.15
$end
$mult
 1
$end
$sigma
 1
$end
$pressure
1.00000
$end
$scale
1.00
$end
$msrrho
$end
$freq
24.48
26.61
33.12
41.44
69.82
118.40
131.72
152.64
193.83
245.07
256.46
276.64
342.10
371.18
382.31
403.26
427.82
446.81
471.25
503.24
509.46
543.11
548.25
629.32
646.49
663.21
682.18
697.92
751.93
763.51
815.50
826.60
852.91
873.04
906.06
929.77
953.71
969.00
987.75
1011.42
1020.34
1059.99
1069.98
1073.41
1088.61
1107.35
1133.69
1138.75
1148.00
1172.44
1190.56
1199.83
1206.54
1217.37
1227.25
1242.54
1260.26
1270.48
1288.24
1302.53
1316.43
1322.84
1328.28
1337.50
1345.60
1357.21
1367.86
1430.74
1445.07
1457.28
1464.01
1472.75
1818.42
1831.08
2944.50
2994.89
3002.51
3003.52
3005.96
3021.24
3026.51
3028.14
3029.90
3032.99
3052.19
3063.04
3068.96
3510.82
3513.47
3622.00
$end
