
$molecule
 S -2.56961764532040 2.22746047789802 0.18661074283059
 O -2.05686232265841 -3.06869248995136 1.07618742718227
 O 4.93597265190393 -0.47451789716199 0.49527506998589
 O 5.85993582216138 1.01683625095089 -0.87670522662133
 N -1.33954951971505 -1.18723508593725 -0.04728927684395
 N -3.52987261764983 -1.58340098114734 0.10237145673314
 C -1.96259929950128 -0.19686726170869 -0.91374212984425
 C -3.41727061678513 -0.23554805816279 -0.41541670044283
 C -1.38020447270952 1.22059943098621 -0.76761568652540
 C -3.58146456333653 0.81412535844033 0.68657169435635
 C -0.00120603808203 1.26552176887099 -0.10275177160228
 C 1.10689857874777 0.76952107544924 -1.03905899753937
 C -2.28328253067678 -2.06279271271180 0.45513574073540
 C 2.46936169336668 0.81464916841328 -0.34257283735574
 C 3.58560784072568 0.32586076097586 -1.27612237425201
 C 4.91605305862991 0.34754443470291 -0.56106843964355
 H -1.89183188087686 -0.52222682107677 -1.96256774352815
 H -4.13406589818856 -0.06666048785130 -1.22651332029472
 H -1.31165512903017 1.67689484333840 -1.76133160243750
 H -4.61692329377495 1.13999472519897 0.78120626927798
 H -3.24330928432752 0.41517852388960 1.64579952281627
 H 0.20900184748862 2.30022949832694 0.18167058922936
 H -0.02025475945613 0.66759528011946 0.81287612403630
 H -0.46331724457427 -1.60278952019396 -0.32631457046652
 H -4.29610372541191 -1.81443933488644 0.71733573263054
 H 0.89821914344440 -0.25599364939389 -1.36098145191559
 H 1.13274969019933 1.39719751880800 -1.93634608708095
 H 2.68590110194687 1.83944504173726 -0.02543808503349
 H 2.44839705190196 0.18395205386736 0.55114425190446
 H 3.65581950705349 0.95873115102975 -2.16291544897586
 H 3.38116834595575 -0.70192416526033 -1.58771660228516
 H 5.80650350854841 -0.42136889755965 0.92256473096983
$end
$temperature
298.15
$end
$mult
 1
$end
$sigma
 1
$end
$pressure
1.00000
$end
$scale
1.00
$end
$msrrho
$end
$freq
15.76
20.32
27.84
51.54
64.79
88.99
109.99
132.02
137.09
151.93
208.94
261.69
298.35
374.84
388.83
400.20
413.99
428.95
474.34
517.04
545.18
566.26
597.40
603.62
682.40
697.04
702.49
721.28
733.76
776.15
799.34
825.95
866.79
902.39
908.58
933.09
967.45
979.93
1025.57
1045.80
1063.14
1064.17
1070.19
1072.74
1077.98
1115.47
1124.02
1138.80
1156.29
1191.25
1201.94
1212.58
1218.22
1231.31
1239.10
1256.38
1257.68
1275.64
1278.66
1286.66
1289.35
1310.56
1313.48
1325.16
1334.40
1338.91
1364.28
1435.52
1446.28
1463.20
1468.38
1481.64
1817.59
1819.08
2946.98
3001.38
3003.76
3009.06
3015.16
3021.63
3022.70
3023.35
3025.61
3042.21
3047.52
3064.17
3066.57
3505.70
3509.09
3553.35
$end
