
$molecule
 S -0.81858260009641 4.06416677579617 1.00610712137158
 O -1.01808482991359 -1.37468316318428 1.77394832350162
 O 5.59045549560130 4.32581767592959 1.77916014282785
 O 5.03332254257011 6.07248873257634 3.04127766678218
 N -0.00198208648376 0.41204439278180 0.73333995130763
 N -2.22153560800242 0.38947984221340 0.90318413466795
 C -0.43281564742179 1.57462351054122 -0.02349871683305
 C -1.90325257213890 1.71483603793224 0.41605369336159
 C 0.36173529444997 2.85549841812162 0.31643239254334
 C -1.98950685265981 2.78105847051253 1.50960235665256
 C 1.52551594583814 2.58922637475121 1.27859427360160
 C 2.27290087367623 3.86343641719264 1.68164280690667
 C -1.07375093476432 -0.31316192191594 1.20791258780761
 C 3.07403675853647 4.47300280186684 0.52666018402701
 C 3.84006357213798 5.72054677544574 0.98003166321863
 C 4.86003872304172 5.41589162313422 2.05219978564944
 H -0.35908073823611 1.36900529147165 -1.10156536137952
 H -2.55071300094030 1.98323895285250 -0.42701671547255
 H 0.74629014856550 3.29177148504361 -0.61052878676329
 H -2.98496854733841 3.21898013997970 1.57065310372230
 H -1.72163328874625 2.36074249730773 2.48162782925574
 H 1.13368334033373 2.11163979998170 2.18112564087204
 H 2.22359608921447 1.88926776086841 0.80703097775848
 H 0.80996977553196 -0.10750026091037 0.43857133348720
 H -3.01761543543925 0.25735988709560 1.50834132589142
 H 1.55258042914517 4.59683819555024 2.05969599093096
 H 2.95775254469977 3.61770733182002 2.49896083661705
 H 3.78307828132038 3.73553533012744 0.13861407554142
 H 2.40366937362222 4.75695012146475 -0.28982881816368
 H 3.16002327121449 6.48489972841046 1.36213420688771
 H 4.38553231997860 6.14071425888719 0.12992790851528
 H 6.23517436270294 4.19448571635390 2.49353908490401
$end
$temperature
298.15
$end
$mult
 1
$end
$sigma
 1
$end
$pressure
1.00000
$end
$scale
1.00
$end
$msrrho
$end
$freq
12.69
19.51
20.67
34.73
58.39
87.89
99.85
139.26
191.76
211.40
237.59
291.78
321.63
353.40
373.93
391.59
417.66
446.01
480.13
485.01
537.17
560.23
587.92
637.44
670.03
673.87
684.67
697.81
733.83
767.12
815.59
848.71
857.30
863.00
924.00
928.91
953.67
972.09
1000.21
1034.06
1045.61
1070.55
1072.47
1090.19
1094.05
1102.25
1122.70
1135.70
1153.85
1180.34
1189.63
1200.94
1213.25
1220.37
1233.88
1256.00
1264.31
1266.56
1286.18
1293.06
1306.87
1316.16
1317.53
1325.90
1336.55
1346.00
1366.74
1428.66
1444.40
1459.71
1465.01
1471.85
1814.63
1816.99
2951.54
3000.33
3004.78
3009.51
3015.16
3016.41
3018.83
3025.91
3033.15
3040.51
3044.39
3057.90
3071.24
3512.52
3520.87
3553.21
$end
