
$molecule
 S -0.13033019486060 1.80931790338270 -4.24997708855544
 O -3.67780577757033 4.67687477673345 -5.89065618969818
 N -0.71564137167158 1.88255259188072 -1.79894903057201
 N -3.83722867204903 -0.78471092092523 -0.63653519692800
 N -4.35274874787990 0.98975778822446 0.80583546558511
 N -1.77465450871042 -1.07857497103224 -1.59097465925931
 C -1.41546802542630 2.93131744520034 -2.34645427925496
 C -0.82995603283935 1.47476787663060 -0.40450537066787
 C -1.20834699569487 3.04503454862606 -3.69332616613882
 C -1.79520678024921 4.02135624808063 -4.64239064220471
 C -2.18063669795271 0.85652283585135 -0.15921706095402
 C 0.00334165822108 1.21124319718825 -2.68273988155706
 C -2.26197303953011 3.82237897752588 -1.51548139286757
 C -3.20761514271807 3.61729221893658 -5.10716176183184
 C -2.59203291096398 -0.34662070793214 -0.77028912939404
 C -3.13109007766061 1.45714059422414 0.65734651276930
 C -4.68100029292110 -0.10534499599661 0.12550499965096
 C -6.06834314753353 -0.61427091432960 0.25508020773427
 H -0.70851898107280 2.35258406171461 0.23467092367054
 H -0.02005017825230 0.77280073629626 -0.19007884121409
 H -1.16755297088661 4.11668539994773 -5.52874888002246
 H -1.87255803430747 5.00950026363874 -4.18520927073696
 H 0.62666326535013 0.37670009779818 -2.42627549906596
 H -3.12703051344223 3.28519406697813 -1.12828663616190
 H -1.69976219886632 4.21321132017881 -0.66872668481843
 H -2.61632776415747 4.65932384406968 -2.10839107808231
 H -3.85494894317309 3.44978119521336 -4.23281865439901
 H -3.15404726901576 2.68226369613965 -5.68350151096214
 H -2.89778319128073 2.35176772725025 1.22250257831067
 H -2.20712869807874 -1.94692284174309 -1.87777921474508
 H -0.81360436703700 -1.18623488447288 -1.30647197909521
 H -4.53818023545891 4.46168832378080 -6.26548549735306
 H -6.31804993443867 -1.24740985232320 -0.59031648815456
 H -6.14228308889622 -1.20640173528350 1.16663952898150
 H -6.76281413897140 0.21600408854653 0.34355386799575
$end
$temperature
298.15
$end
$mult
 1
$end
$sigma
 1
$end
$pressure
1.00000
$end
$scale
1.00
$end
$msrrho
$end
$freq
18.85
22.98
36.68
49.61
60.84
68.70
71.07
116.81
158.06
179.91
192.93
201.92
241.82
275.76
278.88
292.99
309.95
327.53
337.97
358.96
396.66
402.55
429.25
444.00
488.41
521.42
556.80
562.84
587.25
600.15
660.80
698.89
708.84
725.86
754.31
776.90
789.69
799.56
863.96
901.47
918.37
945.92
970.49
984.49
990.77
999.91
1007.58
1023.81
1066.44
1080.81
1089.97
1101.31
1122.72
1157.87
1174.75
1191.58
1203.68
1225.01
1246.92
1252.54
1265.79
1273.35
1288.11
1330.55
1359.56
1364.23
1376.71
1399.93
1400.37
1420.51
1429.38
1440.23
1444.62
1446.15
1453.06
1455.28
1463.63
1489.38
1503.84
1537.65
1567.05
1572.30
2854.97
2889.42
2969.58
2980.02
2991.37
3010.98
3011.93
3014.70
3027.14
3038.23
3054.73
3070.84
3079.66
3157.71
3432.16
3483.38
3559.40
$end
