
$molecule
 S 1.53916758511373 3.50971456062878 -1.21239560333495
 O 0.97241038429940 7.77418449142082 -2.05928588081520
 N -0.43254698753489 1.95941952350933 -1.46907046234166
 N -4.31517739886150 0.79712470959448 0.91729875600670
 N -2.52130451075956 1.74553570475993 2.08917367397429
 N -4.15314030056893 -0.03489990000251 -1.19807057559513
 C -0.90022400654872 3.17469288119822 -1.90298448723756
 C -1.27822410897138 0.79006919862225 -1.33118994902897
 C 0.05367122895359 4.15120164650259 -1.83777404572913
 C -0.07394285563491 5.58118039685280 -2.21982464597235
 C -2.18995995739779 0.95474720828981 -0.13553820055716
 C 0.82748908225357 1.98788269753559 -1.06880096724913
 C -2.29856125196470 3.33018165156051 -2.37731857974822
 C 1.16895833707151 6.41212357677944 -1.84740071175187
 C -3.54431406686169 0.54814327449444 -0.13566068962430
 C -1.74733752902130 1.53367265636333 1.04423987137314
 C -3.79786310676136 1.38476839905565 1.98297499268782
 C -4.69087616766932 1.63741685938510 3.14094516962189
 H -0.63385887816566 -0.08634099802449 -1.21375206018182
 H -1.86610358334356 0.67941322899654 -2.24489238190121
 H -0.93821239962353 6.02246170698572 -1.71425770637370
 H -0.25293245369608 5.65817488295545 -3.29769226842666
 H 1.34566505912919 1.12388758614010 -0.69724511703286
 H -2.46861135060420 2.74469021839356 -3.28057620216569
 H -3.00163318286029 2.99324823201517 -1.61681107951917
 H -2.50438225989667 4.37094505255885 -2.60344672474640
 H 2.04410409424903 6.03580473930344 -2.39889400028989
 H 1.36440511069914 6.31133527025945 -0.77481649373617
 H -0.71748057415813 1.85594018261136 1.15958985958505
 H -5.09496469833080 -0.34605618591598 -1.01484127909444
 H -3.62714362279452 -0.59008669636300 -1.85005667925396
 H 0.96027733543826 7.97710919411020 -3.00150596513536
 H -5.72666825097822 1.65886592208858 2.81788528581984
 H -4.56830576911432 0.83192710747946 3.86403225234199
 H -4.41303694508386 2.56676401985313 3.62918189543804
$end
$temperature
298.15
$end
$mult
 1
$end
$sigma
 1
$end
$pressure
1.00000
$end
$scale
1.00
$end
$msrrho
$end
$freq
14.04
16.46
34.78
39.95
44.16
74.83
92.64
108.86
140.07
145.86
188.65
195.64
253.21
267.80
279.84
284.32
299.25
328.00
338.44
357.24
373.31
407.83
429.30
452.38
469.00
507.93
550.42
565.13
587.73
595.02
614.03
656.34
681.04
719.21
726.01
757.12
792.78
805.81
864.14
891.07
914.34
948.29
973.45
983.63
1007.12
1008.42
1015.09
1023.22
1044.22
1073.73
1086.69
1098.52
1125.12
1128.30
1164.68
1186.31
1228.60
1233.73
1249.75
1258.70
1271.81
1286.63
1324.72
1338.03
1347.50
1366.91
1376.48
1398.81
1400.19
1422.85
1427.07
1436.30
1440.52
1448.98
1452.67
1455.92
1462.65
1467.38
1508.05
1535.70
1570.86
1573.22
2865.69
2936.65
2958.47
2959.31
2966.10
2983.49
3010.31
3012.11
3013.14
3027.23
3055.89
3072.00
3085.51
3148.23
3463.24
3525.93
3539.63
$end
