
$molecule
 O 8.33831326160486 2.06288190786501 1.21819194082203
 C -4.07651670293713 2.90838666699880 2.50615494219783
 C -5.50428141085643 2.89148318031388 1.92998512633293
 C -5.51414451424596 2.58028453977757 0.43650699777564
 C -3.22009644152295 1.78064468904590 1.92983752361877
 C -4.95377590726614 1.17778205948866 0.22288888501942
 C -3.62814866460094 0.99683953030726 0.91989280318889
 C -4.19652496084882 2.77749985105171 4.03648673559988
 C -3.39058299002339 4.24640137541654 2.17356471077316
 C -1.89106522943771 1.64757889901993 2.53796814240314
 C -2.84364388136120 -0.18535972330894 0.40995208548770
 C -0.74655861270991 1.54927924878322 1.83307899428090
 C 0.58311122201861 1.43930463864127 2.39314340179769
 C 0.70917665984562 1.37279105432060 3.89158127026915
 C 1.64628476625111 1.40235284981125 1.54660401632543
 C 3.03238165813293 1.29988629814375 1.89537338511279
 C 4.01077056258557 1.27521139239939 0.96104069541004
 C 5.43307944242996 1.17777846365164 1.22533128273341
 C 5.87853921581360 1.04978235892696 2.65846684453479
 C 6.29506400672700 1.20529209959599 0.19126600887487
 C 7.80100905627976 1.14226162878894 0.28562701739376
 H -5.97799342610941 3.86026664855910 2.11593726196893
 H -6.09450598675066 2.12977260738833 2.45117953111699
 H -4.90787993647570 3.31039055822857 -0.10870784323429
 H -6.53605943515493 2.63644809827764 0.05065944322318
 H -4.82504472918290 0.98351264257911 -0.84723793547003
 H -5.66646680874669 0.43369278727046 0.60038718238991
 H -4.50533978267235 1.76784216103334 4.30840470296982
 H -3.25238158448338 3.00177088575743 4.53193691680427
 H -4.94454424823017 3.48063873783159 4.40533805389152
 H -3.95531325347801 5.07865531436833 2.59552680590490
 H -2.38137745790577 4.26383206113935 2.58621200700643
 H -3.32097295085024 4.38214684994529 1.09411281305638
 H -1.85148078064228 1.68772591406770 3.62180766765821
 H -3.52120450222316 -1.01872605727970 0.21228752020384
 H -2.09216974503345 -0.51039884030799 1.12930139025034
 H -2.34115430491457 0.06257155353049 -0.52741221236112
 H -0.79298893978143 1.58119579315315 0.74730039467204
 H 1.74191564834267 1.24467579112342 4.20986160606995
 H 0.32531566491046 2.29023457005273 4.34288043937975
 H 0.12626594755688 0.53624601320696 4.28191910032779
 H 1.43915966934138 1.45664594997263 0.47920235746701
 H 3.29109178387882 1.24425177997828 2.94756202173935
 H 3.73062827313314 1.33998898525442 -0.08854751177584
 H 5.36270984973658 0.21701637608297 3.13987189960509
 H 5.64098543357961 1.96119324622788 3.21032937942775
 H 6.95005661476237 0.87816057115758 2.72917481836891
 H 5.90141350824713 1.28629954783671 -0.81805133296823
 H 8.23094015955681 1.31871048759812 -0.71427285601146
 H 8.12311060646676 0.14499205030993 0.61606809937750
 H 7.95550017724429 2.93575290661790 1.06456546898625
$end
$temperature
298.15
$end
$mult
 1
$end
$sigma
 1
$end
$pressure
1.00000
$end
$scale
1.00
$end
$msrrho
$end
$freq
14.39
23.92
31.24
38.66
47.37
67.34
78.46
83.07
96.38
117.21
122.08
142.28
157.94
169.13
177.38
193.88
203.34
213.55
225.82
236.53
245.97
264.82
275.47
289.60
301.96
323.83
342.43
348.10
356.62
375.16
402.67
409.67
437.79
453.54
461.77
493.12
508.14
529.32
559.51
589.19
619.41
638.70
727.34
756.83
764.38
800.62
835.60
837.35
851.17
852.56
882.96
903.72
910.90
948.48
960.75
961.57
968.88
973.64
985.45
995.68
1000.67
1007.16
1017.16
1024.54
1029.13
1041.33
1043.22
1050.06
1078.79
1116.65
1124.82
1138.41
1148.31
1176.22
1182.84
1194.08
1199.28
1204.71
1215.57
1227.82
1250.21
1259.79
1274.99
1305.33
1308.19
1310.62
1315.89
1334.83
1337.51
1342.90
1352.32
1358.96
1365.34
1383.47
1385.16
1389.74
1390.69
1392.41
1455.03
1462.97
1463.20
1466.06
1468.50
1469.86
1471.64
1471.76
1472.14
1473.93
1476.12
1477.23
1483.07
1487.99
1553.12
1605.35
1617.72
1653.67
1685.39
2939.83
2981.32
2985.23
3002.11
3008.98
3015.35
3019.78
3024.34
3027.17
3029.15
3030.62
3032.83
3037.48
3049.37
3054.16
3060.17
3063.06
3066.74
3072.49
3074.45
3077.32
3077.47
3079.74
3081.26
3082.26
3094.24
3098.33
3107.06
3111.31
3639.88
$end
