
$molecule
 O 8.39537296995279 0.15598709979733 0.98282896229556
 C -3.03807719675396 2.82167303142211 0.38290076837691
 C -4.57390653335598 2.72257642923341 0.43205568186539
 C -5.15348966147384 2.17444622543443 -0.86824960328524
 C -2.41366590334063 1.61206020638242 -0.31348483491426
 C -4.64272530252173 0.75173614082587 -1.07185404616580
 C -3.14148391233252 0.67709111811698 -0.94503899703785
 C -2.53852618418856 2.93494622861225 1.83590219130988
 C -2.61745169324740 4.08631312488567 -0.38851441260440
 C -0.94871593048108 1.57198103750768 -0.27623136496135
 C -2.55589184595181 -0.57790806976565 -1.54059901698398
 C -0.17214198104833 1.33544032844334 -1.35313720733711
 C 1.27491470337128 1.30316009166855 -1.37250493750939
 C 1.92272249867351 1.28898976966660 -2.73626066531169
 C 2.02477430654208 1.27145122313894 -0.23890262278607
 C 3.45552174370199 1.23833937132621 -0.19064519429976
 C 4.14023550674369 1.19651653298025 0.97638784668934
 C 5.58322272487707 1.15911199166900 1.13063663064379
 C 6.08232962309185 0.92283084730843 2.53507948602712
 C 6.43588309767233 1.31647284610782 0.10130686963513
 C 7.94018810401515 1.25064609914746 0.20952983280683
 H -4.99077112184458 3.71222754177293 0.64249117381955
 H -4.86656047467327 2.05953054132232 1.25358991108772
 H -4.85401469322077 2.80205186708742 -1.71341637552276
 H -6.24614217844669 2.17509957963854 -0.81910849725473
 H -4.93698812775085 0.38448219727869 -2.06080477506212
 H -5.10291528396832 0.08452553422087 -0.33216121934102
 H -2.65490975622661 1.98211538258276 2.35285796202725
 H -1.49092110255505 3.23139099721515 1.87680166922338
 H -3.12186490898270 3.69027449254018 2.36424506207503
 H -3.01661364575842 4.97799328534592 0.09641047638539
 H -1.53020547443529 4.16288628614639 -0.42040686865021
 H -2.98785806490692 4.04959840155005 -1.41321083656715
 H -0.48480514733577 1.81036797577716 0.67581774242941
 H -3.20834650710059 -1.42652534442100 -1.32416198226403
 H -1.56460038121140 -0.78943801374580 -1.14002319911309
 H -2.47852972496837 -0.48819042273702 -2.62622735762157
 H -0.65291681720929 1.19453309252455 -2.31781786441718
 H 2.58587728916053 2.14778820680756 -2.85611059160970
 H 2.51567455515839 0.38250249512907 -2.87317084250721
 H 1.17188881501812 1.32721701575552 -3.52518598579630
 H 1.52265120640628 1.25929464458558 0.72512624436894
 H 3.98928522748953 1.24192220095866 -1.13614131676149
 H 3.57068404416635 1.17497439846930 1.90294166782115
 H 5.35349669702159 1.27055474994853 3.26789236233349
 H 7.02651315106465 1.43727851109267 2.70934209683978
 H 6.24710456087177 -0.14389709890249 2.69813270101541
 H 6.05839509415891 1.51087234838594 -0.89723456179454
 H 8.32695914917377 2.15502339327506 0.70039728597270
 H 8.37353175714685 1.20913200867246 -0.80361018560320
 H 7.99678572981698 -0.65873894219112 0.65212373803165
$end
$temperature
298.15
$end
$mult
 1
$end
$sigma
 1
$end
$pressure
1.00000
$end
$scale
1.00
$end
$msrrho
$end
$freq
11.38
15.84
28.02
35.35
48.71
59.89
78.14
81.38
91.54
105.75
112.81
114.70
130.75
148.32
182.64
190.76
209.47
217.65
223.19
237.46
243.81
267.36
277.17
284.83
298.66
312.40
341.68
351.81
361.67
376.54
408.72
417.81
435.05
458.88
477.53
484.89
495.28
515.02
570.11
594.23
619.00
649.78
724.40
757.53
768.00
790.84
836.06
840.80
843.51
853.25
890.43
910.81
918.11
948.57
954.50
961.10
970.69
976.36
985.52
1000.78
1003.49
1007.05
1015.48
1020.89
1024.52
1034.55
1043.51
1050.04
1078.73
1116.57
1131.06
1141.20
1152.09
1176.76
1181.70
1197.03
1203.92
1207.06
1215.54
1226.14
1249.57
1257.87
1271.68
1289.51
1305.61
1310.53
1317.27
1333.22
1337.52
1343.26
1352.19
1357.05
1364.49
1383.54
1385.04
1387.93
1389.74
1392.44
1454.64
1463.81
1465.85
1468.47
1469.42
1470.00
1471.45
1472.03
1472.44
1473.73
1475.97
1477.16
1482.87
1487.76
1525.65
1588.74
1625.51
1658.52
1681.96
2937.92
2979.81
2981.29
3002.25
3008.96
3015.38
3019.64
3023.76
3027.41
3030.80
3031.48
3033.13
3037.58
3049.13
3056.94
3067.01
3072.73
3072.80
3074.75
3077.19
3077.38
3077.70
3080.63
3081.76
3082.24
3087.90
3095.42
3096.16
3099.40
3640.35
$end
