
$molecule
 O 8.50913486866014 0.38254308163389 1.22156196034756
 C -3.57991078547643 1.30378195186385 -0.17957531288876
 C -5.11811470399608 1.20844149197953 -0.17510675906215
 C -5.76746398553289 2.58493348952430 -0.07507743859052
 C -3.13564538703306 2.28770636127771 -1.26097750785626
 C -5.39531490306108 3.41932533939570 -1.29839503766300
 C -3.96716209953942 3.23249758262846 -1.74071273318378
 C -3.04280030169012 -0.10845499784400 -0.47080625239859
 C -3.09362675535469 1.76433063005984 1.20819387303286
 C -1.78981948002757 2.18428830737370 -1.82862588298548
 C -3.52555856327503 4.21412215042100 -2.80174398500748
 C -0.64474745770740 1.88062895422997 -1.18440871614359
 C 0.66112368944045 1.79008073712264 -1.80000733454872
 C 0.75703672763638 1.99189324465310 -3.28884135752239
 C 1.73588924368872 1.52720945291248 -1.00871683702887
 C 3.10432690490690 1.39891428980299 -1.41254551335741
 C 4.09434357033569 1.13587258870659 -0.52793078434596
 C 5.50010039205190 0.99011441402316 -0.84672992486403
 C 5.91924216541698 1.14710216189740 -2.28709072029406
 C 6.37793694281529 0.71753477496155 0.13515670855145
 C 7.86518723134985 0.53315092790534 -0.02408200578339
 H -5.43901533348045 0.58408752750009 0.66435235247838
 H -5.45015532488265 0.72127891258082 -1.09832637634846
 H -5.43871517708633 3.09136801924497 0.83718875494308
 H -6.85501288627535 2.48016645328331 -0.01968928885405
 H -5.57623759641734 4.47975072827756 -1.09140363317946
 H -6.04518333257495 3.14689311607899 -2.14022182636409
 H -3.33804672145955 -0.42307755197991 -1.47240841885900
 H -1.95688277652389 -0.14667868490631 -0.40484578329351
 H -3.45396609168722 -0.81484050898165 0.25158714967545
 H -3.59077693638522 1.18691876680452 1.98908828262112
 H -2.01989236131047 1.62032400180100 1.31605329304522
 H -3.31052417193548 2.82107797299977 1.36124460835270
 H -1.73668007658181 2.40738563361195 -2.89154738825500
 H -4.29071302249952 4.97218536198309 -2.96908980450453
 H -3.34447388337405 3.70286324630840 -3.75043246991649
 H -2.60286881854176 4.71707367663657 -2.50825019849738
 H -0.65170480004018 1.70939420695621 -0.11272108001827
 H 1.77308077086891 1.85633809342492 -3.65441069081528
 H 0.11131751281112 1.28121503244199 -3.80839155245661
 H 0.43196355478803 2.99995818904385 -3.55503594012156
 H 1.55350436980553 1.39778454511380 0.05675131021283
 H 3.34029197564295 1.51895534043962 -2.46479559740355
 H 3.83766641839550 1.01814553021362 0.52280035903552
 H 5.42964821219621 0.39319230229672 -2.90638739558970
 H 6.99603938891658 1.03779544776018 -2.40676116857805
 H 5.63088719115936 2.13123430106938 -2.66118856046231
 H 6.02072799174838 0.60249987168059 1.15457265916672
 H 8.30286782522690 1.37964233992456 -0.58350521779888
 H 8.07723338393556 -0.38311371894194 -0.59221582713330
 H 8.32141640196178 1.14329591280800 1.78519601050915
$end
$temperature
298.15
$end
$mult
 1
$end
$sigma
 1
$end
$pressure
1.00000
$end
$scale
1.00
$end
$msrrho
$end
$freq
12.83
26.38
31.21
37.15
55.43
59.17
76.74
87.69
101.24
113.36
113.79
122.39
136.57
148.62
151.42
168.93
183.19
199.80
226.57
230.15
250.19
262.10
276.80
287.26
296.76
328.05
336.64
347.00
360.73
374.51
383.83
426.38
433.33
446.40
465.84
487.17
491.95
510.54
572.09
589.80
611.52
618.44
710.37
740.72
768.39
793.00
829.96
850.47
851.00
869.86
886.85
898.95
911.46
936.86
949.24
961.44
967.76
969.22
984.37
998.80
1006.02
1011.89
1024.08
1024.23
1027.68
1044.29
1054.98
1067.80
1086.93
1118.60
1122.09
1136.46
1152.45
1178.50
1186.91
1199.19
1203.62
1208.35
1217.03
1226.76
1252.71
1262.49
1291.75
1302.20
1306.49
1318.14
1321.42
1328.04
1339.06
1341.93
1353.58
1358.24
1365.94
1385.66
1386.61
1389.79
1390.89
1396.27
1452.78
1455.92
1463.99
1468.66
1469.85
1469.97
1470.93
1471.61
1472.56
1473.63
1478.25
1479.29
1480.57
1486.26
1549.97
1602.72
1619.51
1655.42
1659.70
2905.65
2977.54
2985.23
3003.21
3005.14
3016.99
3017.36
3024.18
3027.55
3027.62
3034.63
3035.85
3039.22
3053.40
3054.04
3059.68
3062.92
3070.05
3074.01
3074.54
3076.72
3077.58
3085.86
3089.10
3089.14
3093.19
3093.60
3104.75
3105.75
3642.55
$end
