
$molecule
 O 8.31052843699815 1.70681812443966 1.18601202825447
 C -3.17018378180418 3.05216568333782 -3.07793228166410
 C -4.61852281074024 3.21154992027095 -2.58456953290046
 C -5.37489058021533 1.88707545634377 -2.62270372713820
 C -2.50579653643961 1.83600841377507 -2.43428368056439
 C -4.70474413762844 0.89126763225923 -1.67963295095475
 C -3.20356321126100 0.85676394786168 -1.83846130397059
 C -2.39828814612677 4.32845532932432 -2.69774255387607
 C -3.15171832311119 2.89244366207168 -4.60984014081737
 C -1.04435690606874 1.80833711198050 -2.55915429502170
 C -2.56955572802597 -0.39227700956750 -1.27979200295868
 C -0.19614201738590 1.54444459137744 -1.54604319567330
 C 1.24792948438173 1.52657171783745 -1.63742748437061
 C 1.86740015874779 1.77401351176203 -2.98676774766668
 C 1.97000608503533 1.28713000927418 -0.51050951073126
 C 3.39594483437379 1.22416317050216 -0.38838909357463
 C 4.00751868358941 0.98064241307197 0.79410329057770
 C 5.43898790527666 0.89361904256192 1.02250520927771
 C 5.86707583831180 0.85100082096149 2.46890685527118
 C 6.33931548141114 0.85454171720667 0.02322901201093
 C 7.83597777752968 0.79626171394352 0.21193569880731
 H -5.13210436689687 3.95472815232445 -3.20231425160954
 H -4.60866480070196 3.58575097840970 -1.55510674456959
 H -5.38511118248980 1.48546075805502 -3.64058739561036
 H -6.41342739814727 2.04279837967964 -2.31625646642300
 H -5.11591325585180 -0.10967758040630 -1.84750995172579
 H -4.93476517154820 1.15993474440776 -0.64056842529439
 H -2.33702629895947 4.42237628029001 -1.61310557308258
 H -1.38556209992751 4.30819038139946 -3.09986786864908
 H -2.90972866792486 5.20579985014154 -3.09583307571903
 H -3.67644681353758 3.72496386349583 -5.08037713909097
 H -2.12793359465237 2.87858911155619 -4.98352850258044
 H -3.63548129879780 1.96166426867113 -4.90547894982254
 H -0.65133448985132 2.07609232038563 -3.53600717342244
 H -2.47334937131158 -0.31963545080111 -0.19428076892236
 H -1.57944258519225 -0.56275314359407 -1.70241703247482
 H -3.19445343664388 -1.26016681938810 -1.49964599055191
 H -0.60208702531220 1.35180084186010 -0.55612382560276
 H 2.95244304285415 1.69510943698919 -2.95954240420415
 H 1.49135847868315 1.05038178083389 -3.71266636754559
 H 1.60782222149218 2.77348275950764 -3.34239584557095
 H 1.41743635888364 1.12082805568396 0.41261795277501
 H 3.99167447374341 1.38476365626053 -1.28147607565839
 H 3.38478532081858 0.84973893646932 1.67635811457928
 H 5.07659410797212 0.43419608102997 3.09382426774144
 H 6.08498554479653 1.86022313592826 2.82331852458004
 H 6.76700460276467 0.25059608429336 2.59595057444978
 H 6.00956190827817 0.85662823687535 -1.01054160237757
 H 8.32936012074875 0.98130013320233 -0.75671177457669
 H 8.13804459034262 -0.20391091097498 0.55378973240417
 H 7.98399957949538 2.59258569680508 0.98400544624326
$end
$temperature
298.15
$end
$mult
 1
$end
$sigma
 1
$end
$pressure
1.00000
$end
$scale
1.00
$end
$msrrho
$end
$freq
13.84
16.26
30.30
39.64
53.23
65.29
77.53
87.25
103.60
110.18
117.28
125.44
147.81
156.49
167.70
182.85
189.71
203.00
211.20
237.00
247.61
278.05
287.38
291.48
298.74
313.22
324.91
352.10
365.14
387.53
407.26
420.63
422.72
459.85
468.75
492.00
506.59
527.36
571.86
578.13
611.74
650.87
731.05
759.46
768.00
791.10
830.65
841.26
850.63
855.12
885.87
903.82
912.71
948.80
954.08
960.29
971.04
975.31
984.63
1001.39
1003.46
1007.69
1018.76
1024.46
1025.05
1034.28
1042.84
1050.11
1081.10
1120.26
1131.44
1141.24
1148.78
1176.47
1182.07
1195.56
1202.02
1206.51
1218.01
1226.43
1250.22
1258.78
1270.49
1296.51
1305.14
1308.88
1317.38
1330.73
1338.68
1341.49
1354.20
1360.65
1365.76
1385.09
1386.43
1389.31
1391.15
1394.28
1455.77
1463.18
1463.73
1466.10
1468.62
1469.20
1470.01
1471.68
1472.09
1473.44
1477.42
1479.06
1479.72
1484.91
1543.95
1600.65
1619.67
1659.44
1685.64
2937.96
2979.80
2979.84
3003.00
3009.77
3016.15
3019.96
3024.11
3026.95
3031.55
3031.99
3033.38
3037.48
3050.13
3053.87
3063.30
3067.05
3072.76
3073.97
3074.92
3076.32
3079.46
3079.86
3081.29
3084.99
3087.95
3093.29
3096.36
3101.14
3640.39
$end
