
$molecule
 O 8.39365486730493 1.39777121416041 1.39506945285229
 C -3.05872580132040 0.05986171053931 -0.79812892678099
 C -4.52649977688496 0.20645209425723 -1.23483008073723
 C -5.25916373170316 1.25491382642457 -0.40323844104799
 C -2.39787799421751 1.42839203995490 -0.63876057449854
 C -4.60731802636958 2.61876116591627 -0.61549483820010
 C -3.10106121012649 2.56629412750553 -0.52532612195255
 C -2.32291514575029 -0.75021056885943 -1.88056748163776
 C -2.98205227630863 -0.70236231440706 0.53811429976170
 C -0.93386235401198 1.38997797339313 -0.57785814849456
 C -2.46813240189889 3.91202656617682 -0.27584176778851
 C -0.11849051825925 2.20786920712299 -1.27317911336857
 C 1.32915048551753 2.19145975935926 -1.25126982798806
 C 2.02090356194010 3.01293893135971 -2.31251050362262
 C 2.04206430589290 1.49586018303797 -0.32617535798657
 C 3.47098686690918 1.43977697019976 -0.24961646129931
 C 4.11813509234145 0.73523975047969 0.70808115412438
 C 5.55593716447626 0.61747277525959 0.87081073849462
 C 6.01458927502921 -0.06459965448429 2.13642267662318
 C 6.43746360137083 1.08401535720948 -0.03277135502381
 C 7.93863968559602 1.01431142438315 0.11079863378729
 H -5.02938966883703 -0.76143867082373 -1.14568712960695
 H -4.56031595890730 0.50183399605356 -2.28913395343492
 H -5.22593831674169 0.98852116357790 0.65759382128283
 H -6.31051898695711 1.29887209316240 -0.70229963390895
 H -4.99562504453155 3.33160223620928 0.11949072409928
 H -4.87921445586738 3.00364294349991 -1.60682596104886
 H -2.30057858565902 -0.19311577887577 -2.81768431216897
 H -1.29694665064271 -0.96308650655882 -1.58125228488148
 H -2.83599836925003 -1.69774969371825 -2.04988720452416
 H -3.50204352502284 -1.65765542096654 0.45552139590093
 H -1.94530334621178 -0.89982753544838 0.81017685839938
 H -3.44039807930168 -0.12225938539601 1.33885210678236
 H -0.50946692507183 0.59722881461758 0.03241795259937
 H -2.41384593891211 4.48678650701366 -1.20299467040887
 H -1.46019938715427 3.81286194700369 0.12697561908540
 H -3.07031538131395 4.48348958007329 0.43330974630775
 H -0.56475047625544 2.92746221023074 -1.95473795638568
 H 2.66961650228459 2.38331837074977 -2.92439944463922
 H 1.29536354673514 3.49229683892424 -2.96935260539135
 H 2.63667101579840 3.79175441457004 -1.85819665733513
 H 1.50907848859573 0.93483433404275 0.43725989011323
 H 4.03503067194857 1.99472216886814 -0.99310340991088
 H 3.51952340533288 0.20815330316476 1.44780513622184
 H 5.25513513379380 -0.75825837624790 2.49862147969622
 H 6.19705420284442 0.67797159745334 2.91548524029365
 H 6.94129410519564 -0.61366520653613 1.97446381143412
 H 6.08789572358756 1.54831133881363 -0.94908161724866
 H 8.40504362957850 1.64534885373009 -0.66395022299897
 H 8.28881026397709 -0.01619141669621 -0.04377817129367
 H 8.02465673740711 2.26044974047895 1.62226449774864
$end
$temperature
298.15
$end
$mult
 1
$end
$sigma
 1
$end
$pressure
1.00000
$end
$scale
1.00
$end
$msrrho
$end
$freq
11.45
16.61
27.69
35.15
53.84
61.41
79.89
82.26
92.81
102.02
109.99
116.26
129.46
140.09
172.49
179.63
199.94
210.53
221.54
241.43
251.42
260.97
276.08
290.63
297.35
313.22
325.93
356.31
367.84
387.31
409.37
417.27
436.29
460.62
473.06
490.38
497.63
517.37
570.77
588.37
610.28
649.68
728.55
758.23
772.25
790.96
830.92
841.22
843.02
855.07
892.52
912.26
916.90
948.88
954.44
960.31
972.24
976.92
984.58
1001.74
1003.43
1007.47
1015.72
1020.91
1024.50
1034.49
1042.61
1050.24
1081.14
1120.28
1131.13
1141.22
1153.34
1176.22
1181.75
1196.92
1206.39
1206.60
1217.73
1226.18
1248.95
1256.70
1271.72
1289.65
1305.55
1307.76
1317.28
1333.48
1338.68
1341.86
1353.76
1357.50
1364.52
1385.13
1386.34
1387.93
1389.73
1394.34
1455.54
1463.80
1465.93
1468.58
1469.38
1469.99
1471.55
1471.77
1472.44
1473.70
1477.36
1478.86
1479.66
1484.69
1527.58
1589.71
1627.58
1658.72
1683.16
2937.83
2979.56
2979.80
3002.94
3009.83
3016.23
3019.74
3023.61
3027.03
3031.48
3032.25
3033.61
3037.64
3049.83
3056.81
3067.00
3072.73
3074.16
3075.17
3076.14
3077.44
3077.98
3080.27
3081.36
3082.24
3084.08
3087.99
3096.03
3099.34
3640.53
$end
