
$molecule
 O 8.18045442145693 0.20110346801481 1.54853187874254
 C -3.57194818891346 0.80146431064886 0.54744535035023
 C -4.67629887678846 0.52024065129177 -0.49003251165239
 C -5.27179542294457 1.81122800615187 -1.04250948993518
 C -2.54278386920635 1.75723387616708 -0.05458305063182
 C -4.19137552226091 2.60571137813250 -1.77258401137300
 C -2.84858771314692 2.56217988846306 -1.09056997184053
 C -2.92561820870734 -0.55103022964509 0.89465911297757
 C -4.20477531599434 1.41005333007900 1.81385669198558
 C -1.17624869202401 1.77586683938147 0.46897339742350
 C -1.83585394655868 3.51655046966782 -1.68001159031945
 C -0.78485358863370 1.65542258550155 1.75407736547324
 C 0.58433818181433 1.66998263803354 2.22442799584526
 C 0.77324581320504 1.82109799277988 3.71517759802041
 C 1.65231270696641 1.53413601488516 1.39424660446517
 C 3.02581228842667 1.53518435388722 1.80133406654024
 C 4.04233649851428 1.37587303281981 0.92235159319847
 C 5.45428806414777 1.35389121639431 1.25079134638186
 C 5.85445302982663 1.60935174413064 2.67979881775823
 C 6.34446125224146 1.09699738869214 0.27497058628362
 C 7.84016566577581 1.00597292668577 0.43051487609145
 H -5.46269069640089 -0.08332678848205 -0.02653107138772
 H -4.25286219461075 -0.06185095218057 -1.31570476457667
 H -5.69183470833581 2.41055995179979 -0.22937505638672
 H -6.08656037561538 1.57874043270099 -1.73458912056116
 H -4.50984743375210 3.64815698934328 -1.88220923321526
 H -4.06455510243805 2.20641582448729 -2.78733441285931
 H -2.43121606638983 -0.96730861789720 0.01625414561698
 H -2.18792602969644 -0.45102590173136 1.68897001467669
 H -3.69309663211815 -1.25129211414106 1.22714516186546
 H -5.08188109860913 0.83186385199915 2.10848569557774
 H -3.50264861151843 1.40260683038091 2.64591028677051
 H -4.50790793121748 2.44138193155388 1.63587263038756
 H -0.41097605888310 1.93610945037011 -0.28723288346572
 H -2.30062435909941 4.16031025837956 -2.42681097815421
 H -1.02450672527074 2.96847457125680 -2.16526504274868
 H -1.39928550862894 4.14914212875190 -0.90565682312862
 H -1.53180480278300 1.58197394205309 2.53781692211351
 H 1.37512481707940 2.70383201424939 3.93910170701429
 H -0.18589880776811 1.92713109613671 4.22162614085422
 H 1.28374751647948 0.94989904006442 4.13039399457753
 H 1.47972200249020 1.39843604242177 0.32957497151091
 H 3.23611425331372 1.66379385142653 2.85816806353245
 H 3.80167039885132 1.23596762303406 -0.12982024834461
 H 5.32783853547589 2.48092870740324 3.07214389122362
 H 6.92403846733953 1.78701953570021 2.76691715650583
 H 5.60015140240813 0.74810090273381 3.30040285523178
 H 5.98524657933677 0.93495854331466 -0.73738152246541
 H 8.26336773908764 2.02091925984286 0.55078073617804
 H 8.26984512882424 0.57659059847384 -0.48939170069062
 H 9.13947072525795 0.17250811439431 1.64786082856622
$end
$temperature
298.15
$end
$mult
 1
$end
$sigma
 1
$end
$pressure
1.00000
$end
$scale
1.00
$end
$msrrho
$end
$freq
12.01
22.95
30.26
36.02
54.29
61.85
74.02
82.52
83.81
95.36
111.83
115.86
126.41
132.57
150.65
170.44
192.61
204.77
213.16
217.39
231.74
249.59
267.11
284.14
301.27
317.49
342.65
353.13
364.74
383.50
393.17
423.88
429.71
462.19
475.66
487.13
494.83
521.27
575.51
594.66
612.99
640.18
708.12
752.90
771.51
798.30
829.74
839.18
840.97
852.81
886.60
910.83
912.26
949.27
961.13
965.73
967.73
973.20
984.44
998.54
1006.06
1013.58
1014.49
1020.75
1027.79
1034.98
1044.29
1054.70
1087.12
1118.68
1126.15
1136.74
1156.15
1178.50
1188.06
1200.10
1207.14
1210.78
1216.64
1227.52
1252.96
1257.11
1262.38
1293.97
1301.32
1309.60
1317.55
1337.22
1339.09
1341.87
1352.83
1353.99
1385.51
1386.59
1386.84
1388.12
1390.88
1396.06
1452.79
1461.54
1468.75
1469.96
1470.21
1471.69
1473.01
1473.32
1478.22
1478.28
1479.43
1480.60
1482.39
1486.47
1531.84
1598.92
1628.07
1654.40
1658.35
2892.17
2941.47
2977.42
3003.24
3004.89
3016.79
3017.50
3023.93
3027.45
3030.23
3034.42
3035.64
3038.94
3053.68
3057.18
3062.27
3065.46
3070.14
3074.02
3075.99
3077.22
3077.34
3080.56
3084.67
3088.80
3092.82
3105.34
3105.99
3106.88
3650.14
$end
