
$molecule
 O 8.36127170216842 -0.10036066254055 1.29793165354530
 C -3.38690109178281 2.59172832989210 -0.00532822063690
 C -4.84712861229992 3.07704020565670 0.08049725368116
 C -5.83116421606889 1.96935787633516 -0.28174457669114
 C -3.14246405609588 1.95886385869842 -1.37443422885291
 C -5.60909389116685 1.53617738400579 -1.72897754249346
 C -4.15605376140729 1.48613238806646 -2.12472176254840
 C -3.12080573072031 1.57356495916042 1.12026032991420
 C -2.49016032379562 3.82605754422400 0.19474294825018
 C -1.78241636973052 1.89835335029255 -1.91431702945392
 C -3.91453113333069 0.84952478239269 -3.47417067498045
 C -0.63972436010720 1.65105172801839 -1.24249836221017
 C 0.68148331729861 1.60582131176948 -1.82982759886884
 C 0.81378510615079 1.91291845406290 -3.29792590339545
 C 1.73723830996661 1.29048538460390 -1.03231231393808
 C 3.11545963151295 1.19046331188457 -1.41038546849809
 C 4.08387955183091 0.86645049779873 -0.52216435308704
 C 5.49706235735963 0.74394397395252 -0.81576462106282
 C 5.95101943436994 0.99635452061462 -2.23238189194728
 C 6.35133088453937 0.41403982149588 0.16815127325548
 C 7.83802363790622 0.24758388987687 0.03127557857655
 H -4.98620959408631 3.91927988077907 -0.60595114150622
 H -5.04940342123987 3.43706876190120 1.09390894999735
 H -6.85721784472925 2.32888763331474 -0.15998496211796
 H -5.70016034939517 1.11493063146747 0.38877818450204
 H -6.11655819786907 2.23743336571496 -2.40424411085001
 H -6.06512180360624 0.55396789071641 -1.89458980526347
 H -3.60866246925469 0.62364495049412 0.90382040940124
 H -2.05456270141285 1.38732825478401 1.23725430014494
 H -3.50172296683525 1.95622291173593 2.06835245615845
 H -2.75056931301817 4.32249508714028 1.13050751175845
 H -1.43667401026675 3.55469036321602 0.23441068801979
 H -2.63337289424013 4.53090520199686 -0.62506081360356
 H -1.72306393383106 2.05121059236836 -2.98927286313283
 H -4.83499425674630 0.41894547126275 -3.86853324731398
 H -3.16779586247249 0.05713554358039 -3.40372559174038
 H -3.55419642705991 1.59021307646634 -4.19233758378925
 H -0.66892869029119 1.43635627830467 -0.17901221643232
 H 1.85161971965130 1.90068755431283 -3.62527405300971
 H 0.26264522175424 1.17807123843295 -3.88873041081724
 H 0.40038807805399 2.89957104277477 -3.51617621876062
 H 1.52900776889137 1.08675891773710 0.01666322301480
 H 3.37681591644258 1.38313761743067 -2.44574716817040
 H 3.80221139293937 0.67600488243669 0.51124044952048
 H 5.46193216949836 0.30032446984209 -2.91651768554858
 H 7.02844162422586 0.87579619916658 -2.33640828630230
 H 5.68983367706098 2.01112675843661 -2.53855871116941
 H 5.98038070607017 0.24152638386623 1.17324074055921
 H 8.29820528899331 1.18547088207649 -0.32956230491706
 H 8.07006813013047 -0.53951809834291 -0.70916261934607
 H 9.31773865604004 -0.21295165366621 1.24184539215746
$end
$temperature
298.15
$end
$mult
 1
$end
$sigma
 1
$end
$pressure
1.00000
$end
$scale
1.00
$end
$msrrho
$end
$freq
12.85
26.72
31.24
38.27
59.20
67.01
76.11
87.60
101.69
112.98
114.13
122.30
137.37
147.46
150.76
169.83
182.55
199.89
204.40
227.59
242.60
250.04
270.66
276.65
295.84
325.87
336.62
346.03
358.14
370.85
383.46
423.61
433.34
444.18
465.47
486.91
491.73
510.37
572.11
589.46
611.61
618.53
710.46
744.28
768.04
794.04
830.07
850.58
850.94
868.51
886.20
898.46
911.41
949.26
961.41
967.81
969.29
984.26
984.55
998.85
1005.73
1006.19
1018.92
1024.48
1027.80
1035.25
1044.29
1054.92
1087.09
1118.67
1121.47
1146.77
1155.27
1180.64
1189.75
1199.21
1203.48
1208.40
1217.10
1231.64
1252.75
1257.46
1263.22
1292.00
1302.27
1306.53
1320.79
1323.86
1339.16
1341.92
1353.57
1359.53
1379.53
1385.77
1386.60
1389.82
1391.04
1396.25
1453.09
1464.34
1468.74
1469.30
1470.22
1471.31
1471.34
1471.66
1473.73
1474.31
1478.35
1479.30
1480.58
1486.30
1550.81
1603.13
1620.19
1656.21
1666.26
2897.36
2905.86
2977.29
3003.04
3004.92
3016.75
3017.19
3023.83
3026.87
3027.32
3034.46
3035.67
3038.97
3053.26
3053.59
3058.99
3063.11
3071.76
3073.79
3074.29
3076.49
3077.43
3086.67
3089.17
3093.09
3093.33
3101.48
3104.41
3105.18
3651.20
$end
