
$molecule
 O 8.51651431866294 1.70999468244248 0.21703065672304
 C -3.55325227186715 1.48783266016394 -0.71391305550616
 C -4.56107606172012 2.65153524703803 -0.78622096919030
 C -5.15983299052571 2.96375522812950 0.58138574156112
 C -2.51792612497142 1.77993300247578 0.37150868480122
 C -4.05598482767469 3.41367439125105 1.53548615939092
 C -2.77127544131854 2.64325703106042 1.37442575209021
 C -2.88382838527905 1.38668416302637 -2.09571417829648
 C -4.30732720531521 0.17887459256512 -0.40942329291391
 C -1.20023049512004 1.14702879783509 0.30754376434006
 C -1.75359380557560 2.92615560935811 2.45517988643975
 C -0.90724782487706 -0.10956702294626 -0.08601083070728
 C 0.41730112407913 -0.69104474757919 -0.13939840244179
 C 0.47838433288702 -2.18704477362682 -0.33860524433768
 C 1.55456576533568 0.04734227792644 -0.03914486462043
 C 2.88872161065371 -0.47155054233221 -0.08823877460378
 C 3.97971811289335 0.32335383321685 0.01153635128536
 C 5.35796182065431 -0.12000549521774 -0.02795821614529
 C 5.62239361708015 -1.59562289942632 -0.19907415038363
 C 6.34766379331204 0.78228406885010 0.08718509323016
 C 7.82073391569140 0.48830720525706 0.06608778761967
 H -5.35792814765552 2.39632172417450 -1.49151044417043
 H -4.05230109808609 3.54359502411115 -1.16731347742896
 H -5.66408069298306 2.07977043858810 0.98280423554483
 H -5.90880220559299 3.75565351916956 0.48766658788330
 H -4.40426802820768 3.32732805690742 2.57054355127340
 H -3.83353083848273 4.47514659451397 1.36518388464873
 H -2.30536970185051 2.28848845512705 -2.29929555644681
 H -2.21594452196158 0.52917925663426 -2.15658841674803
 H -3.64718353210472 1.28072710230732 -2.86773419029736
 H -5.18156771140989 0.09177436026015 -1.05637938992963
 H -3.67349050787524 -0.68915790107030 -0.58291822428086
 H -4.63581300042568 0.15602878713075 0.62922069862140
 H -0.38488486320050 1.77932495286267 0.65167394321352
 H -0.88456984501002 3.44418001561236 2.04221614639401
 H -1.40644292403383 2.00031058201707 2.91632281404722
 H -2.18237559636352 3.55699356313222 3.23384295672720
 H -1.71009282531170 -0.78883483051401 -0.35347557068237
 H 1.00114454728103 -2.43272934540144 -1.26518240999365
 H 1.01110990953194 -2.66365689085889 0.48649470257247
 H -0.52240232192444 -2.61558814655223 -0.38862171052369
 H 1.47617254123100 1.12521775836153 0.07748060375543
 H 3.00707205068583 -1.54353408841130 -0.21013540418052
 H 3.83522398217416 1.39458877550840 0.13448900903660
 H 5.17316907078729 -2.15844132021989 0.62140065219889
 H 6.68942248891569 -1.81314756593479 -0.21741631404777
 H 5.18493069695357 -1.95275533708404 -1.13331349510828
 H 6.11099246065673 1.83430743337305 0.20882348138956
 H 8.10200974410915 0.00160444406983 -0.88556095860187
 H 8.08560960222249 -0.20752811383134 0.88297512745602
 H 9.46826729091566 1.55287338655003 0.20565426934478
$end
$temperature
298.15
$end
$mult
 1
$end
$sigma
 1
$end
$pressure
1.00000
$end
$scale
1.00
$end
$msrrho
$end
$freq
10.82
27.22
28.83
37.39
59.04
67.08
76.59
82.64
84.40
107.46
112.37
116.25
128.03
134.26
154.15
164.70
172.07
192.95
205.11
231.01
246.75
253.60
265.59
285.35
296.61
317.82
342.91
347.93
354.29
369.67
385.22
421.92
434.98
443.80
466.25
483.24
491.74
515.02
572.21
590.66
609.35
618.46
707.88
743.72
770.84
794.44
829.84
840.05
850.30
874.21
887.19
911.14
913.17
949.20
961.27
967.53
972.50
984.24
984.29
998.58
1006.06
1006.56
1016.46
1021.26
1027.49
1035.35
1044.33
1054.76
1087.01
1118.65
1121.40
1149.96
1156.13
1179.55
1189.17
1200.12
1207.28
1211.97
1216.54
1227.47
1253.01
1257.51
1259.11
1294.26
1301.46
1307.15
1317.45
1324.07
1339.07
1341.96
1352.59
1353.94
1379.50
1385.41
1386.63
1388.48
1389.87
1396.12
1452.60
1468.75
1469.37
1469.86
1470.67
1471.33
1471.72
1473.20
1473.33
1474.44
1478.28
1479.50
1480.67
1486.41
1530.78
1598.35
1627.78
1653.41
1665.78
2897.18
2905.73
2977.55
3003.30
3005.06
3016.84
3017.72
3023.28
3026.82
3027.47
3034.43
3035.65
3038.96
3053.92
3056.31
3058.91
3071.13
3071.74
3073.99
3076.15
3076.96
3077.27
3081.59
3086.61
3088.87
3092.93
3101.46
3103.43
3106.44
3651.22
$end
