
$molecule
 O    -2.103542  -0.738091   0.954784
 O    -1.770380   1.992193   1.071751
 O     1.910167   2.580229  -0.309051
 N     1.072282  -1.967859  -0.199240
 C    -0.339982   0.453491  -0.188907
 C     0.947827   0.377527  -0.742808
 C    -0.872600  -0.707387   0.376742
 C    -0.142866  -1.911563   0.344466
 C    -1.175354   1.707480  -0.215240
 C     1.647710   1.583276  -1.310964
 C     1.598728  -0.851297  -0.714893
 C    -0.731018  -3.159902   0.926068
 H    -0.595034   2.567806  -0.559142
 H    -2.029854   1.571133  -0.890377
 H     2.580113   1.265762  -1.800688
 H     1.040473   2.088536  -2.069756
 H     2.601086  -0.941795  -1.135305
 H    -1.671578  -3.418749   0.426777
 H    -0.021931  -3.981436   0.815327
 H    -0.971600  -3.020529   1.985945
 H    -2.354894   0.180689   1.166424
 H    -1.047878   2.176434   1.685300
 H     2.430126   2.154052   0.382787
$end
$temperature
298.15
$end
$mult
 1
$end
$sigma
 1
$end
$pressure
1.00000
$end
$scale
1.000
$end
$msrrho
$end
$freq
74.19
87.25
106.84
137.11
140.25
212.19
237.10
284.46
298.16
317.12
359.37
361.04
418.60
439.85
504.62
528.75
551.48
594.06
651.76
682.83
719.36
767.89
786.72
903.64
914.16
949.95
976.74
993.62
1005.25
1032.92
1049.67
1091.48
1185.18
1201.32
1252.32
1265.13
1302.27
1319.54
1353.10
1367.07
1379.78
1396.24
1399.93
1408.87
1442.01
1467.56
1471.53
1484.59
1506.74
1519.07
1593.56
1630.31
2994.56
3016.73
3026.99
3066.63
3082.39
3101.78
3120.94
3140.85
3587.13
3801.95
3808.23
$end
