
$molecule
   O     1.77408110  -1.68363787  -0.61973727
  O    -1.10522959  -1.33455747   2.40884941
  O    -2.90147842   0.17971388   1.17307268
  N     0.62637618   1.61230589  -1.42097291
  C     0.02565542  -0.39098795   0.42365420
  C    -0.68836675   0.80682661   0.41772756
  C     1.03118581  -0.55061423  -0.52545784
  C     1.31104501   0.47679087  -1.43485782
  C    -0.21302474  -1.54709200   1.37233399
  C    -1.83434333   1.10244170   1.34459376
  C    -0.34874290   1.76557268  -0.52402918
  C     2.40213033   0.29354494  -2.44758345
  H    -0.51835715  -2.41005892   0.75726628
  H     0.74852945  -1.81324962   1.83023851
  H    -1.53148156   1.04523318   2.39097263
  H    -2.18451206   2.12191656   1.15294819
  H    -0.88477017   2.71042945  -0.55798527
  H     2.19288370  -0.56714681  -3.08435428
  H     2.47976277   1.18801767  -3.06041965
  H     3.35626183   0.10653770  -1.95306480
  H     1.48202270  -2.31691100   0.03981442
  H    -1.95721689  -1.07290647   2.03073253
  H    -3.26241075   0.27783118   0.28625832
$end
$temperature
298.15
$end
$mult
 1
$end
$sigma
 1
$end
$pressure
1.00000
$end
$scale
1.0
$end
$msrrho
$end
$freq
68.63
101.98
114.79
145.27
204.04
219.53
232.55
282.88
300.40
320.91
330.69
365.54
384.32
432.31
530.44
548.77
586.19
624.69
675.32
696.69
737.14
825.58
845.79
933.29
969.22
997.89
1047.30
1052.45
1060.62
1107.80
1142.72
1152.57
1167.83
1227.35
1245.34
1274.31
1322.38
1344.52
1354.54
1375.87
1395.41
1428.39
1433.50
1452.68
1457.57
1457.82
1475.48
1483.06
1570.82
1632.09
1771.27
1809.56
3019.94
3073.43
3109.97
3123.59
3181.74
3218.07
3227.08
3231.95
3876.11
3957.87
4028.39
$end
