
$molecule
 O 1.49467638572478 0.07631712078441 2.49015417467438
 O 2.78123053306669 0.62575273600999 -0.83959802202338
 O 5.14776674900048 -0.42104290435096 0.40326167300129
 O 4.10085923465938 -3.01878151873853 0.92382020788977
 O 3.48234606779401 5.10093112269694 5.72702235806403
 O 5.40371759558510 3.45784128425321 1.97304980089785
 N 0.98676530903992 2.57855855320860 2.52705953980398
 N 1.08372028436555 3.78318618617990 5.03842620770731
 N 3.18795604127177 3.11287069665047 2.18730740357129
 N 4.40124817992595 4.30327510034779 3.82085894699488
 C 1.54875151247805 0.56990836719111 1.17274526590738
 C 0.97667989479004 2.01226182306409 1.19366965056261
 C 2.96585130362935 0.58507066973682 0.55962940469757
 C 3.85774676067031 -0.60472762711522 0.95911328411194
 C -0.09146892957746 2.47944681014249 3.36670670947130
 C 2.14057605281751 3.15546613570826 2.96334455631471
 C -0.02095248796949 3.12705211143882 4.63132212950168
 C -1.25794778054213 1.77592817079547 3.05581986120310
 C 2.11958424497084 3.78737407239099 4.26324547570334
 C 3.35036426312107 -1.94844029516489 0.41874807559141
 C -2.32738130932511 1.72671789352090 3.92667764817503
 C -1.12341850055215 3.07978752386002 5.49886834613288
 C -2.26988564882226 2.40190167136993 5.16766240757713
 C 3.36473264048652 4.47008405491898 4.70439329327515
 C -3.54984326542997 0.95079147089706 3.55726817240005
 C -3.43256856068830 2.36331224222481 6.10736716079914
 C 4.37981921915025 3.60729191128099 2.59945210329053
 H 0.92443987767917 -0.04275559885649 0.50453003952172
 H 1.60398591329970 2.64341413985866 0.56305929371623
 H -0.04206426507004 2.03204272236480 0.81231579973480
 H 3.48110576841472 1.49605080891252 0.90067863866131
 H 3.93192138644635 -0.65276760131602 2.05644811182634
 H -1.32777011078008 1.22471242438779 2.13237971150318
 H 2.31686884646531 -2.12672164356830 0.72347198252859
 H 3.39227397737049 -1.92129225513663 -0.67806604047790
 H -1.02459218113428 3.59266767540077 6.44239015584099
 H 1.76034278948649 -0.84917296763730 2.49788108590948
 H 3.65609730744718 0.55115476646184 -1.24360664289011
 H 5.51793213834476 0.40773562269986 0.73292003033076
 H -3.43678414616049 0.48234849001137 2.58363665538917
 H -3.74465745195522 0.17493958815210 4.29627805879470
 H -4.42112528031497 1.60399150167572 3.53086859300918
 H -3.21791528187968 2.93946095627954 7.00256109705002
 H -4.32299600736461 2.77448261099868 5.63376528760053
 H -3.65627218686004 1.33811229181844 6.39928932309512
 H 5.29275469295797 4.71097216832625 4.08196601465570
 H 5.02852142396548 -2.83179208413209 0.73343296890003
$end
$temperature
298.15
$end
$mult
 1
$end
$sigma
 1
$end
$pressure
1.00000
$end
$scale
1.00
$end
$msrrho
$end
$freq
3.33
19.69
34.89
41.12
48.23
58.52
73.56
95.30
103.78
119.08
123.28
126.57
152.34
162.17
172.12
184.35
193.09
216.09
239.95
256.36
280.45
296.10
299.86
323.28
339.02
348.39
364.22
374.15
394.01
397.02
399.81
415.19
416.24
432.31
459.54
464.97
477.02
487.79
495.96
518.61
526.40
575.35
584.03
609.41
619.57
638.34
668.54
688.55
707.47
719.96
724.91
748.28
751.75
773.99
831.97
841.61
861.96
874.98
878.76
893.92
949.41
976.83
1006.97
1014.55
1018.33
1021.68
1024.75
1029.55
1052.64
1064.81
1069.10
1109.46
1111.46
1126.87
1139.52
1145.82
1157.44
1163.05
1185.01
1208.00
1210.67
1229.30
1232.41
1252.84
1266.71
1284.44
1291.01
1294.71
1303.18
1307.37
1311.97
1315.37
1323.47
1330.38
1336.30
1345.36
1355.77
1376.29
1391.58
1398.21
1406.85
1438.56
1443.68
1465.59
1466.37
1469.80
1477.58
1480.97
1485.94
1520.80
1551.26
1577.02
1613.70
1731.50
1739.16
2863.29
2871.42
2883.53
2907.53
2982.26
3001.71
3007.79
3009.03
3018.20
3019.68
3025.33
3054.83
3061.55
3107.97
3111.04
3387.75
3502.74
3515.32
3528.93
3553.56
$end
