
$molecule
 O 4.49287690250056 -0.40071507921512 3.41536147252282
 O 6.63676375554425 -1.41084911203993 0.67584226262609
 O 4.07527992508851 0.49098386074513 0.80258783652157
 O 3.07205336685226 -3.03932212004559 0.87829618331662
 O 4.24593625908208 -4.55574641578891 8.09437440107761
 O 4.35642365204854 -0.07226988220569 7.50184539843527
 N 6.28684781581832 -2.59182104144765 4.24465078969518
 N 5.53962981736146 -4.90092947955301 5.61432873192382
 N 5.30648128346240 -1.30812079703233 5.87105576296708
 N 4.32986851858833 -2.31961782474175 7.76592375225494
 C 5.71341818950608 -0.63951537476228 2.76645616984057
 C 6.74997675600731 -1.34513573830697 3.66004402764902
 C 5.46450994931948 -1.43168115546547 1.46152742886383
 C 4.23983646847669 -0.89486910372913 0.68282872594131
 C 6.57357342095727 -3.82247012390125 3.70499498622421
 C 5.59805094736055 -2.50047141847890 5.41834633668439
 C 6.17297149044586 -4.98053364595732 4.42871305430340
 C 7.23873395032136 -4.00496435534891 2.48969306130539
 C 5.26102203721153 -3.73122760649444 6.09227710202433
 C 2.96914483023042 -1.65610621111646 1.10764380704245
 C 7.49553057431987 -5.26651664591916 1.99106720951812
 C 6.45277167240485 -6.25505082586601 3.91062046923062
 C 7.10313349657453 -6.41703446608963 2.71323128291853
 C 4.56900684118799 -3.62053752246253 7.40340564526656
 C 8.18840838001822 -5.40738472348772 0.67568940056749
 C 7.38791665442352 -7.78334249366135 2.17716307337727
 C 4.65586504463903 -1.15186988575106 7.05453262461989
 H 6.17362591952640 0.32552255411050 2.47853496371164
 H 7.65328746494246 -1.52721069419568 3.07925735759220
 H 6.97915451944429 -0.67976342811154 4.49804266818074
 H 5.26817973105624 -2.48398100859745 1.68765399959075
 H 4.42523316037721 -1.08016046055073 -0.38488530180181
 H 7.53719978742044 -3.15939493802167 1.89219165294183
 H 2.82110890875779 -1.53579858120554 2.18271956158975
 H 2.10880737280616 -1.22477884264374 0.57911717915788
 H 6.12903590164296 -7.10050597088787 4.49651082109061
 H 4.65878708996919 -0.31881201372615 4.37361399350347
 H 6.71961961627813 -0.52997263896328 0.28958628023537
 H 3.84366432106701 0.67442530764689 1.72464943287160
 H 8.37198345820081 -4.43420052686375 0.22953927102083
 H 9.14000287806236 -5.92318797791531 0.79994901020820
 H 7.58310768093220 -5.99762540356477 -0.01039591418085
 H 7.04158055838308 -8.54466643307888 2.86988196323938
 H 6.88759777078388 -7.93050101532250 1.22092088271157
 H 8.45654546066789 -7.91756770908190 2.01586126786140
 H 3.85373589554102 -2.17290578649822 8.64965216080365
 H 3.14220550438848 -3.19466524440055 -0.07054324704370
$end
$temperature
298.15
$end
$mult
 1
$end
$sigma
 1
$end
$pressure
1.00000
$end
$scale
1.00
$end
$msrrho
$end
$freq
19.83
24.67
36.60
56.35
64.34
69.73
94.73
111.86
116.13
120.60
121.88
143.23
150.93
166.99
180.03
197.95
217.14
235.13
259.15
261.37
280.06
295.03
316.30
330.58
336.07
359.18
363.67
381.16
394.32
406.39
414.46
425.65
436.57
459.89
473.71
481.28
489.91
492.74
518.96
539.00
557.29
578.01
583.63
599.09
620.37
623.18
644.75
687.48
690.06
708.20
725.57
744.38
747.37
774.30
841.58
846.94
858.76
881.47
888.65
915.17
945.54
987.25
1007.89
1010.27
1018.91
1024.81
1029.36
1032.75
1038.90
1074.46
1081.90
1096.95
1111.87
1123.40
1136.32
1146.01
1149.87
1162.73
1173.50
1200.34
1214.98
1225.56
1252.64
1259.89
1278.46
1286.98
1294.90
1298.96
1303.06
1307.90
1308.98
1326.55
1329.40
1342.04
1343.53
1347.62
1354.33
1364.05
1389.38
1398.01
1406.32
1422.37
1438.79
1463.79
1468.35
1468.89
1476.65
1479.37
1484.96
1519.80
1543.56
1569.66
1612.30
1739.47
1744.05
2797.84
2900.40
2904.34
2961.26
2964.26
2997.66
3006.89
3009.26
3014.85
3020.77
3026.20
3059.12
3061.50
3112.01
3119.84
3282.66
3389.27
3468.86
3521.52
3540.02
$end
