
$molecule
 O 0.69959230349533 0.82955349941824 0.87086815545370
 O 2.40320568499921 2.29072676273889 -1.20113605859643
 O 1.58701273163232 0.84633760643348 -3.44168530326184
 O 2.64577656621926 -1.94022606764051 -3.55754922953012
 O -5.11930249557524 2.39329723324232 2.33627758757568
 O -1.08850117025114 4.42599198360091 2.61104793024672
 N -1.62064293527197 1.42610927729228 -0.76630378596558
 N -4.19635337544574 0.89066408051631 0.13532873851766
 N -1.32811490826969 2.94135807951931 0.92670685786499
 N -3.08858973184380 3.38407650606328 2.43680356339394
 C 0.71282161829118 0.72068263951719 -0.52299975105413
 C -0.26279744964897 1.71228458387744 -1.17606769721298
 C 2.14742145876803 0.90383556032740 -1.07681024621655
 C 2.37720707550270 0.23081401110614 -2.45389676821158
 C -2.37302164202209 0.47292541746592 -1.40175531457422
 C -2.10545317944918 2.08351696626454 0.32476765068940
 C -3.68586293231418 0.22231622538170 -0.91941753604487
 C -1.91714545351196 -0.26396650840122 -2.49848703309592
 C -3.46043791937312 1.77482878217316 0.72697353956459
 C 2.09632916389897 -1.27788728635632 -2.45347142447534
 C -2.71043252929685 -1.21821366152739 -3.10345833335740
 C -4.47966677216711 -0.74856746633291 -1.54947542451704
 C -4.01657147194984 -1.46888742131985 -2.62307267385846
 C -4.00171264349631 2.51808487918334 1.89558077761363
 C -2.17691717041702 -1.98755673107322 -4.26743574671582
 C -4.87760266846229 -2.50201293172204 -3.27701722201243
 C -1.76763937659235 3.63022528162922 2.00945304420651
 H 0.39681002802301 -0.30768263197131 -0.72878064277830
 H -0.02216322585034 2.71864245755688 -0.82577238445243
 H -0.18892734606705 1.66726546312196 -2.26019038292956
 H 2.82378203516898 0.44521428995788 -0.34341478357419
 H 3.44665599021959 0.37383564264509 -2.70599982171901
 H -0.92897453998798 -0.09982530135469 -2.89728786058853
 H 2.46984917775831 -1.70445974490518 -1.51088135230503
 H 1.02282486795380 -1.45537437990390 -2.52576591624588
 H -5.46955581174274 -0.90502093228614 -1.15116929981523
 H 0.69779282030805 1.76717715483873 1.11495792332020
 H 3.35046097774898 2.45426681299914 -1.15577628953739
 H 1.75054004042088 1.79840513644295 -3.38960332856361
 H -1.16499653539676 -1.67608609628543 -4.51153730891430
 H -2.16945220468898 -3.05416076038531 -4.04670115453890
 H -2.80832428512515 -1.83943263596938 -5.14242962607005
 H -5.84252381225304 -2.56326263538871 -2.78237698396620
 H -5.03880166539480 -2.25830311034349 -4.32626588050699
 H -4.40140398052576 -3.48060276899412 -3.23435934958458
 H -3.39132002627893 3.91910614838861 3.24381201557968
 H 3.59362271825936 -1.77005640953287 -3.60030886924176
$end
$temperature
298.15
$end
$mult
 1
$end
$sigma
 1
$end
$pressure
1.00000
$end
$scale
1.00
$end
$msrrho
$end
$freq
11.63
22.79
31.68
44.92
53.42
61.19
80.86
104.44
109.70
119.69
121.24
123.17
155.65
164.12
174.69
188.78
203.40
215.38
222.88
237.15
261.97
276.12
293.60
298.81
312.81
326.33
336.31
351.94
361.90
381.29
390.60
406.20
413.38
427.14
453.70
464.64
481.63
488.19
499.55
518.19
558.08
580.47
581.32
605.72
623.29
632.39
663.40
689.13
707.49
724.88
737.24
747.61
753.06
774.08
838.67
851.66
871.30
879.47
882.94
902.67
927.70
974.84
1004.16
1010.52
1017.43
1019.18
1023.56
1029.88
1035.73
1062.11
1087.18
1099.76
1111.74
1126.16
1130.53
1147.07
1154.46
1164.73
1177.23
1192.98
1210.63
1238.29
1257.09
1259.00
1264.87
1271.61
1282.81
1291.96
1294.53
1309.74
1318.55
1325.39
1329.10
1335.31
1340.27
1343.38
1359.74
1371.00
1389.74
1399.64
1407.62
1426.02
1439.90
1454.23
1464.90
1469.93
1477.34
1480.15
1485.46
1520.72
1549.09
1574.59
1611.73
1736.83
1742.45
2784.87
2874.48
2906.94
2949.73
2992.22
3007.66
3008.59
3009.13
3019.75
3025.33
3027.37
3055.98
3060.89
3109.17
3111.12
3388.90
3463.74
3482.87
3538.29
3563.75
$end
