
$molecule
 O -2.60239093651033 3.42028900901852 0.14617301314554
 O -1.50356855227222 0.74211361486645 -2.00022291106411
 O -0.34744553681596 1.92003976582694 0.79972909102007
 O -0.34325075675361 4.63185742920773 -0.72896698662624
 O -5.02705902032296 8.25326487550651 -2.57751775226997
 O -1.11809055551250 6.02381117673054 -3.04740029606883
 N -4.63362317503651 3.61446802712691 -1.53043055116205
 N -6.13604827401681 5.95024441920323 -1.35287041299856
 N -2.88697432977987 4.79541908160278 -2.41412709270494
 N -3.11589801515763 7.08739172623362 -2.90055908526061
 C -2.67004504721087 2.31319599914035 -0.70355284749694
 C -3.82101254094457 2.44272512872195 -1.75552721197212
 C -1.35540152577832 2.03799552539582 -1.45870269549001
 C -0.10012063554908 2.17773684345039 -0.55414221766674
 C -5.83252127858882 3.59262506833932 -0.87257070238549
 C -4.11231503540562 4.79521849537135 -1.95625026901009
 C -6.58292822436965 4.80106426402623 -0.81072084262167
 C -6.35966960408793 2.45450935515388 -0.25731705554379
 C -4.95405225362158 5.96353194614860 -1.88363159990292
 C 0.57474834716753 3.55819588988565 -0.76534940078596
 C -7.58125276323486 2.48220163729644 0.38335139187997
 C -7.83169101270714 4.80566957594559 -0.16840216830326
 C -8.34043249496370 3.67586344462345 0.42135558994461
 C -4.41764958927713 7.21735554848522 -2.47350037051304
 C -8.10019291293080 1.24769980607783 1.04505275725293
 C -9.66945916466170 3.70579579060346 1.10577818424748
 C -2.30865875879713 5.95073562561215 -2.80136070046748
 H -2.87738955192060 1.44103758373347 -0.07080693309866
 H -3.37711159869939 2.55726144027843 -2.74590424061984
 H -4.44193731441606 1.55106976177806 -1.75333936922727
 H -1.26527876694215 2.77363459448021 -2.27372956897188
 H 0.62690455830177 1.41082204592379 -0.85292314836510
 H -5.79467670861042 1.53633504626042 -0.24677094994863
 H 1.28610620717430 3.70285578635747 0.05549787693059
 H 1.12647609728645 3.54819453361733 -1.70841143377390
 H -8.36808200131304 5.74105152909896 -0.14991236813638
 H -1.94532410919845 4.05706265135503 -0.21467745905037
 H -0.67631333459621 0.47568258852273 -2.41574393253966
 H -1.00284714288928 2.56213227106788 1.11368825032187
 H -7.40220692215804 0.42250826524113 0.93596471747304
 H -8.26407500799433 1.42683434580702 2.10670322148141
 H -9.05578010636676 0.95652414161317 0.61080092300309
 H -10.11376047956050 4.69402775625992 1.03246584628713
 H -10.34957995165276 2.98372732895161 0.65608882006999
 H -9.56373123047710 3.44949192503313 2.15904410359865
 H -2.66799917361670 7.92473331299001 -3.25756566365272
 H -0.45457581521387 5.02049402202617 -1.61575054895491
$end
$temperature
298.15
$end
$mult
 1
$end
$sigma
 1
$end
$pressure
1.00000
$end
$scale
1.00
$end
$msrrho
$end
$freq
27.54
31.99
43.73
52.71
71.24
91.57
104.73
118.88
127.02
133.48
140.15
157.57
167.69
172.97
192.28
195.59
235.12
251.29
263.93
267.57
276.83
295.24
306.73
315.40
327.10
341.29
346.13
364.71
394.01
405.45
417.79
430.58
453.99
471.29
488.03
496.38
501.17
513.99
527.69
566.06
577.60
587.80
617.00
619.72
632.42
645.19
681.90
688.40
702.27
708.01
722.36
747.34
752.79
773.23
833.31
843.47
857.54
875.76
886.52
892.81
930.59
984.34
994.05
1012.32
1017.97
1022.46
1027.81
1029.10
1031.36
1056.08
1082.92
1096.72
1112.46
1125.40
1140.15
1149.19
1161.23
1174.99
1198.91
1201.31
1213.21
1230.68
1249.60
1256.28
1260.40
1282.75
1290.76
1299.68
1306.28
1317.85
1326.93
1327.17
1336.81
1340.36
1347.07
1351.98
1363.00
1372.19
1396.72
1398.08
1406.61
1438.62
1443.17
1458.59
1464.42
1469.09
1477.69
1480.03
1485.23
1520.09
1543.02
1572.46
1611.84
1701.89
1741.28
2856.96
2913.76
2921.86
2944.25
2960.31
2988.43
3008.19
3009.50
3020.20
3025.82
3036.74
3056.34
3061.88
3104.50
3111.38
3150.82
3307.36
3387.22
3436.66
3549.73
$end
