
$molecule
 O 6.23833855426174 3.93855234703672 2.07694156233326
 O 4.93997954238210 2.29583695598769 -0.93246667700904
 O 4.97100990410359 1.63154049189215 2.63790678678701
 O 5.61010789533228 -0.49786407218201 1.14326557672607
 O 11.48977579683421 1.86031978921948 -2.18385360186924
 O 7.18193328304563 1.21578738362023 -3.40362701481894
 N 7.92511988396501 4.31294730353433 -0.15508316478279
 N 10.65018762926545 3.73449818797592 -0.26223828202780
 N 7.53559819588363 2.77194768220512 -1.81315884077800
 N 9.32853489194778 1.58900302349463 -2.79095332445624
 C 5.66206806124624 3.83111227304877 0.80129179129664
 C 6.51414392352302 4.64400407527995 -0.19531700544898
 C 5.49629403674375 2.35860120949344 0.35114444758957
 C 4.53101278383178 1.60576868215848 1.29794265592103
 C 8.78585321607826 4.93222931888434 0.71643298450360
 C 8.39129651781740 3.37925358517483 -1.03007852716880
 C 10.17166657962581 4.62158155801445 0.62973783886207
 C 8.38058843895677 5.85928051700378 1.67972755738930
 C 9.81446220963914 3.13397666188135 -1.04804391973959
 C 4.39154291474053 0.15477051629485 0.82773463350278
 C 9.28774668867478 6.46598598499778 2.52350439133755
 C 11.08244754009346 5.25597260045125 1.49029691368158
 C 10.66768034765378 6.16948724211798 2.42570921658435
 C 10.32735916557345 2.15180470818266 -2.03803777520251
 C 8.80586717480964 7.43905126335539 3.54939847329457
 C 11.65295079695359 6.83345999527870 3.33374290584340
 C 7.94811758743280 1.83528056075341 -2.70439087325531
 H 4.65492428049567 4.28428206616609 0.79216024826317
 H 6.15275896560186 4.43620609290896 -1.20361458956883
 H 6.40318582447237 5.70632532761132 0.02091919271231
 H 6.47399319364668 1.85838938686774 0.39889443273115
 H 3.55534178263662 2.10012828120316 1.26401002467202
 H 7.33482473574771 6.07627978708303 1.81209108184546
 H 3.55901646171061 -0.32600008494993 1.35863067429557
 H 4.19432676436474 0.15045348496366 -0.24708231881963
 H 12.12169926024701 4.98815748365328 1.38384263780287
 H 5.81878320083913 3.26121592495313 2.63767913595630
 H 5.66450776097813 2.32316706826367 -1.58449631407438
 H 5.60935370900787 0.90756918002152 2.72154741905955
 H 7.72536715938735 7.54137144183327 3.51009566434318
 H 9.08704610489924 7.10722842468424 4.54770505283524
 H 9.25767956441307 8.41739145486153 3.38935528336772
 H 12.66170758988887 6.49632926102811 3.11385812889794
 H 11.61386920047026 7.91561105319946 3.21711138961989
 H 11.42880429131407 6.60453266501586 4.37471479867077
 H 9.60879678923509 0.90025105286590 -3.48095622022094
 H 5.63556980023338 -1.34429419739232 0.68932554851287
$end
$temperature
298.15
$end
$mult
 1
$end
$sigma
 1
$end
$pressure
1.00000
$end
$scale
1.00
$end
$msrrho
$end
$freq
20.12
27.67
39.87
45.58
58.60
63.59
91.29
105.42
117.54
121.91
127.36
142.49
153.98
166.94
186.90
198.06
234.08
235.01
240.16
268.39
280.22
295.53
321.65
324.58
331.86
355.15
363.02
372.71
386.51
403.07
412.07
425.10
439.20
466.27
479.20
487.93
498.47
521.68
532.91
576.03
580.06
589.63
600.61
611.72
620.84
636.36
641.87
688.86
692.50
709.75
724.68
746.91
749.46
774.14
834.85
842.43
871.80
874.66
892.46
909.10
948.76
955.90
1010.07
1013.18
1018.24
1024.16
1029.26
1032.92
1039.54
1073.89
1094.03
1108.80
1114.41
1121.44
1146.09
1149.20
1156.60
1162.97
1183.65
1194.69
1213.25
1219.77
1230.32
1249.43
1255.00
1259.92
1293.09
1294.78
1301.39
1307.63
1309.04
1317.24
1327.50
1328.44
1335.26
1346.24
1347.73
1353.33
1392.60
1397.67
1406.12
1424.95
1439.12
1462.48
1464.72
1468.72
1477.37
1480.45
1485.19
1518.74
1542.46
1569.48
1612.85
1736.45
1740.72
2825.98
2887.34
2901.01
2961.85
2970.71
2998.79
3001.62
3007.06
3008.93
3019.92
3025.55
3059.30
3060.68
3110.55
3129.85
3316.74
3331.69
3389.50
3465.92
3593.12
$end
