
$molecule
 O 2.50959019919486 -0.20468321991732 -2.48821676027454
 O 0.51368867307046 -0.55131549388012 -0.61436178890717
 O 0.80278525891219 1.83569881748180 -3.08889321948683
 O 0.58066481020920 3.53604600196879 -0.64893919036855
 O 9.06121995922982 0.81254671835665 -1.07491877538779
 O 5.98850723574472 -0.98735230378840 -3.86718283408758
 N 4.45222783781300 2.04662437097424 -0.85835544173628
 N 7.00073320342101 2.23039314980887 0.24293425161257
 N 5.20773743052350 0.52010649676465 -2.38344635030438
 N 7.49838243177658 -0.04398940790703 -2.46818842930257
 C 2.50317802856048 0.59038729992944 -1.32491690781578
 C 3.18376380526337 1.95765558059145 -1.55265561330105
 C 1.03536428137528 0.72571130054786 -0.87049135147289
 C 0.14896026434165 1.49253988527951 -1.89543111610246
 C 4.64125178127521 2.78822284441032 0.27849187103533
 C 5.47572676138104 1.31534292610713 -1.38046273104651
 C 5.95859202808615 2.86863553605734 0.81113057594424
 C 3.61340798958952 3.45676067555819 0.94886721546914
 C 6.78189894908178 1.48153238333101 -0.79036147297480
 C -0.43018387630014 2.77822881654300 -1.29333699164708
 C 3.86175899014659 4.19240403554100 2.08988078956552
 C 6.19236613170748 3.63311179943247 1.96532260998189
 C 5.17468776984794 4.29414928858406 2.60649442362260
 C 7.90762564090882 0.74517251627832 -1.42303300634745
 C 2.73031488706094 4.87913871076066 2.78275871643900
 C 5.44488682857808 5.10069363403758 3.83626825860782
 C 6.19351012102125 -0.21332789636513 -2.96395057867477
 H 3.03459190352941 0.06210426249318 -0.51623569441407
 H 3.39084583707755 2.05869046375713 -2.62127686036716
 H 2.52764824808199 2.76858950349198 -1.25050086712819
 H 1.01065041573848 1.25241557575673 0.08752856669532
 H -0.70948142982922 0.83504771559781 -2.11858323996259
 H 2.59836173317703 3.39294193259339 0.59174266158705
 H -0.87362329170868 3.35025413287293 -2.11367641993662
 H -1.21067447784607 2.51345428557594 -0.56845855943009
 H 7.20679557958833 3.67055416595710 2.32925748166620
 H 3.43656477176157 -0.27553140905814 -2.78475972021197
 H 0.74240520766830 -1.11240944023944 -1.36835968429255
 H 1.30013969448306 1.05692104168866 -3.38620688381614
 H 1.78955666697528 4.67632693272224 2.27908086119171
 H 2.65454009926760 4.54112647801750 3.81513982567393
 H 2.89365236692112 5.95595826062121 2.80190211343441
 H 6.50273889450972 5.08006895852826 4.08104016670151
 H 5.14090134012793 6.13623063040647 3.69034981611245
 H 4.88444330483252 4.70746992513014 4.68340600142518
 H 8.21636639350126 -0.58555308814059 -2.93775329058053
 H 0.27272432029383 4.44475320574353 -0.57349042740068
$end
$temperature
298.15
$end
$mult
 1
$end
$sigma
 1
$end
$pressure
1.00000
$end
$scale
1.00
$end
$msrrho
$end
$freq
25.96
37.05
42.30
52.71
60.28
78.28
85.00
109.96
118.40
122.68
123.84
135.75
159.60
164.29
188.24
203.67
214.21
222.22
238.86
246.15
264.49
285.89
298.19
316.29
326.06
338.50
360.54
363.63
386.79
399.17
409.09
437.15
440.87
447.44
460.80
485.54
510.35
526.33
540.19
559.66
580.93
587.60
620.77
623.99
632.03
647.14
649.17
691.63
707.29
724.46
727.73
747.66
759.28
773.81
842.64
852.15
853.30
875.27
882.54
920.41
936.48
964.71
1009.32
1012.51
1018.32
1019.96
1024.82
1029.44
1035.65
1053.49
1078.93
1097.68
1112.20
1138.83
1145.01
1146.60
1164.76
1180.89
1198.80
1202.96
1213.65
1225.79
1239.98
1257.45
1263.83
1280.32
1287.39
1291.68
1295.51
1308.47
1309.43
1322.44
1335.32
1338.23
1344.34
1347.02
1363.42
1364.38
1391.32
1397.75
1406.48
1431.91
1440.84
1455.54
1465.08
1469.14
1476.81
1480.25
1485.00
1520.00
1543.76
1571.10
1611.44
1738.78
1743.16
2831.60
2851.75
2903.48
2952.09
2966.51
2977.00
3007.94
3009.28
3020.37
3025.97
3057.58
3058.47
3061.79
3111.75
3118.54
3307.09
3388.54
3407.41
3492.98
3567.50
$end
