
$molecule
 O 4.35883414355596 1.00821397210384 -0.40066821293503
 O 4.55024425630740 -1.63303316080928 -2.92146191269245
 O 2.20108453136807 -0.28060489359315 -3.76229753778140
 O 4.69785535995306 0.48348208899513 -4.67237485638690
 O 4.62940602691865 -6.87219656129253 -1.85452602918843
 O 1.59522536518535 -4.10262826755178 0.03528269681670
 N 5.76983800595654 -2.40900861281729 -0.58603002303370
 N 6.53989139750027 -4.80241751908998 -1.78295069525678
 N 3.67324594849276 -3.26036990507675 -0.22074499222112
 N 3.14510677108851 -5.45851316226920 -0.90055703151381
 C 4.86882582621827 -0.12560586755991 -1.05078005947906
 C 5.29772762766013 -1.17454797184927 0.00033239984946
 C 3.87223468634725 -0.75060580780478 -2.06202470266603
 C 3.09166452807103 0.32433937926752 -2.84901996292736
 C 7.03360023298460 -2.53209082418597 -1.10073036105478
 C 4.87892962475783 -3.43718407702211 -0.68668611864054
 C 7.40022420063383 -3.76747558655750 -1.69850372911508
 C 7.98475262571361 -1.50911207359858 -1.06472719021434
 C 5.34722478426257 -4.65656658096108 -1.30612662385158
 C 4.00563058677478 1.22541310352079 -3.69306338852960
 C 9.24994797605088 -1.68085845241228 -1.59000893105439
 C 8.69060688394827 -3.92568272782215 -2.22603984622500
 C 9.61471932240421 -2.91094041058758 -2.18260866918181
 C 4.38012490830009 -5.78212470761274 -1.39850493000351
 C 10.23497000290057 -0.55852808226261 -1.53359746892959
 C 10.98401368205184 -3.10107416052922 -2.75326075612050
 C 2.73959313149113 -4.23853164112010 -0.32668228611291
 H 5.74612456462975 0.22329340811294 -1.60744039840660
 H 6.06735242386607 -0.74992475728262 0.64828869362083
 H 4.42249852384051 -1.43970460280176 0.60078656214288
 H 3.14882443699151 -1.36263887916872 -1.50392664644099
 H 2.54174350951231 0.95706420634897 -2.13610421377433
 H 7.74151960103822 -0.55558756577693 -0.62397812977494
 H 3.38575915607043 1.99621272688981 -4.16598654443675
 H 4.75141760084052 1.71046721975281 -3.06373333852982
 H 8.92367912462032 -4.88068629713200 -2.66939923409728
 H 3.60084305393689 0.74547061158039 0.13620207213156
 H 4.93417793039391 -1.09811102846125 -3.64015329643560
 H 1.74526886625740 -1.01156045513201 -3.33057793562478
 H 9.80787781921390 0.31369028977563 -1.04652170906636
 H 11.12643137379347 -0.86185032416290 -0.98624922415201
 H 10.54747071552927 -0.27762923980996 -2.53841562339098
 H 11.08977132724127 -4.10093187109553 -3.16369210485202
 H 11.17313975352360 -2.37809157395794 -3.54555969312744
 H 11.74365463346709 -2.95783220617579 -1.98592053967932
 H 2.43077269483017 -6.17722308623298 -0.94984922286918
 H 4.02285845349196 0.06915793526398 -5.22787325476878
$end
$temperature
298.15
$end
$mult
 1
$end
$sigma
 1
$end
$pressure
1.00000
$end
$scale
1.00
$end
$msrrho
$end
$freq
19.54
28.13
37.77
44.83
52.54
55.62
70.81
100.82
119.55
120.42
134.89
143.54
152.94
165.91
181.73
198.29
234.06
242.98
262.00
270.24
279.15
294.94
304.95
310.74
320.13
329.23
354.62
362.24
387.94
400.18
410.05
417.39
427.46
441.20
463.95
474.79
478.69
509.34
523.04
532.00
573.58
581.80
590.60
620.61
621.94
632.87
666.75
689.56
708.15
723.92
748.39
750.17
773.15
774.84
828.66
841.09
841.33
877.56
879.93
914.41
944.16
993.88
999.08
1009.92
1018.71
1020.64
1024.20
1029.91
1039.43
1057.83
1069.16
1103.19
1109.90
1116.63
1130.20
1147.21
1154.18
1165.23
1177.61
1182.02
1211.43
1213.89
1237.86
1252.18
1261.92
1292.06
1292.90
1295.26
1306.03
1307.96
1321.60
1328.85
1331.72
1334.77
1339.29
1343.55
1350.18
1360.64
1390.11
1398.65
1407.12
1435.43
1441.17
1465.89
1468.30
1469.73
1478.05
1481.23
1486.30
1522.11
1551.95
1575.87
1613.85
1735.72
1739.75
2874.57
2900.32
2926.29
2938.84
2968.38
2974.80
3007.62
3008.94
3019.44
3019.97
3025.12
3053.61
3061.71
3103.08
3111.58
3333.07
3387.58
3496.97
3519.89
3546.25
$end
