
$molecule
 O 0.36155764992687 -3.11101583064190 -1.21948785225202
 O 2.30253318226395 -1.59797309859454 -3.95067172966004
 O 2.81118357472175 0.16138735947057 -1.99846662059179
 O 4.00959529843835 -2.83163518477612 -2.19641216441493
 O 3.34499771246527 -7.30447083924992 -6.96233274285909
 O 1.82363517470181 -7.92726453054648 -2.75066157330306
 N 0.61542157138814 -4.03783656903758 -4.77932967819062
 N 1.93730196464594 -4.87198874589050 -7.09237498392293
 N 1.24204848230081 -5.97197378622790 -3.72854693549467
 N 2.60941885656557 -7.55015942230620 -4.83616600045893
 C 0.97309631955482 -3.09338577524008 -2.48201193558410
 C -0.01109724697857 -3.67358878457449 -3.52611116503104
 C 1.47252876798370 -1.66832289327521 -2.80666698607295
 C 2.30840766972684 -1.10023058690158 -1.63393343933218
 C 0.56716530480441 -3.25764654178455 -5.90970374262846
 C 1.27646140393522 -5.23809446563167 -4.79809409919718
 C 1.24550675432685 -3.71131402722693 -7.07290018717042
 C -0.09951994738090 -2.02832674454883 -5.98582025713110
 C 1.95451907748552 -5.59927376909777 -6.02679494656730
 C 3.42834016865564 -2.06028320617851 -1.17589711500868
 C -0.11779183227656 -1.27763824901368 -7.14659894555955
 C 1.21863251137330 -2.93809120509997 -8.24137604283309
 C 0.55288127528104 -1.73705013850417 -8.29996985046329
 C 2.71172421050661 -6.88219664902343 -6.02530786015229
 C -0.84681574965231 0.02605083765208 -7.17387958016716
 C 0.53930995620377 -0.93119411964840 -9.55882927893515
 C 1.86923773191819 -7.17879137000782 -3.69147629879272
 H 1.83214974125055 -3.76648234235794 -2.40877863000427
 H -0.38829005184431 -4.60212105249396 -3.08610071942677
 H -0.84284647223419 -2.98988362663850 -3.70248575183725
 H 0.60306928074527 -1.00067167282692 -2.94156897911239
 H 1.65337577625610 -0.91664469575432 -0.77806521058763
 H -0.63333849682814 -1.63967744773958 -5.13183561017076
 H 4.18857394891670 -1.44673955159263 -0.67042376719418
 H 3.01998154070784 -2.77468234182340 -0.45895264143853
 H 1.74683782989193 -3.33022635122315 -9.09565110611545
 H -0.42163676482453 -2.54713616270372 -1.22886747126966
 H 1.77306030919416 -1.69378939380772 -4.74971370537401
 H 3.25064290290165 0.06296007854268 -2.85385829254974
 H -1.31010049398862 0.24008835191525 -6.21450014343467
 H -0.16336473012843 0.83795647661222 -7.41905694389300
 H -1.62256400323262 0.01038181900732 -7.93805083933087
 H 1.10342925339142 -1.43418197991068 -10.33847793104439
 H -0.48143933173733 -0.78267177610094 -9.90851890250635
 H 0.97782180173903 0.05156272808682 -9.39078840813674
 H 3.09348024194118 -8.43949075812683 -4.76985265044044
 H 4.19421487499204 -2.26536296515182 -2.95481428435658
$end
$temperature
298.15
$end
$mult
 1
$end
$sigma
 1
$end
$pressure
1.00000
$end
$scale
1.00
$end
$msrrho
$end
$freq
16.56
24.31
30.00
36.81
54.92
68.77
91.60
103.32
105.78
115.89
118.76
127.49
145.72
162.51
172.81
198.38
216.72
227.07
236.58
260.02
277.11
289.36
294.39
307.71
317.73
322.74
337.88
344.03
356.07
375.68
380.71
395.91
407.09
415.33
431.40
459.21
464.11
473.61
501.50
506.98
520.48
570.74
578.98
593.11
620.96
629.14
656.38
689.23
704.52
726.05
746.54
747.68
752.97
774.92
805.01
833.79
836.45
870.93
878.65
901.70
934.08
988.51
1002.50
1009.03
1012.30
1018.15
1023.23
1029.71
1038.91
1069.27
1076.47
1092.24
1115.56
1117.40
1131.03
1145.52
1163.02
1168.68
1177.92
1184.34
1189.36
1210.21
1220.68
1253.64
1258.65
1278.32
1283.70
1289.49
1310.19
1313.66
1315.64
1319.13
1328.84
1330.77
1332.85
1334.16
1338.55
1366.40
1378.97
1399.90
1408.10
1424.43
1437.84
1464.41
1467.42
1468.58
1475.97
1479.67
1486.13
1519.94
1565.57
1582.38
1614.37
1738.76
1751.68
2823.85
2883.56
2964.47
2970.60
2976.78
2989.34
2996.32
3007.94
3009.52
3020.20
3025.82
3050.77
3063.64
3085.71
3114.47
3386.48
3498.40
3514.17
3515.80
3536.80
$end
