
$molecule
 O 1.29455843724636 6.17204684016042 -1.29499670481484
 O 1.05236916245549 3.52548455270181 -0.65070501733151
 O 3.43366445357067 2.48974720242817 -1.70003247079254
 O 3.68357860283326 3.97782542705018 -4.11878937612145
 O 3.79031593126420 10.01126679565811 2.51883294849354
 O 2.11517923945664 5.88578804150214 3.30558956869776
 N 3.93093211608895 6.58530060612714 -0.80858490938344
 N 4.51255259413310 9.20971364451583 -0.08245848242250
 N 2.99818188205455 6.21312682584063 1.25261377259162
 N 2.94246457921467 7.94261781538587 2.85956396262299
 C 2.17694291842950 5.26681799182337 -1.89662414704036
 C 3.52986228643099 5.23792612292620 -1.14980414585043
 C 1.49800536712549 3.87571380972971 -1.93243773810292
 C 2.32661080978182 2.72524192309040 -2.53753321144239
 C 4.53537171613066 7.41720810554261 -1.71029542336298
 C 3.58866999588523 7.03794017954967 0.43120234729154
 C 4.82997293349337 8.74788702523525 -1.30981634108076
 C 4.88772620873736 7.02108385319052 -3.00423681014753
 C 3.92848280831551 8.40833744282875 0.74784480554905
 C 2.72569598737797 2.94798409673417 -4.00330899738476
 C 5.51034847645332 7.89122522538449 -3.87538022701552
 C 5.46033588984412 9.61889273879580 -2.21115853311467
 C 5.80294114477841 9.21567669248376 -3.47810834853425
 C 3.56546044537498 8.89879998701970 2.10385533366729
 C 5.87377818660648 7.42771068555791 -5.25005469272619
 C 6.47355942652625 10.16159685168375 -4.42367157990061
 C 2.65208328429264 6.60802690552844 2.50126620975195
 H 2.32914628505254 5.63123386939398 -2.91636125430194
 H 3.41761475553238 4.71107771124523 -0.20087626335448
 H 4.28701874803905 4.75202246986395 -1.75971528299785
 H 0.58527246827089 3.98578162594522 -2.53097777714637
 H 1.66469212053578 1.84083094707954 -2.52841725485579
 H 4.66800173656916 6.02068428541109 -3.34010021767972
 H 3.14333152565797 2.00785081097332 -4.39602995326856
 H 1.82014944274137 3.18953252828322 -4.57378586842228
 H 5.66291867649475 10.61981029842225 -1.86458615513316
 H 0.96936297873613 5.75676376855479 -0.48045431295793
 H 1.81630533312858 3.27137667846597 -0.11645843047142
 H 3.98365715464080 1.80094597721335 -2.08740075015426
 H 5.62406195184211 6.37854916717925 -5.38178998050894
 H 5.34276331121865 8.01150165550825 -6.00103062715731
 H 6.94033964252292 7.55746963061822 -5.42724827295141
 H 6.60551222416472 11.13415077080445 -3.95869342027791
 H 7.45146562269550 9.78239660917347 -4.71808059030876
 H 5.88000108117081 10.28620822869343 -5.32832167946014
 H 2.66744323302894 8.21051990714917 3.79851508414135
 H 3.87405582405605 4.11207467154883 -5.05342678482031
$end
$temperature
298.15
$end
$mult
 1
$end
$sigma
 1
$end
$pressure
1.00000
$end
$scale
1.00
$end
$msrrho
$end
$freq
12.98
31.41
34.53
48.94
58.94
65.79
80.46
109.70
114.22
118.84
119.44
126.60
159.66
164.40
177.83
189.89
202.53
232.54
239.68
239.97
258.48
273.68
288.07
295.58
299.71
319.26
332.75
353.32
357.49
363.15
396.21
403.53
416.13
428.09
444.51
470.30
479.59
495.95
516.23
553.64
566.59
580.02
583.13
621.11
629.50
641.24
669.37
689.16
708.29
724.60
733.36
748.14
757.75
774.33
825.68
838.77
853.88
879.79
882.69
894.80
937.18
957.97
994.40
1008.46
1013.41
1019.91
1022.90
1030.66
1035.49
1062.06
1094.90
1104.61
1112.50
1129.94
1133.34
1146.44
1165.58
1173.82
1187.36
1200.63
1209.08
1212.94
1231.30
1250.50
1256.33
1271.94
1290.35
1293.12
1300.84
1309.87
1317.91
1321.29
1333.80
1343.20
1343.42
1352.57
1358.55
1373.39
1392.31
1397.49
1406.73
1417.83
1443.04
1468.36
1470.53
1475.99
1478.66
1483.31
1487.19
1522.20
1550.15
1575.64
1613.96
1735.31
1742.17
2831.89
2861.49
2913.31
2936.02
2964.48
2998.73
3005.81
3007.25
3018.27
3024.43
3036.35
3050.95
3060.67
3110.92
3119.03
3389.27
3439.99
3509.79
3551.28
3555.96
$end
