
$molecule
 O 2.54167999073596 -2.89776690823271 -2.04286315437561
 O 4.12207951774429 -0.44739939265088 -2.71115953183345
 O 4.28694083228923 -0.76738064772307 0.92558836204975
 O 5.15824080765263 1.79055936723596 -1.49932694747424
 O 7.66527838772866 -6.26608724215069 2.21237389049012
 O 6.69374639043940 -1.84248291691506 2.14374889330875
 N 5.25047202321517 -4.26095928906658 -1.39056121901211
 N 6.15387099097553 -6.59331883223453 -0.16450479161051
 N 6.09305347635365 -3.01927338758504 0.32978981777879
 N 7.22557796249290 -4.04961855293247 2.11754237335565
 C 3.65576495656307 -2.37066755226379 -1.35587218963723
 C 4.90625954373203 -2.99181049250370 -1.99396251252011
 C 3.72538841951950 -0.83105814491844 -1.42037555049093
 C 4.67408191013544 -0.27771853455742 -0.33151699782595
 C 4.91002294276420 -5.47435476229813 -1.92172585482381
 C 5.91322690320738 -4.19792208912699 -0.20450904224522
 C 5.41254348236907 -6.64675349838010 -1.28818275255880
 C 4.08681617335493 -5.62239222774075 -3.04077209764971
 C 6.37534851077717 -5.43537553898242 0.37476410919449
 C 4.63095618513280 1.26188351287819 -0.29537988050843
 C 3.79315486061310 -6.86851930345281 -3.55378045385543
 C 5.11852589633386 -7.90510923543587 -1.83887935836911
 C 4.33307716026295 -8.03318461655507 -2.95678398514098
 C 7.15191466135521 -5.33685200512303 1.63796928836833
 C 2.89478613304450 -6.98622835454165 -4.74140244796844
 C 4.03198429264706 -9.38337806910075 -3.52516676126989
 C 6.66618699104046 -2.90011246426510 1.54432498840900
 H 3.60639871334624 -2.64240205784468 -0.29176146420515
 H 4.72961964832213 -3.10689240085180 -3.06039482116838
 H 5.75165176073066 -2.32302759426480 -1.83686458399874
 H 2.71136594022091 -0.44528856499051 -1.20224335595829
 H 5.69725147684068 -0.58272832860097 -0.57765760845496
 H 3.62944824659948 -4.75370542575079 -3.48498926376925
 H 3.59257666253793 1.58893549762629 -0.14944713268402
 H 5.22257441490444 1.59147314852977 0.56706972422893
 H 5.52706429014088 -8.76700430373117 -1.33553785626139
 H 1.76003275140383 -2.38675237464081 -1.80827784874144
 H 4.50265163197198 0.44212959486479 -2.65130419321531
 H 5.08587960326952 -1.02172799770179 1.42141145210004
 H 2.54590927617722 -6.00863862235077 -5.06111824615100
 H 3.41979909100414 -7.45955581148412 -5.57031701047747
 H 2.03044250633393 -7.60501314127305 -4.50481217147935
 H 4.53435963110469 -10.15854041951279 -2.95392822891063
 H 2.96030609895249 -9.57712109125681 -3.50628946400634
 H 4.36108470021147 -9.44520617525975 -4.56149286974151
 H 7.69843166626356 -3.92222643574086 3.00599449021703
 H 5.20595148718612 2.74912268285892 -1.42595974111447
$end
$temperature
298.15
$end
$mult
 1
$end
$sigma
 1
$end
$pressure
1.00000
$end
$scale
1.00
$end
$msrrho
$end
$freq
28.31
30.23
45.24
50.98
58.47
68.37
95.15
111.61
119.05
120.30
134.07
148.59
155.64
165.01
177.68
187.82
205.51
239.19
240.21
245.22
268.78
278.95
295.48
298.53
308.90
327.37
345.17
361.38
378.42
395.43
404.77
415.85
432.24
448.61
475.44
481.74
492.35
503.54
512.32
526.53
536.27
550.67
582.03
588.13
615.20
625.79
642.97
688.44
693.72
707.19
721.48
747.00
757.36
772.14
839.94
844.30
871.03
876.52
887.87
920.57
947.51
1005.48
1013.93
1017.61
1018.98
1024.90
1029.34
1030.36
1054.11
1064.22
1086.96
1095.56
1114.49
1128.95
1144.30
1150.79
1162.05
1183.36
1188.95
1204.74
1209.37
1225.40
1232.32
1249.21
1250.04
1277.86
1287.95
1292.86
1298.21
1303.40
1308.54
1315.12
1329.17
1336.33
1345.59
1351.12
1360.43
1361.14
1396.07
1397.89
1406.34
1416.40
1440.19
1464.80
1467.69
1476.58
1480.52
1483.17
1485.05
1519.07
1543.72
1573.82
1611.06
1709.05
1738.74
2795.95
2889.93
2892.80
2925.34
2928.74
3007.16
3008.74
3012.04
3019.68
3025.28
3042.68
3059.34
3060.65
3110.22
3116.81
3328.99
3387.55
3434.59
3555.53
3559.44
$end
