
$molecule
 O 2.60996622259302 0.98371638021220 0.38512639716982
 O 0.33142289367509 1.27788299159234 -1.06499996730133
 O -1.68367755522439 0.10154542350187 0.51872626348091
 O -0.76821179722355 0.75302823580372 3.06323365619980
 O 7.70746453684541 -0.31454782818353 3.22912013900143
 O 3.53564023970177 -0.19230090129971 4.96370121982997
 N 3.88513081456360 -1.46751242237720 0.60390344690491
 N 6.65588485947165 -1.26950815723967 0.80157808842495
 N 3.68010627552245 -0.81600757989999 2.79444411661125
 N 5.59804077464451 -0.22192959758398 4.04068910373979
 C 2.05009300901855 -0.12081310778508 -0.27030937629295
 C 2.44219195268729 -1.38504313015345 0.50753370571933
 C 0.52548731316934 0.01948379888564 -0.44384282480478
 C -0.31574345842813 -0.09127067593008 0.84821835647582
 C 4.66736122244115 -1.82074757757870 -0.46468980816792
 C 4.45433577128242 -1.06985595111913 1.78161923688015
 C 6.07762006405457 -1.72054167409283 -0.33251215459252
 C 4.15328592914200 -2.28993224057967 -1.67688481675501
 C 5.90060338840106 -0.97187035179728 1.80590685451506
 C 0.07792182718054 0.89502895761233 1.95335174639139
 C 4.98027256803975 -2.64713250094092 -2.72360084849007
 C 6.90338387595910 -2.08142106156626 -1.40661429922406
 C 6.38229371077280 -2.53860787016122 -2.59267859877200
 C 6.52149687564252 -0.47537384710872 3.06433870441518
 C 4.38669895851554 -3.15082448833752 -3.99972582811570
 C 7.28234462832294 -2.91944788688519 -3.72494132372497
 C 4.19806939251673 -0.40594202236808 3.98077998908671
 H 2.47112269427292 -0.17524488082826 -1.29090299925400
 H 2.09068761110065 -1.30285752100881 1.53758637180810
 H 2.03706585327951 -2.27855969972428 0.03200027451171
 H 0.18360944040354 -0.78067977338731 -1.11891777046395
 H -0.25840366448588 -1.11582788876985 1.22583304795448
 H 3.08787362580252 -2.39178033304354 -1.81033239338361
 H 1.09610160569359 0.72023238910187 2.30298734427239
 H 0.01094540695286 1.92099103548647 1.55095034066003
 H 7.96739574476753 -1.98695328841360 -1.25879594424194
 H 2.19527148576757 1.77695204357917 0.02341255881675
 H -0.58196674141814 1.33048939743437 -1.36781347031447
 H -1.83848065479559 1.05044998926759 0.41642398819223
 H 3.30223010406691 -3.18458838063955 -3.94100405388178
 H 4.67043535605415 -2.50666310575157 -4.83093796963079
 H 4.75461809026988 -4.15171813680694 -4.22094347830100
 H 8.32228694401742 -2.76670765873858 -3.45195771805157
 H 7.14306245471322 -3.96652623218858 -3.99087450533894
 H 7.06310940405315 -2.32137669219371 -4.60840936100514
 H 5.95396074790637 0.11091420611826 4.93058052737142
 H -1.65673080171417 0.54077661588562 2.74618403167018
$end
$temperature
298.15
$end
$mult
 1
$end
$sigma
 1
$end
$pressure
1.00000
$end
$scale
1.00
$end
$msrrho
$end
$freq
14.45
21.65
30.57
42.49
55.23
62.35
77.64
108.39
116.78
120.18
121.05
132.10
156.83
162.87
171.73
184.77
204.16
227.72
239.50
255.29
262.12
280.50
295.18
299.71
317.03
327.91
341.77
357.51
360.71
374.12
393.75
405.05
423.98
437.57
453.85
457.56
476.71
487.42
506.77
530.31
543.23
577.90
585.27
609.28
621.71
634.87
665.30
688.89
707.36
724.73
734.34
748.38
754.20
774.81
836.22
840.85
841.88
875.98
878.16
902.83
931.01
985.08
1004.88
1009.22
1019.14
1022.36
1030.34
1033.17
1040.18
1058.47
1079.82
1094.85
1108.74
1114.66
1136.42
1146.16
1150.66
1164.39
1175.86
1206.53
1213.40
1217.94
1236.54
1251.45
1253.23
1276.25
1289.58
1290.68
1297.59
1306.25
1314.22
1326.90
1327.82
1333.91
1337.99
1340.50
1353.40
1358.63
1385.26
1399.03
1407.50
1417.64
1441.03
1466.82
1468.76
1477.92
1479.72
1481.93
1486.92
1522.23
1560.75
1580.94
1614.74
1736.40
1748.94
2815.39
2833.06
2867.03
2975.02
2987.80
2998.71
3005.76
3007.08
3008.64
3019.03
3024.93
3051.66
3061.85
3098.08
3111.87
3387.35
3484.06
3491.55
3520.10
3542.48
$end
