
$molecule
 O 1.85250107104145 -4.25789569945095 1.71728584923936
 O 1.71865235272004 -3.45415511943289 -1.07210181285438
 O 1.49173181519721 -0.68200916226493 -1.04732809479403
 O -1.31295721221198 -1.28019012939807 1.17914160427072
 O 3.61788351368268 3.43671100348906 1.92709438881456
 O 2.00129039713080 0.22847238339216 4.67058780855885
 N 3.64329551300124 -1.17834787777636 0.67063938966116
 N 4.33180650128836 1.45567070039103 0.05688488156354
 N 2.79985594532442 -0.49110712519319 2.68057526302473
 N 2.80051975443049 1.80102549881886 3.25816874262624
 C 1.87281309786242 -2.92809213488624 1.26012216513014
 C 3.35862176380910 -2.52512197125596 1.11379761014814
 C 0.99483957192303 -2.84681549275854 -0.00508198081159
 C 0.48130268906064 -1.46135520217147 -0.46145978527718
 C 4.24196549404971 -0.89510608689564 -0.53194650739414
 C 3.35551939661340 -0.17196629000742 1.54665183780998
 C 4.60262581495248 0.45266691590771 -0.80327290716420
 C 4.51063158593460 -1.84872649422144 -1.52066303898810
 C 3.72387913952512 1.17276791899772 1.16080471010461
 C -0.17795522209889 -0.64488027627211 0.65913270102408
 C 5.14249492810970 -1.51478250414069 -2.70205700215783
 C 5.25246867072160 0.77327155988713 -2.00411897982356
 C 5.53785834892965 -0.18192656571126 -2.94830802372979
 C 3.39502461729512 2.26459232628854 2.11598032123667
 C 5.40416857118101 -2.57310466882895 -3.72539962466590
 C 6.23861656858407 0.18222276991555 -4.21848928024627
 C 2.50308712495147 0.46300884336562 3.60066730147227
 H 1.41787569792074 -2.34022199577073 2.05842628656040
 H 3.76892445843538 -2.62461125109939 2.12389849841530
 H 3.85317092805403 -3.23827114800418 0.45684921972283
 H 0.10595306898122 -3.44729902925779 0.23946249706211
 H -0.29610559671822 -1.66456161314894 -1.22884587318278
 H 4.19954754634893 -2.87314828488791 -1.39221866923975
 H 0.51266959601630 -0.51443134950828 1.49232171153366
 H -0.41342664370880 0.34641907931133 0.25096664566185
 H 5.51242038615232 1.80884989347349 -2.15502586786039
 H 2.16352758342282 -4.83039204426315 1.00413038384740
 H 1.10962886335283 -3.65204674862840 -1.79143136392888
 H 2.02097883842283 -1.26993068964966 -1.60650500164928
 H 5.01666744969272 -3.53520415127309 -3.40136516809990
 H 4.93890781227381 -2.31028107182304 -4.67442621316869
 H 6.47432349825086 -2.67184324517104 -3.90270984367665
 H 6.47542880938437 1.24195383705974 -4.23136899281359
 H 7.16403883903599 -0.38278368616487 -4.32173524840002
 H 5.61420714840083 -0.04433750099289 -5.08183567811215
 H 2.55471502840196 2.49286946186826 3.95839148190648
 H -2.02112412511835 -1.26218758187282 0.52529865865114
$end
$temperature
298.15
$end
$mult
 1
$end
$sigma
 1
$end
$pressure
1.00000
$end
$scale
1.00
$end
$msrrho
$end
$freq
19.48
25.01
39.40
44.28
45.36
53.91
71.84
104.11
115.02
118.42
121.11
146.74
151.42
170.14
190.51
197.13
214.30
226.57
234.84
243.11
273.24
292.48
305.25
313.29
314.63
326.44
344.70
348.35
358.04
365.66
395.43
407.35
426.65
439.83
445.42
459.65
469.25
490.01
503.11
509.30
550.69
569.32
580.50
594.68
622.66
628.22
658.31
679.68
689.50
707.24
725.17
747.71
761.45
774.43
812.42
832.08
838.81
875.86
881.47
905.62
949.80
988.11
1005.54
1010.83
1019.31
1021.94
1026.04
1030.50
1041.21
1064.10
1069.14
1100.25
1108.64
1126.42
1128.41
1145.70
1146.28
1163.62
1175.63
1186.95
1210.12
1234.07
1239.09
1260.05
1279.86
1289.84
1290.62
1292.96
1302.44
1312.33
1314.21
1324.51
1331.50
1332.68
1337.37
1343.72
1358.27
1365.20
1386.98
1399.42
1407.79
1425.42
1440.56
1467.28
1470.71
1477.01
1477.97
1482.18
1487.02
1521.31
1557.60
1577.74
1615.29
1736.89
1747.70
2749.89
2892.83
2909.31
2958.13
3004.47
3006.48
3007.96
3017.78
3018.67
3024.51
3025.76
3051.06
3062.00
3103.27
3112.49
3386.82
3450.33
3508.40
3537.40
3553.27
$end
