
$molecule
 O 2.69724143666140 -3.92265521499884 0.80438405253192
 O 5.12685098743438 -2.51437646804876 1.13662664591229
 O 4.32874884414665 0.04365397209232 0.63841352072996
 O 2.89632904606915 -1.70593031473998 2.49202123723723
 O -2.65890932746237 -0.90669105271496 -1.51294483895845
 O 1.35470669028365 0.83304334703842 -2.66084756656480
 N 1.32602790412238 -3.53985328176663 -1.40101452178321
 N -1.42506876881061 -3.38374150597146 -0.99684729818775
 N 1.35867949705152 -1.34106012583022 -2.05692091542836
 N -0.63629239075936 -0.08010772900691 -2.09580680860378
 C 3.54827412275120 -3.58527763611003 -0.25785178059381
 C 2.75995480327447 -3.57596587853104 -1.59636570292503
 C 4.30845146122509 -2.27006076731316 0.01786695864842
 C 3.45749458168255 -0.99802479535844 0.23674827499591
 C 0.64006446981982 -4.64642169935154 -0.97384537048482
 C 0.66990206700150 -2.36887986605858 -1.63690441510661
 C -0.76396679839626 -4.53708342021378 -0.78001189765230
 C 1.24550659229532 -5.88100833177802 -0.72887468796271
 C -0.75736278250427 -2.35369478582109 -1.40784848842139
 C 2.37905419776003 -1.10543962611084 1.32148521853597
 C 0.51331563577927 -6.97031279937652 -0.30487877327187
 C -1.49470218785006 -5.65666757944746 -0.35072315613640
 C -0.88432597296623 -6.86223391079056 -0.11308410686560
 C -1.47257940362427 -1.07603038211237 -1.66315844419355
 C 1.20194244486654 -8.27035330748939 -0.04458934788488
 C -1.68024346909423 -8.04297901648371 0.34423568745595
 C 0.75532338226422 -0.15062714788024 -2.29919712287109
 H 4.34178200804018 -4.34995494003207 -0.33410077700236
 H 3.01276804259599 -2.68550354773309 -2.17328399767901
 H 3.00373847852295 -4.46433941019546 -2.18132935152295
 H 4.95386021158312 -2.07492665037764 -0.85916025845026
 H 2.95004668310156 -0.73892976565192 -0.70033460531718
 H 2.31063874635901 -5.99041829106487 -0.84149109260093
 H 2.04165150897503 -0.08330316617900 1.52769146109894
 H 1.53241837598529 -1.68818265285079 0.93599958791089
 H -2.55677980283055 -5.52551418212134 -0.21681326291301
 H 3.08508960403782 -3.53377093267679 1.60663960705063
 H 5.11924189596287 -1.71208288578921 1.67909179359449
 H 4.86325093168169 0.31914879655780 -0.11376322447954
 H 2.26880303027867 -8.19051692172022 -0.23211106257843
 H 1.05364790819085 -8.57623023984870 0.98999386154479
 H 0.79180409193423 -9.05398820264933 -0.68049653287363
 H -2.73074799544868 -7.78262910923636 0.43486312454724
 H -1.58560853170373 -8.86687484550693 -0.36184071197621
 H -1.32390685347035 -8.39370698382415 1.31178941821430
 H -1.06109850925942 0.82045025154904 -2.29000441906924
 H 2.26774311243540 -1.58385299646789 3.20924809034687
$end
$temperature
298.15
$end
$mult
 1
$end
$sigma
 1
$end
$pressure
1.00000
$end
$scale
1.00
$end
$msrrho
$end
$freq
13.91
28.46
38.24
52.96
60.07
69.64
98.11
111.60
117.75
119.12
131.81
150.01
163.00
169.21
184.54
200.15
205.86
227.57
237.83
240.97
271.03
279.31
294.54
297.35
305.59
322.11
335.85
348.45
358.63
364.69
369.82
399.70
409.96
429.26
451.37
463.95
471.05
482.87
502.08
528.83
578.71
583.52
602.45
610.90
623.42
638.30
688.69
700.58
712.02
724.28
746.09
747.73
773.85
786.26
810.29
836.29
838.66
874.83
877.37
883.35
941.41
980.71
982.58
1010.69
1017.22
1018.27
1023.60
1029.38
1031.51
1064.23
1090.89
1109.66
1117.79
1128.57
1145.18
1146.68
1163.03
1194.29
1198.82
1207.40
1214.56
1244.66
1248.72
1252.41
1255.92
1282.87
1291.51
1292.70
1297.51
1306.46
1309.11
1321.01
1329.32
1341.08
1347.53
1351.21
1353.81
1376.76
1393.71
1397.57
1406.26
1436.90
1440.18
1463.73
1465.31
1468.96
1477.65
1480.95
1485.67
1520.23
1545.79
1572.59
1613.33
1736.73
1740.94
2803.87
2822.38
2903.49
2928.42
2938.61
2978.07
3002.30
3007.53
3008.82
3019.66
3025.30
3057.61
3060.69
3110.24
3123.00
3384.45
3388.32
3463.52
3556.46
3576.53
$end
