
$molecule
 O 1.94702019781695 0.99398028933279 3.08242544859838
 O 4.17311797124462 3.04102600480144 1.50227541527135
 O 3.13452793219199 0.58283084058021 0.67979745779725
 O 5.58470784456208 -0.63666915668574 3.14708259631960
 O 7.88462871031506 -1.37403408400431 6.62949061958773
 O 7.95644186097553 2.70510781566345 4.68965471220140
 N 3.85212830698980 0.84201057365097 5.32676455139680
 N 5.07751799307879 -1.39002072298819 6.47042602785432
 N 5.90700375845716 1.81025264925523 5.01829596917757
 N 7.87181931258483 0.66664575011169 5.65884518243488
 C 2.90060674045755 2.00924935140130 3.29520941346948
 C 3.26316587223864 2.05574402862727 4.79215052954862
 C 4.15491424314362 1.93634880529346 2.37216940655289
 C 4.27237942496381 0.64827655760290 1.53213096321437
 C 3.08218991443868 -0.20529503925990 5.77102534526615
 C 5.21070262459478 0.79000835882999 5.43875247143851
 C 3.73532752001023 -1.32527623007602 6.35221293634632
 C 1.68712647083773 -0.22772106578734 5.69521594163608
 C 5.78178163696015 -0.39623060501530 6.04110894768456
 C 4.42141108423816 -0.63365023401390 2.36560246048496
 C 0.95421690797667 -1.29755289978944 6.16775092313669
 C 2.97510863712045 -2.40391536677858 6.82869105093298
 C 1.60436142114447 -2.40801322438702 6.75058006151786
 C 7.26162368103054 -0.45325864205733 6.15560301561165
 C -0.53672217574042 -1.27630871632752 6.06050323579882
 C 0.81299663958262 -3.56651278314324 7.27024032379035
 C 7.26033882494541 1.80453611620202 5.09124491719614
 H 2.43909307949163 2.99007921649546 3.07882856507012
 H 4.00248210119556 2.84697803826501 4.93089754268574
 H 2.36146451097147 2.28358163357014 5.36274228620330
 H 5.05326447901746 2.03547000699919 2.98879308459062
 H 5.17768119919776 0.77001686459390 0.91333110256735
 H 1.15988623255109 0.58463727391739 5.22555484662322
 H 3.58412889960653 -0.73548532319521 3.05921370204502
 H 4.40993014686918 -1.49959657729221 1.68247630025986
 H 3.51758568457419 -3.22956407455135 7.26123596697436
 H 1.88666805536099 0.83612140331348 2.12892218643466
 H 3.49930146545126 2.90341804444338 0.82349407633521
 H 3.22096984232980 -0.17422879929263 0.09145845165287
 H -0.87675441682247 -0.37077743460486 5.56634487542720
 H -0.89022304604318 -2.13609053145397 5.49329103959800
 H -0.99017583223917 -1.32704819365455 7.04979336731956
 H 1.47265546444407 -4.32122776455142 7.68846765116283
 H 0.12062078779623 -3.24109146670024 8.04551152724798
 H 0.22667199897070 -4.02058966899913 6.47238284748448
 H 8.88496000822056 0.69359117647589 5.70362416386906
 H 6.35666098288409 -0.51901219483683 2.58029049219737
$end
$temperature
298.15
$end
$mult
 1
$end
$sigma
 1
$end
$pressure
1.00000
$end
$scale
1.00
$end
$msrrho
$end
$freq
19.10
31.34
37.52
53.07
65.16
81.35
98.21
115.64
115.77
118.66
121.51
153.22
165.03
169.30
185.02
198.47
204.86
238.51
252.96
268.34
284.45
295.87
307.63
318.07
326.35
335.26
346.18
363.69
376.01
393.88
411.89
414.38
423.64
431.89
465.00
477.22
482.19
493.46
497.26
516.66
531.98
578.17
583.29
613.72
620.53
641.05
664.96
689.89
705.37
712.65
723.15
746.83
748.46
775.19
813.15
838.82
840.46
870.39
876.03
911.90
947.96
980.74
1005.93
1008.66
1017.44
1019.88
1023.64
1030.64
1042.65
1057.04
1078.69
1102.24
1107.65
1115.86
1143.23
1145.78
1158.66
1164.42
1180.64
1201.73
1204.69
1217.93
1248.20
1256.22
1278.87
1291.59
1292.54
1295.98
1309.11
1313.05
1320.76
1322.06
1329.70
1332.57
1341.72
1343.19
1350.74
1362.83
1387.83
1398.48
1407.06
1417.13
1440.15
1467.04
1469.69
1477.82
1478.18
1482.41
1486.90
1521.91
1553.19
1576.09
1615.73
1735.53
1741.91
2819.74
2841.69
2851.79
2963.97
2985.87
2993.05
2996.69
3005.85
3007.06
3018.25
3023.94
3057.01
3059.37
3110.12
3130.05
3387.58
3447.84
3505.97
3524.57
3555.74
$end
