
$molecule
 O -2.21211026339034 0.12782504033828 -1.25211168596058
 O -1.42750680298992 0.10762743332225 1.81102309306210
 O 1.52418091851698 0.16795689410203 0.60224366124115
 O 0.20311789761067 -3.20359311028028 0.55752476944551
 O 3.95653862724718 5.36747990930914 -0.73958509322252
 O 2.34882374763525 3.20274477983979 2.88959873965582
 N 0.02514192749514 2.66281255989910 -0.99084581841478
 N 1.90388872492822 4.25533609107224 -2.30035969476103
 N 1.18028579627975 2.92610460523979 0.97815089276410
 N 3.10293101227954 4.29490801285519 1.05901705186513
 C -0.98325764116936 0.39314268828053 -0.59460529594821
 C -0.96689017759089 1.89763334577983 -0.26118013031994
 C -0.85339048376192 -0.48740665709351 0.67296995065241
 C 0.62085979258326 -0.82408440555101 0.99768170939387
 C -0.09925767585447 2.89810594439868 -2.33779220912696
 C 1.07452873821676 3.18974397915568 -0.29686697643060
 C 0.87804049380850 3.70496753378914 -2.97982955002292
 C -1.14783498932309 2.39046456869264 -3.10775209440310
 C 2.00226438626979 4.02142621909070 -1.03238379743427
 C 1.04250571550351 -2.11486772676598 0.27385106563628
 C -1.23577570131918 2.64825997805052 -4.46132786416627
 C 0.77359441035377 3.95573400936701 -4.35664677187828
 C -0.25836009051539 3.44270978900511 -5.10321175362509
 C 3.11898517946291 4.63752776523106 -0.26711611173213
 C -2.37226296148956 2.07970025655544 -5.24717076851937
 C -0.34999364760439 3.72028499391004 -6.56985896505593
 C 2.19752736415872 3.44245848732860 1.71728517485217
 H -0.14123964927877 0.15657025183879 -1.26073038547963
 H -1.96032142138150 2.29894286643557 -0.47994268892642
 H -0.74236706624219 2.03817154751219 0.79908854817986
 H -1.35951461223848 -1.44674120142039 0.46696310309796
 H 0.66729140866860 -0.98727711877833 2.08589566838780
 H -1.90234122863907 1.77161943500752 -2.65136347505720
 H 0.98580106887255 -1.95835601056213 -0.80574292629595
 H 2.08597383370739 -2.32829993043590 0.53241750976604
 H 1.53953537630109 4.57117168822927 -4.80104197224732
 H -2.25796594626780 -0.80978246596205 -1.47045681691898
 H -2.35910630038839 0.28376337754692 1.63668438115658
 H 1.37138924265029 0.96893480121553 1.13329368326353
 H -3.03045334891483 1.49628298544808 -4.60955961610368
 H -2.95098927105509 2.87739214984571 -5.71098514780762
 H -2.00001806203906 1.43902785231344 -6.04552950755646
 H 0.47940245502318 4.34270591846595 -6.89261746476425
 H -0.32961196883529 2.79123321529780 -7.13802421098029
 H -1.28194832791154 4.23213487482714 -6.80608288448712
 H 3.84524824740486 4.67340067492590 1.63772458458131
 H 0.27047527322300 -3.40997189666985 1.49695009064616
$end
$temperature
298.15
$end
$mult
 1
$end
$sigma
 1
$end
$pressure
1.00000
$end
$scale
1.00
$end
$msrrho
$end
$freq
13.91
29.10
43.75
52.91
60.40
63.72
78.09
109.37
118.58
119.55
122.20
145.22
153.50
168.14
191.78
200.35
202.68
220.71
244.87
261.75
264.56
290.69
299.07
324.90
330.33
346.83
355.29
365.67
369.23
393.55
403.68
409.07
421.70
440.61
472.60
483.51
486.46
499.43
516.88
530.21
547.38
580.06
583.22
597.94
623.21
629.02
649.21
688.55
699.28
708.81
724.76
747.16
752.77
775.40
839.43
857.98
860.91
879.85
885.30
927.18
950.99
986.96
1006.25
1009.95
1018.85
1019.40
1024.00
1029.88
1040.50
1058.03
1080.89
1101.31
1112.34
1122.61
1143.48
1146.34
1149.92
1164.69
1187.88
1207.44
1216.13
1224.39
1242.95
1259.75
1261.98
1277.40
1293.26
1293.87
1296.95
1302.56
1308.10
1322.03
1326.82
1329.94
1339.72
1344.76
1358.82
1362.18
1389.63
1398.36
1407.03
1422.91
1439.16
1465.87
1469.52
1477.52
1479.95
1480.93
1485.60
1520.95
1548.17
1572.14
1612.71
1738.32
1744.06
2835.07
2863.97
2885.67
2923.16
2965.63
2978.16
2985.58
3006.95
3008.26
3018.98
3024.48
3056.20
3060.83
3111.42
3126.74
3354.15
3388.44
3539.71
3540.34
3544.61
$end
