
$molecule
 O 4.48625345227703 1.91192576742691 3.03819128061395
 O 2.86155242141297 0.74597976216864 0.82570155639491
 O 1.86446938462724 3.29132623125892 -0.08088890059919
 O 4.25979171898907 4.41343500610627 -0.38742907221480
 O -1.26960263168144 -1.51214381204991 6.85591975326034
 O 3.25028417357816 -1.40133262689953 6.83743715675706
 N 1.14079246330102 1.88428601001449 4.49925125702485
 N -1.31862404094329 0.77154292122609 5.20963406702630
 N 2.22101460182647 0.23298882390542 5.66162882579153
 N 0.99050212318341 -1.42649213782044 6.80932424339734
 C 3.11870892765311 1.58429372523198 3.03002599772469
 C 2.46219699958278 2.37862746209509 4.17235585384958
 C 2.46513545024023 1.81585497335046 1.65311099190056
 C 2.78727247892696 3.16386473733731 0.97952132937068
 C -0.02216859230868 2.46637333582268 4.05594022561158
 C 1.09426436596033 0.75961902455475 5.27810146625648
 C -1.25861989375599 1.87336962076417 4.43373671397457
 C -0.07023801138788 3.60831712914508 3.25238741828526
 C -0.21334416396137 0.24172029150032 5.61908739320292
 C 4.21914333759524 3.26267401895570 0.44090727765524
 C -1.26552259255677 4.14527570314119 2.81818952463309
 C -2.46588888931452 2.43567468912701 3.99207324797509
 C -2.49153066588067 3.55191570710933 3.19337173865374
 C -0.25749853485279 -0.97195856586633 6.47846509428493
 C -1.25692694379739 5.35434222181953 1.94145326581131
 C -3.78949901889423 4.12961815250580 2.72735684354652
 C 2.23912816380716 -0.87464895937058 6.44708588911381
 H 2.98844804177593 0.51712471755648 3.25665852155482
 H 3.09407269153313 2.21113743757025 5.04878451408206
 H 2.43496093728831 3.44118051879650 3.94618962815993
 H 1.37071964167799 1.79022117815156 1.78121338135844
 H 2.64282061783096 3.98642483011171 1.69590761735239
 H 0.83961781990113 4.09101376227417 2.93934190132439
 H 4.91641585294507 3.35327766509479 1.27821291565794
 H 4.45893916781938 2.36411747033552 -0.14239291114762
 H -3.37396922818829 1.94694826295727 4.30756013432897
 H 4.95906162471990 1.22067691983823 2.56246076087546
 H 2.45048352365634 0.88641552603070 -0.03665227167852
 H 2.21640546232422 3.97400269703794 -0.66873416887072
 H -0.24170966141010 5.68283435026264 1.73897863980962
 H -1.74395566318613 5.13426424595650 0.99267903381534
 H -1.80378643390860 6.17097930653410 2.41096122713570
 H -4.62407324843528 3.55090265283815 3.11204752717928
 H -3.89461788274969 5.15964145051450 3.06534496908660
 H -3.83889281775453 4.13153147017822 1.63935926018733
 H 1.03408475090952 -2.25240005154657 7.39702141223335
 H 5.16205671963589 4.54393137694274 -0.69211753176445
$end
$temperature
298.15
$end
$mult
 1
$end
$sigma
 1
$end
$pressure
1.00000
$end
$scale
1.00
$end
$msrrho
$end
$freq
13.80
26.01
30.40
33.86
45.01
59.39
68.16
103.19
109.62
111.87
115.83
136.31
151.87
166.25
183.68
188.99
205.58
222.00
238.28
264.77
277.08
281.82
294.75
296.35
318.16
322.46
335.96
349.43
357.76
365.40
400.12
403.36
430.93
442.71
456.47
470.33
474.63
494.90
508.11
516.53
560.92
579.75
587.27
592.46
621.58
629.58
653.69
689.52
705.98
717.59
725.20
747.18
751.89
775.76
828.56
830.56
837.25
874.35
876.23
897.99
963.70
986.00
1006.59
1009.46
1018.32
1022.74
1026.45
1029.72
1041.06
1070.52
1094.07
1095.15
1102.83
1118.48
1129.36
1145.56
1162.83
1170.31
1186.81
1203.05
1210.21
1217.02
1226.90
1246.62
1251.29
1278.83
1287.76
1291.01
1301.65
1304.30
1311.28
1319.50
1324.26
1326.76
1337.99
1339.51
1361.65
1371.27
1384.52
1398.03
1406.34
1424.61
1438.72
1463.75
1467.28
1473.03
1476.09
1479.80
1485.34
1520.54
1556.10
1577.08
1614.65
1737.41
1746.46
2858.23
2863.28
2902.03
2909.04
2960.52
2978.32
3008.32
3009.62
3020.29
3025.93
3036.22
3058.50
3061.50
3111.48
3123.48
3387.22
3492.46
3520.36
3560.51
3585.69
$end
