
$molecule
 O 5.44627791487347 1.37723760051604 -2.76187709115787
 O 4.98692784937933 2.62546074470464 0.63727832082708
 O 2.85769045648013 0.75923576980579 0.45147466327474
 O 5.97916086431633 -0.76643469149544 -0.39310277873455
 O 4.77602041721642 7.58713880205040 2.20052542260780
 O 2.38599830234795 6.01623136252193 -1.30190068331112
 N 6.54675232031167 4.26460381417559 -0.74080654848302
 N 6.86964204068210 5.81677152340145 1.54693859898016
 N 4.46489826052704 5.16761705854009 -1.06902524800596
 N 3.61855615422234 6.77924063069990 0.43437711273781
 C 5.79022967319224 2.01881091791787 -1.56512278275389
 C 6.29137417312051 3.44295436928293 -1.89978852377006
 C 4.59959940750363 2.04909638520906 -0.58987699205958
 C 4.02604761554413 0.63790181052646 -0.33648228283996
 C 7.68236874781442 4.13206092828249 0.00984463205628
 C 5.55403206304267 5.11499021550502 -0.35158797983860
 C 7.82668554295920 4.94771842871214 1.16413312313624
 C 8.71255351918022 3.24057349068100 -0.30231985704202
 C 5.79193070449919 5.90319656627474 0.83675411374381
 C 4.97991367919702 -0.26040185334757 0.45899599257995
 C 9.84817182413247 3.15079146756538 0.47666613702155
 C 8.98987235625708 4.84603009780353 1.94271746093529
 C 9.99596445263895 3.96943729039175 1.61987859841813
 C 4.71651928840515 6.84166570322739 1.25156890960254
 C 10.92475925877291 2.18137657895561 0.10871408820869
 C 11.22766784899204 3.87767818094232 2.46391508471748
 C 3.43669626872640 5.97187418949671 -0.70707921166476
 H 6.58525763457656 1.41249171819644 -1.12420561722648
 H 7.19058718582736 3.37030085750347 -2.51425695568720
 H 5.50614418931981 3.95559287153784 -2.46353115796339
 H 3.80148141130152 2.66607552869613 -1.04563826529974
 H 3.81825292399573 0.14938815168573 -1.29687072346586
 H 8.62883940524321 2.59588819344345 -1.16218990547481
 H 5.42441613909286 0.31661614530062 1.28240671624884
 H 4.37261074191326 -1.06759245130717 0.88690031472619
 H 9.05722592952009 5.48611359990802 2.80809342244003
 H 4.71942925111349 1.85997617238811 -3.17686183686873
 H 4.30082913262907 2.39372378439225 1.27947233887910
 H 2.18578217008051 1.23717208569825 -0.04874702909774
 H 10.65815574116176 1.62202659588619 -0.78365528101584
 H 11.86166246367658 2.70571000327096 -0.07516432507094
 H 11.09765287267686 1.47802991233016 0.92206020551105
 H 11.17368890035920 4.57677132420773 3.29326777967151
 H 11.34509748112738 2.87163358070519 2.86447103554997
 H 12.11498346438069 4.10493487401091 1.87455190848828
 H 2.84011866824367 7.38606733452598 0.66886584616117
 H 6.46654828942604 -1.45175666470859 0.07521725029564
$end
$temperature
298.15
$end
$mult
 1
$end
$sigma
 1
$end
$pressure
1.00000
$end
$scale
1.00
$end
$msrrho
$end
$freq
20.00
24.67
32.05
41.49
49.51
61.14
74.71
91.07
102.43
119.24
119.83
134.40
152.64
162.22
171.25
196.48
216.83
236.92
245.92
268.80
276.52
278.87
295.36
305.17
321.18
328.55
336.20
351.94
363.05
388.83
394.76
404.81
414.70
435.85
442.55
448.35
475.94
478.20
491.86
512.73
534.58
573.75
581.73
590.45
621.60
633.36
662.27
668.52
689.77
708.67
723.90
747.94
751.72
774.18
837.03
840.89
850.81
877.18
884.77
911.59
988.00
998.11
1009.98
1019.26
1020.73
1023.77
1030.21
1032.40
1043.65
1070.26
1085.49
1102.83
1112.41
1122.38
1138.08
1147.21
1165.08
1167.73
1179.17
1183.28
1210.29
1212.98
1247.25
1251.47
1258.09
1268.06
1286.97
1291.15
1295.12
1297.14
1307.59
1323.08
1327.16
1332.24
1341.21
1344.23
1366.36
1382.95
1392.70
1398.79
1407.33
1432.28
1442.35
1466.47
1469.67
1475.83
1478.48
1481.82
1486.51
1521.78
1549.41
1574.94
1613.48
1734.95
1738.72
2805.11
2880.35
2916.38
2920.15
2963.25
2979.30
2986.49
3007.02
3008.24
3018.88
3024.63
3054.56
3060.78
3107.60
3110.24
3387.78
3472.86
3501.93
3535.24
3562.13
$end
