
$molecule
 O 6.40217248312985 -1.30793735598728 -0.69745298470587
 O 4.29206078357778 1.62318056844265 -0.81450081282070
 O 3.78491010347107 -1.89200007593495 -1.48432174221251
 O 2.46387968414693 0.60589874244696 -2.75726301274575
 O 9.53500370675762 0.38348594587128 5.29929176664563
 O 5.35072028872271 1.80776786195844 4.35318197929665
 N 7.91297334956694 0.55279069401018 0.80619997766026
 N 9.97656366756502 -0.10363601297795 2.55853778695858
 N 6.60409815952678 1.19335692968667 2.57352760642427
 N 7.45066387408595 1.08860447067294 4.77699210478377
 C 5.77656284725282 -0.15951486452917 -0.17907033647831
 C 6.81784234277556 0.95999265724417 -0.04672138635540
 C 4.62365243567301 0.29401230560566 -1.09626104753607
 C 3.41285247205280 -0.65238300778373 -0.91829891041305
 C 9.05847645180021 -0.01632746040725 0.31720610243431
 C 7.74314548498355 0.71975812806081 2.14984040852377
 C 10.10252162419441 -0.32022168973349 1.23362731067770
 C 9.26261860516371 -0.31594979108672 -1.03253290217494
 C 8.85981792120850 0.37531114323832 3.00323024488897
 C 2.14141896122198 -0.06545528643386 -1.55692927415789
 C 10.44472494477592 -0.86925664730205 -1.47823382863256
 C 11.30383407827222 -0.87114651022330 0.76093889242260
 C 11.49396649593138 -1.14227561732974 -0.57081374668897
 C 8.69004316883834 0.60063412315048 4.46251796115968
 C 10.61338308141539 -1.18633596844674 -2.92938136213697
 C 12.78188096273841 -1.73105709915459 -1.05348168361348
 C 6.38777134352215 1.39397405679806 3.89532056087258
 H 5.37953481290555 -0.35587518826995 0.82869140574882
 H 7.19715642369949 1.24700496529018 -1.02537706399290
 H 6.32172469204953 1.80573494922309 0.43198102317042
 H 4.96042709092485 0.18743426352253 -2.13913943898799
 H 3.20854975162700 -0.77743344354089 0.15643648236258
 H 8.46944205798361 -0.15843912795572 -1.74329673924226
 H 1.43362905751972 -0.88479088666219 -1.74671665337034
 H 1.68166675512931 0.62999047452962 -0.84174777005350
 H 12.06771591259753 -1.07897406867132 1.49340385230979
 H 5.70785105866481 -1.90020509593299 -1.02027650944680
 H 3.67427807069484 1.91451540221808 -1.49747426976965
 H 3.04131300830492 -2.50345386434552 -1.43815035945748
 H 9.71544480384271 -0.93825107807055 -3.48795766028199
 H 11.45092440001674 -0.62851668134822 -3.34684101199058
 H 10.82466535351439 -2.24608927745125 -3.06423289198356
 H 13.47367987593832 -1.86303040466026 -0.22662789541748
 H 12.60948001229351 -2.70007447144184 -1.52016429057989
 H 13.24620434468187 -1.08357719214777 -1.79612673213439
 H 7.26450413541106 1.26197458061821 5.75903074514646
 H 1.65174005983145 0.84560790524181 -3.21464089408588
$end
$temperature
298.15
$end
$mult
 1
$end
$sigma
 1
$end
$pressure
1.00000
$end
$scale
1.00
$end
$msrrho
$end
$freq
17.65
20.74
26.59
39.12
54.89
58.57
72.90
86.23
101.18
116.17
117.80
123.67
143.80
163.59
181.18
197.67
212.37
231.31
243.89
261.25
264.87
288.47
295.93
306.32
324.53
325.03
340.12
357.69
373.01
391.58
395.18
411.13
423.64
449.91
460.90
470.83
482.39
487.15
507.41
523.75
551.67
565.87
581.62
588.72
619.66
622.82
641.38
666.16
689.34
708.01
724.29
747.33
752.92
773.95
829.20
838.20
871.90
874.75
888.69
915.75
958.06
994.36
1003.14
1013.89
1019.52
1020.19
1023.46
1030.40
1039.68
1056.75
1093.39
1106.64
1118.64
1133.82
1145.60
1153.23
1162.65
1168.37
1186.04
1192.83
1211.13
1222.94
1242.08
1250.03
1264.37
1271.94
1289.35
1291.11
1293.56
1299.27
1311.59
1320.22
1328.43
1337.68
1341.66
1345.65
1353.86
1370.60
1391.34
1397.94
1406.59
1413.77
1441.11
1467.08
1468.80
1475.10
1478.03
1482.59
1486.71
1520.91
1549.89
1575.03
1614.23
1734.34
1742.69
2864.67
2865.96
2878.70
2881.65
2907.91
3001.27
3006.03
3007.18
3018.26
3020.53
3024.10
3056.34
3059.28
3109.40
3122.52
3388.42
3462.70
3503.84
3537.63
3564.26
$end
