
$molecule
 O 0.64814539870801 -3.36303792835230 -3.07872543847085
 O -1.71838039792364 -2.07230298167968 -1.78194813511249
 O 0.86089026874537 -1.56225376876640 0.70986700553564
 O -2.19088518749479 -1.97603446367171 0.97365006731224
 O 4.37840488650511 3.43536501048589 -2.44314256644754
 O 5.11204724922985 -0.89707751523872 -3.51136721233719
 N 0.77123837756038 0.33642973083806 -2.95593729718969
 N 1.60626990690039 2.93071815031505 -2.36226075533550
 N 2.94769923599049 -0.30601556501612 -3.23035338912035
 N 4.69957392107128 1.25906066172374 -2.97218492792357
 C 0.64441480744209 -2.12983381879117 -2.39575385812543
 C 0.42201643811022 -0.99236986892085 -3.41475448480279
 C -0.40136083480100 -2.18274182065966 -1.25464893153415
 C -0.15283277030039 -1.12380566806496 -0.15768782866299
 C -0.16157417917875 1.28855990188634 -2.61032627825761
 C 2.10462091665040 0.64213365663172 -2.94200180897873
 C 0.29762126122248 2.60373672377961 -2.32695581868243
 C -1.53032416852523 1.03482910019579 -2.50061942790040
 C 2.46891835533042 2.00824782431038 -2.63443699528660
 C -1.41264850524168 -0.85177376053136 0.69418836189357
 C -2.42416597725785 2.02711965865820 -2.14792413784237
 C -0.62616821532103 3.60399176483697 -1.98943258672685
 C -1.97135962501062 3.34215284403243 -1.90136651550968
 C 3.91867580435547 2.34142176593279 -2.66406840080022
 C -3.87511143270471 1.69745837085732 -2.01534519222629
 C -2.93740471010042 4.42175609001736 -1.53248459538188
 C 4.28480958183342 -0.05870297545070 -3.25950600577824
 H 1.65050067716764 -2.03411882198114 -1.97717419489538
 H 1.09625592694799 -1.21554523685677 -4.24886284171683
 H -0.61255769410496 -0.99332553307266 -3.76037864101278
 H -0.28633342439076 -3.16001979527525 -0.76269727760651
 H 0.13822909580710 -0.16558652145540 -0.60967790710788
 H -1.91408284314513 0.03810400445593 -2.64053113201165
 H -1.07133532869074 -0.46772302657610 1.65682730548736
 H -2.00815301261327 -0.08067205211694 0.18570643715578
 H -0.22867029317593 4.58640947100740 -1.79044176663552
 H -0.08129411180227 -3.38998772259561 -3.70878109418207
 H -1.92874441656004 -2.90106709641425 -2.22711922792543
 H 1.65845024478381 -1.78275203055951 0.21532405855803
 H -4.05376520176260 0.64283334736724 -2.20549742179903
 H -4.22774561179443 1.93508246647073 -1.01270565123417
 H -4.46521371885967 2.28527694031501 -2.71738329225254
 H -2.41951882136889 5.36658312363612 -1.39701333817285
 H -3.69077972212646 4.54481954401272 -2.30922485228284
 H -3.45414776967234 4.17289563576813 -0.60651328547868
 H 5.70135540518869 1.41619030563181 -3.00821492221535
 H -2.53979378561899 -2.30381012111923 0.13481119902058
$end
$temperature
298.15
$end
$mult
 1
$end
$sigma
 1
$end
$pressure
1.00000
$end
$scale
1.00
$end
$msrrho
$end
$freq
17.59
25.80
32.94
44.84
57.92
68.17
85.23
93.47
112.71
116.02
121.02
137.59
144.16
157.56
173.48
196.44
221.09
233.56
238.47
248.01
263.50
279.33
289.82
294.40
307.04
320.12
334.12
352.37
355.61
361.28
366.40
397.45
408.37
424.72
442.73
470.92
477.25
491.54
501.52
511.62
566.13
580.65
590.32
596.95
622.05
626.83
646.45
672.58
689.90
705.00
726.50
746.48
756.41
774.89
837.38
842.84
864.61
876.66
889.61
892.49
926.61
950.54
1006.58
1009.66
1018.41
1020.82
1025.44
1029.48
1039.85
1055.06
1070.34
1095.89
1100.14
1109.81
1129.90
1146.07
1161.78
1172.89
1198.76
1202.64
1205.52
1212.44
1234.75
1251.13
1259.14
1273.88
1288.40
1292.19
1306.68
1313.46
1325.68
1328.84
1331.09
1332.96
1340.95
1341.69
1347.31
1357.86
1382.64
1398.59
1406.96
1415.25
1437.70
1444.62
1464.74
1468.05
1476.01
1479.76
1485.48
1521.25
1556.25
1578.02
1613.92
1739.46
1748.38
2882.18
2892.16
2903.90
2950.91
2966.66
2996.12
3004.27
3007.39
3009.31
3020.04
3025.38
3055.06
3062.55
3112.96
3122.12
3386.95
3502.09
3528.68
3530.82
3539.04
$end
