
$molecule
 O 2.55047304552361 1.80576093161932 -1.82407234229347
 O 1.86080143529315 -0.60631763243796 0.78954808659300
 O 3.92324039473689 -1.89581882595720 -0.41858765369347
 O 5.93160579280274 -0.17088359332203 0.34120946049117
 O -2.73260233787491 -2.93666527129910 1.87587042183226
 O -1.25027776586682 -2.70686753590672 -2.38966892937385
 N -0.35660466730186 0.88223409658375 0.26174583874942
 N -1.63827375929083 -0.39057527595665 2.38053123642295
 N -0.80399579040075 -0.91154396195864 -1.09417564531087
 N -1.96286065054879 -2.78532554723137 -0.24478692712619
 C 1.90418958493626 1.24986945151296 -0.71231171408325
 C 0.37811306349708 1.44882479639555 -0.84578340854133
 C 2.25111412605192 -0.23774930223743 -0.51323167414525
 C 3.75314212150498 -0.51776522384752 -0.70702095003578
 C -0.42042113059842 1.49945083005379 1.48225807917787
 C -0.90241426896495 -0.35537856077761 0.08139397024054
 C -1.09070578298898 0.83112062626634 2.54154531293764
 C 0.12922048728582 2.75802010516954 1.74062806124043
 C -1.55967672792942 -0.95664245538430 1.22082760212685
 C 4.62461708749789 0.34049322606304 0.23268442136802
 C 0.02919422615341 3.34784499673580 2.98471148863514
 C -1.18302870518310 1.44468477255172 3.80002009366696
 C -0.63875531450461 2.68259586381389 4.03783837972083
 C -2.14839987327009 -2.30808350482249 1.02557888226579
 C 0.63214251735141 4.69547361104639 3.21708344604240
 C -0.74914432632738 3.31834107124751 5.38725306611828
 C -1.32173434126745 -2.14383700413821 -1.32459289634783
 H 2.27697452400766 1.80018174827212 0.15730965959169
 H 0.15830567915759 2.51423121366850 -0.93842756624048
 H 0.03131158284486 0.92396873869377 -1.74059677789837
 H 1.70122776561533 -0.84410324949110 -1.25144997325740
 H 4.03240796836947 -0.31622923768672 -1.74844545860022
 H 0.64816152816140 3.29416165653913 0.96241826961506
 H 4.71977849358940 1.34385553044159 -0.18290230717015
 H 4.14659148699831 0.39487176464221 1.21911260536752
 H -1.70123013001333 0.89975139380698 4.57304746810443
 H 2.24938485644002 1.34880149710616 -2.61970641092565
 H 2.23709786000652 -1.48349579670240 0.94497676686335
 H 4.80755681541197 -2.15360272933911 -0.70115989476847
 H 1.10722180406261 5.07236485221612 2.31565151364022
 H -0.13224073482450 5.40500084370254 3.53113277337329
 H 1.37814355956163 4.64629895766712 4.00905456493405
 H -1.29068395291173 2.67037119962936 6.07009104449051
 H 0.23892392711227 3.51276073575787 5.80215173188291
 H -1.27383244198757 4.27057424736373 5.32158902940020
 H -2.34007529879140 -3.70531459419273 -0.44625808865421
 H 5.89617626689502 -0.99135745586768 0.84737334357380
$end
$temperature
298.15
$end
$mult
 1
$end
$sigma
 1
$end
$pressure
1.00000
$end
$scale
1.00
$end
$msrrho
$end
$freq
21.17
25.74
33.31
41.85
52.07
62.68
77.29
100.79
104.54
119.13
119.65
135.22
151.14
158.64
168.21
193.78
213.70
218.34
237.70
266.01
267.83
280.44
295.60
303.17
318.00
328.53
351.77
361.79
387.92
399.39
405.23
417.82
426.77
444.46
460.08
468.88
474.70
487.80
502.24
515.80
547.22
574.69
581.15
590.33
622.20
632.44
665.42
676.32
689.55
708.60
724.54
748.16
750.74
774.43
834.96
841.10
843.78
877.55
879.86
903.48
968.61
992.44
1009.82
1018.17
1019.01
1023.34
1030.02
1035.89
1050.28
1066.75
1074.68
1104.31
1105.39
1114.49
1133.59
1146.93
1164.60
1166.94
1175.58
1179.82
1204.41
1211.67
1246.64
1252.62
1271.17
1284.23
1291.75
1294.13
1306.01
1311.52
1316.55
1321.87
1324.12
1329.81
1337.95
1343.07
1348.92
1358.20
1390.56
1398.63
1407.15
1433.68
1441.53
1461.90
1466.16
1469.64
1478.02
1481.48
1486.36
1522.04
1552.04
1576.24
1613.93
1735.97
1741.93
2859.74
2906.56
2918.90
2957.75
2971.39
2977.75
3007.53
3008.85
3011.70
3019.37
3025.09
3054.14
3061.28
3104.61
3110.66
3387.93
3497.18
3515.01
3529.13
3548.80
$end
