
$molecule
 O 2.93532638881170 5.43636628219926 1.31677145691307
 O 3.58401902874492 3.09574172835011 3.44814350066727
 O 3.05283485476394 1.16803092157880 1.54791406787847
 O 5.09249218272814 3.60725634853465 1.25971117470369
 O -2.02354816611369 5.70715718240326 7.31378969300041
 O 0.95548533618188 8.41420339155180 5.25500703773336
 N -0.16858779711338 4.59900144221191 3.04495780903825
 N -1.84264346269225 3.89638733552547 5.16391922498037
 N 0.41576735676502 6.52023604232544 4.14387834058557
 N -0.52110667699296 7.02504032348558 6.25399995922307
 C 2.21062728725455 4.79594896692219 2.33655251041439
 C 0.72850012049511 5.04161874808009 1.99995973182913
 C 2.55465636495648 3.29504261237255 2.50801318169429
 C 2.88212353803001 2.52189718993904 1.20962973012003
 C -0.86866703798605 3.41784029984141 2.99475512550969
 C -0.28101833725982 5.42108101149344 4.13289994672330
 C -1.71116301574765 3.08789979443808 4.09196105082598
 C -0.80364932145956 2.51271789035812 1.93173842310972
 C -1.17571642426170 5.00291621045083 5.19067295046877
 C 4.10105003471438 3.03885203468764 0.41212752539684
 C -1.51357230826247 1.32888522638312 1.93736418647414
 C -2.43284922944950 1.88478316421417 4.07964081634383
 C -2.34694863964128 1.00323693679822 3.03071158843365
 C -1.30748132358332 5.90987230749019 6.36260083277347
 C -1.38964000406247 0.38676975136620 0.78515678153393
 C -3.11753032205666 -0.27798159657945 3.04312056225520
 C 0.33676426924863 7.38191456486944 5.19041950996758
 H 2.41206861518230 5.27504191728166 3.30721708633572
 H 0.61859437059125 6.12583852202474 1.91419894605776
 H 0.47747123357451 4.57987084635214 1.04822155453550
 H 1.68547117964982 2.79819822856448 2.95708114066370
 H 2.02475124337849 2.55537213073129 0.53036170230473
 H -0.17771006381363 2.71873009281754 1.07935199006740
 H 4.51084960303021 2.17587284566555 -0.12585931000394
 H 3.76637206494675 3.78780196403709 -0.31403959560300
 H -3.05594401662468 1.68279017965853 4.93631863501326
 H 3.87578790466428 5.37598513207792 1.52910760220285
 H 4.41202903523265 3.41074774642633 3.05525026268305
 H 3.56190911968048 1.14258857288526 2.37209094403573
 H -0.71979622609255 0.78128858948088 0.02655214812438
 H -0.99920574046317 -0.57173571110322 1.12387233215758
 H -2.36387647525822 0.20475533486401 0.33359052241968
 H -3.69742904201736 -0.36488402548549 3.95720545753964
 H -3.79751676019280 -0.32522723162178 2.19357488118346
 H -2.44337409180614 -1.13061832834522 2.97543942805850
 H -0.56209643566188 7.68816966124703 7.02079756019860
 H 5.88677678598964 3.76443342114799 0.74057299342338
$end
$temperature
298.15
$end
$mult
 1
$end
$sigma
 1
$end
$pressure
1.00000
$end
$scale
1.00
$end
$msrrho
$end
$freq
16.73
25.72
32.27
35.31
52.76
60.69
86.74
105.68
110.12
113.29
116.26
143.34
155.06
168.79
193.72
207.14
227.65
240.10
249.99
276.37
279.34
289.59
294.41
297.55
320.53
343.11
354.54
357.65
364.17
397.52
400.87
403.60
428.91
436.71
445.21
467.18
474.07
509.03
517.34
526.98
562.90
579.69
591.01
602.82
621.71
632.31
658.13
689.61
706.24
725.16
747.25
751.76
764.61
775.52
792.46
830.39
837.34
867.61
876.25
895.38
946.33
981.77
1000.38
1008.03
1014.82
1018.38
1024.00
1029.71
1034.91
1044.97
1081.01
1105.47
1110.18
1126.76
1136.97
1145.89
1163.14
1170.20
1175.12
1194.47
1210.15
1218.84
1240.13
1248.23
1252.71
1273.30
1288.03
1291.00
1301.15
1306.95
1308.00
1316.48
1325.43
1336.66
1338.56
1346.23
1372.42
1376.30
1384.91
1398.27
1406.62
1427.58
1438.79
1461.35
1463.78
1467.80
1476.15
1479.70
1485.31
1520.32
1556.45
1577.50
1614.59
1737.39
1745.98
2877.09
2925.15
2935.95
2940.42
2952.85
2979.69
3008.57
3010.32
3020.45
3026.04
3032.49
3056.94
3061.61
3110.16
3111.81
3387.00
3453.84
3460.74
3499.02
3571.06
$end
