
$molecule
 O 4.21525624835238 -1.28775687540127 -1.49600482657134
 O 4.87440974108859 0.91167320560708 -4.34165158774526
 O 2.23718735246750 -0.42084541658820 -4.90300007006911
 O 2.48129715454657 2.24164810560796 -4.22934094451323
 O 7.85230141756904 -5.01916501323744 -5.79863882968852
 O 4.99285969623084 -4.90663914964896 -2.29510578277592
 N 6.95221561688660 -0.96662823737463 -3.43193127010167
 N 8.18917307229705 -2.22461082031596 -5.58754271982970
 N 5.96633079432843 -2.94560472096717 -2.83795950464318
 N 6.44621359864345 -4.92510398091324 -4.02970080173995
 C 4.83105176604405 -0.27026688645736 -2.22151285246119
 C 6.37855240356683 -0.41569540908341 -2.21948663573921
 C 4.26674492500228 -0.15807753985165 -3.66465702702809
 C 2.72893623238556 -0.09456752605833 -3.61335150052005
 C 7.67223297523127 -0.21745375412865 -4.32788911651929
 C 6.75797506454456 -2.29701408142297 -3.65287277201735
 C 8.29768205477219 -0.89418194610330 -5.41289726129810
 C 7.83092414338991 1.16799267964273 -4.24590591395106
 C 7.45214753907620 -2.89949083375404 -4.76453010481143
 C 2.19342544328986 1.29415344811255 -3.22352844537437
 C 8.57205722970956 1.86858782807624 -5.17460643574390
 C 9.06113491748972 -0.16748933163346 -6.34091483208018
 C 9.21127213156368 1.19192108896401 -6.23942895909435
 C 7.30009940440238 -4.36632691289234 -4.94662449467892
 C 8.69378081506831 3.35301921682431 -5.05755837771581
 C 10.02374672334994 1.94809601522139 -7.24148085819413
 C 5.74872414464860 -4.27753900843429 -2.99483481223211
 H 4.58829477109968 0.65727848423436 -1.68792445453472
 H 6.84778339299004 0.54343071158188 -2.02001310733162
 H 6.62033733010680 -1.10473430193116 -1.40412514842202
 H 4.51356893622317 -1.07467765223813 -4.21676185220727
 H 2.40630657253983 -0.83174825425437 -2.86811520920380
 H 7.33227917458343 1.72819549510745 -3.47316671786959
 H 1.10668753409454 1.22921480781684 -3.06776033194301
 H 2.65220126806754 1.65062166088757 -2.30084711729700
 H 9.51610968183195 -0.72797773168061 -7.14213143947864
 H 4.58274719266479 -2.14224768796575 -1.80179700562976
 H 4.27193379117065 1.67427357787813 -4.31104170222626
 H 1.32446342851886 -0.71823708366517 -4.82965816414283
 H 8.14589481400374 3.72335006525718 -4.19593052855048
 H 9.73901817006157 3.64373009745282 -4.95961242458488
 H 8.30131529169013 3.83542361684841 -5.95144392052966
 H 10.44298505784985 1.27168856859044 -7.98052826771299
 H 9.40849388575493 2.68585674764660 -7.75458251069497
 H 10.83951867910522 2.47918217305271 -6.75288543872464
 H 6.28496736538577 -5.92375212632457 -4.10637665321793
 H 2.25573305630096 1.82368268792775 -5.07502926855630
$end
$temperature
298.15
$end
$mult
 1
$end
$sigma
 1
$end
$pressure
1.00000
$end
$scale
1.00
$end
$msrrho
$end
$freq
22.00
27.65
33.46
41.28
52.35
54.72
95.12
115.26
116.76
122.45
133.26
148.02
154.20
165.51
185.05
198.88
229.99
236.15
246.92
252.57
279.26
287.43
296.61
309.16
311.39
332.32
349.16
362.37
392.66
396.34
408.13
421.79
453.66
458.53
471.59
482.11
506.15
511.88
544.52
575.06
585.20
590.31
609.28
615.90
635.74
637.92
653.65
691.42
707.82
725.60
746.78
752.33
764.05
774.12
822.51
843.79
853.60
872.70
879.28
889.79
951.24
958.34
993.01
1009.38
1015.84
1018.11
1024.77
1029.25
1031.92
1061.01
1070.27
1098.27
1111.57
1122.86
1141.92
1145.90
1155.07
1164.62
1186.20
1203.57
1214.61
1223.96
1231.50
1246.32
1255.17
1287.97
1294.29
1295.49
1299.27
1306.52
1310.18
1323.49
1328.80
1331.78
1340.62
1345.47
1356.14
1359.40
1392.39
1397.31
1406.05
1429.24
1440.29
1464.93
1469.12
1477.12
1480.12
1480.63
1485.55
1520.39
1543.94
1570.82
1614.04
1738.79
1743.14
2883.83
2909.94
2919.91
2924.26
2958.82
3008.08
3008.38
3009.27
3020.17
3025.74
3042.88
3057.20
3061.07
3110.68
3115.48
3251.33
3363.65
3389.39
3446.16
3557.49
$end
