
$molecule
 O 1.87431615438684 0.55076192237791 -3.28592646053243
 O 1.03966146638287 -0.38599069306265 -0.50215949742249
 O 0.52176929205744 2.70635595593293 -2.28158818425123
 O -1.42576376073571 3.29025838530449 -0.41678289394139
 O 6.28675451836695 3.57506269732538 2.95192749518583
 O 2.02901189941492 4.47655112551231 1.71670153208428
 N 4.49378543261775 1.99640124081512 -1.18640077995097
 N 6.61925547474131 2.03361245825248 0.61539149566080
 N 3.24684577575557 3.27162305410797 0.25053763559015
 N 4.17148985004241 4.02381853437060 2.28808252587125
 C 2.48668505868159 0.79561489589080 -2.04932044465655
 C 3.38793695835437 2.05083424239541 -2.11692955929897
 C 1.45811094543686 0.89634368246003 -0.89866257302403
 C 0.22745832365596 1.75932480625185 -1.27267433493376
 C 5.63176720730243 1.28255534729205 -1.46454770848564
 C 4.37508683502180 2.67032452643185 -0.00644673675873
 C 6.70126643869813 1.32563232731049 -0.52966742986903
 C 5.79430992751882 0.51592865311202 -2.62167640399327
 C 5.52230180759950 2.66817502136520 0.87453940480774
 C -0.32596431366699 2.49010979439908 -0.04258280420530
 C 6.96195172967219 -0.17934729563012 -2.86564804998607
 C 7.88272155950629 0.61714154707051 -0.79680881335056
 C 8.03057729646313 -0.12697607148160 -1.94132045038390
 C 5.40625546215208 3.44861339746591 2.13566318136699
 C 7.09126743039437 -0.99291762112811 -4.11188422311953
 C 9.29836056050047 -0.87454296412358 -2.20587363759791
 C 3.07205976636346 3.95050256325276 1.41133630782048
 H 3.11013680512632 -0.08626135653792 -1.85000501908784
 H 3.77593303053567 2.14903303722282 -3.13289319750174
 H 2.79570309340054 2.93125341214186 -1.86423032491389
 H 1.94871238930633 1.33236264181686 -0.02567701959580
 H -0.55232987538024 1.07550423072577 -1.66001736307192
 H 4.99507032989188 0.44273923750190 -3.34130185361312
 H -0.58826857414331 1.76744018350599 0.73659050059729
 H 0.42905613955339 3.17998361062101 0.34536885088661
 H 8.66850391621035 0.68154954593984 -0.06108970614599
 H 1.29303297825384 1.30581048621618 -3.46447726214804
 H 0.73991426196018 -0.86081167290417 -1.28877125655662
 H 0.02313074238073 3.50600110314563 -2.05669696947301
 H 6.18468973262803 -0.94016647541867 -4.70808926082300
 H 7.92637583784738 -0.63629413604352 -4.71346720793590
 H 7.28688355950971 -2.03577790768587 -3.86629475594789
 H 10.00879847733448 -0.71727733821564 -1.39968532581770
 H 9.10282716483841 -1.94242022691842 -2.29376979404253
 H 9.75161597124493 -0.54324838423313 -3.13915507480545
 H 4.01908979520390 4.55817058606024 3.13693403269542
 H -2.18591387237826 2.72546088977863 -0.59613958533724
$end
$temperature
298.15
$end
$mult
 1
$end
$sigma
 1
$end
$pressure
1.00000
$end
$scale
1.00
$end
$msrrho
$end
$freq
17.30
34.36
39.52
42.01
58.76
59.80
93.29
102.61
110.67
120.16
122.08
139.03
156.52
164.49
167.84
187.60
211.08
237.92
258.11
270.88
282.79
291.05
297.25
316.20
324.47
334.11
357.89
372.71
378.67
393.66
395.24
408.51
420.08
440.44
448.83
473.85
480.67
511.05
539.09
554.34
567.92
579.48
582.81
595.63
622.33
628.90
652.59
684.29
688.65
707.82
724.18
746.45
750.19
773.74
838.38
847.65
852.94
878.65
884.69
914.72
970.27
1004.49
1009.36
1013.76
1018.67
1022.68
1028.24
1029.63
1039.51
1058.48
1082.14
1086.17
1109.82
1115.94
1133.47
1144.42
1146.87
1163.29
1182.34
1199.21
1202.27
1213.24
1252.84
1256.14
1258.29
1289.08
1291.32
1294.17
1296.12
1307.58
1314.28
1323.14
1327.23
1332.05
1342.13
1343.65
1355.40
1358.32
1388.36
1398.60
1406.97
1427.73
1438.99
1463.50
1464.92
1468.75
1477.12
1480.35
1485.44
1520.27
1550.65
1575.05
1612.17
1736.42
1740.75
2800.22
2919.33
2943.82
2978.79
2982.95
2987.30
3006.95
3007.63
3008.99
3019.73
3025.29
3056.10
3061.52
3110.07
3111.79
3387.84
3446.24
3456.35
3503.36
3541.40
$end
