
$molecule
 O 1.99544124329592 1.14562507679252 0.80210808098445
 O 0.05585050328940 -0.08753996030053 -0.50098412598769
 O 0.65840260262193 -2.73672332244821 -0.83923232847588
 O 2.53314126407923 -2.98207118606700 1.57785459465319
 O 5.68699662016021 -4.39395736484663 2.51732340150887
 O 5.15902799945202 -3.97369478538625 -1.95377256243042
 N 4.42226435833244 -0.24173929947204 0.54876656069490
 N 5.33601844276675 -1.61379549607040 2.79464018900861
 N 4.77004199300112 -2.11344341284994 -0.73233336204307
 N 5.40816967434601 -4.14586227191383 0.28663468149674
 C 2.32347905495704 0.69366542129063 -0.48914589000587
 C 3.83545438563356 0.39825088490046 -0.61079608976544
 C 1.37207539844831 -0.46153595798702 -0.89999788644499
 C 1.62757279747265 -1.86794113784120 -0.31945044771507
 C 4.64942539015118 0.44613991414187 1.71824085025255
 C 4.80978042140709 -1.54713777349742 0.43901220840540
 C 5.11665733222187 -0.28078385814696 2.84435094506390
 C 4.46546921089795 1.82307504460721 1.85634510215439
 C 5.21662486902148 -2.21428193114480 1.65787070350654
 C 1.67214911544168 -1.92330484899257 1.21720279239261
 C 4.71629803985303 2.46978400709316 3.04958301137509
 C 5.35382995915739 0.38815759717276 4.05364010570308
 C 5.16398359547136 1.74306264969949 4.17441580993046
 C 5.45701888577753 -3.67957587327791 1.57032842942216
 C 4.51600162418213 3.94806629548336 3.14767455668870
 C 5.43263894966768 2.43838189804895 5.47161756469981
 C 5.11045983987630 -3.42189944356606 -0.88305137108176
 H 2.11920656629249 1.51327356289509 -1.20705152287551
 H 4.00398437211375 -0.27774129624915 -1.45182829604185
 H 4.36252447340001 1.33761097285879 -0.79116228250284
 H 1.41706498524495 -0.57671093066547 -1.99052727598010
 H 2.57943155771411 -2.24081218949454 -0.70400312828933
 H 4.10874534976920 2.40628831715553 1.02470802731356
 H 2.04585010873090 -0.97955360816215 1.63367259925805
 H 0.65670722719634 -2.09532623150380 1.59816479092273
 H 5.70339318702012 -0.20749570722559 4.88204288488044
 H 1.04694354932847 0.97506696846341 0.92099878307095
 H -0.29174482343512 0.56757907238266 -1.11549571345103
 H -0.21208449159140 -2.39866178954349 -0.59009951716038
 H 4.16792698235253 4.35675667331369 2.20335572735513
 H 3.78240431188384 4.18126917021826 3.91804431794892
 H 5.44760562457332 4.44220583053173 3.42083683837410
 H 5.76605141124979 1.72818935672597 6.22271055691161
 H 6.20217790784737 3.19915148543997 5.34700394495806
 H 4.53349628813273 2.93374477153185 5.83560782044670
 H 5.56621362185922 -5.13902295810624 0.15455290699445
 H 2.43687321933249 -3.17959633599626 2.51594301388295
$end
$temperature
298.15
$end
$mult
 1
$end
$sigma
 1
$end
$pressure
1.00000
$end
$scale
1.00
$end
$msrrho
$end
$freq
21.97
37.40
40.35
56.94
67.70
89.57
92.51
104.83
117.76
122.64
126.10
145.15
153.57
170.83
184.82
198.90
211.77
226.89
243.26
274.99
280.28
289.83
297.49
309.84
318.82
327.55
334.18
346.10
361.67
377.68
403.19
411.95
414.89
429.45
452.92
469.74
476.18
499.52
509.06
522.89
572.88
578.66
586.68
603.94
621.87
638.69
678.53
687.50
706.08
721.19
742.27
748.10
761.28
775.11
825.38
836.05
841.18
872.61
876.35
900.63
938.47
958.62
1000.08
1009.70
1017.41
1019.74
1023.47
1030.56
1036.21
1066.11
1077.49
1099.00
1109.91
1113.42
1145.62
1148.32
1164.91
1174.66
1177.94
1191.73
1212.40
1224.41
1246.32
1254.10
1262.26
1278.53
1287.45
1292.97
1293.50
1308.38
1310.49
1318.58
1326.89
1333.75
1343.40
1345.93
1363.17
1373.91
1384.56
1398.36
1407.02
1429.17
1439.34
1467.30
1469.40
1475.19
1477.74
1482.75
1487.32
1523.25
1559.33
1579.73
1616.11
1736.64
1744.64
2775.15
2892.94
2914.97
2919.55
2970.40
2987.04
2999.35
3006.21
3007.41
3018.18
3023.87
3055.49
3059.19
3109.08
3121.90
3391.00
3404.80
3502.10
3549.43
3551.91
$end
