
$molecule
 O 2.75506165478953 1.47265019228978 -0.43441452513913
 O 1.53250447142872 2.51998889159441 -2.62759789596048
 O -1.20327564759428 1.82118261153348 -2.40196250089811
 O -1.48685184122845 2.78003271856850 0.06690533689649
 O 4.94854613019573 -2.02705642041118 4.19409529015851
 O 1.42826298436699 0.75078178348387 3.58603675537139
 N 2.99451648877255 -1.37293637183312 -0.11425038654220
 N 5.00234267091278 -2.53728669480123 1.41910003295617
 N 2.19948182102656 -0.28349882327652 1.73633245176055
 N 3.18318448004918 -0.65470194029270 3.85019713673154
 C 2.26983186302211 0.59071534667163 -1.41357328361399
 C 1.88613786109813 -0.77683278310731 -0.83609263423439
 C 1.11284550963216 1.24588292318048 -2.20755436020710
 C -0.25391907676474 1.35024898070395 -1.47987731781524
 C 3.94571606827133 -2.14848905701650 -0.72609177553138
 C 3.07429528149269 -1.10461541096513 1.22066215049103
 C 4.95554914169943 -2.73341600127839 0.08589747580742
 C 3.97585971846210 -2.39482035805177 -2.10026219678606
 C 4.12019757359690 -1.76587614612779 1.96592622693265
 C -0.22035816503216 2.25313909691551 -0.22428319164765
 C 4.95138023689932 -3.19085956361111 -2.66798990454418
 C 5.93603488543604 -3.54321165599467 -0.50711349353314
 C 5.94973484552183 -3.78142234903505 -1.85948216418921
 C 4.15845370537304 -1.52425261973002 3.43367636800202
 C 4.95212956519287 -3.42340991204220 -4.14316366843449
 C 7.00482742110144 -4.64657642098308 -2.47016740985755
 C 2.20843129528270 -0.00903005998364 3.06915540738356
 H 3.10525458601586 0.47173157592046 -2.11958861133998
 H 1.08783797955087 -0.64489396061696 -0.10227463506129
 H 1.55316953083917 -1.44894917570743 -1.62668051932961
 H 0.93154789441432 0.66569422818349 -3.12190911236488
 H -0.60667261498829 0.34837489815969 -1.20905695464884
 H 3.23772915325363 -1.94980267383706 -2.74845456611622
 H 0.16747528287415 1.68534008127505 0.63511034220012
 H 0.41716246695101 3.12437264648285 -0.39611796319042
 H 6.68062864850002 -3.96747366835288 0.14738028579982
 H 2.28138284510796 1.32385844989778 0.39957008477644
 H 2.09565366100505 2.88004047069931 -1.92606496647338
 H -0.89260411898118 2.67646799870438 -2.72853454847240
 H 4.12967064731197 -2.90084413491021 -4.62346915946930
 H 5.88747651770559 -3.07800756622771 -4.58120364488767
 H 4.86340471849543 -4.48715942025982 -4.35961209385995
 H 7.68270801666841 -5.01703716541051 -1.70700400087270
 H 6.55565113372315 -5.49777086461084 -2.97991868304408
 H 7.58127682084590 -4.08713679805583 -3.20561392120559
 H 3.15820062613542 -0.43990340857320 4.84152767038516
 H -2.14449873843078 2.07913653083386 -0.00534192637317
$end
$temperature
298.15
$end
$mult
 1
$end
$sigma
 1
$end
$pressure
1.00000
$end
$scale
1.00
$end
$msrrho
$end
$freq
16.82
25.28
32.64
43.35
57.53
64.98
67.18
96.56
106.33
119.49
121.93
126.45
154.09
165.58
169.91
188.36
199.01
218.34
231.53
235.82
265.24
286.05
289.32
297.54
313.46
328.83
333.82
357.26
371.74
392.47
404.78
416.63
425.99
439.53
460.68
477.66
489.80
504.19
512.46
541.83
558.10
579.34
585.74
610.13
621.39
634.50
658.32
689.20
706.66
725.94
730.45
747.69
755.51
774.01
827.90
837.69
841.35
874.60
877.86
904.82
939.13
971.60
1006.45
1008.06
1017.56
1022.74
1027.03
1028.96
1040.97
1061.72
1088.09
1104.90
1114.94
1120.32
1135.22
1146.81
1158.00
1163.28
1180.00
1184.71
1210.87
1218.67
1247.03
1249.56
1257.96
1286.87
1290.44
1294.39
1299.71
1306.58
1311.44
1322.89
1331.18
1342.78
1344.39
1351.76
1359.88
1368.14
1388.60
1398.34
1406.94
1427.79
1439.45
1463.65
1468.09
1468.83
1476.83
1479.15
1485.07
1521.26
1548.30
1573.58
1612.05
1740.68
1746.22
2863.70
2895.31
2917.92
2932.86
2974.15
2986.07
3001.80
3008.83
3010.25
3020.93
3026.40
3055.32
3063.21
3100.90
3112.90
3387.97
3401.33
3450.80
3504.61
3544.77
$end
