
$molecule
 O 1.68516623693323 0.05225097333639 -1.09812552168708
 O 0.65539605131196 0.27508545141796 1.41626574052654
 O -1.25461078516134 2.54384253366581 -0.72139213074385
 O -3.25171844600255 0.75808339243655 0.19856851448377
 O 3.96947636457124 1.00353911167355 -6.83793239220682
 O 0.07152542093836 -0.36755046728437 -4.99546448470017
 N 2.64640628779646 2.39953774171332 -2.46692716913381
 N 4.60173100444576 2.35945755038484 -4.44703815599193
 N 1.33453055334168 1.00411262021500 -3.72413505882252
 N 2.01932095665308 0.35903919954431 -5.88955327628780
 C 1.63785345332560 1.31779909205679 -0.49190173261499
 C 1.55093894025089 2.45360231330344 -1.51734294858424
 C 0.47202678855719 1.34643400281087 0.53325371493746
 C -0.91510250266719 1.29430518688078 -0.15095258386968
 C 3.84580112337146 3.02494932303974 -2.24402056096980
 C 2.44539691976613 1.67980581206390 -3.60797437753726
 C 4.82308510157163 2.99014745127434 -3.27570648226070
 C 4.16112626478323 3.69308163903599 -1.05842588197020
 C 3.48326783884454 1.73193644227587 -4.61244278277599
 C -2.00943508833849 0.87038309992755 0.83740819900600
 C 5.38216918018056 4.31361341916733 -0.88307000469805
 C 6.05583432085133 3.63183937083621 -3.08338041847682
 C 6.34896321898566 4.28963992161606 -1.91417766378949
 C 3.22168154978414 1.01710623483712 -5.89085122255060
 C 5.68283484325703 5.00793670207159 0.40495429296760
 C 7.67022445244283 4.96461339656964 -1.72988063586843
 C 1.06780280303412 0.29628300067287 -4.85418725066000
 H 2.57183451421331 1.39768686767537 0.08349842846219
 H 0.62903362780991 2.34245618978351 -2.09349994549604
 H 1.54597920589528 3.42238596732728 -1.01828174989490
 H 0.53002457507932 2.26077718267322 1.13814876938582
 H -0.90224471498717 0.58717969713737 -0.98753622031311
 H 3.45337144467385 3.71834112765999 -0.24515415462248
 H -1.77917429057052 -0.10113091931728 1.27528969772233
 H -2.05743037321581 1.61523670261198 1.65036022003183
 H 6.76476656285991 3.58118789220261 -3.89434354217458
 H 1.15830601806870 0.07235024795848 -1.91521345333453
 H 0.92308610518090 -0.48704358144780 0.87941624230598
 H -1.42010174174286 3.17225034973942 -0.00703785399632
 H 4.84816422791002 4.93140077752916 1.09619684878522
 H 6.56405490460573 4.57259763547837 0.87395450607805
 H 5.89368808135955 6.06177484080114 0.22797981646662
 H 8.28279703480072 4.85197729530808 -2.61943476949644
 H 7.53460004497558 6.02712043583429 -1.53272222229541
 H 8.20489255396606 4.53649550014052 -0.88306171346866
 H 1.78397221635130 -0.16095941955879 -6.72836430203549
 H -3.31393885007868 1.46301269491614 -0.46018932784017
$end
$temperature
298.15
$end
$mult
 1
$end
$sigma
 1
$end
$pressure
1.00000
$end
$scale
1.00
$end
$msrrho
$end
$freq
18.45
26.93
32.23
44.59
57.15
65.79
81.09
92.40
104.44
116.08
119.48
121.47
150.72
165.34
183.76
195.55
203.72
234.18
243.99
263.62
271.27
289.88
299.33
320.63
332.87
341.24
353.33
365.41
392.26
395.48
404.83
427.81
432.71
442.38
459.19
479.22
482.22
494.21
510.66
519.17
552.34
570.69
582.09
587.11
620.90
628.23
650.98
689.08
692.72
707.56
725.95
747.53
752.47
774.22
837.08
841.34
872.90
877.37
882.17
906.58
938.14
1003.80
1007.19
1017.89
1018.03
1023.35
1029.31
1032.15
1045.14
1065.40
1075.27
1101.23
1107.39
1122.72
1133.67
1140.46
1146.55
1163.41
1182.05
1183.94
1197.35
1211.14
1230.95
1250.07
1259.22
1268.43
1290.23
1293.51
1303.79
1308.46
1319.37
1323.41
1333.95
1337.52
1342.58
1344.65
1350.63
1358.64
1388.69
1398.55
1407.04
1431.02
1439.97
1464.59
1468.91
1477.13
1479.53
1479.98
1485.59
1521.16
1549.55
1574.25
1612.65
1739.73
1746.03
2837.75
2897.25
2910.98
2951.92
2988.23
3002.73
3008.33
3009.06
3009.71
3020.37
3025.98
3054.04
3062.70
3100.85
3112.59
3369.69
3388.14
3442.65
3490.80
3510.04
$end
