
$molecule
 O 6.04100043060068 0.32004781402045 2.07114747038620
 O 3.06639820605025 -0.61182466996887 3.91819291676986
 O 3.56565704644581 0.07633870932652 0.88229382586834
 O 4.84271552629211 2.78053104294245 2.43289838215760
 O 4.17041929139240 -5.20995257207106 7.26096129692082
 O 6.64873603836299 -4.84537336583240 3.49523573765370
 N 5.42163474651932 -0.95081301454163 5.48723663558292
 N 4.04325769813556 -2.39192921057330 7.42897838213690
 N 6.04376398884086 -2.89888588245564 4.46704731735144
 N 5.39810501953295 -4.98083831713189 5.37546805543619
 C 5.30454288121482 -0.32838702005935 3.09500324505092
 C 6.12350564773459 -0.30224766827220 4.40243612597029
 C 3.91485054754696 0.32737840543908 3.30289843225526
 C 3.29000265945461 0.88127892305886 1.99914230284149
 C 4.74573317916872 -0.27628532865840 6.47190247578072
 C 5.40693877860524 -2.31482651545567 5.44530814194629
 C 4.05005386026229 -1.04457052069224 7.44643085943263
 C 4.70264092864377 1.11564673866295 6.58630530243468
 C 4.68958604333233 -3.00446521475300 6.49098864096221
 C 3.67327566968582 2.36815994166561 1.77560501661669
 C 3.99581054792702 1.73959902732672 7.59459020736619
 C 3.34108295183221 -0.39422400498412 8.46825061643128
 C 3.29846468802777 0.97458519314784 8.55676285574196
 C 4.70189991147052 -4.49044197697170 6.44995219611038
 C 3.96740188084112 3.23170420888442 7.66315575623996
 C 2.53061456420030 1.64677582836545 9.64963772681076
 C 6.07778020734526 -4.25321785283071 4.37834232822264
 H 5.13605254733252 -1.37827892941847 2.81796166594786
 H 7.04495816687455 -0.87037128973938 4.23718863700960
 H 6.36716976310388 0.72720815793114 4.65949645203444
 H 3.99024205571938 1.15822703068230 4.00950233442636
 H 2.20191004863040 0.82438204792491 2.11852165376104
 H 5.21852763716139 1.74472971215391 5.87805901060032
 H 3.75201364483187 2.53345589829798 0.69168385572729
 H 2.88133186352917 3.01094722332374 2.16529284582059
 H 2.82852652664211 -1.02133884222916 9.18029577139643
 H 6.85297181121816 -0.17876581380255 1.92436994927206
 H 2.78355205885065 -1.24944262857262 3.25006073217091
 H 4.51602176609617 0.12124098902351 0.70622610758259
 H 4.53528225759911 3.67308468450230 6.84889492068222
 H 2.94163739689087 3.59290058953901 7.60631105697839
 H 4.38438289396560 3.57747084311735 8.60824034764978
 H 2.06760724209826 0.90949154487080 10.29877967616308
 H 3.18639936305414 2.27647640253024 10.24938381693184
 H 1.75036789048913 2.28268107836684 9.23371656220194
 H 5.44544782250138 -5.99036458427166 5.28629062694912
 H 5.55994830394183 2.18386718817942 2.17293972621746
$end
$temperature
298.15
$end
$mult
 1
$end
$sigma
 1
$end
$pressure
1.00000
$end
$scale
1.00
$end
$msrrho
$end
$freq
16.66
25.70
30.93
38.03
52.85
57.58
79.55
101.67
118.42
120.02
130.27
145.24
151.93
168.83
192.52
203.25
230.12
239.16
265.86
281.69
294.57
296.59
312.22
324.01
337.96
354.73
360.36
365.34
383.53
391.26
403.26
411.86
424.06
441.41
471.00
474.93
492.77
500.63
512.78
528.58
571.12
579.38
590.98
595.03
622.72
630.40
657.14
679.44
690.24
707.53
725.50
747.63
753.51
774.30
825.70
838.55
842.46
876.96
879.10
893.37
955.14
987.79
1009.54
1013.64
1018.55
1023.84
1028.62
1029.58
1040.15
1060.56
1076.73
1098.43
1107.69
1124.88
1126.89
1146.18
1162.42
1166.31
1179.55
1187.03
1210.81
1219.57
1227.95
1256.44
1265.57
1280.12
1291.90
1293.69
1294.07
1311.01
1312.62
1317.49
1328.35
1337.36
1341.21
1344.75
1362.24
1374.61
1389.91
1398.49
1406.84
1425.83
1440.24
1464.59
1468.95
1469.47
1477.15
1480.23
1485.86
1521.80
1549.53
1574.88
1614.13
1737.62
1742.10
2886.69
2906.86
2942.82
2948.84
2975.31
2986.46
3007.92
3009.20
3019.66
3020.21
3025.74
3054.84
3061.80
3094.06
3111.32
3388.06
3458.69
3475.96
3514.06
3534.90
$end
