
$molecule
 O 5.26616466356061 4.02223415543170 -2.42465235123080
 O 3.79486959109865 2.00964452128412 -0.82310311332495
 O 7.08670416573077 0.59270549462449 -1.30132756531323
 O 5.16381909984295 -1.01237158138947 -2.36252113532471
 O 11.48894579006210 4.26653034199676 1.87866360277497
 O 9.05723068693329 0.58378301295819 0.85579352613314
 N 7.02204649979189 4.56789829466798 0.20424529408716
 N 9.37922423429098 5.88372750067410 0.90036828478028
 N 8.01067161904057 2.55755556481679 0.63597880941244
 N 10.22789587043449 2.44446149533064 1.42164295415720
 C 5.84646009768181 3.15222575015949 -1.46907201479418
 C 5.82656275907412 3.79811047049235 -0.06669630571239
 C 5.03314452338592 1.84098070975652 -1.46896680104942
 C 5.78530184612100 0.69495658320835 -0.76584540812220
 C 7.10941105778095 5.92575877711630 0.04284487178855
 C 8.11176440618087 3.85669972789016 0.60985816664653
 C 8.32079990653718 6.56942067680777 0.42280635169621
 C 6.08098416847310 6.71026051294478 -0.48653062678019
 C 9.29664049860267 4.59381262489468 0.97799197217139
 C 5.04330166272024 -0.63210356717258 -1.01824109895120
 C 6.21194101032360 8.07807200196646 -0.61725600732716
 C 8.43087447358289 7.96270656390478 0.29246083193899
 C 7.40386569853388 8.72219698506913 -0.21106084773593
 C 10.45215719036297 3.79994625199755 1.47528985961474
 C 5.09021923876189 8.87715008469608 -1.19521664681839
 C 7.54450704876024 10.20499512906229 -0.33945438956248
 C 9.07536729933411 1.79241271146239 0.96273639940272
 H 6.87415907900455 2.89225213206393 -1.74188917572264
 H 4.94201109403826 4.42440711776711 0.03284824246331
 H 5.78487192461789 3.00075213859404 0.67529771575733
 H 4.88910489545470 1.55320485313310 -2.52023536279526
 H 5.80825950739679 0.89464745213563 0.30916239872231
 H 5.16592594495722 6.24900697657053 -0.82330965414088
 H 5.47021407707920 -1.40525537894408 -0.36222882336805
 H 3.98156270167613 -0.51699577069567 -0.79820043366913
 H 9.36313353179963 8.40920267155708 0.59963558783945
 H 5.92942916483697 4.63680659388787 -2.75246183540121
 H 3.27178610823462 2.61876145918884 -1.35646671641953
 H 7.71425253067933 0.42672655680243 -0.57795823282018
 H 4.25670482411576 8.23819279083401 -1.47319486400348
 H 4.73909738308045 9.61376198286070 -0.47377863133484
 H 5.42429693167517 9.41924812758625 -2.07880202880861
 H 8.51524045322097 10.52873273101455 0.02408965260203
 H 7.44248282968344 10.51216263626120 -1.37947645565896
 H 6.77058402020161 10.71426141801741 0.23307085659945
 H 10.99547431084862 1.84546325215881 1.70715550086642
 H 6.08452758040481 -0.83470853545712 -2.60628335327156
$end
$temperature
298.15
$end
$mult
 1
$end
$sigma
 1
$end
$pressure
1.00000
$end
$scale
1.00
$end
$msrrho
$end
$freq
27.03
33.08
42.81
51.61
63.66
70.76
83.59
106.39
119.18
120.65
127.02
138.39
151.94
163.53
171.23
187.83
191.48
207.71
233.50
238.89
250.55
273.04
295.10
302.43
323.68
329.87
354.27
364.42
368.29
394.76
409.03
417.91
437.86
443.95
472.13
481.59
485.01
498.97
507.81
521.78
538.16
580.95
585.75
604.37
623.71
630.32
654.53
688.92
706.10
714.14
723.43
746.86
758.63
772.95
840.88
844.07
869.98
878.39
892.32
921.77
924.18
952.22
1008.82
1014.67
1018.03
1024.39
1027.54
1029.27
1043.00
1056.63
1073.48
1082.49
1111.27
1128.99
1143.51
1148.19
1162.97
1169.50
1186.95
1194.95
1205.38
1211.60
1238.74
1246.55
1252.40
1274.07
1287.71
1296.84
1298.04
1301.56
1306.32
1314.42
1319.13
1325.43
1333.85
1340.36
1342.87
1354.07
1390.15
1399.01
1407.48
1419.28
1439.00
1464.10
1467.72
1467.95
1476.70
1479.54
1485.07
1519.33
1549.80
1577.84
1611.46
1716.19
1740.93
2871.36
2891.34
2942.77
2943.13
3003.91
3007.97
3008.91
3009.30
3020.23
3025.57
3025.82
3055.20
3062.45
3099.86
3112.54
3369.16
3385.93
3459.93
3547.26
3570.91
$end
