
$molecule
 O 3.65432938304328 0.90198702616553 -1.10773687647360
 O 4.13629423069715 4.00311084501955 0.77876125348572
 O 1.62200285567581 2.22026620266806 0.18611871768766
 O 2.00997292811895 4.48265189550860 -2.65940660483018
 O 8.55636733043448 4.89357698544390 3.78746170175082
 O 6.01601642219586 1.17572511703642 4.19338693091005
 N 6.53999156520200 2.81339820393104 -0.01393137691765
 N 8.00689128512189 4.94390961010420 1.01951664380026
 N 6.27771106006916 1.96133903640804 2.09023897511287
 N 7.28481635831145 3.02959441734099 3.94216677782462
 C 4.26491504674283 1.77729530865689 -0.19356908320398
 C 5.78064634635831 1.66868801632005 -0.46213533015310
 C 3.74779543506772 3.23272744716138 -0.33019933236521
 C 2.21393599498565 3.28592161127128 -0.53319382275019
 C 6.95623716075356 3.81528840284234 -0.85147709541389
 C 6.77632228089997 2.89260097810768 1.32775247838186
 C 7.70712385332374 4.88606870749843 -0.29436490272838
 C 6.68365673384085 3.85466998190843 -2.22296698090411
 C 7.56920542181232 4.00757706827345 1.79544324523299
 C 1.83429860613899 3.24177991099192 -2.02801039018567
 C 7.12395161220340 4.89081902651651 -3.02203564012321
 C 8.15435023606964 5.92697929282018 -1.12195386463364
 C 7.87783526249653 5.94882026064311 -2.46663562644320
 C 7.87210577060973 4.05575447473344 3.25045233997129
 C 6.79523890404884 4.89308926935435 -4.48033366746835
 C 8.36144190470248 7.07099632814022 -3.32875232955486
 C 6.48367121497460 1.98587403329204 3.43155713095050
 H 4.06887160765646 1.46133104776155 0.83989851287784
 H 6.14974060774609 0.79819681719284 0.08414626620867
 H 5.92396489014729 1.50629315181737 -1.52848004334208
 H 4.22118874030789 3.72171625824528 -1.18911050516690
 H 1.87205410230832 4.25228812470344 -0.12998193609053
 H 6.10825091971685 3.06941283607193 -2.68845730905131
 H 2.40394506732020 2.45098394090377 -2.53341561140457
 H 0.76763531807919 3.01670441329318 -2.12232922350731
 H 8.72206543164822 6.71381198673920 -0.65135332732694
 H 2.75126582733521 0.74996982975376 -0.79846321405493
 H 3.77825764055450 3.59191059897799 1.57588782376169
 H 0.66506073637769 2.32803252448326 0.17672601058799
 H 6.21164810356265 4.01806634789235 -4.75338763239326
 H 6.22849819357449 5.78582560156156 -4.74186514497196
 H 7.70800858386315 4.90029334775303 -5.07439354928374
 H 8.92282324803901 7.78914122462296 -2.73849985132501
 H 9.00463580260318 6.69501418806615 -4.12327304022342
 H 7.52315413307768 7.58529976290409 -3.79686339036643
 H 7.44132397469104 3.00741973395402 4.94437214765272
 H 2.92940986749122 4.75943980514373 -2.57623425354016
$end
$temperature
298.15
$end
$mult
 1
$end
$sigma
 1
$end
$pressure
1.00000
$end
$scale
1.00
$end
$msrrho
$end
$freq
18.79
20.91
29.53
43.08
47.46
56.97
92.12
96.54
107.66
117.11
121.43
143.77
152.34
169.53
180.16
197.90
219.00
236.83
255.41
266.73
282.22
294.04
311.87
313.66
322.94
327.04
346.93
360.44
364.42
382.08
400.62
407.43
424.00
437.46
445.33
463.91
471.27
487.10
498.52
511.64
542.48
571.00
580.49
591.89
619.51
625.41
637.65
659.16
690.22
707.62
724.95
748.28
750.43
774.51
824.26
839.04
841.09
877.95
883.85
915.19
972.67
1000.38
1008.58
1015.91
1019.27
1023.90
1030.15
1043.96
1045.62
1066.17
1079.87
1098.87
1108.43
1120.73
1132.08
1145.98
1154.40
1163.91
1166.48
1187.54
1208.36
1211.13
1239.99
1255.31
1263.77
1285.67
1290.97
1292.58
1307.94
1311.96
1317.20
1320.75
1323.62
1328.96
1341.20
1345.40
1355.11
1361.56
1388.48
1399.61
1407.87
1431.69
1441.09
1466.03
1469.92
1473.25
1477.44
1481.23
1486.57
1521.14
1555.27
1577.66
1614.33
1737.32
1743.16
2873.49
2899.03
2907.48
2938.32
2963.72
2985.58
3007.20
3008.48
3019.31
3024.99
3027.66
3051.31
3062.10
3091.17
3112.02
3387.23
3493.30
3518.25
3536.43
3554.29
$end
