
$molecule
 O 3.08419189344269 0.03548812063646 4.36024619794082
 O 0.85986326597120 -0.09289379965699 2.54408186860974
 O 3.33416802855980 -1.75621557695219 2.36253169650703
 O 5.26171061386287 -0.41186710095132 1.25592572619749
 O 1.88192177765386 6.00017177146016 -0.59222875110372
 O -0.08199759468837 4.09443840080268 3.01010710526119
 N 4.15606366063647 2.73739874133618 2.06442192229938
 N 4.16785220642744 4.43742299055218 -0.15297375792443
 N 2.04735263694503 3.48454985951903 2.60184603111791
 N 0.94010956453205 5.05685928319161 1.23462475041510
 C 2.79404782484046 1.03176626256308 3.38620834624141
 C 4.12554294496402 1.75111680196728 3.13446698016869
 C 2.12269967478842 0.39996229280173 2.14340048389215
 C 2.85936067530813 -0.77835266805516 1.46876048523893
 C 5.30505857563018 2.88036615926437 1.31385786870428
 C 3.08447008997298 3.54473083874236 1.81391319240816
 C 5.26182006864030 3.71924127725727 0.16608488109940
 C 6.51949941981779 2.25967456222715 1.61571715727038
 C 3.14899539747198 4.39317184966465 0.64176006201973
 C 4.04346225477303 -0.33761547188348 0.56206553147485
 C 7.62324966057321 2.38796982266351 0.79609708025520
 C 6.38866956706381 3.83135926817293 -0.66303655250852
 C 7.55740988623372 3.17164714785777 -0.37803455583436
 C 1.96113551062784 5.23478412001915 0.33791940290092
 C 8.89496151010153 1.69396928030004 1.15718269658577
 C 8.74409620172659 3.29476257751774 -1.27885601444513
 C 0.92136946719939 4.19355886409469 2.34471943626091
 H 2.07327525663305 1.74381981683738 3.80548381819823
 H 4.41198346760232 2.22920025913460 4.07657429011992
 H 4.85207113596599 0.97601081512470 2.88833020356966
 H 1.99300526312097 1.17936022803942 1.37918856011938
 H 2.10623855648379 -1.26688964104891 0.83764759890677
 H 6.62851268716949 1.66857335048325 2.50854007004183
 H 4.07965220880688 -1.00054207530621 -0.31225854390393
 H 3.92456287772818 0.68814697667662 0.21053695451224
 H 6.29486665054725 4.46938057506392 -1.52739780940090
 H 2.24121139174362 -0.36462803176139 4.61365453909870
 H 0.29407100815630 0.65082926957122 2.78588465959354
 H 3.47070568879336 -1.32884605265133 3.22690619143917
 H 8.79277898276452 1.15502472689387 2.09434814039744
 H 9.16734636240012 0.98365531711545 0.37799754930130
 H 9.71031036285688 2.41019344218524 1.24917538945259
 H 8.51116011866091 3.92420715339020 -2.13268512692942
 H 9.58800325403312 3.73033755044197 -0.74553686497682
 H 9.05140120834240 2.31484469017378 -1.64094538174578
 H 0.09266680650604 5.59160981198712 1.07611650519126
 H 5.22879292860848 -1.26036985746375 1.73090498596339
$end
$temperature
298.15
$end
$mult
 1
$end
$sigma
 1
$end
$pressure
1.00000
$end
$scale
1.00
$end
$msrrho
$end
$freq
12.77
21.40
31.22
46.64
55.92
84.39
91.81
113.66
116.41
118.95
129.84
148.46
150.16
167.55
193.24
210.85
215.40
233.52
244.92
271.79
285.60
286.55
295.88
303.05
322.34
332.92
352.13
358.15
372.30
394.97
403.57
405.01
419.79
451.79
459.67
473.35
501.78
505.13
545.39
563.55
578.22
600.69
620.96
623.73
630.98
647.38
671.03
687.74
706.65
722.54
723.72
744.52
772.15
775.21
804.07
830.59
841.35
873.92
888.95
899.57
952.05
984.87
997.96
1009.74
1016.44
1018.15
1025.70
1027.85
1029.13
1069.74
1081.77
1093.50
1097.46
1114.42
1142.61
1149.26
1161.61
1165.80
1190.13
1206.76
1210.11
1238.84
1243.89
1260.03
1271.74
1280.75
1291.86
1293.67
1297.41
1306.13
1311.90
1318.30
1322.70
1338.94
1340.01
1349.17
1363.08
1371.37
1383.80
1396.70
1405.59
1430.05
1437.98
1463.24
1469.04
1475.99
1479.23
1483.26
1484.85
1518.56
1551.42
1573.83
1614.02
1735.00
1740.08
2884.87
2900.32
2927.27
2928.27
2947.36
2995.28
3002.26
3009.06
3010.25
3021.03
3026.35
3060.19
3061.51
3111.31
3123.68
3332.39
3387.07
3387.69
3501.74
3521.01
$end
