
$molecule
 O 3.68850768490396 -2.58139243380638 -1.21309469611572
 O 6.46845543744217 -0.32964329616112 -2.02255417305325
 O 3.73939974417592 1.24267721669875 -1.70596933886282
 O 6.06377532531009 1.84590738349124 -0.46241406494115
 O 11.66442314954175 -3.87475396227808 -2.67364275254274
 O 9.08652890658968 -0.79521856126131 -4.75503577901442
 N 6.94026746384038 -3.71860358248709 -2.00925590582294
 N 9.38806710238585 -4.85360573908548 -1.33080505538459
 N 8.00280998869068 -2.22599838609925 -3.38707917287264
 N 10.33575777355080 -2.37145719862311 -3.71848540801153
 C 5.02011661003535 -2.20118090820376 -1.45318992257285
 C 5.67558595883473 -3.18371941322477 -2.46411164917004
 C 5.12961351334374 -0.73801847465296 -1.93691084492231
 C 4.35574244136045 0.21578624050366 -0.97944089934838
 C 6.98891615300334 -4.70250700952696 -1.05170972257345
 C 8.08898916526502 -3.23290453643431 -2.55737500531307
 C 8.25339155361240 -5.26523334519694 -0.73065066146975
 C 5.85756617182817 -5.17363193844566 -0.38279023142279
 C 9.32309931149465 -3.88664613493397 -2.18798520262831
 C 5.27740590160951 0.82646430170269 0.09206441904232
 C 5.95359375556768 -6.17054824365856 0.56854239842657
 C 8.32945123232681 -6.28417719917864 0.23152121364849
 C 7.20890962641015 -6.74356071906443 0.87917746504091
 C 10.56526857623830 -3.41196929974416 -2.85454024529234
 C 4.72273986752133 -6.63737306476612 1.27304627413239
 C 7.31260410892054 -7.82757914083739 1.90346257022400
 C 9.11614963173788 -1.73306983334537 -3.99870990144289
 H 5.53077968653555 -2.28699083986150 -0.48677951856029
 H 4.98581815582419 -4.01662381968632 -2.62537060281249
 H 5.86768578004680 -2.69003721610306 -3.41920956394488
 H 4.63576131452800 -0.66359770039862 -2.92170177944100
 H 3.55776434968315 -0.35861366040345 -0.49640031290064
 H 4.88881587338451 -4.74343090884981 -0.57954553634742
 H 4.66443526900957 1.29985989589043 0.86262139287285
 H 5.89221163753785 0.04345622802933 0.55177190349416
 H 9.30753646474827 -6.68602011438116 0.44285839549485
 H 3.13187940815601 -2.25598964478006 -1.93129779343168
 H 6.94445420584539 -0.84332629241201 -2.70438920584388
 H 4.37358009716113 1.97816752336217 -1.73281918880449
 H 3.85009947867618 -6.08291398120654 0.93983042264189
 H 4.55703371962312 -7.69773543112219 1.08646352309494
 H 4.82855868855328 -6.50774490701849 2.34912324117486
 H 8.34197009809701 -8.15774914422992 2.00698613740668
 H 6.96167188671518 -7.47401854940686 2.87204360109897
 H 6.69893592431343 -8.68188200312232 1.62136266465941
 H 11.14466871734975 -1.99339017593036 -4.20035425590851
 H 6.63622708867657 1.42794202024906 -1.12407123169230
$end
$temperature
298.15
$end
$mult
 1
$end
$sigma
 1
$end
$pressure
1.00000
$end
$scale
1.00
$end
$msrrho
$end
$freq
14.70
31.42
37.58
48.29
57.26
60.56
74.91
106.24
120.81
121.92
133.57
150.73
165.84
171.21
190.31
196.75
231.34
242.91
250.99
282.16
284.00
297.21
309.50
320.06
326.44
360.29
366.59
379.31
391.18
398.72
413.99
441.63
448.48
466.79
471.89
486.82
497.97
516.25
535.38
544.45
571.61
580.30
584.36
603.99
622.82
631.57
666.59
689.65
707.12
725.88
736.39
745.76
749.20
773.57
840.82
844.68
855.43
880.74
882.29
934.72
956.17
983.47
1000.02
1011.56
1014.85
1018.04
1024.42
1028.95
1037.56
1052.75
1092.79
1103.22
1106.79
1122.62
1141.50
1147.90
1163.86
1167.69
1182.89
1189.45
1197.66
1215.15
1237.13
1250.44
1261.19
1291.90
1293.60
1295.15
1305.91
1308.44
1323.47
1324.83
1331.13
1336.74
1338.79
1347.02
1349.64
1358.88
1389.02
1398.34
1406.83
1433.54
1438.25
1462.18
1463.34
1468.63
1477.07
1478.90
1484.54
1520.42
1544.70
1570.57
1610.35
1741.45
1747.19
2835.59
2913.12
2937.37
2942.61
2965.07
2983.29
2987.26
3008.02
3009.82
3020.74
3026.13
3058.19
3062.39
3112.56
3113.03
3238.49
3387.81
3406.23
3452.68
3521.47
$end
