
$molecule
 O 11.27603932118090 2.18085724250191 1.51426421809765
 O 11.00999355416253 -2.48047502736601 3.98536841944331
 O 11.35191387803992 2.28713206451485 3.72150221186239
 O 8.51268156289352 -2.79552353149165 3.00634762734088
 O 6.91105281916001 -1.55875477565049 2.11881868854434
 O 13.91813264152610 0.41389300197456 13.66830987599120
 N 11.52692060715288 -0.28357468383719 4.14323015257144
 N 12.01628084367978 -2.14886031824994 10.23247569988346
 N 12.48822908330504 -1.88539586038380 12.78133571064370
 N 11.71715699831245 -3.68206728697319 14.75392289310257
 N 13.73899987124800 -0.35346763087127 15.78868758963143
 N 12.67392810441588 -2.36131578904309 16.38438904189480
 N 13.65061907682510 -1.08057030575746 17.99278390259115
 C 11.41353988584594 0.09245066857957 2.75396015638864
 C 10.21851823219975 -0.56554687161667 2.03301110817429
 C 8.90523303443060 -0.41984513860820 2.80953361107290
 C 11.34683703950902 -1.51704299218198 4.67395033402631
 C 11.55028359589512 -1.63092892177452 6.12580660156360
 C 11.33402444550993 1.62497421021939 2.72340194296756
 C 11.85019165745801 -2.00645385253305 8.89714419903560
 C 11.49897968694385 -3.22081419969402 11.03076157545382
 C 11.03851781408958 -2.76564386784227 6.76053252686984
 C 12.23546778327576 -0.69051498199338 6.90248323717663
 C 11.17453054976353 -2.95444181154396 8.11491591220943
 C 12.38373466436976 -0.87640300987528 8.25453193353411
 C 8.00575728757790 -1.63851212529142 2.60430179030253
 C 11.82352219086680 -2.98346497464643 12.47836437262448
 C 12.78009636538056 -1.66165884966888 14.06066976887330
 C 11.44153815729105 -3.88223950080488 13.48948075564577
 C 12.39306239824214 -2.56850335550027 15.07530289365354
 C 13.51782262493135 -0.44721392191827 14.41284708436381
 C 13.32592432901861 -1.28858899440154 16.70195914342177
 H 12.33454273250124 -0.19743463487547 2.21756301595292
 H 10.10225971867036 -0.13996726600876 1.03319390449146
 H 10.46343711688148 -1.62150189950480 1.90675819134269
 H 8.35899814692456 0.47107897759874 2.49938148023715
 H 9.10622600032812 -0.34018103232382 3.88076136581208
 H 11.66613380932581 0.50760137751252 4.75984298426936
 H 11.93175926400620 -4.18608309845439 10.72512826809681
 H 10.40621129411877 -3.30445688442444 10.92348412428741
 H 10.52239762335026 -3.49871851927880 6.15869415450279
 H 12.68264289839699 0.18358044344049 6.45141772700377
 H 12.49149634602039 -1.42718653921687 10.75733545544501
 H 10.75977295568541 -3.83874918745938 8.57203326631881
 H 12.92020891974532 -0.14913089964350 8.84613268181439
 H 10.89570672327129 -4.78786122189378 13.25777422109730
 H 11.26590374357501 1.53434722645939 0.79450484987153
 H 14.25575814836405 0.46380339607095 16.09349632944612
 H 9.42939756200867 -2.73422779129586 3.37600680996609
 H 14.01350145186040 -0.19996002564437 18.30980394218440
 H 13.27706644047127 -1.72946702930872 18.66276524891178
$end
$temperature
298.15
$end
$mult
 1
$end
$sigma
 1
$end
$pressure
1.00000
$end
$scale
1.00
$end
$msrrho
$end
$freq
5.38
12.46
18.28
25.71
32.61
45.19
49.57
61.00
62.72
86.75
91.80
94.90
105.13
116.64
137.34
137.80
156.53
166.37
178.78
200.58
204.59
215.42
248.89
267.73
281.93
303.21
315.83
336.47
346.35
352.93
375.51
404.76
413.46
433.17
437.50
447.25
453.96
475.81
484.01
488.28
497.69
504.59
509.91
536.84
544.68
553.46
582.58
590.18
599.45
609.52
638.39
639.89
642.34
648.33
660.66
670.80
685.77
702.30
722.38
731.61
761.59
803.24
804.72
820.99
827.16
847.23
860.76
873.94
874.77
895.54
905.26
918.51
921.47
947.72
956.17
961.22
999.65
1006.07
1023.54
1061.11
1070.25
1101.71
1120.97
1121.24
1137.13
1139.79
1150.07
1163.73
1168.25
1182.15
1190.13
1192.89
1199.69
1217.82
1222.34
1230.68
1241.26
1245.42
1248.51
1271.54
1273.26
1275.15
1285.88
1300.87
1321.28
1347.37
1348.87
1352.79
1359.57
1398.03
1409.44
1413.76
1439.31
1444.19
1458.61
1465.80
1468.36
1472.58
1513.39
1528.80
1550.29
1556.64
1601.52
1610.71
1648.92
1749.06
1787.98
1793.46
2820.22
2836.05
2877.83
2961.64
2975.12
2998.74
3016.08
3022.12
3050.46
3069.85
3085.76
3091.65
3104.22
3374.75
3377.40
3399.78
3461.59
3490.85
3559.59
$end
