
$molecule
 O 1.77776945829343 -2.46384057486629 -1.75554167700871
 O 7.00770943630075 -2.39510927288759 -0.60650226894198
 O 3.57232117117833 -3.26777262476065 -2.81259779117197
 O 4.30412199739026 3.56797036388620 -2.44482070996826
 O 3.50236044147105 2.29240328870906 -4.08759970750057
 O 2.71219010088849 2.60290207919407 7.30884595786716
 N 5.19859158421087 -1.42738581346298 -1.51413740262414
 N 3.71232220904618 -1.20491974276501 4.72053694082896
 N 3.23517566082183 -0.19104393286877 7.09008912900834
 N 3.04595246301844 -1.65644439431579 9.44242447706419
 N 2.36208333105218 2.31328364291136 9.52422750087198
 N 2.50649350022913 0.24556976913130 10.62970260147263
 N 1.92897897821139 2.11302072381180 11.79774696385171
 C 3.77632126279318 -1.20583661486788 -1.55775187714969
 C 3.43515936156907 -0.01659724600311 -2.47196212955554
 C 4.06454188860726 1.27657021631363 -1.96734560655920
 C 5.91652658396213 -1.88904080758156 -0.44226357168800
 C 5.31720003504281 -1.68878997310948 0.90282304957165
 C 3.06323401442645 -2.43554434052102 -2.11631302762138
 C 4.27508662800072 -1.38146613887340 3.49062460186142
 C 3.82010632410326 -2.14624578503420 5.79874595707993
 C 5.25590003894424 -2.76815944036010 1.77799139165608
 C 4.87606381733267 -0.44255405464895 1.34623331037795
 C 4.73108897488455 -2.62754582738107 3.04543129980877
 C 4.36917766773762 -0.28989673792077 2.61656286188578
 C 3.91200123059608 2.39761958200348 -2.96462785772331
 C 3.45377838227992 -1.49160232913938 7.09967231635209
 C 2.91996875602963 0.40064497059485 8.24041574458226
 C 3.35258488673785 -2.21752701672848 8.29959497106990
 C 2.82091108042006 -0.33375275556555 9.44514724611178
 C 2.67215877217502 1.84329901418588 8.24578306837027
 C 2.28665871046022 1.52103230044751 10.64023626557151
 H 3.40288431668363 -1.02174127063908 -0.54683893011347
 H 3.80232305566548 -0.21934093955584 -3.48010204714503
 H 2.35163948733747 0.09421434300643 -2.52525771338452
 H 5.13469298941571 1.13007123673671 -1.79921009882947
 H 3.61942532069839 1.59632523765182 -1.02385738207298
 H 5.60520622058663 -1.68825993454654 -2.40601970392050
 H 4.84509364047056 -2.54265631720557 5.88750091292074
 H 3.15241391217439 -3.00492715570431 5.63309561403407
 H 5.62030567004682 -3.72902598470946 1.44666353170022
 H 4.96835576685378 0.41917526587346 0.70208468068773
 H 3.54253353868474 -0.25661356365908 5.02947285830864
 H 4.67769900049399 -3.48784966668074 3.69411509683877
 H 4.04339756355587 0.68178928814467 2.95872584151422
 H 3.52810000712873 -3.28546147802723 8.32463885257061
 H 1.33038257620899 -3.23501313800809 -2.14055438863692
 H 2.16794510276961 3.30617892589087 9.58967698149261
 H 4.21686168600593 4.27809888715832 -3.10015911240573
 H 1.92192535949577 3.11227410935336 11.89488151001984
 H 1.96242703750246 1.54117162741162 12.62334246867633
$end
$temperature
298.15
$end
$mult
 1
$end
$sigma
 1
$end
$pressure
1.00000
$end
$scale
1.00
$end
$msrrho
$end
$freq
10.21
13.62
14.21
22.74
25.56
32.35
33.69
40.24
48.02
64.11
71.46
80.81
100.89
110.26
112.95
137.26
138.66
147.88
178.49
181.71
196.45
199.53
226.23
235.18
238.69
281.81
315.03
316.17
352.35
361.22
378.03
399.46
404.71
415.33
436.82
443.38
458.78
471.89
482.80
488.07
502.53
521.39
531.29
547.38
554.78
577.02
591.85
599.98
603.59
628.37
630.51
639.64
641.53
647.62
656.20
658.82
685.75
697.54
711.47
715.96
719.77
739.57
761.41
799.68
803.76
854.59
865.04
874.04
880.82
887.27
904.65
919.95
942.07
949.24
960.15
962.57
1000.45
1008.00
1053.42
1070.61
1084.63
1099.29
1120.55
1120.80
1127.16
1133.98
1146.68
1147.45
1164.03
1169.01
1179.78
1190.60
1192.70
1207.47
1212.18
1220.15
1238.13
1245.33
1249.73
1263.56
1272.94
1278.75
1282.43
1302.73
1321.96
1343.21
1344.40
1348.39
1358.37
1385.59
1391.31
1409.85
1428.79
1435.85
1443.36
1459.37
1467.89
1474.10
1511.77
1517.78
1556.01
1558.53
1604.99
1611.40
1720.92
1748.51
1799.13
1804.90
2826.66
2878.38
2964.27
2966.81
2988.15
2997.92
3008.44
3049.54
3075.11
3088.24
3091.72
3100.35
3378.05
3388.52
3395.67
3432.01
3449.08
3489.54
3557.86
$end
