
$molecule
 O -0.84648102409599 12.02870758630895 -5.29242071272111
 O 1.00043665351767 10.73929290865436 -9.43959323336029
 O 0.36971748858783 13.69773757536197 -6.12934027524476
 O 1.80019073118165 9.71175635848048 -2.83998663955388
 O 2.30001356603256 7.87688119248414 -3.97010994909639
 O 2.92349048976811 10.35874392689057 -16.54754085052988
 N 1.75067050911700 12.06390522689980 -7.77998357944102
 N 4.60458536879724 14.82245109724695 -12.78058508684588
 N 3.50257846477195 12.91698951991059 -15.41528518455649
 N 1.57641932289374 14.88330982697424 -15.80846269443832
 N 0.93773425858785 11.17762789041257 -17.24875996412501
 N 0.22656494786496 13.39302953511807 -16.93136191392065
 N -1.09649110924615 11.93431767139757 -18.07626362983282
 C 0.92648003275684 11.44523764737916 -6.77689369046334
 C 1.77128599902652 10.63948326522566 -5.76412497617054
 C 0.95719459105984 9.52907822104514 -5.09167843736798
 C 1.65061116506010 11.70850907709703 -9.09500228511540
 C 2.42320409889642 12.55091797236354 -10.03367026064327
 C 0.13339109593253 12.52200103815437 -6.05778451127655
 C 3.85888137570895 14.05575425249883 -11.91696145299268
 C 4.91102911216871 14.40009714113306 -14.12841044753731
 C 2.91092834588897 11.96468847455409 -11.20075359495205
 C 2.64591471790074 13.91219016370101 -9.82931179789977
 C 3.62792596392714 12.69187216616842 -12.12459926143174
 C 3.34393114833520 14.65011133898972 -10.75837404972431
 C 1.74526329329082 8.93353480585598 -3.93838601142085
 C 3.66885772431009 14.13820955314801 -14.94461076562307
 C 2.38276451310919 12.65300051537100 -16.08141699668738
 C 2.68985789391397 15.12042565168930 -15.15740479022176
 C 1.38846715141734 13.64283366386574 -16.27861029220555
 C 2.17572757541491 11.30212123915167 -16.61031004165892
 C 0.03387429762331 12.19709805338945 -17.38699242629667
 H 0.24604933650793 10.76387953045728 -7.30322602534539
 H 2.60168729413213 10.19165297752302 -6.31160152059221
 H 2.19348432042983 11.32359339839566 -5.02164551500002
 H 0.74933175035361 8.74208357948774 -5.81616223651298
 H 0.00966319210291 9.92771409549231 -4.72195150655441
 H 2.21248506360656 12.92229036709263 -7.52397011684706
 H 5.50179156743951 13.48039995853053 -14.10153328077806
 H 5.51047878260469 15.18360026889965 -14.59879253705877
 H 2.71739166841984 10.91589314229189 -11.36703292961074
 H 2.23694040620842 14.41613780754628 -8.96483462659336
 H 4.51196440473508 15.81754482158757 -12.64348648934338
 H 3.99329183129749 12.20335362927898 -13.01297912922218
 H 3.49687693594350 15.70873263545492 -10.59881707390121
 H 2.81553219403412 16.13174519100504 -14.79064280579654
 H -1.34035400358461 12.74958424684541 -4.86774061286948
 H 0.73900737550974 10.26339902837421 -17.63935974628011
 H 1.29030291367025 10.52610917439656 -2.94153788187102
 H -1.79302934424389 12.65903574757666 -18.08005542033087
 H -1.38104045267970 10.98934784283977 -18.26303774213246
$end
$temperature
298.15
$end
$mult
 1
$end
$sigma
 1
$end
$pressure
1.00000
$end
$scale
1.00
$end
$msrrho
$end
$freq
7.10
8.96
11.45
17.15
19.99
29.40
39.58
41.28
45.61
47.64
69.15
86.17
101.97
117.34
134.54
135.94
150.14
155.19
167.85
198.77
211.03
237.01
259.50
281.78
288.26
300.56
313.81
321.64
350.02
358.58
376.69
388.32
388.87
403.05
428.01
436.96
453.51
462.62
481.43
485.73
488.88
491.74
514.66
533.57
539.64
566.31
576.62
581.14
601.48
602.82
616.08
633.56
641.62
649.72
651.87
661.14
686.63
690.03
708.53
723.38
731.43
767.30
780.80
798.84
810.64
851.66
858.88
860.55
876.50
894.37
907.06
914.04
923.23
936.98
969.83
993.38
1009.79
1017.19
1044.36
1064.88
1072.49
1088.52
1103.10
1107.48
1119.86
1126.97
1141.66
1146.29
1162.22
1166.80
1178.21
1183.56
1202.21
1213.38
1215.72
1231.34
1239.67
1246.45
1247.73
1268.61
1274.65
1277.34
1281.44
1285.72
1303.98
1333.36
1335.01
1348.48
1359.09
1385.70
1399.23
1412.55
1433.35
1446.17
1451.54
1466.61
1468.87
1481.35
1505.78
1515.97
1554.04
1563.23
1600.36
1609.90
1706.16
1753.64
1786.95
1813.52
2921.07
2953.83
2964.93
2970.56
2980.18
3005.15
3023.41
3041.32
3059.86
3073.37
3098.14
3117.47
3377.26
3424.59
3439.57
3458.38
3485.70
3495.64
3552.99
$end
