
$molecule
 O -1.24999346151079 0.06705110858630 -5.33969013440249
 O -2.36050562726077 1.54558176931358 -0.63683871681902
 O -0.36177836704110 -0.48074049132008 -3.36472843354424
 O 0.78057561379871 1.37701198078610 -7.60195101945770
 O 1.65003435075142 0.38230716758990 -5.80716163660108
 O -8.40839065016504 2.17058361646678 -2.35437192679863
 N -1.15764587602764 2.07581620084173 -2.45778546553055
 N -6.09901395059254 -0.77835306408383 -5.32285081968089
 N -7.79887604629573 -0.46032184894327 -3.27364874046251
 N -8.47701186304523 -2.53870989424630 -1.56183241435363
 N -9.08814722903978 1.26761934022482 -0.39621171807841
 N -9.17584862274694 -1.03849224245258 0.04328122306118
 N -9.89187782835949 0.44160488351211 1.62123309755032
 C -0.79801907807396 1.85260669092710 -3.84093839153320
 C 0.57085977925895 2.48389076446619 -4.12848205491745
 C 0.83322432246851 2.64946477262013 -5.62293621631297
 C -2.24573922779520 1.52215101331613 -1.84377335906894
 C -3.26189124791620 0.93400531823057 -2.76206570475497
 C -0.76292713448563 0.34991854155375 -4.12726180617978
 C -5.18610073276885 -0.22955744800484 -4.43456269285793
 C -6.86355053743345 -1.93842535321371 -4.92165662763614
 C -3.56369958942638 -0.41817799126831 -2.66056122189838
 C -3.94660188000539 1.70708796372608 -3.69517736898991
 C -4.50099255663698 -0.99792863681686 -3.49172479764192
 C -4.89445836327210 1.13489496889881 -4.51412849556259
 C 1.13221338998822 1.33977240506730 -6.31256944043826
 C -7.57114931438559 -1.71706099547362 -3.60487506217554
 C -8.34413051116021 -0.21519743720994 -2.08753122165552
 C -7.93960155559271 -2.75693614847618 -2.73802830030250
 C -8.67059732130604 -1.26457868847900 -1.19510303508118
 C -8.58803071337832 1.17486746797225 -1.69744175994020
 C -9.35783740954037 0.18985423673180 0.40587632779372
 H -1.55315418270633 2.29793328090965 -4.49878934028413
 H 0.59381167090971 3.46673959793397 -3.65424226555625
 H 1.35323013189921 1.86035132953454 -3.69040186433532
 H 1.71330754665154 3.28178881528148 -5.76800266937136
 H -0.00799970439604 3.12367097723385 -6.12879071713337
 H -0.40788045655450 2.32339381462466 -1.82596462418628
 H -6.20614352543064 -2.80980742995833 -4.84458428805883
 H -7.59828227017977 -2.14925934535288 -5.70482849068008
 H -3.04634413802077 -1.01818989349610 -1.92705798542747
 H -3.76171464752685 2.77040036583216 -3.75212982228274
 H -6.68197267085675 -0.06227268916771 -5.73621527204489
 H -4.70546781175259 -2.05252249281418 -3.39016596406924
 H -5.43813475416538 1.74823447465109 -5.21766884179729
 H -7.79062525513193 -3.79487758664303 -3.00825463035767
 H -1.21472973859650 -0.89035224272550 -5.49658926712274
 H -9.26857111005976 2.20785179547371 -0.06281451236743
 H 0.99916122800327 0.54021727511772 -8.04179516743470
 H -9.97404260584250 -0.34966390756589 2.23635984553969
 H -9.82711246724099 1.35780189028838 2.02867581121499
$end
$temperature
298.15
$end
$mult
 1
$end
$sigma
 1
$end
$pressure
1.00000
$end
$scale
1.00
$end
$msrrho
$end
$freq
2.94
8.97
12.68
17.83
21.12
32.37
40.97
45.43
57.03
62.17
86.01
93.80
106.25
121.56
130.86
137.56
145.04
150.18
170.70
196.62
237.10
240.34
268.25
273.99
282.74
312.88
316.49
319.49
352.02
354.66
374.56
382.18
398.58
414.64
434.56
444.55
465.55
481.08
492.95
500.40
515.59
516.24
524.49
558.17
567.99
586.53
596.90
606.65
609.63
613.30
640.14
640.96
648.58
657.61
671.43
676.87
685.78
692.66
708.49
712.80
722.52
735.92
762.92
802.50
809.10
836.39
855.16
864.02
867.66
876.45
900.82
905.21
921.85
947.32
976.82
997.50
1003.05
1009.34
1054.64
1072.80
1085.93
1107.60
1111.52
1117.44
1119.99
1132.01
1144.20
1157.62
1163.78
1174.72
1175.94
1190.31
1202.80
1207.19
1212.95
1218.06
1242.18
1252.15
1263.29
1271.77
1283.56
1292.04
1299.58
1309.08
1329.37
1330.99
1337.38
1340.53
1359.23
1360.59
1381.99
1413.83
1429.88
1432.65
1443.09
1456.68
1459.26
1468.17
1499.67
1513.95
1554.69
1569.80
1604.35
1610.36
1733.98
1750.78
1795.66
1812.10
2926.36
2939.46
2956.58
2965.28
2983.45
2991.57
3008.51
3044.57
3069.80
3083.79
3088.62
3100.00
3378.10
3413.92
3418.41
3439.96
3447.86
3481.62
3547.64
$end
