
$molecule
 O 3.00008052420561 0.10863011035833 3.16080516067912
 O 4.83715553048242 -1.51818547949773 3.90257269855888
 O 3.14805422349150 2.11667522614904 2.24375914753273
 O 7.62397778954123 -1.90813193441072 1.76084945025387
 O 8.51182799691596 0.12824234971729 1.93163924720381
 O 14.00876867011247 -0.81666369435678 8.97500183567774
 N 5.93818774688874 0.40120881820108 3.43437355673069
 N 9.66101201729951 -2.22956089580479 7.93306843629614
 N 11.69660657470011 -2.37727811125909 9.55308831667345
 N 11.83741503980904 -3.98012561021453 11.81683617912895
 N 14.99415566365764 -1.68317427096050 10.81775167274160
 N 13.97951926260855 -3.24458655717520 12.25081327043806
 N 16.10790652640002 -2.55099005599415 12.66178549517781
 C 5.15730707215807 0.82142034984028 2.27809687365409
 C 5.24004476070743 -0.19398688514375 1.12502701140955
 C 6.62606984086639 -0.20613667261346 0.46704289242917
 C 5.80610742183670 -0.77259056554589 4.09144284920158
 C 6.84853473545132 -1.11131724887671 5.07005499095247
 C 3.65809380635660 1.08286992331826 2.58292605169078
 C 8.72645629427641 -1.88098686937720 7.01821736762453
 C 9.45145903235719 -3.10564829914432 9.04824043490474
 C 6.53205499581349 -2.06464004516385 6.04183167586094
 C 8.13550379834105 -0.56063459431157 5.07608184775078
 C 7.44072062728431 -2.44188992143577 7.00109799003282
 C 9.05235561448832 -0.94226852816250 6.02485699209694
 C 7.68978037749040 -0.61139284027942 1.45494900230683
 C 10.68200763791127 -3.14070105844197 9.90968772988719
 C 12.79216428630611 -2.39677473982983 10.30883753701031
 C 10.77030296023614 -3.94565925082887 11.05861090603198
 C 12.87727009720494 -3.20904479031812 11.46420169706024
 C 13.92731908993723 -1.55546184167953 9.92552636451145
 C 14.98720889680061 -2.50310225861254 11.91631964851049
 H 5.57074305484436 1.77806930420281 1.94595463412165
 H 5.00690822936083 -1.19184216474427 1.50011506746956
 H 4.49670175623865 0.07581994046029 0.37296288920839
 H 6.87014950813948 0.78316635192020 0.07867505964862
 H 6.62193447172275 -0.92993955649068 -0.34841205382283
 H 6.73503026046990 0.97472438118278 3.65856873598076
 H 9.22761028402810 -4.12857121150321 8.70876123363086
 H 8.60063657917658 -2.77197718365299 9.66304270073785
 H 5.54354843101400 -2.49804361899229 6.02593079955452
 H 8.44799402975634 0.14091609681767 4.31616623674530
 H 10.55729482558146 -1.76126856816296 7.93327950263734
 H 7.15881768298538 -3.17412560948305 7.74094973053323
 H 10.04613881409673 -0.51927489208947 6.01664919150789
 H 9.94644916717202 -4.57723192448798 11.36548250688290
 H 3.60842958217003 -0.65998834188736 3.42117152929999
 H 15.81564824727838 -1.13095623415353 10.59842034642226
 H 8.28697957622161 -2.14521866863724 2.42843831833936
 H 16.06777616031752 -3.09589423946144 13.50491227360949
 H 16.85528442747152 -1.89306561896797 12.53483396747344
$end
$temperature
298.15
$end
$mult
 1
$end
$sigma
 1
$end
$pressure
1.00000
$end
$scale
1.00
$end
$msrrho
$end
$freq
7.30
14.94
22.40
27.04
35.06
44.94
56.40
58.77
75.19
76.27
87.92
102.17
110.87
121.64
136.99
137.70
142.55
164.28
177.03
184.65
208.22
209.32
237.78
275.59
290.30
312.82
319.93
342.54
348.57
352.91
378.87
397.30
404.79
416.37
429.58
444.10
464.33
476.96
484.23
489.09
503.28
510.45
519.10
548.12
553.11
558.95
589.88
602.25
608.35
628.82
639.97
643.95
648.14
656.64
668.86
685.77
699.70
710.98
715.23
725.65
761.61
804.49
809.97
840.60
851.77
859.84
873.97
875.94
896.78
911.80
921.33
929.54
933.08
945.87
947.21
961.53
999.51
1000.88
1036.42
1047.92
1070.06
1073.05
1121.07
1125.75
1139.52
1149.96
1163.71
1164.71
1168.54
1172.63
1189.42
1196.32
1210.63
1218.78
1236.75
1240.62
1244.97
1253.69
1255.69
1273.49
1285.45
1301.39
1315.52
1320.64
1324.71
1332.89
1348.59
1351.54
1359.58
1397.39
1409.36
1419.85
1438.33
1442.07
1444.43
1458.92
1461.76
1468.44
1513.47
1527.50
1548.23
1556.79
1597.05
1609.86
1622.49
1749.23
1780.27
1784.97
2594.37
2836.13
2878.73
2965.94
2992.14
2998.81
3002.60
3012.70
3050.25
3077.43
3089.07
3094.64
3105.36
3377.44
3396.67
3444.97
3466.97
3491.37
3560.30
$end
