
$molecule
 O 3.18307851842315 -2.12172128791648 -3.50000381473337
 O 0.71027172399815 -3.81251269377192 -8.37222480395362
 O 1.34355254770218 -3.18244282262295 -4.10618820217549
 O 4.62230393799140 1.49543695803429 -5.98562478196316
 O 4.82721502818831 -0.30596295815452 -4.73713441970494
 O -9.35958730355844 2.35831166686690 -7.99718937429129
 N 1.98402895970899 -2.86195923918024 -6.82592668176222
 N -3.64640774446078 0.36099352757356 -6.39776282980290
 N -6.63097212901173 2.04677177059707 -7.19971966469282
 N -5.77749967802996 3.70244388206393 -5.13227242454972
 N -9.58411687689683 3.95817153895928 -6.41869810930577
 N -7.86378865454894 4.66586144594501 -4.98671771740640
 N -9.91177272917293 5.65503621812125 -4.86640588708360
 C 2.50998310202845 -1.95346417617535 -5.83085326562971
 C 1.95994684301847 -0.52410132799924 -5.99356583424054
 C 2.60756800908259 0.50983890229760 -5.05364653778181
 C 0.79868342575234 -2.97540533807619 -7.49458665237293
 C -0.33471917591527 -2.06776075203852 -7.17537092024865
 C 2.27334397596187 -2.48602514191599 -4.39560355976132
 C -2.58969053487652 -0.46634353753001 -6.70502780526991
 C -4.45850468022431 1.01431457694366 -7.39854916792274
 C -0.88763678530686 -1.29916987255693 -8.19398275346927
 C -0.94565399445984 -2.06175358020674 -5.92232239013631
 C -1.98763485258742 -0.49708552711228 -7.96509871364501
 C -2.05296646597962 -1.27428946228482 -5.69511413040405
 C 4.11004364048801 0.53226742289607 -5.22705866975111
 C -5.39186219857696 1.99507040264984 -6.75080488733329
 C -7.46023023252928 2.92161310383502 -6.63575380248983
 C -4.97690761640813 2.83668415302679 -5.70508933215841
 C -7.03822219873512 3.77011037861722 -5.58274039411686
 C -8.84201498893289 3.00000596830812 -7.11773776229141
 C -9.08406608947238 4.73971624766283 -5.41131390602656
 H 3.59678787458429 -1.92842477118411 -5.99156523065375
 H 2.11114025589341 -0.22818456948799 -7.03517218786377
 H 0.88815906629841 -0.52699504080367 -5.79868440201998
 H 2.38054540643698 0.24839305124135 -4.01835480067994
 H 2.17383774601713 1.49003072144136 -5.26255395737833
 H 2.61514817371637 -3.61110196652253 -7.08113389747940
 H -5.05442038163164 0.31106638973522 -7.99802482070974
 H -3.79811611596751 1.56620239347795 -8.07709723052971
 H -0.44467850116415 -1.33443818362337 -9.17822904731099
 H -0.55555283693635 -2.68535999845062 -5.13327373063639
 H -4.15354996646422 0.09197666250277 -5.56645127977391
 H -2.38828727529260 0.08780406742194 -8.77756610958520
 H -2.52559846014921 -1.28292379383620 -4.72298905740782
 H -3.96294313713999 2.79775636648217 -5.32903548660792
 H 3.91365051262227 -1.56805833561352 -3.86388747717736
 H -10.54653258239524 4.06630997741306 -6.71852428428926
 H 3.95994290130864 2.10532840035015 -6.33820658652190
 H -9.56248166836602 6.15668591114984 -4.06884188142152
 H -10.90207779405057 5.62617427144534 -5.02940933547976
$end
$temperature
298.15
$end
$mult
 1
$end
$sigma
 1
$end
$pressure
1.00000
$end
$scale
1.00
$end
$msrrho
$end
$freq
7.29
11.08
18.37
23.65
34.64
44.36
51.97
53.47
69.84
81.98
93.30
102.74
115.21
134.75
139.45
144.73
150.94
161.31
183.29
188.94
197.34
215.55
241.59
244.22
267.43
287.27
309.95
326.67
340.17
353.70
374.81
386.22
401.39
425.22
439.48
452.63
465.94
479.73
480.45
487.61
505.85
512.17
540.84
558.67
562.02
574.19
577.93
582.47
603.46
606.97
640.64
651.75
656.09
672.66
678.33
690.10
692.30
702.32
706.48
736.58
756.30
765.55
772.09
788.43
805.73
854.76
857.57
865.56
868.83
882.73
903.72
908.78
935.16
938.02
968.59
994.36
997.50
1009.28
1035.06
1064.11
1071.81
1106.99
1109.33
1114.99
1121.10
1136.97
1145.26
1150.07
1157.32
1168.65
1188.19
1190.55
1208.73
1229.92
1246.96
1251.26
1254.43
1259.70
1269.31
1276.56
1278.71
1294.78
1304.19
1311.30
1334.02
1340.82
1343.17
1352.16
1359.14
1383.77
1409.88
1411.51
1431.58
1445.23
1457.70
1468.56
1470.14
1476.00
1503.70
1516.42
1554.83
1562.27
1602.40
1610.61
1704.26
1747.08
1753.65
1796.25
2880.66
2894.29
2929.87
2967.70
2980.62
2997.58
3019.62
3055.29
3070.51
3086.42
3100.39
3103.33
3115.68
3377.61
3408.89
3423.28
3479.97
3489.11
3557.44
$end
