
$molecule
 O -0.04331278287334 1.16990715188609 0.71653233640599
 O -4.09709337260046 0.29920222374793 -0.08042011406457
 O -1.25787907275464 1.99955323342466 2.39422451792005
 O -0.11052063266988 1.32063841683898 -2.18766564466455
 O -0.65961689535054 2.97892972680823 -3.54242632300077
 O -9.63015584826419 -4.45595442024430 4.88249784140451
 N -3.44102394583102 2.29543097242898 0.74147310405995
 N -9.21886846491079 1.68265733110005 3.44284620987576
 N -9.39039986494334 -1.60749343773762 4.83776885949620
 N -7.65997271667607 -0.50684147331720 6.71498039113825
 N -8.13510645417463 -4.50221855598945 6.57529788633997
 N -7.14523075784084 -2.59865305498611 7.52891479616983
 N -6.66156811781810 -4.66199219831884 8.36410804316136
 C -2.13062459467306 2.18708360043010 0.14902785140813
 C -1.74097176338271 3.52945001050847 -0.49816284686299
 C -0.39215115477649 3.52890224031488 -1.22616139020387
 C -4.33523845327644 1.26041349738624 0.62623251547437
 C -5.59566867574542 1.41948225142003 1.37991447524859
 C -1.12751010301633 1.78862707284804 1.22196270886719
 C -8.02247726315522 1.56009268907117 2.78607967773379
 C -9.96883880369152 0.55394399558438 3.93149689348954
 C -6.36889201251051 0.27914980123681 1.59932307669688
 C -6.06687125716225 2.64166950884738 1.85992914952311
 C -7.55554305563654 0.33654808378889 2.29400117865769
 C -7.25629269732605 2.70852350842262 2.54813267819363
 C -0.40548388818551 2.60053974912555 -2.43600199633541
 C -9.20676297554278 -0.30326898354296 4.91378521937938
 C -8.72541658604277 -2.38107338417530 5.69088502709632
 C -8.32715777567640 0.23615386365070 5.86517360187023
 C -7.84054995400729 -1.83266283257726 6.65179257959486
 C -8.91454167662075 -3.83298193057736 5.62620955089316
 C -7.30685896343207 -3.88112590524582 7.47223728291643
 H -2.19810762071574 1.38998165649892 -0.60141867043748
 H -2.52747587761388 3.79086600249413 -1.20808545015509
 H -1.72017557907320 4.29396290296937 0.28302835458356
 H 0.41582602053471 3.25047051942053 -0.54706702437483
 H -0.20506647394606 4.53863907984561 -1.59430001758132
 H -3.51926026774414 2.91611605306536 1.53173033243694
 H -10.28012577343198 -0.08445753681441 3.09838172342908
 H -10.87488218064944 0.93136879886656 4.41424438931459
 H -6.00856345639111 -0.66161536083701 1.21161937551641
 H -5.52192034396478 3.55586399793212 1.67528376217807
 H -9.37115307494581 2.56404856768601 3.90650377422582
 H -8.12116697488317 -0.56706013817774 2.45368162658970
 H -7.61612296856805 3.66228099184335 2.90923726299037
 H -8.15687352329554 1.30276956383202 5.93784030924679
 H 0.55728454591684 0.89619633891327 1.42943911858885
 H -8.23268576772833 -5.51129543563851 6.58520168171048
 H 0.03347968394614 1.13836066062902 -1.24418409917904
 H -6.59859226587253 -5.65583658483717 8.23444152437312
 H -5.98353652098224 -4.20449282988253 8.94814588865291
$end
$temperature
298.15
$end
$mult
 1
$end
$sigma
 1
$end
$pressure
1.00000
$end
$scale
1.00
$end
$msrrho
$end
$freq
5.66
6.28
11.26
21.69
29.17
37.71
45.73
48.63
58.65
71.11
79.78
95.68
121.27
128.76
134.21
138.25
149.91
157.92
190.19
202.85
221.34
236.40
265.86
269.99
287.30
305.91
313.45
331.23
338.54
352.89
364.19
371.56
395.60
400.27
412.21
452.43
455.94
475.52
479.93
481.77
488.16
505.11
532.76
540.36
562.09
571.89
580.22
591.04
605.49
617.57
618.45
638.76
640.25
648.98
649.97
659.02
686.58
705.94
708.08
710.65
729.61
764.62
780.99
803.94
808.18
848.46
852.78
855.28
869.74
882.85
904.15
907.25
922.59
936.04
967.58
990.36
1005.27
1020.57
1025.80
1072.05
1088.39
1097.95
1110.56
1114.68
1122.11
1123.48
1140.87
1149.98
1162.91
1164.90
1180.65
1188.29
1192.72
1204.60
1220.37
1230.02
1242.65
1246.56
1256.56
1267.06
1271.18
1273.67
1285.87
1303.71
1307.03
1331.95
1332.93
1351.64
1358.70
1385.27
1396.89
1411.76
1435.15
1444.18
1451.58
1465.58
1468.28
1473.49
1509.92
1515.16
1554.83
1562.70
1601.64
1611.02
1704.07
1753.35
1793.32
1804.61
2931.55
2946.62
2960.55
2968.32
2983.41
3000.38
3008.76
3047.86
3061.74
3079.87
3097.75
3113.44
3377.59
3388.99
3424.81
3454.59
3459.35
3487.08
3554.90
$end
