
$molecule
 O -1.79281735131018 8.05846157502754 -2.51210813621603
 O -3.19426663730070 10.18361939974813 -6.43934977097979
 O -3.62130532535442 8.49797157553826 -3.67963424041914
 O 2.35142894306922 9.00172380414451 -4.26499165946584
 O 0.86210377964866 7.84397015082112 -3.12834775480005
 O -10.11808182312621 12.46805024959876 -10.47907265619739
 N -2.42550137242313 8.06152411836849 -6.07700900208695
 N -7.29492905548858 6.88431392669255 -10.01950027064896
 N -8.77343470207472 9.98367809381129 -10.91984908727943
 N -6.73832786899409 10.02642917976043 -12.81411141316323
 N -8.73382089853271 13.42358143799420 -11.98676852887864
 N -7.06983326806223 12.27560539947537 -13.18067956854210
 N -7.41781335169692 14.49257752807467 -13.57510830863771
 C -1.57309986689268 8.30388237305461 -4.92846984439925
 C -0.78581402739265 9.61406792184146 -5.10935048548605
 C 0.15105479740311 9.97129980270558 -3.94285088725566
 C -3.28258419402586 8.98502434597934 -6.62239645934603
 C -4.30096999282345 8.40022707755867 -7.52852186210124
 C -2.43958280220080 8.31066823246377 -3.64545405065934
 C -6.31595428914596 7.42739514762829 -9.22263307045469
 C -8.44599131534208 7.63539212475913 -10.45613681471097
 C -5.50165251427619 9.08974895766024 -7.68642577283273
 C -4.11279060331772 7.22099848275134 -8.24756327215183
 C -6.50022249575786 8.61444535432647 -8.50711231551449
 C -5.09899194417285 6.74950256027754 -9.08472817575284
 C 1.14440273545079 8.85716512789833 -3.72247378586711
 C -8.09114932353049 8.89322044456620 -11.21221861765728
 C -8.45886761168163 11.10584956282012 -11.56038108626682
 C -7.06719085816705 8.93190875834022 -12.17133674997681
 C -7.42097626338383 11.14183442959018 -12.52377259370353
 C -9.20344481614255 12.32989156766449 -11.25216295640956
 C -7.71775899435623 13.36028721841751 -12.90291820529503
 H -0.87497664696996 7.45767314518344 -4.86244034355098
 H -0.21163936030907 9.52368387890475 -6.03553532461911
 H -1.50772352867488 10.42050605300746 -5.24448328629970
 H -0.43517791159925 10.11406005766976 -3.03363645003268
 H 0.65710940653886 10.91022108805767 -4.17680090055434
 H -2.74955241823856 7.10785305112556 -6.13857146271415
 H -9.05809262491080 7.92079545400585 -9.59507148582223
 H -9.05134919757891 6.98658311695155 -11.09556380628150
 H -5.63704193893936 10.00992156620961 -7.13924732440999
 H -3.17658283817802 6.68359054191649 -8.19019112966121
 H -6.98233641292947 6.14989340870968 -10.63531642534843
 H -7.42035967556915 9.16864904239480 -8.59683441547821
 H -4.93687493637092 5.84107445933401 -9.64898646437743
 H -6.49587428984516 8.04783447431063 -12.42488549516989
 H -0.83412805548594 7.85632582289016 -2.63289298379721
 H -9.21705988578969 14.29925012917891 -11.82088447833564
 H 2.46251646346981 9.84306033334458 -4.72865017445787
 H -7.73630508002698 15.38713443210983 -13.24765175852297
 H -6.60309075715200 14.45592901533298 -14.16276488741280
$end
$temperature
298.15
$end
$mult
 1
$end
$sigma
 1
$end
$pressure
1.00000
$end
$scale
1.00
$end
$msrrho
$end
$freq
5.19
11.38
12.35
20.94
33.80
43.60
46.27
51.00
74.25
84.39
94.96
97.04
131.15
134.07
137.42
151.94
158.21
165.93
183.02
209.89
235.35
250.59
273.38
285.60
296.64
312.16
314.74
328.01
346.12
355.45
375.04
379.84
395.62
402.65
432.18
455.33
470.24
480.86
487.36
491.12
507.83
510.59
533.92
545.16
554.44
573.57
577.03
580.74
607.81
617.43
640.26
647.03
650.79
659.25
681.85
687.72
689.80
708.40
710.01
730.75
765.24
783.44
790.91
799.72
808.26
850.41
854.72
857.49
870.64
883.38
906.94
910.95
921.32
936.94
968.26
990.69
998.08
1011.83
1039.58
1050.83
1072.50
1099.81
1107.13
1113.42
1121.62
1143.71
1147.28
1151.23
1163.08
1178.66
1181.33
1186.35
1207.82
1230.15
1241.39
1246.64
1251.89
1260.21
1267.84
1271.95
1272.41
1284.32
1295.59
1298.68
1303.63
1333.27
1341.64
1348.63
1358.37
1385.43
1401.61
1412.55
1433.68
1444.58
1452.15
1468.38
1470.04
1475.07
1506.58
1515.83
1554.75
1564.97
1601.98
1610.91
1713.19
1743.94
1753.41
1796.88
2889.09
2951.27
2962.26
2967.00
2980.57
3001.14
3006.16
3045.67
3057.58
3072.25
3081.26
3100.90
3114.53
3377.25
3446.33
3446.41
3479.50
3485.41
3552.64
$end
