
$molecule
 O 5.51430105615668 0.76012597644142 -3.78356877482141
 O 3.12477351780363 0.43483023448626 1.17717380314240
 O 5.49101172225827 1.49341846698808 -1.69476655129699
 O 1.80067966747601 4.08471401013174 -4.38906649692616
 O 0.39665384391470 2.37743205726655 -4.07848758616298
 O 1.38742965846689 5.59501048627222 -6.94885135215386
 N 3.39552661783414 -0.12612594949710 -0.96163124744382
 N 0.07535997996015 5.20994051091158 -1.88648843639826
 N -0.39982566158458 5.74390124308181 -4.73925358219352
 N -2.50507439016183 7.53876420437755 -4.99258868297101
 N 0.20096983161071 7.23328419923521 -7.96253846012528
 N -1.72917813583167 8.21778783779406 -7.05423858891762
 N -0.98903608739839 8.86770927620429 -9.10518455746239
 C 3.66318769911805 0.06170811837213 -2.37317983635685
 C 2.49275367642344 0.67183354291047 -3.18880428035105
 C 2.77803947838298 2.05908510699139 -3.76782157652629
 C 2.98252211515601 0.74357307877994 0.01352642581880
 C 2.24482866664642 1.96408151834843 -0.41925934076729
 C 4.96798233671622 0.86047293738003 -2.56024989031708
 C 0.77751154936979 4.14797193089551 -1.35019215409663
 C -1.17545147087555 4.97369662776860 -2.58605647763261
 C 0.85658209175251 1.90605788422529 -0.48231785433022
 C 2.88726956568804 3.15904769802968 -0.71541400270698
 C 0.12702680423501 2.98353107485923 -0.93740732648841
 C 2.16028401059253 4.23874059754034 -1.17750545920878
 C 1.51232278764008 2.83478810501425 -4.09206121287177
 C -1.31438162794727 5.85467083998777 -3.78881906029181
 C -0.52457360194899 6.50393543505679 -5.82612188448944
 C -2.37123996298041 6.77026653630024 -3.94072783385245
 C -1.59010347941491 7.42513102360569 -5.96557995866433
 C 0.45529745676740 6.36035278908383 -6.90499950337309
 C -0.85455355338038 8.10814107589192 -8.00300342341316
 H 3.86051108948498 -0.94788041760767 -2.76101429100551
 H 2.22134478692249 -0.00496093093724 -4.00106735382406
 H 1.62160832882436 0.74389716346335 -2.53892098203020
 H 3.35474687409386 2.00966590204792 -4.69463982269988
 H 3.34252757549923 2.67133041005379 -3.06368260439663
 H 3.90201692148676 -0.90134429192538 -0.55004418496170
 H -2.02003208820233 5.14488745944119 -1.90697699484727
 H -1.20888277579877 3.93135101384750 -2.93512203054464
 H 0.34812292646607 0.99910509071328 -0.18862565525513
 H 3.96008024638321 3.22731012066710 -0.61298330679258
 H 0.66617773369629 5.90882005198752 -2.31469167450307
 H -0.94735131870043 2.91147123816194 -0.98719189021388
 H 2.66713913265708 5.15480811815695 -1.44575845318709
 H -3.12664900439203 6.87814521114710 -3.17372340891916
 H 4.98121702170849 0.23138266011202 -4.39149331938648
 H 0.84387141427270 7.17124549313585 -8.74397774360317
 H 1.00165134311181 4.61999632586490 -4.64825756835719
 H -0.28106956207671 8.90509411695093 -9.81543367842356
 H -1.72963780793461 9.54631879005162 -9.10398787356317
$end
$temperature
298.15
$end
$mult
 1
$end
$sigma
 1
$end
$pressure
1.00000
$end
$scale
1.00
$end
$msrrho
$end
$freq
13.15
18.16
28.94
32.52
50.53
54.38
64.24
72.64
78.57
83.03
106.13
107.77
126.02
128.80
132.42
142.57
157.88
164.62
177.73
182.16
191.33
205.88
221.78
242.04
279.55
288.09
316.68
328.77
352.17
372.96
378.29
384.52
394.66
412.62
432.87
450.66
462.78
479.78
485.50
489.16
492.07
520.68
539.37
550.55
555.15
574.53
582.59
591.75
596.71
620.32
633.05
641.97
654.43
657.98
668.59
688.12
694.77
697.78
716.04
732.97
738.85
764.56
787.54
798.82
807.07
839.88
854.97
856.91
873.23
886.34
906.61
923.39
925.41
944.70
977.12
985.63
1000.19
1009.83
1026.90
1069.96
1073.99
1093.82
1108.87
1123.63
1124.86
1142.74
1144.80
1166.19
1179.95
1184.19
1189.58
1192.16
1204.49
1213.31
1235.12
1247.70
1249.81
1251.18
1257.45
1275.84
1280.21
1296.21
1301.16
1322.20
1329.09
1342.31
1346.63
1352.14
1359.66
1376.78
1393.42
1408.67
1425.65
1434.96
1446.13
1459.92
1469.26
1477.00
1501.36
1508.00
1555.97
1567.80
1604.49
1611.03
1727.83
1747.27
1779.58
1811.81
2881.01
2882.65
2913.21
2918.06
2966.99
2985.72
3006.20
3029.56
3058.07
3072.88
3080.15
3095.39
3107.22
3378.48
3393.77
3424.49
3493.49
3495.16
3563.11
$end
