
$molecule
 O 10.01297611866777 4.55950119201933 0.49536164626627
 O 9.40270932164541 1.92653905698267 4.70480617967253
 O 11.48663348103190 2.90789391369908 0.46052506811058
 O 8.92693512458686 0.02839464616118 0.96808501112077
 O 7.09171864502497 -0.91597895177661 1.80187140946142
 O 10.05031151219469 6.59562734501728 13.30810175285779
 N 9.81378994831805 3.56911325077351 3.21653012025012
 N 11.07123118871485 6.55794605551609 8.72212931914678
 N 11.48887336886017 7.61988975630284 11.07140182828441
 N 13.17733969457037 9.76528221625040 11.58278641425355
 N 11.05250344303571 8.15506409363493 14.60414563870339
 N 12.59853981566489 9.73838275456905 13.81479642734801
 N 12.06071744432416 9.68988802516967 16.02601842835971
 C 9.66752854690230 2.73093565491936 2.03674518479271
 C 8.18842050055745 2.57169656590967 1.62043267670291
 C 7.52123518668058 1.38720590422668 2.32304751029547
 C 9.77657064190793 3.06490499287838 4.48572237420563
 C 10.15538056547125 4.01250471248729 5.55223301536189
 C 10.48727456854211 3.37121184698220 0.91843785204413
 C 10.80809718900155 5.72660258439182 7.68256129294470
 C 12.06229982313140 7.59375320538873 8.72605931691078
 C 11.04649679303015 5.06854915288288 5.37012308884483
 C 9.61612697842732 3.81170470849561 6.82666300854599
 C 11.37184916583938 5.90945928542795 6.41259036411642
 C 9.92416958300655 4.65148982504253 7.86673536733857
 C 7.79613903134825 0.05094171215685 1.68652347674895
 C 12.19798205184653 8.17179537092364 10.10611036347697
 C 11.60492954540863 8.12012102505689 12.29944343386354
 C 13.04643437782399 9.25786055705118 10.38260588162407
 C 12.46290827180399 9.21107351199605 12.57406367412993
 C 10.82167443096649 7.52041562274708 13.38127331112356
 C 11.91188547112287 9.20882184233638 14.77648534933028
 H 10.08961722829981 1.74523282285371 2.25648928997306
 H 7.64150790035192 3.48059119097460 1.88745454552180
 H 8.12917589594841 2.43235763531284 0.53834464212256
 H 6.43885722639675 1.51281678625339 2.36771725810196
 H 7.89457814972998 1.32596295184581 3.35230276208218
 H 10.15288657597521 4.50942413004927 3.08700124104736
 H 11.78801393004885 8.40078307333557 8.02975525302170
 H 13.04615190696291 7.21010929996174 8.41003322606065
 H 11.53307304431228 5.22510977361873 4.41663594369283
 H 8.94602521062964 2.97794548430060 6.97121215274672
 H 10.70817945726155 6.32758531569787 9.63727923439077
 H 12.07301254735695 6.71175872497222 6.24278542563524
 H 9.49444156286713 4.49210975473338 8.84462967548833
 H 13.63329436122422 9.72394497897401 9.60138200034705
 H 9.16463851563272 4.78281763036683 0.90223924493172
 H 10.54586088040529 7.77500673762443 15.39581493141081
 H 9.07929328353962 -0.85899675187169 0.60803079021724
 H 11.44647550124164 9.41922014793415 16.77232717965617
 H 12.63321199235481 10.50882687744418 16.13039941731979
$end
$temperature
298.15
$end
$mult
 1
$end
$sigma
 1
$end
$pressure
1.00000
$end
$scale
1.00
$end
$msrrho
$end
$freq
7.78
11.83
18.83
26.09
26.80
29.13
37.43
40.86
44.98
53.90
73.25
84.41
101.09
112.30
136.54
137.47
141.70
147.26
176.59
185.57
195.76
206.63
232.51
249.32
260.07
280.22
312.71
315.24
352.20
362.98
374.24
376.81
399.40
404.72
415.13
447.90
461.50
464.90
481.74
482.08
487.18
496.31
499.27
511.13
536.41
550.27
558.35
571.28
585.64
605.49
610.64
634.34
639.76
648.24
648.62
661.12
675.92
685.60
703.96
710.90
724.21
761.57
799.58
811.69
830.51
852.93
867.82
873.82
877.26
888.93
901.74
921.04
922.06
947.57
957.94
962.02
999.67
1008.06
1029.22
1070.14
1079.11
1097.47
1119.11
1120.74
1131.42
1135.30
1145.34
1150.81
1163.63
1165.74
1168.95
1190.92
1202.84
1212.48
1215.92
1217.42
1230.60
1243.74
1253.62
1258.23
1273.19
1284.00
1289.44
1321.55
1322.85
1342.20
1347.77
1353.34
1359.44
1389.63
1396.99
1409.39
1418.34
1433.78
1444.30
1456.69
1459.59
1468.42
1513.34
1523.81
1555.43
1556.70
1603.33
1610.91
1699.06
1749.74
1787.05
1816.06
2828.65
2876.51
2930.88
2951.77
2968.02
2976.58
3004.54
3049.19
3054.51
3082.36
3095.84
3100.38
3377.35
3400.49
3446.57
3456.92
3478.89
3491.65
3560.65
$end
