
$molecule
 O -5.78218150233985 4.66438512099609 -4.42946545201432
 O -3.43154248306766 0.60141058934587 -6.03363034588201
 O -7.09963486554147 3.65622573772528 -5.91874014702548
 O -5.19742805704162 3.16696501523123 -9.47479714064737
 O -3.04868978769923 2.72684419243054 -9.04839615164965
 O -5.50150531683791 1.42787270406806 -11.53022280529527
 N -5.15656003570460 1.91062530401034 -6.64556038847735
 N -6.18343563662818 -3.17053353515523 -10.39178348894818
 N -7.02302134977353 -0.96079441628907 -11.71196829142646
 N -9.32736474354361 -0.83167577400703 -13.26115490544912
 N -6.96422665959935 2.41621326806664 -12.94051130593706
 N -8.86157417468863 1.35549646957860 -13.83423491411041
 N -8.39144175229763 3.50766170770135 -14.41361992393253
 C -4.78539943793271 2.98665620006151 -5.76679159667731
 C -3.72155495364996 3.91144081616072 -6.39636583808695
 C -4.16304473916496 4.43261914399034 -7.76502544095215
 C -4.42440529484301 0.76555685177988 -6.71634902286783
 C -4.93686594229077 -0.23642059488150 -7.68061858715940
 C -6.02178558300915 3.77915700880875 -5.39961112750215
 C -5.80954237831379 -2.16722764305329 -9.51569986811037
 C -7.49172848794458 -3.21636607136207 -10.98804076117481
 C -6.29488957431761 -0.45337716531208 -7.89079343856391
 C -4.01795909909472 -1.01159954794993 -8.38420432741317
 C -6.72780748690636 -1.41464196285746 -8.78158515374051
 C -4.44604819832749 -1.94773086382988 -9.29582334241496
 C -4.05346547529173 3.34009211577870 -8.81498865895415
 C -7.84326794154080 -1.98654657310581 -11.79379746430526
 C -7.34904194376536 0.15279741398410 -12.36332155182534
 C -9.00593183244469 -1.90542758187807 -12.58244248619964
 C -8.51615033283434 0.23153710341830 -13.15893685382368
 C -6.49888884012830 1.32678324629714 -12.21339133174576
 C -8.09594164755537 2.39179688743174 -13.71826737499669
 H -4.35408072166014 2.55241487967458 -4.85555696778606
 H -3.52872633014838 4.73942524566400 -5.71376383007257
 H -2.80615950998973 3.33093273888887 -6.52162083270059
 H -3.49344802289404 5.23959019537897 -8.06976623370514
 H -5.18667361240509 4.80768078530525 -7.74250665562018
 H -5.96200435371863 2.05648975830716 -7.23448495876346
 H -8.24375065408323 -3.33545394064060 -10.19823415820050
 H -7.55189505077379 -4.10229377574147 -11.62709729739112
 H -7.02907842140703 0.11173307972706 -7.33320618194294
 H -2.96561477720639 -0.84486633654790 -8.21451765725156
 H -5.43967337325522 -3.42057226715635 -11.02830176734328
 H -7.78848807675691 -1.56701482116141 -8.91093573658488
 H -3.72402422007844 -2.52514812916674 -9.85588215327738
 H -9.68425315698890 -2.74471739830699 -12.66958251062471
 H -6.58683311925914 5.16401361880913 -4.21667883597770
 H -6.41350300309217 3.26481504926399 -12.86841918763962
 H -5.11775865388910 2.45774714460570 -10.15619240617607
 H -7.93645765988095 4.38157198781293 -14.22029914049782
 H -9.26559472839745 3.51005001808863 -14.90929700115126
$end
$temperature
298.15
$end
$mult
 1
$end
$sigma
 1
$end
$pressure
1.00000
$end
$scale
1.00
$end
$msrrho
$end
$freq
3.53
18.23
24.70
32.70
37.07
44.43
55.19
56.40
58.42
63.85
82.73
106.54
111.77
128.92
130.97
137.10
147.81
171.83
185.75
219.07
227.76
236.54
244.78
266.08
276.56
297.24
319.51
325.34
348.26
359.25
376.65
393.55
400.56
415.05
426.41
451.54
461.55
478.34
485.90
489.64
497.91
516.34
544.35
559.66
569.29
570.32
586.90
597.67
609.21
628.45
637.11
643.12
649.25
657.05
663.53
666.54
687.23
707.09
711.90
721.53
761.27
781.71
806.74
827.00
837.92
852.59
854.97
867.59
875.18
898.94
904.77
918.46
927.50
942.45
950.53
970.80
993.75
1012.22
1028.17
1069.93
1073.98
1105.03
1113.90
1116.01
1126.60
1131.46
1147.14
1160.78
1172.56
1176.98
1184.20
1186.62
1200.66
1202.97
1206.74
1225.63
1242.37
1244.95
1251.83
1267.00
1274.61
1288.81
1292.08
1306.88
1314.51
1328.16
1333.98
1351.96
1356.18
1383.63
1399.78
1409.72
1433.35
1439.39
1445.53
1448.34
1457.45
1466.47
1501.57
1516.09
1551.41
1571.05
1603.05
1612.56
1711.41
1723.44
1784.58
1795.84
2912.69
2914.11
2956.12
2980.86
2997.09
3000.71
3008.20
3048.05
3064.46
3068.81
3088.10
3105.04
3142.74
3372.08
3423.80
3437.93
3447.74
3489.07
3557.10
$end
