
$molecule
 O 2.84396373706160 9.10188777401243 -7.07434170189144
 O -1.05968559740798 10.78622715245836 -9.06706445793400
 O 1.89758049613610 7.32751706475905 -8.00642040524428
 O 2.36695882791286 9.30701754850506 -3.52868197500771
 O 1.70692958349767 7.49207093422396 -4.61057783477215
 O 0.09609861681470 8.91596420373971 -16.26234783687510
 N -0.37302562085318 8.70764848690743 -8.55897492894068
 N -3.82734989057375 7.50559804680385 -13.80551333086039
 N -2.66459342077912 9.18672293626230 -15.59433043045822
 N -3.85349145410613 11.60279794992483 -16.28049526579974
 N 0.05711470114992 11.03217308555766 -17.05582636340618
 N -1.85453049217416 12.39595281636667 -17.10868814703342
 N 0.10914658175320 13.16894122205159 -17.96625478138531
 C 0.43788801410345 9.14182206823412 -7.44933557469888
 C -0.27862313487351 8.83487589419020 -6.11794343912632
 C 0.38107948457467 9.47766794019215 -4.89939904589825
 C -1.02973718727948 9.59898793718449 -9.34986702379668
 C -1.72380741249838 9.02478069855884 -10.52165708053662
 C 1.78628760871348 8.41973967136338 -7.53618248194955
 C -3.12566136846449 8.06337089250878 -12.75930596143556
 C -4.69020448814793 8.31081825934102 -14.63535423900536
 C -2.80663514367996 9.72655568045555 -11.04774784293821
 C -1.33220249242208 7.84151148164203 -11.14940403807170
 C -3.50424661686453 9.25746974330364 -12.13867606068510
 C -2.01758534705144 7.37648532291670 -12.24767259157522
 C 1.54010068153426 8.64635681766716 -4.36221499613574
 C -3.93904587313433 9.41580544084929 -15.34058734155978
 C -1.96285326673090 10.14991606675147 -16.18267018484157
 C -4.52648575831382 10.63861347957556 -15.70009879292136
 C -2.55425298470473 11.38895421334448 -16.52878957822363
 C -0.54609387997349 9.91545335773531 -16.47024338529937
 C -0.59900816319984 12.19848813122746 -17.35050630681454
 H 0.55619873308727 10.22943759600685 -7.56092440492333
 H -1.30064888438779 9.20330689591023 -6.21838751142324
 H -0.30814151320338 7.75297156923824 -5.97395344686193
 H -0.35202428400154 9.53416118804669 -4.08828608049475
 H 0.70460113900124 10.49931089551056 -5.12111182216679
 H -0.29807751405011 7.73380471456130 -8.80841340604313
 H -5.49679813366997 8.73497174573628 -14.03046580355200
 H -5.14760407885841 7.65329627551489 -15.38178342295282
 H -3.09125843300914 10.65546781127597 -10.57645031037236
 H -0.46366156310204 7.29556604388237 -10.81004523365192
 H -3.27858746835519 6.83922135563237 -14.33097007128301
 H -4.33814352743971 9.83085704795183 -12.51235257417263
 H -1.69382007080556 6.47001190178739 -12.73810926989764
 H -5.57344368418670 10.83774252767128 -15.50849128183124
 H 2.62294128626349 10.00040949806917 -6.79772063571234
 H 1.03965916692960 10.92859219788325 -17.28319842720185
 H 2.10072795634939 10.22197711506126 -3.36990276929796
 H 1.11302968927922 13.14488146183048 -17.98533889620355
 H -0.35615055585500 14.05229583983637 -18.08263520685892
$end
$temperature
298.15
$end
$mult
 1
$end
$sigma
 1
$end
$pressure
1.00000
$end
$scale
1.00
$end
$msrrho
$end
$freq
5.28
7.49
13.13
15.62
21.53
26.35
38.99
43.97
45.64
57.76
69.76
82.89
86.82
119.84
132.09
136.16
138.85
155.02
174.45
218.98
234.93
257.84
269.99
277.71
284.25
306.89
315.60
335.50
342.94
354.19
360.99
378.46
396.12
404.16
429.61
444.32
461.05
475.27
477.37
481.63
487.80
494.75
501.51
516.87
542.85
558.70
567.52
584.70
597.11
605.15
610.66
632.90
636.02
640.99
649.23
651.02
661.06
686.35
695.80
707.66
715.26
763.19
780.82
806.14
808.34
851.53
855.84
865.96
876.90
890.38
894.13
906.14
918.61
944.28
975.86
996.02
999.56
1010.78
1039.57
1071.79
1080.69
1087.40
1091.81
1109.08
1113.70
1119.42
1133.29
1148.82
1162.93
1163.52
1177.18
1183.43
1187.82
1200.03
1212.24
1216.07
1217.41
1242.57
1268.22
1272.53
1275.31
1285.00
1287.91
1307.76
1316.40
1330.93
1337.39
1352.13
1358.60
1387.91
1404.98
1412.07
1435.50
1439.92
1443.07
1454.60
1455.43
1468.00
1504.34
1513.82
1554.51
1564.73
1601.33
1610.72
1690.42
1751.70
1801.16
1818.14
2889.06
2940.24
2942.17
2956.61
2959.11
2994.80
3001.22
3045.02
3070.06
3083.92
3089.30
3100.45
3377.72
3426.31
3451.98
3486.12
3493.77
3494.60
3553.55
$end
