
$molecule
 O -4.81334783885096 -5.79657371255779 -0.24405112933546
 O -2.55370322934168 -4.44714000833237 -0.63071633629380
 O -3.65281777113880 -6.37380815819934 -2.06815851774324
 O -2.74626979933399 -4.34253374081822 -5.90562652911502
 O -3.83113462559384 -2.69702255252942 -4.91518557661608
 O -1.50146893922427 3.09829592290086 -0.50618323358791
 N -3.68355529836063 -3.27515281865001 -2.13479026019823
 N 1.87337261897174 -0.03862686640032 -1.92504297514007
 N 0.90980627594262 1.64470567066865 -0.03625057607281
 N 1.81000891795480 1.59658638970360 2.59257091744335
 N -1.60697933130195 3.53566616157681 1.70869679620249
 N -0.00476156601265 2.83997724135786 3.27855459405459
 N -1.77403661026107 4.10546746772748 3.95495830165107
 C -4.77967488429276 -4.20782114127069 -2.00471736531915
 C -5.48496406941226 -4.41446490125845 -3.35221927947562
 C -4.55489390327045 -4.94775101538657 -4.44338543620912
 C -2.57324756544176 -3.49174615636963 -1.40870569545208
 C -1.44359715643645 -2.56445975063347 -1.57211437069461
 C -4.24302687083751 -5.53409490175308 -1.42770798649101
 C 0.77637270546615 -0.85224100974749 -1.75291310393915
 C 2.74069618783613 0.28971147042096 -0.82153947667214
 C -0.43975646815915 -2.58255625426213 -0.60401095691059
 C -1.31411915996474 -1.68379132088759 -2.64918592308747
 C 0.64862447762552 -1.74330729251213 -0.68297250260651
 C -0.22529658427293 -0.84841069259115 -2.73231003666342
 C -3.69735838939497 -3.87915843112340 -5.08191806683944
 C 2.01535257384512 1.00562171026724 0.29412023409199
 C 0.23266861324829 2.25932819350826 0.92873992138391
 C 2.46006999630957 0.99545723099552 1.62573253850122
 C 0.67670917196772 2.23642616783426 2.27280683274444
 C -1.00079706691411 2.96913373215114 0.58343675699509
 C -1.10091668575993 3.45862327070503 2.97972196160419
 H -5.50727472351358 -3.82542987532256 -1.27326944462002
 H -6.30557368249425 -5.11690880233203 -3.20119717844383
 H -5.90372329484575 -3.45695445708015 -3.67134900021525
 H -5.14799153750436 -5.40468335433306 -5.24145545173209
 H -3.91241316750904 -5.72052401928158 -4.01045336230982
 H -3.76700999899700 -2.53082620099125 -2.80974431762548
 H 3.54133469647007 0.93327358393084 -1.20055998496250
 H 3.20732635318611 -0.62113670390170 -0.43415753864082
 H -0.54022307114291 -3.27072538631336 0.22192045008642
 H -2.04653685384116 -1.65687832889088 -3.44181021949678
 H 1.68952440637681 0.74095774110061 -2.54071692079299
 H 1.39523988396234 -1.77959320794557 0.09497499093026
 H -0.13521459405639 -0.16890857966937 -3.56715536429242
 H 3.37029314070579 0.48295485875480 1.91075672704657
 H -4.45011302166153 -6.62168902241257 0.11062331474378
 H -2.46393253811967 4.04753398697182 1.53143165601057
 H -2.70169037570774 -5.30816400235179 -5.91365236561786
 H -1.44852162985517 3.95495759137373 4.89397222597900
 H -2.71900471699532 4.41529827414408 3.81449426372457
$end
$temperature
298.15
$end
$mult
 1
$end
$sigma
 1
$end
$pressure
1.00000
$end
$scale
1.00
$end
$msrrho
$end
$freq
5.00
9.90
13.39
17.04
27.96
37.67
43.86
49.37
58.37
71.18
94.33
128.94
132.99
135.88
151.42
159.04
179.13
187.56
202.29
235.03
246.36
259.37
273.65
276.68
290.68
308.62
315.42
328.74
348.43
354.60
360.22
376.59
399.41
412.87
440.80
460.75
471.45
480.75
487.49
488.33
502.92
508.75
519.77
531.15
556.98
560.50
567.83
583.41
596.77
600.24
615.39
632.45
640.74
646.01
649.39
658.64
670.05
685.82
705.09
709.00
713.57
762.97
801.80
808.73
832.06
838.15
852.19
866.06
875.84
888.11
909.31
919.82
923.45
944.49
953.44
975.28
995.76
1009.49
1024.78
1071.71
1088.02
1103.36
1110.67
1114.93
1119.44
1135.49
1141.09
1150.66
1156.69
1162.93
1179.47
1204.71
1207.36
1212.95
1214.43
1225.41
1236.97
1242.26
1269.53
1273.58
1282.53
1286.69
1298.36
1308.82
1322.94
1331.54
1345.97
1354.55
1358.22
1389.17
1411.72
1413.84
1422.76
1435.99
1442.76
1453.47
1460.73
1467.91
1505.84
1514.36
1554.27
1562.61
1598.72
1610.77
1637.87
1735.47
1751.64
1782.15
2877.00
2937.86
2951.05
2954.66
2959.34
2976.70
2998.81
3045.65
3079.23
3089.85
3095.31
3100.60
3377.57
3429.54
3438.21
3474.33
3486.26
3487.72
3553.66
$end
