
$molecule
 O 0.68447141107303 -4.35081785962459 2.20833603630848
 O 2.82117907503498 -4.70365564371180 0.77521501252113
 O -1.29289562830280 -5.31775419847242 1.97465294778240
 O -2.78516604585194 -3.20334286203979 -2.07623284825680
 O -0.66575956261144 -3.81266120008676 -2.38666467079686
 O 8.12468169074992 -7.96836203232534 4.07281567371914
 N 1.37727253443371 -6.30078240068002 0.13505354903730
 N 7.04573420310160 -9.28979067819897 -0.44744113049555
 N 7.27174886934463 -9.92110847533183 2.17776497052734
 N 6.00410186558438 -12.16200940266933 3.22070199684756
 N 7.18793927706718 -9.22109663477125 5.70555788349050
 N 6.14794187195534 -11.29803735554255 5.35260136510293
 N 6.32132409595125 -10.46518155144511 7.46505739612197
 C 0.22250094371152 -5.41327359927879 0.09346971928062
 C -0.90817355315873 -6.08255175874365 -0.68592064072439
 C -2.08078454417868 -5.13870706681754 -0.94106619164697
 C 2.62906250461766 -5.85856321033142 0.38589406483496
 C 3.73385341085598 -6.80862921673307 0.17826704984058
 C -0.21352001648803 -5.03031643658802 1.52955561309986
 C 5.94822154646663 -8.50269912939329 -0.19255930485784
 C 7.06025971349656 -10.68869771256740 -0.09081432574066
 C 3.57596743087554 -8.19328119625255 0.14485112830592
 C 5.02363900558307 -6.28643004963478 0.04220902895935
 C 4.66017759015664 -9.02553155215957 -0.03234308751701
 C 6.10418488620553 -7.11099968493487 -0.14763361662692
 C -1.73382881421552 -4.00537398809121 -1.86941695694278
 C 6.85221762421933 -10.89476563014570 1.39165225842399
 C 7.06514877494510 -10.04094584116796 3.48452851085743
 C 6.22574120468852 -12.02622148021090 1.93523815324120
 C 6.40537410530690 -11.17039654652408 4.02778323066694
 C 7.52456050381890 -8.97031747894699 4.37262938821624
 C 6.53255787058530 -10.34396189171108 6.13851639209544
 H 0.52820106354387 -4.48520812112051 -0.41180940064112
 H -0.51324247717412 -6.42923171135742 -1.64367377587636
 H -1.27076999537349 -6.93761903696184 -0.11218594026273
 H -2.43988529540632 -4.71953012198197 0.00053455965444
 H -2.91488941801511 -5.68476747648311 -1.38607334788638
 H 1.23863819468600 -7.23606705844945 -0.20967654755860
 H 8.03220997884518 -11.09946917533009 -0.38110047773219
 H 6.29247302291002 -11.22573414409300 -0.65524570135572
 H 2.60636525229176 -8.64634881909481 0.29827942662217
 H 5.14882502564605 -5.21569355443505 0.09178621947112
 H 7.91804207103562 -8.81833236248893 -0.25248158937892
 H 4.50002581904332 -10.09239114172359 -0.03198619948065
 H 7.09392075645377 -6.69117122013694 -0.24917674031155
 H 5.89229405922330 -12.84224237660213 1.30632055570969
 H 1.55218199037141 -4.27331904102514 1.70332143503116
 H 7.48039447287257 -8.51354081103580 6.37020071612167
 H -2.54521913942892 -2.47360403344902 -2.66906123952848
 H 5.75639339966298 -11.24318854139987 7.75802200879007
 H 6.42236837382729 -9.67909448773151 8.08188644295350
$end
$temperature
298.15
$end
$mult
 1
$end
$sigma
 1
$end
$pressure
1.00000
$end
$scale
1.00
$end
$msrrho
$end
$freq
5.00
8.99
13.62
17.24
28.06
41.00
42.50
45.24
51.54
72.64
83.82
93.44
126.56
136.33
136.71
143.48
159.90
184.09
218.52
224.68
237.03
251.11
272.72
274.24
286.34
303.86
307.85
315.79
352.54
356.34
376.64
386.98
398.80
418.78
428.47
450.46
471.92
481.40
488.40
497.75
500.67
508.72
517.51
530.83
566.60
574.33
592.35
595.84
610.25
623.53
639.21
641.72
649.54
652.57
656.82
660.28
686.75
705.76
714.33
726.65
763.22
786.71
795.07
804.56
852.01
856.36
865.19
875.58
879.03
892.36
897.53
903.39
921.01
943.78
975.83
995.54
996.93
1008.30
1058.43
1071.57
1079.23
1108.62
1110.74
1119.45
1133.12
1138.59
1149.10
1163.14
1166.37
1174.60
1177.42
1206.88
1214.45
1217.00
1218.63
1232.98
1243.46
1262.81
1270.84
1276.88
1286.14
1290.43
1311.06
1312.06
1330.50
1332.10
1345.50
1358.70
1359.74
1389.61
1409.30
1411.94
1427.44
1435.85
1443.93
1452.37
1455.90
1468.53
1505.23
1512.89
1554.68
1561.52
1599.98
1609.80
1631.38
1752.49
1778.40
1793.85
2714.62
2894.92
2944.38
2960.00
2974.77
2981.63
2989.92
3000.79
3044.09
3062.00
3083.95
3098.77
3104.01
3376.92
3427.46
3447.32
3471.07
3486.47
3553.93
$end
