
$molecule
 O 4.11208680499720 1.85265805430453 -2.81888874134223
 O -0.19564117431700 0.81094141059105 -2.06168352341643
 O 3.11538179120360 3.56687641336586 -3.83828316473143
 O 3.96717057682506 6.17720712265029 -2.70926176835854
 O 4.68403089532536 4.61993803562248 -1.32034631426021
 O 3.55474727229261 -6.96489387473326 3.90577827432772
 N 1.94527711794752 1.17720896418123 -1.46458321361461
 N 1.19440118489513 -4.89334542090778 0.39506322302034
 N 1.49983601047518 -6.99351861825739 1.92987022605598
 N 0.04291615141154 -9.34940721849953 1.71793399917420
 N 2.99495713667534 -9.08799662596273 4.44745582701382
 N 1.28172126934363 -10.31325675481718 3.40730169645398
 N 2.53161051366690 -11.28480918018943 5.04373952746490
 C 1.97555278435324 2.50930960988846 -2.00322291327687
 C 2.11685122014451 3.55405894557284 -0.87353487976887
 C 2.31115683182033 4.96882671923831 -1.41302470932277
 C 0.83376126983539 0.39327836809525 -1.55954102495756
 C 0.96769458941954 -0.97451867029024 -1.01445203882356
 C 3.10894075798475 2.70522203945796 -2.99690576280082
 C 1.08040172581972 -3.61693816192910 -0.06055630314068
 C 0.23064318262617 -5.93123172849476 0.17072371517002
 C 0.06355972178257 -1.93925519132168 -1.45760641531507
 C 1.92301972318928 -1.34910649813695 -0.06748818916679
 C 0.11690574635115 -3.23742897991440 -1.00371877081621
 C 1.97502661398095 -2.64039006633228 0.40202442791131
 C 3.76212982884021 5.20933787322700 -1.80990183989002
 C 0.52698761918806 -7.11380840467043 1.04757615133885
 C 1.76549193085073 -8.03457716514001 2.71625463493141
 C -0.20032546361277 -8.31352136815209 0.95463339202867
 C 1.03211615391889 -9.24009162879670 2.61779834562260
 C 2.84282721811593 -7.91734896100942 3.70036692483568
 C 2.23519730364250 -10.21603897231781 4.27736517620799
 H 1.02248774280421 2.66317381170424 -2.52573795090841
 H 1.22040528971587 3.49839566504631 -0.25579473487189
 H 2.98339181541873 3.29415748260221 -0.26086157525780
 H 2.08011260766622 5.69517773788009 -0.62814641154001
 H 1.64760231835790 5.15101831592752 -2.26044804508693
 H 2.82180865966137 0.78769866789950 -1.16034135426267
 H 0.24533487427024 -6.25680437630191 -0.88039746169154
 H -0.79246697886899 -5.58398418546701 0.38979323812562
 H -0.68435607641769 -1.64164836487663 -2.17711938018009
 H 2.61356348750015 -0.62351339174021 0.33797105679856
 H 1.83248172511722 -5.08085170216424 1.15661267545872
 H -0.58868656636684 -3.96147166121192 -1.38017978924486
 H 2.70972775874803 -2.91927031582305 1.14361821735624
 H -1.00259576336532 -8.42795827695886 0.23688351013227
 H 4.85030109882889 2.06566500557845 -3.41196535302885
 H 3.73642023949065 -9.07175058430345 5.13868091562797
 H 3.15159095485679 6.47488954371552 -3.13271965208127
 H 1.91600152572115 -12.07552211497331 4.97034110923195
 H 3.13835097786672 -11.20800032284625 5.83985401686527
$end
$temperature
298.15
$end
$mult
 1
$end
$sigma
 1
$end
$pressure
1.00000
$end
$scale
1.00
$end
$msrrho
$end
$freq
9.32
10.11
17.49
24.54
29.74
35.08
40.82
47.81
53.70
60.39
77.76
94.55
96.42
110.13
123.64
137.01
138.03
142.59
180.09
182.20
209.17
226.08
249.68
260.89
275.33
305.20
315.09
328.98
345.21
352.75
363.64
377.20
404.46
418.21
431.66
442.91
449.17
467.86
479.90
482.45
487.19
496.85
504.16
518.86
547.60
549.94
564.64
573.31
586.49
606.42
609.29
628.54
634.48
639.47
645.41
647.73
660.58
685.61
704.87
718.52
723.55
761.40
797.40
803.58
826.11
850.10
866.34
873.64
876.08
893.39
896.22
905.05
919.12
948.76
961.18
997.31
1000.20
1008.21
1038.77
1070.52
1087.81
1102.28
1104.93
1120.73
1132.66
1138.55
1143.83
1149.97
1163.86
1168.64
1176.16
1181.08
1195.32
1202.54
1214.88
1217.64
1237.20
1244.96
1255.13
1264.79
1269.54
1273.38
1282.78
1312.74
1321.52
1334.52
1348.12
1350.11
1358.56
1392.04
1405.46
1409.59
1424.87
1434.00
1443.60
1459.28
1462.91
1467.94
1512.47
1521.58
1555.94
1557.04
1603.53
1611.07
1696.30
1748.84
1774.13
1792.55
2827.41
2877.04
2924.82
2956.39
2980.11
2988.56
3001.43
3049.53
3066.85
3081.18
3090.45
3101.12
3377.73
3402.67
3440.95
3481.06
3490.24
3497.46
3558.78
$end
