
$molecule
 O 1.08958272496056 -2.93514719874576 5.56126818994180
 O 5.19297794507506 -3.95915850068246 4.93851450999580
 O 0.97690196358552 -1.02538807450101 4.44045452432175
 O 6.10807536196650 -1.42028539840461 5.00104542552543
 O 6.00432989678306 0.47368587636038 3.87589696962536
 O 2.42646251693413 -15.65335488750613 2.81890567074193
 N 3.15791568597227 -3.68348805845756 4.00117221836605
 N 4.47055842052997 -9.79416387880404 2.57236207739861
 N 3.34396431585934 -13.05863117963824 2.04840616101813
 N 5.18326124446003 -12.99206781186657 -0.03739671165392
 N 3.75474652981276 -16.54075825589925 1.22097255801662
 N 5.13602913875562 -15.28742511083837 -0.20590005889914
 N 5.11987061549322 -17.55791639248264 -0.35846951118659
 C 3.04634017818125 -2.27041507259183 4.31820188463846
 C 3.45476609350097 -1.36625501944752 3.15141034429036
 C 4.95885809828338 -1.41838351862629 2.85635610143512
 C 4.25662340892938 -4.43315726195773 4.30288557962886
 C 4.23698802072786 -5.83092035552033 3.85080397953715
 C 1.60258567752285 -1.98791355532767 4.76522610263524
 C 4.36104781323957 -8.51407483966159 3.01957032382847
 C 3.35424459165175 -10.65870242653379 2.26947372585307
 C 3.08139991105929 -6.51542260556325 3.47037193604736
 C 5.45391863440747 -6.52161967484982 3.83099064982024
 C 3.13808540958677 -7.83067558998711 3.06762590996505
 C 5.51864701025983 -7.82803276526987 3.42038612420414
 C 5.74559903066867 -0.69601994512167 3.94929856299499
 C 3.83182216496084 -11.91666765815870 1.60342161451826
 C 3.75485271274018 -14.17995614638399 1.46314225306499
 C 4.75776170571490 -11.89882275427252 0.54762289204501
 C 4.69548425977271 -14.16056080332937 0.40264689438766
 C 3.22334035313229 -15.46205452429185 1.93520891974941
 C 4.66955803818047 -16.42258924153314 0.20831689433663
 H 3.69251223219581 -2.07715949828817 5.18555237844027
 H 2.89658119891405 -1.66809624192773 2.26168781946780
 H 3.16438936545155 -0.34273211592135 3.39227965621827
 H 5.14853745577340 -0.89293188545565 1.92012073986681
 H 5.29744096591326 -2.45148991297958 2.75563200430841
 H 2.52897016135417 -4.02548010087643 3.29068777639891
 H 2.67812525351706 -10.13503110759334 1.58299223120290
 H 2.78669390601875 -10.94028201701469 3.16720278326909
 H 2.11183495227969 -6.03978295047521 3.51849262460392
 H 6.34436703977856 -5.99922647457245 4.14583781313497
 H 5.34688693502281 -10.25734223256884 2.75886023484342
 H 2.22455291347549 -8.33713195843113 2.80132944820780
 H 6.46719836649634 -8.34480001847676 3.40443414551075
 H 5.15976570488830 -10.96720297937459 0.17039560117489
 H 1.72972779054681 -3.64055440463888 5.74366172230607
 H 3.42917695244164 -17.45631994742608 1.51032421284462
 H 5.84145352951756 -2.37311056033876 4.96566547978184
 H 4.69241580998871 -18.44705048235747 -0.17359342326037
 H 5.73492999375160 -17.45893548142187 -1.14664196451337
$end
$temperature
298.15
$end
$mult
 1
$end
$sigma
 1
$end
$pressure
1.00000
$end
$scale
1.00
$end
$msrrho
$end
$freq
7.12
12.07
15.10
26.36
32.38
38.69
43.83
51.79
73.23
80.09
89.28
101.71
104.14
132.96
135.49
145.02
155.14
156.68
180.37
188.52
199.19
206.34
224.10
272.81
281.16
300.23
314.68
338.93
349.95
364.54
369.21
394.36
402.85
420.18
443.14
454.39
455.42
466.79
475.26
484.71
488.43
489.03
508.87
524.94
547.92
560.89
578.51
581.65
597.76
607.19
630.16
641.31
642.69
650.01
663.20
688.84
691.13
702.28
710.41
734.51
765.57
801.86
805.82
814.30
826.72
851.12
855.27
868.34
883.34
890.18
902.28
921.74
935.99
946.27
968.40
979.51
996.73
1008.83
1022.19
1071.00
1073.75
1100.90
1107.73
1115.39
1119.94
1124.68
1143.07
1157.11
1162.62
1168.29
1177.61
1189.17
1207.24
1209.81
1222.78
1230.99
1240.36
1249.21
1254.25
1266.48
1270.58
1277.24
1283.72
1302.85
1316.70
1335.09
1343.01
1360.50
1361.69
1395.24
1400.53
1410.61
1439.23
1447.42
1458.47
1466.85
1469.67
1472.32
1513.46
1519.26
1554.81
1555.10
1600.79
1610.34
1660.95
1754.17
1781.92
1817.22
2891.78
2913.08
2923.58
2973.80
2982.24
3010.64
3013.79
3027.38
3050.95
3066.24
3078.55
3102.13
3109.73
3376.92
3428.33
3443.46
3448.83
3491.74
3560.91
$end
