
$molecule
 O -2.54183445767779 3.02849196207218 -4.30300826136461
 O 0.00209328738675 1.31670083415011 -1.93443609816004
 O -4.45319434745308 3.31471458984704 -3.18646808698224
 O 0.46952462720433 6.85842863170497 -0.17038156677599
 O 0.65447357203481 5.56068933680469 -1.94746271657444
 O -2.79375951513712 -4.24251059220778 -5.16068201495681
 N -1.15306314937521 3.24397523595359 -1.96521604778449
 N -6.01451757138876 -0.85787474911811 -1.47315122162537
 N -4.61038767444445 -3.43524760382939 -3.11080637496528
 N -4.33627595762227 -4.72875601303135 -0.66480903063073
 N -1.81999071667015 -5.63833322922668 -3.67410101912419
 N -2.54218230035272 -5.93547462600008 -1.45939965349655
 N -0.78815753971971 -7.15651820662129 -2.25013420591116
 C -2.38244988938551 3.97909478530177 -2.12899003225619
 C -2.12220318198839 5.44795736819537 -2.48993449220206
 C -1.56225789695038 6.26744251194728 -1.32502837768333
 C -1.06745974318993 1.88788968561194 -1.90198376035987
 C -2.37426124270458 1.17330081787830 -1.77940496562231
 C -3.25538065721813 3.38392980041502 -3.23842009409495
 C -4.78912170159244 -0.23439625171918 -1.58647956228093
 C -6.37169666628576 -2.00534457984999 -2.27907160700493
 C -2.77234271858236 0.30042026969954 -2.78568621244365
 C -3.18376085100959 1.31302402471515 -0.65686939024325
 C -3.96863480349202 -0.38207188705753 -2.70706395753256
 C -4.36685998997256 0.61467564022469 -0.55866815787872
 C -0.05004947634649 6.17097815716667 -1.19815014067272
 C -5.39571579448304 -3.14031522185812 -2.09207951716959
 C -3.67277125581985 -4.35990003837380 -2.92792375979254
 C -5.25085385255409 -3.81094425447406 -0.86818868039345
 C -3.51230892365792 -5.01430317200242 -1.68202800817585
 C -2.77838901899450 -4.68897409942342 -4.04049333849722
 C -1.73785397669655 -6.21369198186144 -2.43392727826311
 H -2.98585744009586 3.93811487022799 -1.21071032269643
 H -1.42320232780663 5.48650181980452 -3.32755921650196
 H -3.07051305217797 5.88539079888955 -2.80754185728112
 H -2.01831650422092 5.95016708132266 -0.38322728085630
 H -1.80434324071888 7.32404452096489 -1.47601259850775
 H -0.28569463754456 3.73440034636118 -2.15372265718788
 H -6.37662896178350 -1.72215599901223 -3.33460008599898
 H -7.37930023884207 -2.31682105644748 -1.99394438442792
 H -2.13208275557013 0.16320564652679 -3.64487471547746
 H -2.86959294211513 1.94964345385898 0.15841284176613
 H -6.38535424406063 -0.86151968441574 -0.53438298222306
 H -4.24836987534771 -1.04477165072746 -3.50937088468007
 H -4.98343425589229 0.72156229197006 0.32329893671744
 H -5.90294561252035 -3.60002583416733 -0.02933057377388
 H -3.11141510145557 2.64286466803411 -4.98756224235022
 H -1.16902801254595 -5.90569025027821 -4.40388995370080
 H -0.19671481237792 7.30712605432645 0.36653436467464
 H -0.01336539798650 -7.23517144753748 -2.88490742864050
 H -0.66970220281590 -7.48373077471208 -1.30679532793723
$end
$temperature
298.15
$end
$mult
 1
$end
$sigma
 1
$end
$pressure
1.00000
$end
$scale
1.00
$end
$msrrho
$end
$freq
6.84
14.43
15.36
17.37
26.51
32.01
41.97
47.27
68.11
75.31
87.76
95.05
112.16
113.34
135.58
140.95
146.71
158.07
176.64
197.45
231.07
241.99
257.61
276.28
286.41
298.17
309.18
314.72
351.13
361.83
376.88
383.36
399.33
417.75
451.33
462.97
474.08
482.74
483.33
488.74
492.97
523.15
536.15
544.42
562.33
565.15
581.03
585.10
593.37
596.57
613.39
622.59
642.20
645.20
651.32
660.68
688.94
691.79
706.46
709.77
713.23
731.56
767.71
810.30
824.32
840.22
852.36
859.82
862.09
878.91
910.32
923.21
930.69
938.35
942.01
970.80
995.30
1009.75
1051.13
1073.05
1083.49
1097.72
1102.73
1120.05
1127.26
1128.23
1144.25
1156.75
1162.96
1176.81
1177.71
1204.54
1205.73
1218.09
1231.84
1241.52
1247.52
1261.97
1265.28
1274.69
1278.24
1284.94
1301.60
1315.50
1322.53
1333.04
1339.29
1342.68
1358.36
1366.11
1383.17
1413.47
1426.69
1430.08
1445.82
1452.23
1455.30
1468.57
1504.01
1515.17
1553.16
1567.21
1604.79
1610.49
1734.47
1751.66
1791.41
1803.17
2884.98
2951.03
2964.78
2970.42
2974.90
2990.66
2998.93
3039.61
3059.06
3072.98
3085.81
3117.95
3372.06
3377.34
3432.27
3442.61
3482.68
3493.98
3549.13
$end
