
$molecule
 O -1.47411590465623 -11.31748336736208 -4.11715976208746
 O -2.22338889121386 -11.64362301741015 -1.33922315859412
 O -3.67098847268499 -11.49559140060051 -3.78858556711335
 O 0.41813107974845 -9.46525964663732 -5.47736406927293
 O -1.70491163950531 -8.94011117579456 -5.90704092465616
 O -3.42319066464857 -6.39586120259714 4.31730866981958
 N -3.25870937218622 -9.68440249129650 -1.65328109514858
 N -5.95371726685765 -11.61926970737257 3.83433048125123
 N -4.61528627092907 -8.87776655721443 5.07607490308553
 N -3.23945481892313 -10.35081394034103 6.99227233803026
 N -1.77126448249505 -6.79358647258436 5.80675334281255
 N -1.62495636584082 -8.71578210146701 7.14775950375210
 N -0.05013902208747 -7.08201709951958 7.34032537241424
 C -2.58091342835491 -9.53503830913342 -2.92771455179996
 C -1.15514039159416 -9.00108727809873 -2.72447487065085
 C -0.68328576333305 -8.11774509116147 -3.88559738076644
 C -3.02780430760444 -10.81766255958211 -0.93705784495534
 C -3.78380933644300 -10.96239278008687 0.32227770421080
 C -2.64036681107750 -10.90013886332844 -3.62536981300391
 C -5.20333596561419 -11.36608707622828 2.70872430630233
 C -6.29098776257970 -10.59818751264149 4.80222213527512
 C -4.29699324833124 -9.88306950031465 1.03856986497165
 C -3.97074295645122 -12.24789564888283 0.83140822241161
 C -4.99287246345392 -10.07542806388195 2.21340051282687
 C -4.67006495769017 -12.44834330585629 1.99759977549406
 C -0.74255280706699 -8.87332789206503 -5.18969195235693
 C -5.05831101098241 -10.05358207499832 5.47988408527667
 C -3.48312129416327 -8.42316706780911 5.60519800895692
 C -4.34816188216397 -10.78618985525930 6.44366570841834
 C -2.77566253725141 -9.16127579223139 6.58563494949493
 C -2.95867267956806 -7.13307000222618 5.15140843334008
 C -1.16577953411668 -7.57000369289150 6.75948761194430
 H -3.15945416864139 -8.84341413535992 -3.54852520542612
 H -1.14476802832522 -8.40410437116450 -1.81034266439634
 H -0.47358493643027 -9.84021980001532 -2.58985114481311
 H 0.34510295890435 -7.80602126179019 -3.70669643329008
 H -1.32833035098924 -7.24149862612223 -3.96687654570816
 H -4.05409880599047 -9.10611878857924 -1.44537387671434
 H -6.96467415162839 -11.04250922349119 5.53858012838482
 H -6.80752663986463 -9.77915503471319 4.29709799446229
 H -4.12625703002908 -8.87018162223706 0.70380071655571
 H -3.55588760299757 -13.08106498021561 0.28516169470859
 H -5.82982349288044 -12.54647790322786 4.21400280411186
 H -5.34957083944272 -9.21594508127069 2.75593374822483
 H -4.81420396080685 -13.45049552333215 2.37710294165811
 H -4.69859519383678 -11.75147616148864 6.78812189799295
 H -1.58927048803973 -12.20230002181750 -4.49724234804543
 H -1.36644509219831 -5.90236742045843 5.54278753093928
 H 0.34033099455714 -9.99093835387872 -6.28863647303795
 H 0.44578942497739 -6.30356571808590 6.94485058989756
 H 0.43493763380812 -7.70128942587070 7.96583470480754
$end
$temperature
298.15
$end
$mult
 1
$end
$sigma
 1
$end
$pressure
1.00000
$end
$scale
1.00
$end
$msrrho
$end
$freq
7.79
12.38
16.29
20.07
28.32
41.38
46.81
55.08
71.01
75.18
85.04
95.90
107.90
128.15
135.46
138.72
142.44
154.11
175.94
222.00
233.91
249.41
256.89
263.07
281.20
310.73
313.08
333.57
352.43
369.36
375.29
379.65
396.15
401.00
423.57
424.36
462.76
477.78
481.61
488.45
489.55
510.07
520.66
529.84
539.46
557.05
565.60
582.36
584.41
604.71
617.07
641.47
641.98
649.28
651.24
660.89
692.53
703.97
710.30
725.90
729.54
768.23
785.72
808.64
827.89
845.39
852.05
856.81
880.87
895.71
906.24
914.37
920.11
936.27
969.52
992.18
996.88
1007.64
1037.55
1066.05
1071.79
1078.29
1100.05
1118.83
1120.07
1135.77
1145.97
1159.47
1162.53
1171.30
1175.74
1186.06
1206.25
1228.81
1229.35
1232.44
1247.32
1248.78
1262.23
1267.79
1271.20
1276.65
1282.39
1303.96
1305.07
1332.64
1337.68
1351.67
1358.13
1385.71
1387.10
1411.25
1432.50
1445.32
1446.06
1450.75
1468.22
1469.77
1503.16
1514.42
1552.81
1564.60
1599.53
1610.63
1684.42
1750.59
1777.04
1792.53
2945.06
2972.86
2980.02
2982.46
2993.92
3012.16
3024.76
3041.13
3065.93
3076.43
3101.78
3123.36
3377.23
3430.22
3453.33
3454.71
3486.35
3487.46
3555.38
$end
