
$molecule
 O 1.66596174299961 2.12946256302750 -1.87611879682679
 O -0.11209000060171 6.32107842391439 -5.10553579003577
 O 2.78335312359503 3.76385604432907 -2.90681278793001
 O 3.87624791888808 1.65220770711059 -5.14216474675257
 O 3.53632967501689 0.50904893881101 -3.28935943292789
 O 5.94547122272511 0.83918390554737 -14.06341302108661
 N 0.18946316317623 4.35906598907295 -4.11873563250355
 N 4.30463481491761 4.25897780079705 -9.16234666789794
 N 5.39296901186858 2.93082923585240 -12.19434437107302
 N 7.33780203226726 4.90900382358797 -11.97928428709575
 N 7.89545101120257 1.86684378630706 -14.55807573753398
 N 8.63703912914578 3.86108129056341 -13.56529810467610
 N 9.94806916467128 2.80923749878738 -15.10103751119060
 C 0.63265213458282 3.02106601541259 -3.79273774930616
 C 0.91863600914559 2.15554236900949 -5.03496679100463
 C 1.62515977259040 0.84162304630060 -4.69547172564639
 C 0.49636363088318 5.26883074033797 -5.09250640568541
 C 1.50716015590808 4.94659902843489 -6.13639303768674
 C 1.83498554480795 3.03510260179700 -2.83439848119534
 C 3.35896497017472 4.46266209039436 -8.19186101222352
 C 3.99056225361022 3.99300306849022 -10.54636041465158
 C 1.10886244399618 4.94573015224472 -7.47040121894967
 C 2.85458981455096 4.74448662824738 -5.83955556550010
 C 2.01023775992370 4.68982833742282 -8.48382019548946
 C 3.76023153970656 4.49732623993185 -6.84952297291919
 C 3.08752322020792 0.99183575143118 -4.29011123724099
 C 5.24584408507319 3.94710082879314 -11.36667870417628
 C 6.50075066019100 2.88473475209306 -12.93052309253965
 C 6.23693976781633 4.93827155593893 -11.26841725711428
 C 7.49929866710127 3.88469509188464 -12.82875875078882
 C 6.68743689418200 1.76777882810838 -13.86034259611961
 C 8.80541291278209 2.87679586704380 -14.38869501774681
 H -0.17683526987958 2.53964489331115 -3.23004843669121
 H -0.03824941228108 1.93568132160544 -5.51278634237989
 H 1.50752629288523 2.73506290750825 -5.74458194320937
 H 1.60621920921917 0.19164268469016 -5.57529474865219
 H 1.11143039307584 0.32726564602322 -3.88191532000829
 H -0.46624703227335 4.75421540773448 -3.45625055791149
 H 3.35652101522132 4.80421083186081 -10.92435663633791
 H 3.45488391515192 3.04244938036435 -10.68482606924276
 H 0.07294995034777 5.13450237793180 -7.70866550539132
 H 3.19080555348535 4.77298393719120 -4.81570428520153
 H 5.18961311564016 3.89830716962934 -8.83948067751515
 H 1.66366180781413 4.67638973590374 -9.50444446119269
 H 4.80186776275015 4.34313647160269 -6.60685969252314
 H 6.12408656061238 5.77524820316744 -10.59171913899267
 H 2.46073729933581 2.04425375184421 -1.32317670780704
 H 8.08459572933316 1.11368993670966 -15.20986193870047
 H 3.40242195978539 2.08900850315970 -5.86523652642156
 H 10.56800308366475 3.59702159179347 -15.03236039708238
 H 10.05145181903846 2.16929024690254 -15.86759550126465
$end
$temperature
298.15
$end
$mult
 1
$end
$sigma
 1
$end
$pressure
1.00000
$end
$scale
1.00
$end
$msrrho
$end
$freq
7.03
11.96
18.63
20.89
31.05
37.75
43.00
52.33
68.54
70.18
86.05
98.38
117.37
119.37
130.41
135.31
137.62
153.14
183.68
190.46
200.38
216.22
228.50
254.41
264.00
286.14
309.28
318.99
340.20
356.76
367.68
379.85
399.46
407.95
424.81
439.75
448.90
462.21
465.13
480.16
487.34
496.80
523.92
548.85
551.52
557.46
581.81
583.78
601.79
602.92
607.27
640.60
645.15
649.36
659.35
672.80
682.26
692.67
698.14
710.04
738.29
759.31
766.35
790.78
804.52
847.57
855.66
857.36
868.13
885.40
902.86
903.81
931.01
937.82
969.80
986.68
997.51
1000.71
1036.67
1071.45
1073.68
1087.77
1114.30
1115.92
1122.49
1130.87
1139.41
1151.94
1157.44
1169.28
1186.34
1188.16
1205.90
1212.62
1230.32
1236.14
1246.72
1251.55
1270.39
1276.43
1284.63
1294.07
1309.62
1312.46
1330.65
1335.90
1340.51
1343.75
1359.85
1383.73
1395.48
1411.06
1429.22
1445.85
1452.31
1462.11
1468.83
1476.25
1506.45
1516.78
1554.30
1556.91
1601.25
1610.82
1705.40
1752.24
1789.68
1807.57
2876.69
2919.58
2919.64
2961.66
2982.07
3009.47
3024.07
3055.61
3077.39
3091.09
3108.42
3126.06
3377.23
3406.21
3423.72
3431.76
3441.66
3490.02
3558.60
$end
