
$molecule
 O 5.99965210797862 -7.15990784369835 -0.44339112053981
 O 7.67032319964442 -5.42857612244813 -1.66026675646525
 O 7.01551960926290 -7.89807785307159 -2.30392142447949
 O 3.14046319375890 -7.00548790514883 -0.41230192950179
 O 1.51154286371723 -7.01727598374684 -1.90097273679215
 O 8.56540496120829 -4.91154399074544 -8.96089899503334
 N 6.17743662147007 -5.24068919286486 -3.27996672665986
 N 10.88685887644239 -1.28144664158724 -5.25284488066659
 N 10.45135419055393 -3.04895352591691 -7.90789596525815
 N 13.12172286531008 -3.80843533105399 -8.04339017118061
 N 10.28948359626411 -6.26291342186569 -9.51878145967745
 N 12.54832694699657 -5.77706904704800 -9.09386555107465
 N 11.99001992102249 -7.70690280184809 -10.16541019809534
 C 5.35201369443008 -6.13728322535208 -2.50107927262973
 C 4.41350234985825 -6.94945148010563 -3.39337640115778
 C 3.59231933495594 -7.97310065769079 -2.59754298601174
 C 7.36940140427516 -4.91332428272404 -2.73887238818618
 C 8.23930883757820 -3.96870827588937 -3.44815415756084
 C 6.31213424128271 -7.08688563944820 -1.76261951432393
 C 10.01678440277111 -2.18726388459999 -4.69786373195838
 C 10.96741714008252 -1.03719013405879 -6.67882316744413
 C 8.01971546331649 -3.53890602310283 -4.75734878079244
 C 9.36740954601646 -3.49105826181364 -2.77476257845633
 C 8.88658260911356 -2.66321604071190 -5.37239358600826
 C 10.23723347982573 -2.61992817769951 -3.38303088555936
 C 2.64371097212098 -7.29197210215779 -1.61905652932115
 C 11.40389329915300 -2.28222213892238 -7.41000071745093
 C 10.80498045995916 -4.20565692763945 -8.45833075218968
 C 12.74670909201873 -2.68205871713602 -7.48559589524635
 C 12.16243599683006 -4.60410422436604 -8.53556813583608
 C 9.75831444403663 -5.09051153327822 -8.97515690874581
 C 11.62732442864193 -6.55616942407198 -9.56375056892976
 H 4.78973629860118 -5.55882327388948 -1.75414461477985
 H 3.73407005574073 -6.27251498511041 -3.91567141859166
 H 5.01944029159954 -7.48181335127570 -4.12973486872277
 H 4.25988103046001 -8.65779514317945 -2.07116861516869
 H 2.98267745698668 -8.54660405351868 -3.29703189035038
 H 5.82696944425211 -4.84619927643126 -4.13531409795648
 H 11.67918686409110 -0.22553050796464 -6.84184026026242
 H 9.98599540193492 -0.73123896191253 -7.04700000130342
 H 7.18137352737880 -3.90314106050926 -5.33190711605191
 H 9.54214832640831 -3.83094828640769 -1.76547648262749
 H 11.76034948412869 -1.18829767955097 -4.75464962166796
 H 8.69772326837871 -2.37614017176894 -6.39243965785724
 H 11.10738466091876 -2.26356132166990 -2.84946864545006
 H 13.54242915789841 -2.06188854341990 -7.09130495651728
 H 6.65460644992673 -7.71064691991941 0.01063320315115
 H 9.61219001790604 -6.91435493867083 -9.89933025493529
 H 4.09407681563102 -7.18775156774927 -0.31741214117986
 H 11.31690485971364 -8.42302608645969 -10.37160784820946
 H 12.96256743811055 -7.95411605877395 -10.10882383826423
$end
$temperature
298.15
$end
$mult
 1
$end
$sigma
 1
$end
$pressure
1.00000
$end
$scale
1.00
$end
$msrrho
$end
$freq
2.80
8.28
15.03
25.56
37.93
42.12
50.31
59.12
70.02
84.87
103.58
112.84
136.14
137.06
141.12
151.68
160.20
202.45
208.20
218.44
226.82
258.45
261.85
265.65
283.42
288.74
313.40
314.36
349.71
359.04
372.86
378.43
383.79
401.80
425.92
440.41
452.66
466.06
482.57
489.54
492.60
508.43
523.85
535.81
558.15
567.51
569.83
583.52
600.66
614.14
631.27
642.36
647.63
651.77
655.42
661.90
692.94
695.45
707.03
709.47
728.51
768.30
785.71
800.50
806.53
850.35
854.38
856.21
878.34
881.72
897.58
919.98
920.46
936.21
969.68
994.09
1008.18
1017.22
1033.90
1071.75
1072.39
1093.50
1097.53
1107.60
1120.25
1123.93
1129.80
1148.52
1159.96
1163.21
1175.19
1184.96
1202.24
1210.94
1227.82
1233.19
1247.54
1248.30
1265.45
1276.84
1282.38
1286.12
1298.55
1307.10
1309.78
1331.89
1335.76
1355.11
1359.25
1388.88
1410.79
1411.58
1434.74
1446.07
1450.59
1462.06
1467.74
1468.65
1504.73
1513.24
1552.97
1559.90
1596.17
1609.78
1628.98
1749.99
1760.68
1788.52
2886.64
2977.96
2981.97
2983.56
2987.37
2990.56
3008.77
3040.82
3068.21
3081.90
3102.50
3133.17
3309.41
3376.68
3426.93
3474.33
3485.18
3487.15
3554.87
$end
