
$molecule
 O -2.27336766153280 -4.19958903945957 -5.15550596664743
 O -1.52331280169032 -5.28170887777658 -9.66423594972323
 O -0.72463316764118 -2.97361127262015 -6.16632354445860
 O -0.70714592138526 -10.14401382804518 -6.83727386644046
 O -0.64715440101746 -9.02125751801758 -4.93170111389857
 O 2.54389960318844 -4.05554519338410 -7.45272200542094
 N -0.10378738961520 -5.06706034857427 -7.92297905453457
 N 4.24912082467021 -4.29824167525612 -12.39172393022547
 N 4.22996946518517 -3.23259714768246 -9.59208657062125
 N 4.02739870684247 -0.57414234581557 -10.36201096614644
 N 1.62206230223193 -2.00132553546778 -7.46922158951403
 N 2.32252164581193 -0.22870738654102 -8.84721156132667
 N 0.57972358385227 0.05387930570739 -7.39184521849881
 C -1.14119508309007 -5.23949803915310 -6.94305138507681
 C -0.90348040068195 -6.49372750953600 -6.08576090925372
 C -0.91093465769069 -7.74684163771046 -6.95549363467023
 C -0.38320567561491 -5.14866500613321 -9.25204330865127
 C 0.80987125056812 -5.05068631079530 -10.12737502371735
 C -1.32830293888287 -4.01717299898487 -6.06819675162272
 C 3.08833220981425 -4.62669359940452 -11.69335129488642
 C 5.39093254973448 -3.84549233521893 -11.59068111021296
 C 2.02252001067430 -5.64627406069735 -9.78666908062417
 C 0.72458674092760 -4.33946533425032 -11.32134894949457
 C 3.14400060484963 -5.44171387872826 -10.55973869876494
 C 1.84826339163594 -4.12354983156525 -12.09118067262064
 C -0.74081760054698 -9.00411988487790 -6.12269679866707
 C 4.86743648044668 -2.78406883219324 -10.66098116435062
 C 3.42168241433532 -2.39632375576721 -8.94802714987185
 C 4.80196183057677 -1.42221250605856 -10.99567587752214
 C 3.25529135299159 -1.05493931246393 -9.37723120034443
 C 2.55820605049697 -2.92239313310820 -7.89726652369499
 C 1.53384438517421 -0.72110426091747 -7.94228728328790
 H -2.07480765278881 -5.36176547353280 -7.51611355238687
 H 0.05938183238253 -6.41085349902312 -5.57828035493030
 H -1.68158707196199 -6.57298716777662 -5.32713208568495
 H -0.10406244683241 -7.69860911859961 -7.69251631357363
 H -1.85637894536814 -7.81624486345668 -7.50235110990103
 H 0.84648976730494 -4.88448127506584 -7.61167940767462
 H 6.15846428067013 -3.46513764976579 -12.26443880439158
 H 5.78603157816145 -4.68654696525062 -11.02063910573608
 H 2.10129918595323 -6.26298610941695 -8.90502952856203
 H -0.22698671542084 -3.91948282091970 -11.61123382967225
 H 4.05152444364253 -3.65649112532112 -13.15177189838722
 H 4.07684497349593 -5.89295412358698 -10.26785016654656
 H 1.77947298155903 -3.52640185376957 -12.99060562696230
 H 5.40108486500098 -1.00957494722868 -11.79836602216915
 H -2.38728109001472 -3.41237134531991 -4.59817822247333
 H 0.90068222948407 -2.34934040181156 -6.83429752515155
 H -0.79508647942627 -9.99396111814977 -7.78787690951133
 H 0.42546207419303 0.95524390075101 -7.80792180170120
 H -0.14998251469072 -0.37384795221882 -6.84813457979621
$end
$temperature
298.15
$end
$mult
 1
$end
$sigma
 1
$end
$pressure
1.00000
$end
$scale
1.00
$end
$msrrho
$end
$freq
10.55
20.70
24.10
31.54
36.66
51.34
63.22
69.58
77.02
84.03
94.15
102.04
112.59
119.84
135.46
153.14
156.99
175.37
182.65
205.94
226.28
250.76
263.39
274.13
300.11
319.13
329.72
349.27
359.15
384.51
392.48
400.76
412.03
416.78
421.36
460.66
471.09
481.09
484.51
493.44
508.59
543.11
545.32
553.33
572.56
576.31
585.84
590.94
602.04
624.21
638.47
643.17
648.02
655.95
677.55
694.64
710.65
717.41
722.58
747.99
760.88
766.30
790.59
804.05
817.19
852.48
856.37
865.80
875.78
894.59
906.71
917.20
941.38
943.06
961.78
980.28
1003.82
1013.22
1052.46
1056.91
1086.78
1088.27
1104.67
1107.33
1129.05
1131.58
1136.53
1143.44
1160.43
1177.74
1188.52
1192.68
1195.88
1203.61
1222.11
1237.89
1242.28
1256.85
1259.55
1262.06
1267.28
1274.55
1281.77
1283.31
1295.85
1328.49
1332.41
1340.62
1357.06
1372.79
1404.73
1410.89
1429.28
1435.74
1448.73
1450.91
1466.28
1471.48
1488.12
1500.79
1546.67
1567.19
1593.94
1607.74
1696.65
1709.88
1756.01
1808.21
2866.35
2950.48
2964.45
2998.19
2998.38
3002.61
3020.68
3038.06
3061.37
3093.12
3094.52
3124.34
3248.16
3296.69
3378.70
3427.99
3478.77
3492.37
3552.91
$end
