
$molecule
 O 4.54950852574668 0.05094035298578 0.42470898190925
 O 8.94620380425493 0.57751447931807 -1.90452551243534
 O 5.19956054847327 -0.95125044936018 -1.43377347550293
 O 4.49362880671442 2.45536953887085 -5.31096918035049
 O 2.64398554406907 1.21717174046426 -5.21590254200289
 O 6.23194153877850 1.45170812938434 8.08563743761519
 N 6.85349971713359 1.38473371060166 -1.87666972253936
 N 6.97369369443177 -0.83500473077330 4.04703838150293
 N 6.73340464245087 -0.95605383901919 6.64505617690916
 N 6.84218654932172 -3.28391788215938 8.15695571831560
 N 6.15945411491660 0.23747380104325 9.99230107118087
 N 6.44635961096301 -2.09207555395793 10.09132925530585
 N 6.01094164493945 -0.92573459135899 11.99773542679316
 C 5.51210632776941 1.43587640958904 -1.34552489708152
 C 4.52700351940822 1.87445136683234 -2.44212817046225
 C 4.38519761653967 0.85656782834237 -3.57943036458415
 C 7.91317152742155 0.74991483644230 -1.29473078008749
 C 7.68924721165526 0.33785705840193 0.11795711247906
 C 5.10221462787655 0.05508324393149 -0.79597535222120
 C 7.25000127941597 -0.47401161815214 2.76597112636507
 C 7.15380843215313 -2.14985369223178 4.58874499789332
 C 7.79767785571292 -1.00178106691854 0.47572457725454
 C 7.40413702000177 1.27705233080845 1.10798361766088
 C 7.56916857888683 -1.40785919638234 1.77253092045400
 C 7.18987657545484 0.88112097885716 2.40906213394363
 C 3.72306222165711 1.49668623737364 -4.77425271687857
 C 6.95458514834248 -2.12552190427712 6.07681087886192
 C 6.56115281771056 -0.92250044847778 7.96506905343734
 C 7.00613174551049 -3.29374511755430 6.85786329986152
 C 6.61414194532925 -2.10029227928761 8.74628746631379
 C 6.31099359096606 0.36723795785439 8.61002033895351
 C 6.22476763728716 -0.95420095666946 10.66691766808050
 H 5.46125210578221 2.18197006894235 -0.53586155438286
 H 3.54828180729474 2.05135032844810 -1.99115893077695
 H 4.88973127211746 2.82114198572080 -2.85001083665122
 H 3.79345285550189 -0.00154773191893 -3.26524572452334
 H 5.37080873865603 0.50303817315327 -3.88630510627657
 H 6.98297509183293 1.63886293948058 -2.84653960273113
 H 8.16394033014664 -2.53791326835100 4.37851444705367
 H 6.43503208045052 -2.85537849053420 4.14554782083827
 H 8.04055941656127 -1.72776588382809 -0.28459624693554
 H 7.37849508063119 2.32943564384103 0.85832690261424
 H 6.85132577018169 -0.11351633738474 4.74414047258026
 H 7.63536361838188 -2.45594627698193 2.01613544631676
 H 6.97915535548333 1.61420615546137 3.17481963950241
 H 7.18738918491639 -4.26107728381172 6.40714785879749
 H 4.64217735825345 0.88995542254139 0.89608119992652
 H 5.97125382606920 1.09791646681408 10.49432125435640
 H 4.05675149350065 2.84966988918016 -6.08191780703781
 H 6.00752476433892 -0.06264143105446 12.51049922123729
 H 6.14500742860424 -1.78972404424544 12.49293161914247
$end
$temperature
298.15
$end
$mult
 1
$end
$sigma
 1
$end
$pressure
1.00000
$end
$scale
1.00
$end
$msrrho
$end
$freq
6.22
16.33
16.56
20.01
24.28
28.07
34.69
49.33
61.25
71.22
74.25
90.73
97.39
111.10
125.73
137.37
138.83
143.63
177.81
180.68
191.37
200.32
228.15
230.57
254.52
282.13
309.16
315.33
343.02
352.44
375.31
390.20
402.46
404.66
424.34
430.26
439.83
468.17
478.53
484.10
489.64
497.66
508.72
519.56
549.13
562.68
574.79
582.75
596.06
600.32
607.50
639.66
647.59
657.41
675.14
681.94
685.69
694.41
704.82
716.57
720.60
746.17
761.33
801.35
805.02
848.36
853.04
865.67
874.02
880.63
904.03
921.64
924.81
948.87
961.03
971.83
1000.25
1006.54
1014.97
1070.41
1076.41
1090.46
1107.74
1121.15
1134.98
1145.86
1147.52
1162.56
1164.21
1167.48
1181.81
1188.23
1201.83
1212.60
1216.97
1235.45
1241.02
1244.93
1264.38
1272.97
1276.48
1280.36
1291.41
1307.60
1320.94
1340.33
1346.35
1349.50
1357.41
1358.24
1397.25
1409.65
1428.29
1443.09
1447.21
1458.51
1467.74
1472.18
1512.39
1522.06
1555.87
1556.06
1605.64
1612.10
1737.92
1747.26
1792.94
1805.27
2828.60
2836.73
2878.42
2973.23
2984.92
2996.11
3036.32
3050.78
3057.59
3075.33
3098.38
3109.72
3377.65
3406.57
3417.98
3454.41
3473.18
3489.94
3558.30
$end
