
$molecule
 O -3.15657107937480 -7.03158837814471 -6.36931660517395
 O -0.43606120545465 -2.81589389461839 -6.05395304390467
 O -2.83729711706875 -6.48750483841098 -4.24779670276620
 O 1.05773209751244 -8.40120267554035 -7.28492404632278
 O 2.66235798051205 -7.65840854904725 -5.93068161103706
 O 4.43304942530949 -2.72642306394871 -0.97163001808317
 N -1.12615257060233 -4.50492719281795 -4.74882416368966
 N 0.47836752351549 -0.12440148089060 -0.33577650510467
 N 3.08058950438886 -0.21623595200589 -0.97593300021974
 N 4.40688136872343 1.88398925359597 -2.21863765741325
 N 6.08243464500271 -1.77907938897185 -2.19419073096645
 N 6.13944486517137 0.48549181684457 -2.81722953623401
 N 7.86888558500117 -0.88623210044961 -3.38081057368621
 C -1.53552151095590 -5.30106674795544 -5.87559846693784
 C -0.32787339864396 -6.00029101835607 -6.53540765763505
 C 0.38711344406297 -6.93706673572512 -5.55760548322898
 C -0.62456779659108 -3.25128615768930 -4.92907165827874
 C -0.32846946712092 -2.48369023687520 -3.70202918186579
 C -2.56896116632793 -6.31863053125985 -5.40279383318123
 C 0.26153338751446 -0.87878192853566 -1.47004381371737
 C 1.17278921222874 1.13824403895169 -0.41989853840694
 C -0.10972902658778 -1.11315943730633 -3.83649943811037
 C -0.23293658008673 -3.04546270171656 -2.42792047738373
 C 0.17445991839437 -0.31950299717850 -2.74816193163229
 C 0.05724931637803 -2.25739436440666 -1.33862509179381
 C 1.50547484892424 -7.68005417857693 -6.24587686836088
 C 2.54788425573121 0.98944815400982 -1.02894829624561
 C 4.26606351009577 -0.40123839623749 -1.54678503268278
 C 3.23650509984339 2.04340840769328 -1.64908344564805
 C 4.94546334880834 0.65699303144510 -2.19681637132133
 C 4.86636635670397 -1.73631772361397 -1.50695728145216
 C 6.66237397677818 -0.69802306547882 -2.80450298526582
 H -1.98798725360153 -4.63284301393211 -6.62621331781286
 H -0.64830629807031 -6.56573758269218 -7.41310619628133
 H 0.35729213558795 -5.21702696449832 -6.86361655849719
 H -0.31683892028323 -7.67860425081143 -5.17151362064142
 H 0.80431543956116 -6.37331357502897 -4.72382143893397
 H -1.43629204518016 -4.83262378265317 -3.84611924592337
 H 1.26417420596619 1.54401593965341 0.59263023251458
 H 0.58303725668926 1.84909309160015 -1.00641319587092
 H -0.16703616974719 -0.68422053833412 -4.82585909285595
 H -0.35181062460156 -4.10842588887901 -2.27757849607023
 H 0.78332982070292 -0.68979996170555 0.44486548908690
 H 0.33778643552563 0.73635674428517 -2.89808593776143
 H 0.14680540644185 -2.70717824158365 -0.36048837359057
 H 2.82224719418194 3.04321227694457 -1.68362321265682
 H -2.85006618202840 -6.79109607715999 -7.25429486043162
 H 6.54674986730865 -2.68029378423939 -2.20493660938755
 H 1.79114268175257 -8.87563289983480 -7.70655322801959
 H 8.22979038494711 -0.11408068982611 -3.91387462946873
 H 8.20463791294326 -1.81085876806143 -3.58430465945903
$end
$temperature
298.15
$end
$mult
 1
$end
$sigma
 1
$end
$pressure
1.00000
$end
$scale
1.00
$end
$msrrho
$end
$freq
3.11
7.25
14.73
18.80
24.55
29.31
37.66
44.37
44.49
47.48
61.11
82.46
85.14
126.43
128.09
136.87
143.89
156.30
190.10
202.13
206.25
238.99
250.64
291.90
294.27
306.22
315.36
321.27
352.17
354.31
375.95
397.21
402.34
408.47
426.04
445.64
468.20
477.89
482.47
489.18
498.38
503.15
517.89
540.03
559.01
567.92
590.80
598.63
602.48
609.60
613.48
639.73
644.12
647.83
652.19
661.98
686.15
688.47
707.53
716.85
731.73
762.65
786.40
800.50
807.95
849.82
854.29
867.78
876.19
898.06
902.76
918.52
919.92
945.77
964.48
976.37
996.31
1010.28
1014.49
1072.04
1079.05
1098.75
1111.78
1111.90
1119.00
1119.65
1148.12
1153.76
1163.18
1175.89
1180.27
1186.58
1205.17
1212.63
1222.78
1229.68
1235.76
1242.44
1253.01
1269.31
1273.55
1275.41
1285.03
1296.62
1308.19
1331.03
1337.91
1351.73
1358.90
1385.72
1396.65
1412.68
1436.87
1442.85
1444.95
1454.84
1468.04
1469.91
1503.44
1514.19
1554.67
1565.67
1601.01
1609.88
1686.54
1751.61
1792.64
1804.33
2856.78
2939.81
2956.78
2970.87
2977.15
3004.14
3024.25
3045.47
3071.87
3084.82
3089.17
3099.90
3377.21
3421.30
3428.28
3454.23
3478.42
3484.38
3551.39
$end
