
$molecule
 O 2.64394987992767 -1.35051557791889 0.21143447471338
 O 3.64936269105714 -3.83144914815564 -0.42008187784313
 O 0.97222358329828 -2.76915777566569 0.53773499040777
 O -2.56713556575726 -4.93858315996105 -1.85458312498371
 O -0.97183958352098 -5.43184018175951 -3.28420284228282
 O 2.73963469692185 -4.19707248226011 -4.79934975523697
 N 3.09465641306687 -2.62826423945923 -2.24669596195986
 N 7.67363293281611 -6.04952373663031 -4.88617697095071
 N 4.86128338551310 -5.78371468700994 -5.86195987354423
 N 4.26781085571855 -8.45352439892660 -6.34805751338748
 N 1.42837497787894 -6.03464220051415 -4.83985840080354
 N 2.11658287202686 -8.15847214634084 -5.58534434836474
 N -0.01159938828079 -7.82767077946251 -4.80703341113504
 C 1.74430912813025 -2.47740379010728 -1.72957552474770
 C 0.89734637277672 -3.68152601017189 -2.15501609919066
 C -0.58604221415747 -3.56276073301817 -1.82278417060278
 C 3.90678413741292 -3.51320497273218 -1.56909033875236
 C 5.05141102518378 -4.02575278913898 -2.33941318170267
 C 1.77884788226506 -2.28075587654671 -0.20227614818394
 C 6.88168274873432 -5.33704457404044 -3.99286024725435
 C 7.20886560685004 -6.10264982033387 -6.27142405780805
 C 5.52334192793538 -3.40989116881807 -3.49961398362027
 C 5.60724871544567 -5.24462817006439 -1.95342871082491
 C 6.42927878816823 -4.05244486276725 -4.30808896037479
 C 6.51129125548724 -5.89194824105651 -2.76601640690557
 C -1.36469392875793 -4.72307459566695 -2.38915194988462
 C 5.79357044557338 -6.62416979368417 -6.27961046810925
 C 3.64211422485607 -6.26141088071193 -5.63451074275355
 C 5.46911285920586 -7.96373065168699 -6.53978373406011
 C 3.33048887509381 -7.62924514410270 -5.85633616098980
 C 2.61940585658671 -5.37576307963629 -5.07721723782003
 C 1.21440302990940 -7.36655148510508 -5.08785278392578
 H 1.32294685222709 -1.55348152199356 -2.15191343581431
 H 1.02588756247051 -3.79217470403764 -3.23370178313812
 H 1.30334879972845 -4.56804782389619 -1.66337840388986
 H -0.99930736902125 -2.64492463687184 -2.25514324494688
 H -0.70953975204730 -3.51391004436631 -0.73840972751113
 H 3.14080346669742 -2.69577977363384 -3.25733788797081
 H 7.87656937219540 -6.75472122612892 -6.83574442495987
 H 7.23996343737319 -5.09863871043729 -6.69550147709166
 H 5.17766366307590 -2.42656691532318 -3.77880065252057
 H 5.27014898397785 -5.69650818900495 -1.03243257642094
 H 7.89138896563057 -6.97521316603210 -4.53299825756521
 H 6.76191636108428 -3.57625846070987 -5.21527249864246
 H 6.89780778458968 -6.86127548382277 -2.48101777766451
 H 6.20762102939788 -8.65679072740048 -6.92452716606743
 H 3.30206215092294 -1.14748712735239 -0.46804706620874
 H 0.66530857659374 -5.51796893721720 -4.40274049714591
 H -2.76699134046653 -4.33672429404637 -1.12399657874836
 H -0.66385652279696 -7.24521824150627 -4.30412406951782
 H -0.17594650905980 -8.81316086279081 -4.90637095126131
$end
$temperature
298.15
$end
$mult
 1
$end
$sigma
 1
$end
$pressure
1.00000
$end
$scale
1.00
$end
$msrrho
$end
$freq
18.18
27.20
35.35
44.98
57.85
61.52
64.38
71.77
77.48
89.49
96.24
117.70
121.16
141.73
143.87
149.51
153.16
162.64
173.62
204.29
232.31
245.41
263.95
293.72
312.66
324.21
330.23
350.05
378.11
387.30
397.08
400.71
411.72
419.09
442.62
465.89
489.74
491.70
505.27
513.45
517.49
531.10
532.89
544.10
564.26
570.11
575.00
593.32
600.35
608.76
631.82
645.63
650.63
656.30
676.70
690.47
695.23
721.74
723.71
748.61
764.61
768.56
793.39
808.41
816.44
842.00
853.29
857.28
879.70
903.88
911.88
919.99
929.76
945.57
978.83
1000.43
1008.13
1020.77
1058.94
1068.64
1078.86
1092.55
1096.47
1109.76
1117.70
1129.82
1134.34
1140.28
1159.79
1163.82
1179.63
1192.47
1204.29
1216.23
1229.77
1235.50
1244.19
1253.04
1261.15
1263.34
1267.58
1276.11
1279.71
1299.65
1308.73
1329.49
1336.30
1356.50
1362.33
1380.73
1384.43
1409.80
1420.22
1434.37
1449.00
1449.95
1466.30
1471.29
1489.72
1502.43
1552.44
1566.57
1595.06
1614.70
1686.92
1708.64
1754.78
1787.04
2886.09
2939.39
2977.92
2992.50
2994.88
2997.06
2997.84
3036.98
3061.94
3089.73
3094.46
3115.29
3275.07
3375.58
3380.06
3435.10
3468.79
3476.75
3548.04
$end
