
$molecule
 O 2.49523009984870 5.75426123928097 -4.67091755715585
 O 6.68138584901070 2.14629356932087 -6.60915865967502
 O 4.69255891141466 5.68621109930463 -4.42010512594782
 O 1.68211899056588 0.19604729823908 -4.79073650024139
 O -0.22540859641180 1.31030748232408 -4.49765510568522
 O 3.95748863796560 3.84636920986494 -13.00933089521972
 N 5.04902206376398 3.50362533086218 -5.88498868931056
 N 1.61918181601947 -0.31759571418592 -9.68312680911235
 N 2.73062267102891 1.37738309841407 -12.27914980164015
 N 3.89421983805035 -0.91978396119698 -13.32725633272586
 N 5.47108013110067 2.67839408143356 -14.21544596422769
 N 5.48817082618713 0.33798597078415 -14.41566710494049
 N 7.04486920586349 1.57826328945110 -15.52255157887136
 C 3.68188714650582 3.89486857949900 -5.66914165933337
 C 2.86393877099126 2.81912836675578 -4.90059638344819
 C 1.59521609498936 2.39468308794265 -5.64689972494858
 C 5.51075383647276 2.46256125644164 -6.62794831001613
 C 4.48468983538000 1.75242213039835 -7.44809598383006
 C 3.69572459330159 5.19982184108376 -4.86392902392555
 C 2.59372309041049 0.38041006137761 -8.99665807670021
 C 1.13705063376341 0.11159031471757 -10.98113380155254
 C 3.81797173380928 2.39259272113362 -8.48694991211571
 C 4.21947801074213 0.40777737275778 -7.20915043167017
 C 2.88144645902232 1.72408649131258 -9.25156635815673
 C 3.28487659319422 -0.26500294801703 -7.96567355255248
 C 0.89764127912800 1.26867495142565 -4.91842421713753
 C 2.25894796239142 0.17970998212981 -11.98635348950335
 C 3.79113243647179 1.45182141023510 -13.07704971944993
 C 2.85582889172938 -0.96882553951630 -12.52756209527573
 C 4.39755892708274 0.28888509584209 -13.61234722786229
 C 4.34948138479366 2.76998686941443 -13.38711505454626
 C 5.98556425254703 1.50087078218026 -14.69078728730209
 H 3.19345019394720 4.09655840294577 -6.63255662926618
 H 3.49853071331172 1.94231798517110 -4.77039625880910
 H 2.59993247322772 3.18315498678110 -3.90392847585103
 H 1.86416747387043 2.02935113656203 -6.63997763197781
 H 0.88268949494594 3.21548820643540 -5.74639918735502
 H 5.73162337677230 3.99856458974346 -5.31972027942621
 H 0.68569901831325 1.10206427200247 -10.88874987404371
 H 0.37217416247075 -0.59734420404832 -11.30519666577770
 H 4.05218710648022 3.42047910035806 -8.72538437676967
 H 4.75362953193278 -0.10747446763119 -6.42543147824827
 H 1.69447948523482 -1.31939014753063 -9.57657757529320
 H 2.40153787860645 2.24491504632644 -10.06288619861432
 H 3.08467657185634 -1.30887171801997 -7.76925300650124
 H 2.47154972294409 -1.95843721075169 -12.31206599351480
 H 1.77216392265885 5.25174214594409 -5.07039585271529
 H 5.90119075392396 3.56110069968015 -14.46787428539002
 H 1.21556124689672 -0.51472132050476 -4.32337885523171
 H 7.58308735716350 2.42267477933573 -15.60049978336294
 H 7.47226913819178 0.70588289618152 -15.78090115777806
$end
$temperature
298.15
$end
$mult
 1
$end
$sigma
 1
$end
$pressure
1.00000
$end
$scale
1.00
$end
$msrrho
$end
$freq
8.09
12.64
14.75
18.27
18.78
30.48
35.69
44.64
50.19
68.66
79.95
84.03
104.03
116.34
135.11
137.22
145.77
146.59
176.97
182.57
228.32
256.52
261.10
275.26
281.49
287.87
313.52
344.69
352.97
362.92
371.46
379.41
396.48
407.39
422.27
447.04
456.23
479.78
482.28
487.66
490.43
526.97
550.95
559.52
565.58
576.73
582.81
588.66
597.25
602.21
621.41
626.08
642.39
651.59
661.67
680.25
682.56
692.93
705.99
708.32
729.45
734.05
768.23
788.55
809.28
837.25
852.75
859.51
880.72
889.61
906.39
917.03
925.33
937.32
970.23
993.51
1002.21
1010.61
1031.57
1069.86
1072.16
1092.78
1097.18
1107.79
1120.50
1140.03
1144.08
1153.88
1163.13
1176.21
1178.93
1193.12
1203.91
1223.09
1232.80
1241.54
1247.83
1251.15
1259.89
1265.51
1275.93
1278.78
1284.10
1297.97
1312.41
1332.83
1340.47
1341.13
1359.07
1379.69
1380.76
1412.23
1427.86
1444.69
1446.20
1453.06
1468.72
1479.31
1500.41
1514.37
1553.38
1564.82
1602.09
1609.80
1732.55
1750.62
1800.15
1808.23
2884.70
2967.06
2976.76
2979.79
2990.22
2992.42
3018.78
3039.70
3069.34
3074.51
3095.65
3125.97
3360.85
3377.11
3423.07
3449.26
3478.68
3485.50
3552.69
$end
