
$molecule
 O 4.43212651437529 4.78120563390617 2.79064691490999
 O 1.59977937808750 1.74152444932065 4.39912377345397
 O 5.96656560437784 3.96295482851204 1.40800816446888
 O 3.15073859004558 -1.99347593742133 1.10732411613009
 O 3.02528352850810 -0.17538467076585 -0.13672015228318
 O -0.94823935413431 -0.02817864848143 -7.44989627728572
 N 3.56005724851772 2.44898630416514 3.61218338239313
 N -0.02873180372667 1.99842553860161 -1.75174297145966
 N -0.17907279287860 0.22071338000247 -4.70389002399583
 N 2.37797467753391 -0.67069720291155 -4.07700729364736
 N 1.06874777228532 -0.95131687820251 -7.87470269947866
 N 2.74423459104120 -1.28932336765144 -6.26559295389722
 N 3.13571435952642 -1.85108877591912 -8.43914927572289
 C 4.71289532569081 2.37900664206220 2.72504496227101
 C 4.59748894815758 1.42041854150833 1.53355246004077
 C 4.23133273874558 -0.00559655588317 1.94260056235694
 C 2.23659830392174 2.07514776055548 3.41604664936786
 C 1.66012031973195 2.11382524370592 2.06469185278766
 C 5.10626522254217 3.78628235193964 2.21853572757134
 C 0.51223986583458 1.99142545007629 -0.50044872671622
 C -0.63453422459653 0.88205264884603 -2.43503028519345
 C 0.74646319818498 1.11304654063816 1.72974906364812
 C 1.94050371228108 3.09815377120229 1.11474431694673
 C 0.19305541056426 1.03817911910993 0.47432873245865
 C 1.37055652841169 3.03994699557623 -0.13404496625567
 C 3.42489278678697 -0.70289446708252 0.85882336609822
 C 0.28512577847276 0.28486813126340 -3.47083248510805
 C 0.61402424940904 -0.29371802690946 -5.64182995652836
 C 1.58353751024781 -0.16240354305238 -3.16485523446726
 C 1.91671279612916 -0.75309203376105 -5.33180309863251
 C 0.12256809262416 -0.37897500389377 -7.01822416166932
 C 2.31290112479310 -1.36927014913964 -7.48140535752211
 H 5.56535563602275 2.04837031928080 3.33497265742096
 H 3.84657394558327 1.77930977780149 0.82995023231320
 H 5.55647868287155 1.43720422030912 1.01555835697005
 H 3.60124886522685 0.00563412975948 2.83833062995668
 H 5.12319978207550 -0.59653209635100 2.16697516606061
 H 3.79193315497615 2.35085751184199 4.59466919013495
 H -1.54183474804996 1.21680945162521 -2.94955462147025
 H -0.90920776329136 0.11565421574416 -1.70982811338609
 H 0.49366655628643 0.37484594121404 2.47672130458084
 H 2.59135288396010 3.92606018752887 1.34982096950804
 H 0.33335346372674 2.71018081071983 -2.36994188186342
 H -0.48736224501374 0.23160104268462 0.25364972737077
 H 1.59671874726812 3.80928494019258 -0.85855753375815
 H 1.98347424751036 -0.10775777368699 -2.16058608351675
 H 3.75583504606180 4.41484428891844 3.39639431937932
 H 0.78952198933209 -1.02455154971461 -8.84645071780286
 H 3.51442512130175 -2.30614202427947 1.94618669236882
 H 2.77801300087531 -2.13129711367936 -9.33477704822953
 H 4.00166763173107 -2.24831334977220 -8.11885737108291
$end
$temperature
298.15
$end
$mult
 1
$end
$sigma
 1
$end
$pressure
1.00000
$end
$scale
1.00
$end
$msrrho
$end
$freq
5.46
11.30
18.19
25.15
31.19
39.20
47.46
56.60
66.90
79.97
89.18
92.26
109.44
126.68
134.73
136.86
141.59
152.26
188.41
226.07
236.84
247.38
271.02
272.48
284.50
302.42
309.38
318.16
335.82
360.44
376.97
393.08
400.84
427.44
454.31
463.35
470.49
478.85
479.90
485.69
489.36
523.23
538.81
541.16
549.22
558.28
568.27
580.48
588.37
605.22
618.68
639.95
643.93
647.89
652.31
661.95
683.88
690.10
693.76
714.57
727.85
738.52
766.57
801.21
817.28
837.12
847.14
856.20
864.89
905.68
907.39
917.56
925.15
935.68
960.98
968.60
995.64
998.18
1027.97
1071.67
1086.35
1089.52
1103.35
1110.28
1114.74
1117.62
1138.28
1148.51
1164.06
1180.00
1189.58
1200.24
1206.31
1216.21
1228.06
1235.30
1244.91
1245.66
1261.79
1269.54
1277.34
1280.63
1289.57
1307.85
1333.16
1338.75
1348.24
1353.82
1356.33
1367.89
1405.16
1411.44
1434.99
1437.13
1439.81
1445.60
1466.81
1472.95
1513.07
1519.89
1546.74
1554.87
1602.61
1612.68
1693.03
1749.88
1804.34
1810.90
2892.54
2944.00
2944.65
2964.27
2999.70
3012.78
3027.50
3072.96
3073.81
3085.59
3102.58
3106.84
3247.48
3378.16
3384.85
3429.96
3486.61
3492.72
3554.13
$end
