
$molecule
 O 9.27773200711625 3.42299711980492 2.85302541141992
 O 9.53086007065838 5.63838730305322 1.57633246524302
 O 7.53622520662879 2.07033342383781 3.03366084187556
 O 8.24481389685900 5.77428085539787 -1.69087250248797
 O 6.07059746431166 5.67808413065724 -1.21400686018295
 O 7.25056990087564 17.14128521106033 4.04465780105506
 N 7.32166085931617 5.16806407908272 1.45895188453982
 N 7.34283979436187 11.57758108364071 1.26397435479120
 N 7.60471270174756 14.91143582858697 2.29103900742076
 N 7.14114047874913 15.40576545201744 -0.40722610759086
 N 6.71189856665465 18.40171525563962 2.24887608503698
 N 6.63209289955526 17.60582582479930 0.04132582549497
 N 6.09091026774129 19.77313134986529 0.48027235852921
 C 7.41455183955883 3.72146226087316 1.30905245597930
 C 8.16408416606383 3.31817455741768 0.02767492069760
 C 7.35627286667478 3.63768876229178 -1.23695443958419
 C 8.36258541168229 6.02841626042994 1.47722184186576
 C 8.04103000583166 7.46356853344198 1.40997477433426
 C 8.08649962675911 2.99975837261194 2.50811471949468
 C 7.59128175341328 10.23895850724084 1.35469328506413
 C 8.15741739832571 12.60138374266488 1.87530303430548
 C 9.00398348170546 8.36102755949345 1.87691293699791
 C 6.84736416281930 7.97941204713511 0.89646463075206
 C 8.78858107020387 9.71918962733356 1.86208337846392
 C 6.63326149165343 9.33692569697437 0.86700602978083
 C 7.12652335486099 5.12094954100809 -1.37248508080010
 C 7.74140850412617 13.95915420920041 1.38865163564889
 C 7.24448767261325 16.12047307899487 1.86896718483204
 C 7.50436486993162 14.22439022201726 0.02972160085817
 C 7.00254000335408 16.38485684179648 0.49779579901660
 C 7.09038486389841 17.19736194139163 2.85138156796858
 C 6.49667964774463 18.56038786673109 0.90555456916138
 H 6.39021569556621 3.34078605796318 1.26192445862331
 H 9.12373655931482 3.83593816234624 -0.01404210100989
 H 8.35143373784354 2.24367625739039 0.06264644924885
 H 6.38882329885889 3.13546395324537 -1.20705440575868
 H 7.91855278097143 3.29882302763870 -2.10755919780024
 H 6.39438412157848 5.55725303875874 1.40558439867583
 H 9.20271624408534 12.43514329461609 1.59022203914990
 H 8.09320721513561 12.59361435352638 2.97239680855866
 H 9.92765940660804 7.96037202912029 2.26589560736778
 H 6.09107960753988 7.33256065839625 0.47637825782476
 H 6.38319877979994 11.83525840547773 1.08878347393405
 H 9.54700135789058 10.37798824614567 2.25242566798555
 H 5.71040996908381 9.72442299756247 0.45916641090046
 H 7.61606436764575 13.45042622412259 -0.71864020213988
 H 9.55321942505461 4.25003893112689 2.33933853180031
 H 6.58065082191506 19.18230175784452 2.88241735684694
 H 8.09224353820555 6.73102803835657 -1.73999937680907
 H 6.01667856155165 19.90096587870715 -0.51357615104668
 H 6.12886820553845 20.57913414114970 1.07754956367033
$end
$temperature
298.15
$end
$mult
 1
$end
$sigma
 1
$end
$pressure
1.00000
$end
$scale
1.00
$end
$msrrho
$end
$freq
7.43
12.76
17.48
26.42
32.32
52.38
52.98
55.01
69.00
81.38
89.05
104.69
107.70
128.94
134.77
139.23
147.19
163.25
182.06
193.47
210.15
225.66
242.33
270.97
290.25
311.04
318.54
334.65
348.06
356.65
374.81
397.36
400.68
417.58
420.03
439.14
463.57
472.05
481.87
488.00
502.77
510.48
524.42
548.93
552.63
560.94
581.94
601.90
607.82
627.67
641.02
643.64
649.75
658.06
668.50
691.01
700.83
710.36
715.57
737.60
765.69
805.07
810.54
839.87
851.98
854.71
861.03
883.36
894.28
910.91
919.17
921.28
932.68
936.99
945.96
968.10
996.83
1002.18
1036.24
1048.62
1071.50
1073.43
1115.50
1123.10
1125.75
1140.60
1158.14
1164.11
1171.06
1173.47
1190.08
1207.32
1216.91
1230.73
1240.51
1247.24
1250.94
1254.13
1257.36
1271.42
1283.40
1301.78
1313.06
1315.76
1320.90
1332.65
1342.71
1354.10
1360.57
1393.18
1411.26
1418.81
1438.82
1441.80
1446.58
1457.19
1461.27
1469.27
1511.99
1517.47
1554.32
1555.32
1598.01
1610.19
1627.25
1754.04
1780.47
1786.10
2632.96
2889.75
2928.58
2966.07
2992.90
2998.91
3002.87
3012.96
3052.56
3071.80
3087.85
3098.38
3111.57
3376.95
3438.74
3448.16
3467.12
3490.23
3558.86
$end
