
$molecule
 O 3.59877646577619 -7.95805735598713 -2.90465718560799
 O 0.71672242615248 -11.68281500568445 -3.30461979310960
 O 3.44838128170935 -8.97143388866763 -0.92276818773706
 O -0.31577232153498 -9.41216512375775 -4.77400853733397
 O -2.00515509844596 -10.27385316614554 -3.60164407285249
 O 0.95412072380927 -19.07899781912812 -0.82201254052906
 N 1.14508164932185 -10.24913089746448 -1.62110370556004
 N -0.94954825439304 -15.28692139719754 1.69855076876735
 N 0.97025899152087 -17.25358211504777 1.37221723470349
 N 3.42304922669860 -16.87336671034303 2.62179506929579
 N 3.18337149966294 -19.33709801717169 -0.55451103653097
 N 4.44914635495884 -18.29665974542707 1.12826721179291
 N 5.46008715759808 -19.73571705450523 -0.31982922820469
 C 1.63556551955917 -9.21726617402078 -2.49346201289144
 C 0.67553188411396 -8.00923515119488 -2.59203650673768
 C -0.78957686787857 -8.43889880547500 -2.65426531235061
 C 0.76382432724118 -11.46352842477334 -2.10666584958052
 C 0.36649137835846 -12.45105203695386 -1.08052265036028
 C 2.98543333392296 -8.72800246900150 -2.00516663514301
 C -0.45461051930089 -14.37956923946083 0.78621348558165
 C -0.16527570295997 -15.71726584919263 2.83193008503644
 C 0.97406736351903 -12.53360630678129 0.16885846377578
 C -0.64272780466401 -13.36167649787729 -1.39498158910498
 C 0.57726159185829 -13.48540918050396 1.08594065169869
 C -1.05152814382684 -14.30039271971674 -0.47832870447935
 C -1.10482046101876 -9.48611401653202 -3.70308997453107
 C 1.08933770199755 -16.44363784886230 2.40817406233980
 C 2.05974781792244 -17.88074852205156 0.94214007853975
 C 2.33373928608081 -16.26832828668239 3.03175549221177
 C 3.31766225711231 -17.68791519365453 1.56380210286758
 C 1.94732826092331 -18.78664999812076 -0.20358277528852
 C 4.35683311586457 -19.08419506745496 0.10617290986624
 H 1.74555423748852 -9.66703152763174 -3.48725619895426
 H 0.80523261697729 -7.36792134666250 -1.71689807159095
 H 0.94285047873968 -7.44041248992914 -3.48174800498827
 H -1.40882143545529 -7.56579041544177 -2.87518456051029
 H -1.11847243498317 -8.84281477832382 -1.69568311889331
 H 1.26912839555072 -10.11259112823384 -0.63043701623654
 H -0.78704067792432 -16.39312630727840 3.42756106452979
 H 0.08887945606211 -14.85762133766871 3.45724702376356
 H 1.79640213960035 -11.87922413382289 0.42365776965480
 H -1.10100935849427 -13.30394002127850 -2.37019819267811
 H -1.45716818568936 -16.04380788657058 1.26121066312735
 H 1.08517784198715 -13.53357122163721 2.03655120346377
 H -1.83786375594762 -14.99693720900462 -0.73010553936956
 H 2.44734606971166 -15.61621295883789 3.88875234984820
 H 4.45192019286082 -7.64429238462786 -2.56309242906789
 H 3.16849721691584 -19.97806802321331 -1.33983912644135
 H -0.48185334015950 -10.17017263834087 -5.35628221500416
 H 6.32861313795156 -19.46209061052955 0.10586313561218
 H 5.48256996315987 -20.18125949612208 -1.21971405480252
$end
$temperature
298.15
$end
$mult
 1
$end
$sigma
 1
$end
$pressure
1.00000
$end
$scale
1.00
$end
$msrrho
$end
$freq
6.17
8.46
13.16
14.64
27.83
39.37
43.42
45.27
50.02
76.63
86.07
98.63
99.47
121.02
130.97
131.76
136.02
159.73
183.79
196.97
232.30
253.37
257.14
280.98
286.53
300.16
308.61
314.66
354.74
370.05
378.97
390.15
396.79
413.00
419.11
449.59
462.10
475.93
481.52
487.93
496.79
516.77
527.73
548.45
566.04
576.64
583.27
593.26
598.46
609.22
622.99
635.93
641.27
648.89
650.37
656.77
663.14
687.85
707.88
710.45
717.90
764.07
783.71
805.12
814.09
853.46
853.97
863.22
877.06
880.72
904.49
919.59
943.21
950.24
974.13
978.97
996.89
1004.14
1014.30
1072.10
1084.25
1109.05
1113.17
1118.72
1119.32
1130.32
1147.46
1158.68
1163.94
1172.20
1172.47
1186.90
1198.28
1210.32
1223.06
1230.49
1243.25
1257.90
1263.05
1266.13
1271.55
1284.60
1285.63
1308.21
1318.55
1329.17
1329.38
1353.53
1358.48
1386.08
1402.37
1412.25
1433.43
1436.37
1443.59
1455.71
1466.34
1468.00
1502.66
1512.45
1553.91
1565.69
1601.65
1610.90
1701.84
1751.97
1786.07
1794.61
2934.47
2945.32
2967.66
2967.91
2972.08
3003.45
3018.09
3043.78
3064.03
3079.52
3096.90
3104.36
3377.41
3424.07
3432.46
3453.88
3459.25
3485.74
3553.05
$end
