
$molecule
 O 10.54563185909431 -2.24070932737359 1.37465463945991
 O 8.37485551917079 -2.53742213782593 -2.14559472183907
 O 11.77499831995423 -0.68711277416073 0.35918499611603
 O 10.42695834168377 3.96845181741918 -0.29275468095335
 O 8.79068313708517 3.20805780410435 0.98724298572066
 O 2.31045306513369 -10.20942767167127 -2.08879292158755
 N 8.38565600136046 -1.82542811472281 -0.00825157299760
 N 4.00951180799585 -6.49019626126185 0.24661383972697
 N 2.13466108706919 -8.30491936819842 0.02522121587735
 N -0.00006379910159 -8.61688195596344 1.77518935767658
 N 0.43351627923361 -11.18992835450322 -1.29480798819889
 N -0.74369175882461 -10.45723289769197 0.60150999778934
 N -1.45736856595785 -12.30034850656567 -0.52872587215369
 C 9.44180492565944 -0.87770084044562 -0.23579276857329
 C 9.00851445566725 0.54694835184654 0.16215759850137
 C 9.95260461610786 1.61030438240315 -0.38841125750658
 C 7.93651398353718 -2.63498303596090 -1.01278898799955
 C 6.89150730734433 -3.60625637458838 -0.62972611310646
 C 10.71814331567428 -1.24434742690558 0.50387626850431
 C 4.92356932941026 -5.52373772774828 -0.03605843792229
 C 2.95181617119943 -6.36330242465932 1.20676146795495
 C 6.04725741100727 -3.44468481742076 0.46666739697711
 C 6.72224150884675 -4.73517945585732 -1.43612157501230
 C 5.07919957838598 -4.38155599281085 0.75987699756671
 C 5.76840408526065 -5.67833007557115 -1.14547415015252
 C 9.64341145474118 2.98103666306743 0.18069437807372
 C 1.96154246130994 -7.48024810995152 1.03967727758814
 C 1.25723887831502 -9.29293133352647 -0.13657676752955
 C 0.87588111491570 -7.65357786089780 1.91585576070164
 C 0.16564015366925 -9.46280550847189 0.74702796433896
 C 1.43630949914771 -10.21779361685303 -1.25727058692549
 C -0.59018951614253 -11.27798591641458 -0.38782263952735
 H 9.65013272755669 -0.91206997270007 -1.31454862753936
 H 8.00157498656839 0.71530946705169 -0.22214812158724
 H 8.96532534663546 0.63317408737125 1.25000790706557
 H 9.87742871265961 1.65214541234471 -1.47864293380977
 H 10.98495338519436 1.35391410347397 -0.13148744262494
 H 8.13369766289205 -2.02296098186080 0.94540057377371
 H 2.41723842437903 -5.40597060117375 1.09227820821786
 H 3.34981622447999 -6.39329686824664 2.23242972535706
 H 6.11382098979306 -2.56258005645060 1.08781462621402
 H 7.36436103669547 -4.84710351406232 -2.29654238595845
 H 3.86502941980166 -7.22864980113151 -0.42905270529638
 H 4.43644169394199 -4.22563649975964 1.61259460492929
 H 5.65142909269867 -6.55026181713124 -1.77219376053753
 H 0.71965615680081 -6.98581791362953 2.75351664117661
 H 11.38125948061116 -2.44704579644015 1.82327031037871
 H 0.51059277219126 -11.86798829697867 -2.04456537797601
 H 11.08693267165653 3.64904657738487 -0.92220777992118
 H -2.24990991609462 -12.30673895715208 0.08887878806763
 H -1.48223589642468 -12.85649970171817 -1.36414835052406
$end
$temperature
298.15
$end
$mult
 1
$end
$sigma
 1
$end
$pressure
1.00000
$end
$scale
1.00
$end
$msrrho
$end
$freq
6.34
11.75
17.44
25.64
28.08
29.37
37.67
42.74
48.14
56.49
65.78
90.73
95.19
120.35
130.92
137.04
138.14
145.57
170.00
180.22
196.14
208.73
227.15
235.68
257.74
301.17
315.06
333.06
352.43
353.36
368.38
376.81
404.53
408.92
435.89
455.48
464.47
474.49
481.50
482.93
487.01
490.15
501.03
517.81
550.36
556.67
560.70
574.12
586.56
606.49
610.89
623.51
639.48
643.85
647.43
648.62
661.55
685.70
705.21
717.28
724.21
761.50
787.08
801.11
815.13
853.67
864.37
873.54
875.72
895.45
902.43
912.39
921.99
948.63
961.96
1000.13
1007.69
1013.06
1056.89
1070.54
1087.18
1095.82
1104.16
1120.52
1123.62
1133.46
1135.52
1147.54
1163.67
1167.85
1169.41
1191.58
1196.42
1203.95
1216.29
1227.55
1236.13
1243.84
1244.08
1256.70
1268.99
1273.06
1283.02
1285.48
1322.05
1344.71
1347.45
1353.09
1358.96
1393.85
1398.13
1409.95
1432.64
1434.10
1443.93
1459.52
1468.10
1483.66
1512.90
1520.89
1556.09
1557.88
1603.55
1610.91
1698.20
1749.65
1778.65
1805.80
2826.72
2875.89
2904.58
2955.67
2965.95
2987.15
3003.37
3048.89
3066.32
3080.06
3093.55
3099.81
3377.58
3399.68
3440.76
3485.11
3490.14
3495.50
3558.64
$end
