
$molecule
 O -3.20226473062492 -9.75356296848014 -6.51369277524222
 O 1.50145231859216 -11.92159929871875 -7.14165113663736
 O -2.36640965160177 -9.44005365264298 -8.55751231748084
 O 2.32454317303230 -10.35797996408105 -5.07677864616419
 O 1.65914246116936 -8.51708466460045 -4.05135936230775
 O 1.86151618555721 -15.72995256077773 -13.68856700498389
 N -0.31549012016810 -11.06019537724857 -8.18197736739982
 N 3.96266013699049 -11.44447231978268 -12.95902432369465
 N 2.25038014681856 -12.99015877821223 -14.38413715151270
 N 0.37407546649045 -11.89430410990381 -16.11653949239600
 N 0.00956778356150 -15.74235119484980 -14.98466402055288
 N -0.77276621461009 -13.89123054882064 -16.20067465782699
 N -1.93318801991168 -15.84952220367675 -16.25358231125288
 C -1.22975731390510 -10.95468917164426 -7.06746225110322
 C -0.56738592790499 -10.54666506996143 -5.73966734560784
 C 0.30732121694642 -9.29543081496768 -5.87274699999117
 C 0.96283163756995 -11.50199129816802 -8.16308337531409
 C 1.67589256295052 -11.45694930136917 -9.45506472428807
 C -2.30971621081727 -9.96147864498229 -7.47461881794573
 C 3.16414016277580 -11.46244304510162 -11.84180789604470
 C 3.49162951330442 -10.93279744313194 -14.22141164008489
 C 1.31483604569132 -10.63697138822866 -10.52317008123797
 C 2.80526970500056 -12.26872563464821 -9.59652931874516
 C 2.04455954030042 -10.63670548620949 -11.69266424429051
 C 3.52673266689911 -12.28100294666770 -10.76374578084220
 C 1.48836090865596 -9.34331791557452 -4.90535376767385
 C 2.33556732122797 -11.73295014447953 -14.77492556921890
 C 1.23682955056045 -13.71837123656086 -14.84221151499392
 C 1.38112100587351 -11.19477344273150 -15.65246622757544
 C 0.27171693700759 -13.17102092148709 -15.72194792951480
 C 1.12539134163960 -15.11662367558174 -14.42100101139160
 C -0.87876483217558 -15.12556846848320 -15.82640329688832
 H -1.73632221170183 -11.91979356032221 -6.90253415153176
 H -1.35545097862569 -10.37875269180792 -5.00551200107750
 H 0.03270606625048 -11.39215845627841 -5.40176477387555
 H -0.26626359195717 -8.39023035153806 -5.67296029195284
 H 0.71869644541799 -9.22458110486638 -6.88306598810727
 H -0.69509916504257 -10.69819641807778 -9.04672115980241
 H 4.32434700311312 -10.97124869651376 -14.93148549257661
 H 3.20121755705349 -9.88386619169478 -14.11297509416841
 H 0.47290311500240 -9.96237693748712 -10.45082951780570
 H 3.09042166197401 -12.89699313824955 -8.76643528517549
 H 4.53991965634528 -12.26882425770146 -13.04636588534873
 H 1.73421913783367 -9.98650912362101 -12.49563331181514
 H 4.38571303509459 -12.92794216370462 -10.86240787021067
 H 1.43975781632884 -10.16618197463344 -15.98545526526109
 H -3.87715790226961 -9.11731173884613 -6.80088403201149
 H -0.12869686865706 -16.71062904938918 -14.71788189130940
 H 2.07602958048982 -10.96776972395404 -5.81362693836660
 H -1.96616793233638 -16.84616994831664 -16.13718787126673
 H -2.52810619122592 -15.41620978120117 -16.93767281816282
$end
$temperature
298.15
$end
$mult
 1
$end
$sigma
 1
$end
$pressure
1.00000
$end
$scale
1.00
$end
$msrrho
$end
$freq
5.05
8.82
12.31
19.20
35.17
42.25
45.19
56.72
63.81
76.94
90.23
102.82
127.91
131.24
135.44
144.02
157.57
197.73
198.76
201.74
231.16
241.70
257.14
264.84
286.11
306.59
316.54
331.90
354.40
366.28
375.45
399.84
410.65
419.29
437.89
440.58
471.81
481.87
486.90
501.17
510.74
520.10
537.16
564.75
567.29
578.62
589.09
597.02
611.35
632.16
639.37
645.69
649.25
657.88
661.39
671.37
686.62
704.84
711.51
732.97
763.12
795.66
801.54
807.28
817.59
852.10
854.43
865.33
876.15
882.73
900.01
921.29
923.50
942.19
957.53
974.90
994.44
1009.43
1027.98
1058.48
1070.88
1110.23
1115.13
1119.37
1138.61
1143.29
1149.77
1162.72
1175.87
1183.48
1190.06
1196.75
1214.05
1223.18
1228.87
1233.25
1242.91
1247.59
1266.53
1270.82
1272.82
1279.60
1290.21
1300.00
1313.30
1331.30
1345.96
1358.55
1359.62
1390.79
1410.43
1416.18
1435.56
1442.95
1454.12
1463.15
1468.02
1469.76
1506.07
1513.63
1554.38
1562.19
1601.14
1610.79
1660.51
1751.70
1783.16
1788.09
2843.86
2938.80
2959.27
2968.12
3000.25
3013.02
3016.13
3046.22
3062.60
3067.87
3083.42
3098.18
3101.16
3377.51
3396.90
3431.94
3435.54
3489.74
3558.23
$end
