
$molecule
 O 12.92811055759900 0.02936071337365 -1.03219162331813
 O 10.01896010244196 -3.51210651274869 -2.53952612892246
 O 12.74095074383118 -1.76262818163621 0.28451663259923
 O 11.43475360321236 2.49490417575531 -0.53883492853820
 O 9.45515697687841 3.02056375188448 0.29762303231540
 O 2.56221869588791 -10.01955381425498 4.53231984966628
 N 10.24065285287583 -2.35641617348202 -0.61972981951300
 N 7.50733110638003 -7.77155952189783 1.46378800948007
 N 5.15856237060450 -9.27393824258771 3.59514776409188
 N 7.11800225662734 -11.24171323548448 3.76081475518759
 N 3.38339773651621 -12.06656980075415 5.02032005813254
 N 5.60639795303157 -12.72934415612817 4.65763328702995
 N 4.10856959813847 -14.21871583814075 5.50796856579450
 C 10.96163945446111 -1.29695114762127 -1.27612698693606
 C 10.13264083188445 -0.00522358305448 -1.38676046677646
 C 9.91686395591194 0.68586030542090 -0.02890486732183
 C 9.85839164995561 -3.46129014443924 -1.33328068753012
 C 9.22619411638571 -4.54218783125787 -0.55226342293995
 C 12.28949727794847 -1.07016821565737 -0.58387637577499
 C 8.02742230254216 -6.68801212615339 0.80931619137071
 C 6.69936195682174 -7.67564439164067 2.65718970074878
 C 8.63928041440701 -4.35522678188553 0.69741786546422
 C 9.18470795577341 -5.81764045103889 -1.12036319699651
 C 8.04600139281938 -5.40467945432031 1.36646967498248
 C 8.60555208496219 -6.86969456336117 -0.45492311931792
 C 10.21921984020254 2.17873901916910 -0.07324161144100
 C 6.39489474937620 -9.04179591021523 3.19819048122937
 C 4.87842079125637 -10.47924172954666 4.08404559810253
 C 7.37413393831968 -10.04505541744439 3.29053832645338
 C 5.86604119007129 -11.49164180400928 4.16924064844546
 C 3.51324691263766 -10.76030909179283 4.53706962022988
 C 4.40169414121172 -12.98191272562769 5.05801333417751
 H 11.16658358527089 -1.66443888000653 -2.29554473021686
 H 10.63286861631745 0.66373457904444 -2.08988220336756
 H 9.17017833165371 -0.26952025168025 -1.82400865822420
 H 10.57657173605591 0.25425441069213 0.73017399981058
 H 8.89182456688196 0.56367525025198 0.31841428303791
 H 10.33247687573599 -2.42694720847780 0.38071501884335
 H 5.74696907084625 -7.15416695262026 2.48474226573703
 H 7.26227791781854 -7.11984519371105 3.41693132258382
 H 8.60524426253598 -3.37391972066936 1.14812804291474
 H 9.62071996864610 -5.95596305224682 -2.09793863363861
 H 7.32535490624097 -8.57820712569627 0.88526185384167
 H 7.58301272332198 -5.22212849670536 2.32302201052095
 H 8.58638352517228 -7.85236573638875 -0.90449762056255
 H 8.39253071350925 -9.86251234180875 2.97293533561241
 H 13.80070747505015 0.10566562070709 -0.61154647198812
 H 2.45524849323774 -12.32247107558693 5.33800907346807
 H 11.94951236220676 1.71300288881553 -0.80599132660700
 H 4.88040235797269 -14.85345901620408 5.61304964320550
 H 3.24712800056119 -14.41181881713396 5.98606463483426
$end
$temperature
298.15
$end
$mult
 1
$end
$sigma
 1
$end
$pressure
1.00000
$end
$scale
1.00
$end
$msrrho
$end
$freq
8.21
9.63
13.75
21.70
27.65
31.03
44.65
54.02
62.01
73.81
82.91
90.74
100.68
120.82
130.56
134.91
142.47
160.63
163.40
192.00
198.38
230.71
234.41
246.00
282.40
297.11
312.32
341.18
349.92
362.75
373.51
401.57
403.43
421.28
424.84
436.84
462.86
469.58
474.92
479.96
486.23
491.58
520.25
529.57
549.14
559.92
576.12
581.48
602.96
604.89
628.51
640.75
646.45
649.50
656.14
663.31
680.07
690.78
707.25
715.62
735.05
765.23
795.64
802.58
834.42
852.64
856.05
875.80
885.14
901.34
913.14
921.29
926.06
938.02
956.24
969.44
997.12
1007.07
1010.50
1071.63
1089.52
1104.60
1113.78
1115.56
1120.20
1125.56
1140.89
1152.29
1156.77
1166.38
1169.21
1181.69
1203.53
1215.58
1222.88
1230.67
1237.91
1242.68
1246.58
1251.23
1269.82
1273.24
1281.69
1283.22
1314.67
1334.60
1342.56
1356.22
1359.88
1386.37
1389.16
1411.38
1435.49
1445.94
1460.15
1466.76
1468.88
1479.60
1509.89
1516.52
1554.54
1562.11
1602.51
1610.80
1698.79
1753.43
1792.73
1807.14
2857.38
2882.56
2920.77
2953.05
2982.66
3017.17
3029.71
3054.48
3071.67
3073.86
3101.12
3104.86
3350.64
3377.25
3426.49
3435.35
3468.40
3489.62
3558.08
$end
