
$molecule
 O -5.68399264667007 -5.81386587251271 -0.03401224220138
 O -5.22623572582541 -3.94279690075793 3.45516816455882
 O -4.67255672196993 -5.28282079868725 -1.94114030331594
 O -2.90114046058535 -3.34444531987448 -2.82917880534160
 O -1.01771478091855 -2.63951939755636 -1.93082175186905
 O 3.28311849798533 -4.21388553706390 3.36105326643189
 N -4.56873088276553 -3.83222162361135 1.33984134481813
 N -1.04279666131549 -8.69892644553205 3.86153442913054
 N 1.55832012042312 -6.51416448210800 3.08652050375784
 N 0.39635407512220 -6.79811894417551 0.58193597937263
 N 2.38745630029000 -3.41776309861065 1.44502498111335
 N 0.93923017499431 -4.62894495138613 0.05839548445962
 N 1.42677808171544 -2.47447254245976 -0.46105098660175
 C -3.97153395650283 -4.14722844480778 0.06379055419069
 C -2.50767518751156 -4.63347484796978 0.14842738475366
 C -1.82433548168394 -4.78492707609481 -1.21782351042884
 C -4.52641768441715 -4.40642331927141 2.57862362930588
 C -3.59314105970589 -5.53806780603673 2.84391336370195
 C -4.80393547807725 -5.13781417620639 -0.74589084645651
 C -1.88138017826039 -7.64571421550655 3.53863427927627
 C 0.39377400748415 -8.47951215396360 3.91308125138131
 C -2.44045858832270 -5.30199139290003 3.58723321157494
 C -3.91256268010266 -6.84615913292378 2.49986945839293
 C -1.59223750269880 -6.33416674439846 3.92682201661774
 C -3.06582807219290 -7.88294645354776 2.83735609274624
 C -1.86129867774787 -3.49921687883422 -2.01698497599786
 C 0.82254731602088 -7.56717073573453 2.79180488075327
 C 1.71891401102507 -5.58189828094854 2.15310666246111
 C 0.32863034676489 -7.74138913474101 1.48726766706998
 C 1.02801450835242 -5.66399437384022 0.91946337190188
 C 2.54482065855741 -4.40244387172138 2.42592263293480
 C 1.56646787670777 -3.52732942900930 0.35058082751993
 H -3.97028719195579 -3.21235969422720 -0.51454483283768
 H -1.95648153689054 -3.90612075767808 0.74600542121500
 H -2.46060632778173 -5.59338124332639 0.66086271903726
 H -2.29158307702132 -5.58823471666192 -1.78791747320988
 H -0.77835225337055 -5.03779292556150 -1.02390250254865
 H -5.26828648382503 -3.10040687113534 1.30631416858416
 H 0.89450401134941 -9.44776964855743 3.84665904556723
 H 0.67487076241631 -8.01572594213997 4.86314422656568
 H -2.20820282211031 -4.29444858672647 3.89860780488745
 H -4.82683698835715 -7.05000637447750 1.96334898582329
 H -1.31608067140155 -9.56801506053183 3.42536004928349
 H -0.70450705373872 -6.12272622294856 4.50046825855418
 H -3.32005547215718 -8.89597243804454 2.55656813739478
 H -0.15461293552221 -8.66012578500345 1.17914993580142
 H -6.19360718861172 -6.42798389068308 -0.58889156549347
 H 2.91534944113217 -2.56565098663073 1.59726080905121
 H -3.53882859402135 -4.09000369884235 -2.76527877429515
 H 0.66534949634527 -2.51981224217009 -1.13771145025992
 H 1.79867233740152 -1.57632153182152 -0.20759797918469
$end
$temperature
298.15
$end
$mult
 1
$end
$sigma
 1
$end
$pressure
1.00000
$end
$scale
1.00
$end
$msrrho
$end
$freq
10.66
29.04
42.18
43.88
49.47
54.06
66.14
77.52
90.42
93.99
107.16
109.97
126.89
142.95
145.89
157.94
171.91
185.61
197.15
198.99
230.71
238.12
255.51
264.65
299.54
335.14
339.00
347.57
368.31
374.61
388.45
391.55
396.73
409.14
438.58
458.52
477.25
486.09
499.18
540.20
547.89
561.11
576.09
581.56
587.36
587.69
604.06
608.72
625.68
640.80
648.96
660.48
669.58
678.20
688.65
694.01
702.12
711.50
716.13
733.93
749.25
755.58
759.13
789.54
808.72
838.24
858.36
861.69
870.59
872.93
904.60
905.91
918.84
942.69
969.91
993.56
1004.69
1014.70
1034.04
1067.99
1075.57
1095.64
1107.72
1118.49
1129.04
1140.32
1142.96
1159.47
1165.89
1169.27
1190.81
1205.20
1212.64
1232.38
1254.55
1258.59
1262.47
1267.38
1270.32
1278.32
1281.41
1288.72
1299.41
1318.83
1324.78
1328.57
1340.10
1343.13
1371.91
1374.02
1401.37
1414.34
1427.46
1440.76
1453.52
1458.77
1476.58
1477.35
1499.83
1509.65
1558.70
1564.98
1603.46
1610.00
1716.19
1737.61
1750.13
1760.01
2893.98
2955.73
2975.15
2977.27
2995.39
3007.46
3022.43
3042.00
3062.64
3087.28
3095.01
3114.31
3169.39
3261.16
3378.83
3397.57
3416.98
3425.51
3521.43
$end
