
$molecule
 O 0.28838189739540 -6.37073339612016 -5.38590103224603
 O 2.39678703488366 -7.14656328979122 -7.18991825172147
 O -0.01737257455328 -5.69079179122655 -7.48988977353238
 O 1.77608359783523 -11.81449986138084 -5.42796508073808
 O 0.01998705983357 -11.55626000405474 -4.11601233505137
 O 3.14374371920411 -11.62231594432960 -7.68052306687390
 N 0.78240136418842 -8.33236703407366 -8.17890803914841
 N 6.00906963426944 -9.74024748480976 -11.68619471263736
 N 5.33023289862624 -11.69428270081021 -9.50572847725158
 N 7.84280421875096 -12.08027682908174 -8.37883847778521
 N 4.57984469193535 -12.15242526015251 -6.01954493063595
 N 6.90598666908173 -12.36318761446587 -6.29323862779033
 N 5.96606115266883 -12.66687949340988 -4.23821554809821
 C -0.08952349390386 -8.05649992646189 -7.05508093614054
 C 0.23419343372607 -8.99718768698337 -5.88997571781829
 C -0.04092864197032 -10.46241510781384 -6.25430150981088
 C 2.05001368036614 -7.85103279415781 -8.12745994623801
 C 2.97784843478914 -8.28348939573098 -9.19052698649721
 C 0.10543051521183 -6.57765841603426 -6.68779472227246
 C 4.97828935515875 -9.23296806715249 -10.90625910484669
 C 6.24166559205503 -11.17996825062309 -11.67072999090357
 C 2.76679770488554 -9.42194228242311 -9.96635533635169
 C 4.17780106641986 -7.58846240025911 -9.33952000892894
 C 3.74760295057748 -9.88690681047147 -10.81289657192001
 C 5.15862918313326 -8.04757444014889 -10.18899750766366
 C 0.55463469890578 -11.33405782355426 -5.16575687753351
 C 6.42510281344131 -11.62597952942463 -10.24250334274407
 C 5.46811391885891 -11.90334515038383 -8.19877915873143
 C 7.68621572028997 -11.81587823848236 -9.65305046259550
 C 6.74237048798302 -12.11593780841422 -7.61313276440094
 C 4.29006882111963 -11.87769651021874 -7.34168056434863
 C 5.84706434807267 -12.38759313616073 -5.54607624833854
 H -1.12802959699602 -8.17918748457990 -7.37873103000397
 H 1.28848705199136 -8.86140325264665 -5.64208582062133
 H -0.35483736611662 -8.71949666434145 -5.01683218857666
 H 0.41310412205250 -10.70120372746167 -7.21807297580187
 H -1.11681280731205 -10.63544262868537 -6.30142568387476
 H 0.41983418270649 -8.76464066983706 -9.00958877530802
 H 7.12886150458560 -11.39273432031254 -12.26836845131777
 H 5.38179727402154 -11.68518163768017 -12.11269701854633
 H 1.85634691903152 -9.99411058714155 -9.87927250524595
 H 4.33353849028045 -6.70014420652980 -8.74633559233953
 H 6.86606648525871 -9.21256634019806 -11.56735168613882
 H 3.56876690362324 -10.78542307794449 -11.37812030553261
 H 6.09413836980054 -7.51127850200694 -10.27568629643067
 H 8.59394500297591 -11.77208909077032 -10.24232601297349
 H 0.45327045619839 -5.42833685607045 -5.22666199721227
 H 3.78958649953587 -12.15912131858201 -5.37596423516493
 H 2.08345131712916 -11.63703276421722 -6.36225418900915
 H 5.18241458543273 -12.60968726565038 -3.61294050848452
 H 6.89310965270980 -12.79068312678033 -3.87246361584534
$end
$temperature
298.15
$end
$mult
 1
$end
$sigma
 1
$end
$pressure
1.00000
$end
$scale
1.00
$end
$msrrho
$end
$freq
11.50
25.13
28.73
40.09
44.31
63.97
68.04
72.89
80.22
90.29
99.20
116.11
126.83
140.74
144.72
146.61
152.59
156.93
184.30
200.93
217.21
236.87
245.95
268.86
277.97
291.84
324.70
338.65
363.00
371.06
376.68
383.20
403.02
417.71
426.58
452.34
464.41
471.85
488.13
490.97
495.66
509.39
527.25
555.93
571.48
585.94
597.82
607.12
617.68
627.97
647.48
648.11
656.03
691.71
697.55
704.78
709.78
715.48
718.75
735.39
767.41
792.04
808.41
812.51
833.41
848.90
851.90
858.92
881.41
894.97
897.38
918.24
935.38
938.50
973.63
987.09
998.65
1010.75
1055.91
1065.81
1073.15
1081.02
1088.52
1127.75
1130.42
1135.51
1142.41
1153.03
1165.94
1186.82
1190.26
1201.97
1203.99
1226.64
1236.00
1240.02
1245.75
1249.75
1261.65
1268.87
1271.00
1278.77
1283.09
1292.46
1303.11
1331.73
1338.15
1340.39
1357.08
1380.17
1392.04
1407.55
1433.34
1445.74
1451.94
1461.58
1467.29
1473.99
1493.24
1505.11
1549.69
1569.11
1597.50
1613.64
1673.46
1688.06
1775.82
1790.82
2862.92
2941.28
2981.57
2989.54
2994.50
2996.47
3005.32
3023.32
3042.26
3060.98
3089.63
3099.38
3124.05
3291.29
3386.14
3454.23
3490.30
3496.56
3561.50
$end
