
$molecule
 O -2.96846927944719 -1.51913672270723 -8.13342465581536
 O -0.47102439224951 -0.93748512148556 -6.74952930564934
 O -2.83261142605193 0.67959637797439 -8.35693048756327
 O -3.23711279196309 3.54749857586228 -3.83594245017109
 O -2.33912130199606 4.47818282701268 -5.62881548212900
 O 3.04471408497400 -7.62320181435441 -6.93680836224878
 N -2.31404782017796 -1.33535505737172 -5.51257969356480
 N 1.96019702232467 -5.29356454533915 -2.79144761482004
 N 1.66491208055379 -7.45153702012716 -4.44747686094987
 N -0.56403134271156 -9.08719057116179 -4.17184283761470
 N 1.49103364406503 -9.10945800383164 -7.63632190110652
 N -0.30281186438981 -9.87053794062869 -6.32302534261590
 N -0.06482601890679 -10.62494470994586 -8.45611020704017
 C -2.98823663973906 -0.19376286848245 -6.10963789076132
 C -2.45816031662228 1.14359430533352 -5.56979155514908
 C -3.37704867310773 2.32171296045464 -5.91050275274613
 C -0.98073891139656 -1.54206604281481 -5.82771219069719
 C -0.27980173381087 -2.55812670156473 -5.02424214473874
 C -2.87569853415611 -0.27841394737141 -7.64734674615109
 C 1.19879173902914 -4.44511931201113 -3.55444573315868
 C 1.41882025018184 -6.51559526318789 -2.24640660033394
 C -0.92300349900189 -3.51926209261056 -4.24562879074728
 C 1.11764238718793 -2.57148495051929 -5.07376419519445
 C -0.20081985795236 -4.44759184407471 -3.52726214358147
 C 1.84093490277906 -3.48762644295241 -4.35262940769713
 C -2.92914872533547 3.55797587607622 -5.15185919917097
 C 0.96230559168301 -7.46442934705863 -3.32988720381409
 C 1.27417865802548 -8.24430163035959 -5.43908968322531
 C -0.15430729158582 -8.30374162612418 -3.20298707368577
 C 0.13148135483569 -9.07303358876297 -5.31720866488462
 C 2.04514109377348 -8.24849757784077 -6.68491368253996
 C 0.36605838537957 -9.86483702855568 -7.43219834686780
 H -4.05926630523116 -0.29113570336598 -5.88022214195779
 H -2.34447251422749 1.04837041673084 -4.48368112037540
 H -1.47193884362180 1.32124313125461 -6.00002122229451
 H -4.41188239128699 2.08592936087084 -5.64222590522349
 H -3.32337912304559 2.51965598071477 -6.97975991759513
 H -2.61286426960273 -1.59401359498342 -4.58482033261261
 H 0.58923995722912 -6.28739463810950 -1.57132632971067
 H 2.20591869137765 -6.99480661611190 -1.65614553534329
 H -2.00239729936720 -3.57907140418973 -4.21885143248583
 H 1.61194900393408 -1.84208381907441 -5.69697346062232
 H 2.90981304737142 -5.38502285015219 -3.12380656878000
 H -0.73465709970507 -5.18784788211908 -2.95220766930474
 H 2.91962660146817 -3.48617684162012 -4.40213346750515
 H -0.73275955897691 -8.33740563992848 -2.28808368628936
 H -2.88239206701880 -2.18435266866054 -7.43450690934496
 H 1.97379829017112 -9.14322104273609 -8.52722544614142
 H -3.73517551807520 2.76005261143315 -3.58210505212797
 H -0.85759029457119 -11.21719497620748 -8.28529576006364
 H 0.46823791890465 -10.73506897525156 -9.29897983573849
$end
$temperature
298.15
$end
$mult
 1
$end
$sigma
 1
$end
$pressure
1.00000
$end
$scale
1.00
$end
$msrrho
$end
$freq
5.56
7.23
12.36
18.16
22.59
30.21
43.22
45.74
52.63
58.86
83.00
86.83
92.55
118.12
121.42
130.09
138.03
146.78
165.16
176.69
194.44
233.39
239.05
261.03
285.44
291.43
315.47
332.65
354.22
368.39
378.87
397.85
415.71
421.14
434.05
444.58
467.39
474.90
481.58
485.50
496.60
502.01
515.62
518.15
533.55
556.81
566.89
573.59
592.68
594.91
612.24
635.41
639.84
647.13
650.98
661.84
683.85
688.41
702.27
710.96
715.65
763.58
787.77
804.32
806.85
843.69
853.22
863.78
877.73
896.79
901.12
907.21
922.73
938.15
973.53
992.30
1000.90
1010.23
1046.18
1063.80
1070.10
1078.66
1097.81
1106.89
1110.84
1119.11
1138.00
1144.05
1156.40
1163.01
1173.95
1198.11
1204.08
1210.44
1219.42
1221.71
1239.57
1240.53
1244.34
1265.23
1270.83
1274.39
1287.93
1296.41
1310.81
1330.03
1343.97
1358.91
1359.95
1367.06
1390.54
1408.95
1435.58
1444.69
1455.77
1463.14
1468.99
1471.57
1505.60
1511.94
1554.96
1560.78
1600.05
1610.05
1704.10
1752.88
1813.61
1818.53
2886.68
2929.98
2944.35
2946.69
2961.96
3016.50
3039.67
3042.80
3061.29
3084.99
3099.64
3103.63
3377.20
3431.45
3437.28
3445.85
3496.01
3502.45
3566.23
$end
