
$molecule
 O -3.31706265609957 -2.56734107537156 -6.80804923374124
 O -3.78892294575373 -2.42037852335462 -9.40630480043831
 O -5.44588728250531 -3.13337231683376 -7.21731914416655
 O -3.32043826861891 -7.99319058155293 -5.05020981643118
 O -2.79436242015771 -6.35728286149170 -3.65913372087804
 O 3.80462339750007 -3.99236255763258 -9.54136753422316
 N -2.74054888061814 -4.33616288007248 -8.96035372095793
 N 0.61440465511167 -2.10811406252656 -13.98561379589276
 N 3.13360561240657 -2.62210962359221 -11.95148507681150
 N 3.90895095498537 0.04356959815450 -12.09450461304356
 N 4.80557939926472 -2.10347339359541 -8.80656214450836
 N 4.88869349393501 -0.08976176424549 -10.01355962861567
 N 5.89291866431043 -0.22722485369572 -7.97480462527049
 C -3.69255542427525 -4.64045202260823 -7.91749107480506
 C -3.01363495543126 -5.43924341260714 -6.79990519448387
 C -3.98720356695409 -5.75323973814785 -5.65737092609910
 C -2.88496659810162 -3.19823367553507 -9.68106079745587
 C -1.92388459604125 -2.96295527809472 -10.77422508968690
 C -4.27027625223412 -3.33330302254172 -7.35508590284703
 C -0.18009583267948 -2.38411288219141 -12.89947446065794
 C 1.99761385707010 -2.52378975784655 -14.07982271689609
 C -0.70670128972290 -3.63062241985688 -10.90300349560355
 C -2.24752364548362 -1.98825608569863 -11.72112596162108
 C 0.15081056789357 -3.35258088654170 -11.94558050971178
 C -1.39739930322460 -1.70394643470955 -12.76197137336240
 C -3.31983508475956 -6.69997061955130 -4.67543335848835
 C 2.84001236268811 -1.88264509093671 -13.00479511408946
 C 3.79854704617990 -2.04976621547105 -10.95294215316596
 C 3.23551861867642 -0.53750684720448 -13.05845104710616
 C 4.20343161108763 -0.69354211864550 -11.01489131114663
 C 4.10048492940637 -2.84341492213444 -9.75940717515472
 C 5.17107559964141 -0.79213211650557 -8.96332607604113
 H -4.54375699433033 -5.20711382542123 -8.32711358870058
 H -2.62014400708985 -6.36785076134690 -7.22611081749019
 H -2.17547410985548 -4.85848446799983 -6.41152520263695
 H -4.90288106423804 -6.19790300158835 -6.05581598773831
 H -4.24947339267989 -4.83528480044381 -5.13267520425184
 H -2.06002928724682 -5.03423787915237 -9.20908366806681
 H 2.36560500128737 -2.24509107128338 -15.06959670637839
 H 2.05537456536568 -3.60933157027754 -13.97152797871069
 H -0.38886921971536 -4.35723075829067 -10.16953172328448
 H -3.18271397176723 -1.46063042689968 -11.61151566390064
 H 0.38908493685264 -1.24529742048428 -14.45841721821907
 H 1.09350099291842 -3.87083796970338 -11.99671113382061
 H -1.66263163491557 -0.94610291243349 -13.48592082967159
 H 3.00751783678383 0.08310430232411 -13.91636924772267
 H -3.71208215011162 -1.74222716634085 -6.48961645227577
 H 5.05162617466614 -2.60339605286078 -7.95950908743508
 H -3.79901177367107 -8.13925870942708 -5.87681057529498
 H 6.07666149907853 0.75713332626448 -8.05979880764076
 H 5.97979183117840 -0.66420439200172 -7.07493451337105
$end
$temperature
298.15
$end
$mult
 1
$end
$sigma
 1
$end
$pressure
1.00000
$end
$scale
1.00
$end
$msrrho
$end
$freq
6.63
9.18
15.39
24.63
26.47
32.78
37.08
45.83
55.29
63.26
80.61
95.80
117.29
134.32
136.30
144.34
152.62
167.76
186.01
201.90
223.26
237.44
246.23
252.63
266.42
288.01
313.36
329.06
351.07
358.27
374.99
376.97
387.65
401.17
422.85
432.32
447.05
465.18
482.05
482.77
488.87
493.03
514.97
529.78
535.48
559.99
566.96
576.06
582.92
587.08
612.20
634.31
642.05
646.86
651.50
662.02
690.83
693.70
701.63
706.94
729.55
768.29
787.84
804.60
808.75
852.00
852.48
855.90
880.67
889.34
902.52
907.40
921.65
935.74
969.34
993.18
1004.75
1008.73
1053.22
1068.25
1071.54
1096.53
1099.27
1104.50
1120.45
1131.00
1137.51
1150.46
1154.21
1163.07
1177.01
1209.44
1214.98
1223.91
1230.78
1233.46
1244.56
1248.16
1251.23
1266.60
1277.25
1281.98
1284.44
1304.24
1307.80
1332.21
1337.32
1354.33
1359.00
1387.49
1405.45
1411.10
1433.07
1445.99
1450.54
1466.96
1468.54
1476.70
1504.69
1514.19
1553.07
1562.27
1598.74
1609.90
1668.52
1750.27
1786.28
1809.94
2863.57
2942.35
2966.35
2977.14
2978.92
3004.91
3027.50
3041.30
3068.12
3074.52
3101.07
3126.11
3376.63
3433.36
3468.58
3474.67
3488.10
3493.95
3556.31
$end
