
$molecule
 O -3.14935625077714 5.20513188487653 -13.61585231704899
 O -6.15233658867883 5.66050995094396 -10.70942352647395
 O -2.76901346034938 7.40226999971445 -13.61619564400375
 O -2.13015213977527 9.32169887037325 -8.62825879016542
 O -1.50164074710415 7.44482265538035 -7.64214579874816
 O -12.05989958445532 -0.93049166883884 -12.02002585346664
 N -4.02504687277601 5.08472994698807 -11.16750700266227
 N -6.40062341367093 -0.52683283803643 -9.20346392756744
 N -9.33989570683630 -1.14132584909130 -11.16563909879439
 N -7.45811599200507 -1.48152118111337 -13.18377338215340
 N -11.35009620081534 -1.13796691005232 -14.15450950625872
 N -9.10772535841396 -1.42333567770786 -14.78958039765883
 N -10.73911953898659 -1.40876987846239 -16.37919731050062
 C -3.68287142120236 6.40149843400343 -11.62595045201521
 C -2.66256394216122 7.09452329126198 -10.70494796417275
 C -3.23484349927359 7.28261058066990 -9.29674213327270
 C -5.29292952413524 4.79755539416443 -10.75085687122805
 C -5.53303917724605 3.39518887766280 -10.35089992019330
 C -3.15583559602192 6.41533541651157 -13.05175430859877
 C -6.14391143073937 0.75731580575643 -9.60751654319282
 C -7.66111648126654 -1.18564080026609 -9.43164679686772
 C -6.84719921839606 2.92840946351193 -10.36710787601481
 C -4.52618364717037 2.52611290349977 -9.93087073619058
 C -7.15532217853953 1.63433748472720 -10.01385680577283
 C -4.82757544063759 1.23413336276570 -9.56561487853564
 C -2.21402031145121 7.99527523082060 -8.42877681975568
 C -8.05545049187959 -1.25779317604357 -10.88763347335944
 C -9.70882230479602 -1.19791661759220 -12.44198229166262
 C -7.11806093685390 -1.42657254946723 -11.91851021465861
 C -8.75984272822104 -1.37001595147619 -13.47970752518359
 C -11.13073034945905 -1.07317207232227 -12.77471902342440
 C -10.36210099710516 -1.31213429336059 -15.08712674770546
 H -4.62327305718374 6.97417135590496 -11.61396028428505
 H -1.75665883986327 6.48663298764779 -10.64665601179140
 H -2.39880614781150 8.05318225739458 -11.15648394595446
 H -3.44789771975583 6.30877027153306 -8.85553175568240
 H -4.16560518979321 7.85265469969003 -9.34240667366528
 H -3.36699730689408 4.34174559514046 -11.33119459701021
 H -8.46253955753620 -0.67186118893675 -8.89075030060274
 H -7.59231186726790 -2.20058235415790 -9.02980925165802
 H -7.62594554379335 3.61023812879345 -10.67345073514570
 H -3.50100248142292 2.85921263277310 -9.85561417054674
 H -5.59179360623021 -1.11857537294723 -9.09999159324130
 H -8.18081796341172 1.30423733234148 -10.05051377870851
 H -4.04032698254751 0.57170514603247 -9.23283081920986
 H -6.05925830531762 -1.51633194032331 -11.71169646759269
 H -2.82516117083129 5.25889950445790 -14.52915408881443
 H -12.31902827744661 -1.06900540175099 -14.44481686124470
 H -2.76209030757989 9.63822543642005 -9.28751546925871
 H -9.99968934080129 -1.43877498560559 -17.05913729039299
 H -11.66011480331768 -1.13836019420022 -16.67419696785450
$end
$temperature
298.15
$end
$mult
 1
$end
$sigma
 1
$end
$pressure
1.00000
$end
$scale
1.00
$end
$msrrho
$end
$freq
5.78
6.56
11.63
17.12
25.43
32.68
35.53
41.10
48.73
52.79
69.09
77.53
92.58
114.87
131.42
134.50
141.90
155.57
175.56
203.01
222.35
242.95
254.64
260.94
283.76
294.86
312.41
321.83
338.42
353.21
368.65
396.39
400.03
408.08
415.30
436.23
436.73
464.15
477.86
480.21
487.56
491.78
503.02
532.30
540.81
560.88
571.90
580.09
583.48
599.06
617.10
632.33
640.24
646.18
649.17
659.01
686.32
687.82
707.11
716.87
729.67
764.39
787.45
806.57
813.82
850.29
855.29
861.99
870.48
896.86
903.83
921.68
933.97
935.70
963.48
968.37
989.98
1010.50
1038.54
1068.57
1072.03
1103.21
1114.88
1117.30
1123.75
1128.92
1142.23
1148.54
1163.23
1174.34
1180.97
1188.75
1205.29
1215.77
1226.38
1230.00
1236.66
1246.70
1256.58
1264.98
1269.84
1271.94
1279.86
1286.65
1303.79
1331.65
1332.68
1351.34
1358.77
1386.55
1399.70
1411.65
1434.76
1444.08
1451.83
1468.32
1468.45
1474.81
1510.34
1514.89
1555.01
1562.97
1602.28
1610.96
1697.55
1753.40
1789.15
1805.51
2880.95
2944.87
2960.97
2973.36
2982.95
2989.63
3019.05
3048.24
3061.81
3076.31
3097.34
3113.23
3377.40
3441.71
3454.44
3485.14
3487.83
3491.05
3555.70
$end
