
$molecule
 O 7.79411139851469 5.11686297902949 -2.64685815501846
 O 3.86920400567301 3.08328742191131 -0.15493456534424
 O 7.56019980943350 2.94490580925963 -3.09761722201328
 O 9.48026724763026 5.60552008624018 0.14258834244470
 O 9.72394721668681 3.63951535048465 -0.87347230641709
 O 0.67250939503963 -5.68138562613987 2.99024572534398
 N 5.82316190080063 2.53417325005450 -1.11792062180515
 N 3.19531960275725 -3.23327325313854 -0.14972709736777
 N 2.47907549430108 -5.57365851834737 0.78680023960602
 N 3.25405746212195 -8.02061920252324 -0.27637490279004
 N 0.70166117130558 -7.93750843976260 2.83972496782720
 N 1.95355639036772 -9.14466302121159 1.26072418458919
 N 0.70501636365358 -10.26018513590002 2.80415377606184
 C 6.19786860039838 3.90370373861177 -1.36648298176122
 C 6.61879196249716 4.62584662657173 -0.07483819625885
 C 7.83697467059138 3.98390468341641 0.60040621624095
 C 4.61385029983610 2.21567625623213 -0.58161559413957
 C 4.29852765024407 0.77286317400001 -0.51064062622371
 C 7.25788151824237 3.91096440886123 -2.45133083695920
 C 3.58101290651006 -1.93508094810513 -0.27386620251350
 C 3.82963124463802 -4.34490641662542 -0.79494621887578
 C 4.87278873122374 -0.19101942287045 -1.33677300186603
 C 3.34040325513069 0.36149319360293 0.42019631267410
 C 4.52063662602831 -1.51949793921963 -1.22580917916598
 C 2.99308348660991 -0.96043273994643 0.54612151211025
 C 9.10371556431108 4.34924613724765 -0.12753113573257
 C 3.31149258272521 -5.63794504882781 -0.23408252446297
 C 2.02000354149895 -6.71572843834048 1.29433403345121
 C 3.69190544395792 -6.88512451773667 -0.76007450078434
 C 2.40790879200339 -7.96814800942640 0.76355563271899
 C 1.09417745916009 -6.66154677679720 2.42705607893183
 C 1.13604818674028 -9.10253024882744 2.26336659544446
 H 5.32118682282625 4.44391665028389 -1.75891040386632
 H 6.82335131249939 5.67349803662439 -0.29549573858074
 H 5.76494147346402 4.56790244423671 0.60102241797884
 H 7.72711987983334 2.89958776196146 0.61557741577131
 H 7.91371731800911 4.36152465946880 1.62021939567530
 H 6.40828179782466 1.83526162235529 -1.55012211949849
 H 4.92309494899159 -4.31963450254705 -0.65613748424087
 H 3.63947910947410 -4.32874395209051 -1.87907630201352
 H 5.58320427436074 0.08676801781297 -2.10251840616707
 H 2.88333288956526 1.11380578593884 1.04513056741809
 H 2.58701139737708 -3.48812340045142 0.61612432421183
 H 4.97169287806749 -2.24046095865228 -1.89004543020142
 H 2.25921223025881 -1.26726423022428 1.27702448832159
 H 4.37228273661303 -6.95515001007958 -1.59921529735762
 H 8.46816026613381 5.06573237082013 -3.34397708226584
 H 0.06841891833258 -7.96485827738947 3.63096893282993
 H 10.28195168096219 5.83693401250081 -0.35159440991999
 H 0.95888237699410 -11.10366223750237 2.32066706018291
 H -0.05615629222065 -10.28131020483942 3.45845932377815
$end
$temperature
298.15
$end
$mult
 1
$end
$sigma
 1
$end
$pressure
1.00000
$end
$scale
1.00
$end
$msrrho
$end
$freq
5.95
12.58
16.11
23.11
30.51
33.56
40.19
43.69
49.73
63.37
82.86
92.05
97.65
109.45
124.24
136.89
137.84
139.43
177.57
180.82
199.17
208.65
233.55
253.96
272.40
288.30
315.04
338.13
352.03
356.13
376.48
401.51
404.35
406.10
431.92
450.94
455.10
466.36
473.40
482.41
487.24
499.39
509.55
529.81
549.80
552.11
564.98
587.16
601.15
606.92
633.11
639.37
642.52
647.96
652.33
661.55
685.57
705.24
706.47
722.31
724.12
761.42
799.87
803.70
829.17
853.11
868.94
873.70
879.50
898.23
905.48
915.68
922.13
949.22
961.18
966.84
998.71
1000.34
1011.45
1070.70
1075.51
1106.01
1112.28
1120.52
1131.64
1140.37
1151.09
1153.32
1163.73
1165.73
1169.22
1188.98
1195.86
1205.67
1219.00
1226.92
1239.87
1242.61
1247.29
1260.70
1273.13
1283.59
1289.54
1303.89
1321.80
1329.55
1347.51
1352.29
1358.63
1393.14
1396.24
1409.85
1432.16
1439.59
1443.68
1456.67
1459.56
1467.92
1512.61
1521.33
1555.71
1558.03
1603.58
1611.01
1690.66
1749.52
1782.29
1800.64
2824.63
2859.53
2873.63
3000.19
3005.45
3008.20
3017.43
3049.05
3067.52
3078.41
3094.23
3098.23
3377.69
3407.97
3435.33
3437.36
3454.21
3489.75
3558.21
$end
