
$molecule
 O 4.93593971814473 -3.19242475301438 -4.65669766571113
 O 4.83735984130581 0.82153820207471 -0.71659407931231
 O 6.06365010951409 -2.63185685852373 -2.81723996223029
 O 1.20451712799346 0.02540396865473 -6.37331858948578
 O 2.11689626887854 1.91176215267776 -5.66770966075610
 O 4.92350105821862 7.36791160330896 -2.87230772942709
 N 4.10943560290146 -0.81748104134043 -2.03130235553176
 N 7.10415666364803 3.00778999419815 -6.27492978660759
 N 6.59765235897040 5.90067735670745 -4.66625168095142
 N 9.32290384449476 5.97819545238889 -4.11705309012068
 N 6.75988346582025 7.87201001520941 -1.65720283448631
 N 8.94722344045932 7.23552830318857 -2.22470671372704
 N 8.58643233353708 8.51431954914472 -0.37310481249079
 C 3.89231327116820 -1.62110551091071 -3.20816568714838
 C 3.46276200312924 -0.83106816718551 -4.45618487121179
 C 2.22194502808986 0.02452662775057 -4.18232941562420
 C 4.79549706198933 0.35057583075844 -1.83471916936317
 C 5.40055924147985 1.02796959581927 -3.01256069029655
 C 5.10004938776580 -2.51082824734486 -3.51754353826639
 C 6.55035434851922 2.40464043154609 -5.16348349859012
 C 6.91650274289938 4.41718541718579 -6.55031250523988
 C 4.91248390632615 2.27089191436300 -3.40597942859898
 C 6.50098950890293 0.49618381051718 -3.67828133654574
 C 5.46241711667156 2.94651331755964 -4.47447694870316
 C 7.06745038494614 1.17753727801339 -4.73483073275377
 C 1.84921125648304 0.76910319381939 -5.45357989784419
 C 7.46557464734203 5.26900764059665 -5.43341667714351
 C 7.06448414388287 6.56611376321745 -3.61424239183063
 C 8.83851900383647 5.32990631100348 -5.14915205636256
 C 8.44827404065129 6.59736818419125 -3.31285530397285
 C 6.11790424311416 7.26969225020782 -2.74457643000069
 C 8.11140522179348 7.83712095277159 -1.44162680499089
 H 3.07879096879092 -2.31965153247768 -2.96332422187216
 H 4.27439614552543 -0.18243080946614 -4.78409465703436
 H 3.26433339973619 -1.55519278007991 -5.24930370362079
 H 2.44761952536608 0.75728225870304 -3.40868165508738
 H 1.38933729542804 -0.60113614746942 -3.84928734182032
 H 3.81769459811360 -1.23279722661991 -1.15653617878285
 H 5.85053895732297 4.62571130915741 -6.66261083392602
 H 7.42327854939043 4.64585365577489 -7.49098901812419
 H 4.08624348142630 2.71221861719774 -2.86983179845021
 H 6.92926851174240 -0.43813694647669 -3.34921404198059
 H 8.01777052378607 2.65041259697287 -6.51607852200746
 H 5.05185894862202 3.90144523381383 -4.75400809841313
 H 7.92956171610609 0.76258998735160 -5.23945808119422
 H 9.56800567025008 4.84196438075072 -5.78441122029229
 H 5.70519335594600 -3.76134941705385 -4.82321148430474
 H 6.15459064670302 8.37490990789272 -1.01807071861163
 H 1.04316474927569 -0.87919653962757 -6.07560138867894
 H 9.56186289398950 8.38326336883979 -0.16756529070312
 H 7.97287466955338 8.78997254421780 0.37319260020433
$end
$temperature
298.15
$end
$mult
 1
$end
$sigma
 1
$end
$pressure
1.00000
$end
$scale
1.00
$end
$msrrho
$end
$freq
7.20
9.40
13.83
14.61
20.41
26.76
34.55
40.80
45.91
54.87
90.63
93.89
102.25
107.45
128.59
134.94
143.83
167.57
185.46
208.76
233.14
240.51
260.86
273.80
295.43
307.25
313.70
316.99
354.06
369.51
377.78
384.47
396.33
412.96
432.94
436.66
455.87
473.52
482.36
487.17
491.97
528.48
547.00
554.86
558.65
564.49
571.38
578.19
581.87
600.69
616.72
642.24
650.77
654.19
660.37
673.59
683.97
692.24
701.60
707.71
726.90
730.97
768.01
807.81
819.99
835.97
852.23
857.77
863.92
879.67
908.76
918.11
926.37
938.55
965.95
973.51
995.58
1007.56
1023.15
1070.37
1073.20
1093.14
1100.46
1118.57
1121.93
1123.95
1144.65
1145.54
1162.24
1175.10
1192.17
1198.48
1209.73
1212.48
1229.99
1231.62
1247.17
1251.55
1265.82
1266.57
1274.29
1278.21
1296.31
1303.97
1330.54
1332.91
1335.32
1339.25
1358.07
1383.29
1389.46
1413.59
1429.08
1445.86
1451.37
1462.34
1466.96
1468.65
1500.90
1515.07
1553.08
1563.11
1602.20
1610.06
1718.06
1754.31
1804.53
1815.94
2879.99
2959.66
2969.26
2983.77
2986.51
3027.20
3030.10
3037.03
3060.08
3094.44
3103.70
3132.28
3377.40
3417.44
3421.37
3432.64
3482.87
3498.50
3549.53
$end
