
$molecule
 O -1.03143283624090 -1.09677078852710 -2.84599101262780
 O -0.41496529446765 1.44765370836076 -3.00922340435680
 O -0.63947938821405 -0.51728160515865 -4.97582113282324
 O -5.68801241128112 1.37849720340947 -3.33151316131043
 O -4.79845040042348 3.26244044737712 -4.06131237268360
 O -1.27156740918310 2.80482203333381 5.08556189719596
 N -2.61521536493309 1.21921614644239 -2.74897490726911
 N -1.34796349853954 5.98354268444906 1.36997317598960
 N -2.58916989086036 4.78018625981188 3.50194663649175
 N -5.36278144501970 4.82221273334782 3.66640195951195
 N -3.29725894673670 2.10116387078395 5.79917066681980
 N -5.34145152181956 3.05685569045557 5.14744620841129
 N -5.32277940563311 1.34304201741840 6.64723857372383
 C -2.64170115083023 0.31168649709127 -3.87288974856766
 C -2.94370859947254 1.03318600572830 -5.19303175337980
 C -4.43869107571575 1.30733107386315 -5.40930997904061
 C -1.44026947898308 1.82738692970914 -2.45680748737560
 C -1.47843669121287 2.89839180824374 -1.44892953644199
 C -1.27019474391986 -0.38759014503273 -3.96226548926814
 C -1.44008685300492 4.94660247052689 0.47081841380467
 C -2.52010705300590 6.60494466156579 1.93618152361444
 C -2.59774150100154 3.70465366172692 -1.24858431738290
 C -0.33141779497406 3.14468996547336 -0.69136175796510
 C -2.57887727151613 4.71146789488117 -0.30666214274674
 C -0.31531752362048 4.13833568441728 0.25650316361182
 C -4.98663411426544 2.09518126782649 -4.24028898011242
 C -3.29954724067189 5.65612422074844 2.81593149767511
 C -3.24028664350523 3.91771583196002 4.27586302507213
 C -4.69990682099587 5.66295837730938 2.90889113476651
 C -4.65324687635625 3.92890320832813 4.36870381775882
 C -2.46962530925161 2.93906801640984 5.04618777991625
 C -4.66450854082049 2.18998273386541 5.82854552404248
 H -3.37433943611441 -0.48039548836425 -3.67233438687969
 H -2.39425753813167 1.97554561615634 -5.19451026848081
 H -2.56071771574740 0.42483498930224 -6.01340659958205
 H -4.97973715609168 0.36635689608528 -5.53801955220836
 H -4.55319556392866 1.90697636885682 -6.31283628897788
 H -3.47159265484350 1.51450945751711 -2.31080213649895
 H -3.15982195048586 6.99224965085885 1.13953252727990
 H -2.18686492257572 7.45616696319579 2.53923689149648
 H -3.48256173644049 3.58587138905682 -1.85713985015321
 H 0.53851602077602 2.52828994086902 -0.85943528749602
 H -0.60051867800765 5.86231031726475 2.03927835631872
 H -3.46115931429289 5.31938343558988 -0.18370130489557
 H 0.57171834551951 4.30805984056730 0.84917048199919
 H -5.29767592620283 6.37206031580469 2.35036011613025
 H -0.15328644466240 -1.50081274721651 -2.90946835752929
 H -2.81894495640120 1.40856404387363 6.36425276992969
 H -5.81194957854954 0.45758602398393 -3.59547645917747
 H -4.86687630580044 0.54128712036061 7.04412492878649
 H -6.32598139154809 1.35514930010300 6.58996160486445
$end
$temperature
298.15
$end
$mult
 1
$end
$sigma
 1
$end
$pressure
1.00000
$end
$scale
1.00
$end
$msrrho
$end
$freq
5.50
9.31
11.14
26.88
30.62
40.06
43.22
48.69
59.32
70.06
89.53
107.36
124.37
134.21
135.69
150.77
155.96
174.86
182.74
208.02
217.79
245.55
259.00
268.88
278.33
312.28
319.02
354.37
365.09
373.34
377.82
397.35
409.02
416.34
431.28
445.34
454.81
473.84
477.42
484.58
489.28
493.80
503.90
517.45
549.15
560.16
566.04
584.59
592.61
595.23
608.30
635.30
640.71
649.61
653.70
660.39
682.75
687.36
705.73
708.86
715.79
763.80
793.44
805.14
836.67
840.00
852.87
863.65
877.03
890.11
906.56
919.21
927.43
942.01
964.32
975.33
995.47
1008.31
1028.09
1060.71
1071.31
1084.59
1098.12
1111.85
1116.19
1119.12
1141.77
1151.51
1162.35
1163.32
1170.03
1172.53
1198.88
1207.89
1212.95
1220.20
1231.99
1242.97
1249.51
1267.66
1269.40
1272.14
1286.23
1297.48
1309.68
1329.81
1336.98
1354.70
1357.76
1390.04
1401.82
1411.07
1435.26
1442.78
1453.94
1460.14
1465.69
1467.69
1504.34
1512.64
1553.68
1562.28
1599.36
1611.13
1665.05
1751.25
1781.88
1798.03
2904.01
2939.70
2961.88
2971.44
3000.67
3006.11
3015.39
3047.03
3079.18
3081.93
3099.93
3102.67
3377.35
3426.86
3471.31
3475.19
3488.64
3495.03
3556.95
$end
