
$molecule
 O -1.99239764151911 -9.51710271566977 -0.69488898020282
 O -0.85762213391071 -5.72458172729613 0.07830288766433
 O -3.55923838967847 -8.96203604358522 -2.17877527931544
 O -0.08086035493293 -9.04415734270715 -6.21626985136063
 O -1.06208642798285 -7.04390820619783 -6.14972236023964
 O 2.78581644616090 -10.63161085455921 5.56263617349523
 N -0.41150178840221 -7.52365506858459 -1.20564885533721
 N 4.79532337169379 -7.28655157005656 2.55186910838812
 N 4.50399926584028 -9.90223880819244 3.40322378168003
 N 5.14580466710398 -11.93353611786827 1.61848721565136
 N 2.70212432202044 -12.72682105568472 4.71947870087924
 N 3.83433050986815 -13.42666691295467 2.78434958620213
 N 2.50656408689015 -14.89543617426660 3.90954905651712
 C -1.68732681650964 -7.46833593951794 -1.87056854733978
 C -1.56483201933437 -7.19977382262704 -3.37823632162306
 C -0.79102698853777 -8.29937070319929 -4.09934970172803
 C -0.10764812662138 -6.63909531074606 -0.20917593834493
 C 1.18957294150309 -6.86394023984202 0.46646599577823
 C -2.52714228988548 -8.70863270737111 -1.61995670849367
 C 3.60851417341210 -7.20382333901208 1.85916610507776
 C 5.80105144824397 -8.26345551503089 2.21055619809253
 C 2.25703660694802 -7.54410318808825 -0.11329992161963
 C 1.35792717132830 -6.33970546411076 1.74954427644097
 C 3.44630854926159 -7.70991592733252 0.56602155593928
 C 2.53468292844172 -6.51417229642899 2.43642583393816
 C -0.68183643299256 -8.02727781558895 -5.57937583356607
 C 5.30052627516925 -9.67913941170852 2.37430988447798
 C 4.01740621176685 -11.12872369144978 3.56113581977101
 C 5.61954900321168 -10.71760392137356 1.48617449548348
 C 4.32901275153393 -12.17041183254376 2.65355368988868
 C 3.13700824215320 -11.39820095515158 4.70055838026084
 C 3.04931795230482 -13.66656805658697 3.78460989339449
 H -2.21987336072887 -6.62097068364915 -1.40994782972390
 H -2.56832937683116 -7.13059686852105 -3.79821722093089
 H -1.06456738982722 -6.24353677935432 -3.52981067307666
 H -1.27862470832662 -9.26888784609971 -3.97610129495831
 H 0.22625486475187 -8.38477323373926 -3.71065760165609
 H 0.11513068991787 -8.37810638371218 -1.27475385831866
 H 6.65593558356767 -8.10688650521089 2.87581676328007
 H 6.14278896717407 -8.10212048862067 1.18450221411621
 H 2.18340073553589 -7.92989780075731 -1.12036014966705
 H 0.53449626463313 -5.80106725075689 2.19315879627221
 H 4.68233247868339 -7.15786665807754 3.54752713317438
 H 4.25164062946596 -8.23966210661872 0.08123852322425
 H 2.64375688441007 -6.11781466688853 3.43535611607781
 H 6.27882948341938 -10.55441829238411 0.64276636658653
 H -2.57976658077298 -10.27170184842876 -0.53070791984111
 H 2.07616587894815 -12.96995119261688 5.47902316715419
 H -0.01871914979047 -8.85745447315469 -7.16634104101672
 H 2.05167994972486 -15.18117893578153 4.75788692389506
 H 2.84227664151053 -15.59918725028392 3.27554424556245
$end
$temperature
298.15
$end
$mult
 1
$end
$sigma
 1
$end
$pressure
1.00000
$end
$scale
1.00
$end
$msrrho
$end
$freq
5.17
7.47
10.98
18.75
20.14
28.72
32.03
33.72
48.72
56.79
62.98
74.12
84.96
108.80
128.99
135.27
146.87
157.27
175.44
193.88
213.70
229.48
251.44
258.88
277.51
294.27
315.55
339.91
354.02
371.65
376.40
397.21
407.40
422.10
424.33
463.72
468.68
474.15
480.89
487.20
499.62
514.84
517.92
533.71
553.84
566.85
574.74
595.63
605.47
610.32
631.53
639.79
646.07
650.25
651.98
656.89
663.44
688.48
708.81
715.27
721.05
763.83
774.70
789.63
804.53
847.17
853.52
863.39
878.07
891.15
899.90
921.35
924.08
941.96
967.10
976.13
995.63
1011.70
1026.96
1071.43
1089.62
1109.82
1111.31
1117.64
1118.85
1128.62
1136.20
1146.09
1163.43
1174.08
1180.68
1194.40
1205.79
1209.49
1213.50
1221.60
1233.75
1243.40
1251.06
1261.74
1270.92
1276.00
1278.91
1286.72
1309.82
1329.48
1345.42
1355.81
1358.47
1386.12
1391.33
1411.29
1430.84
1433.81
1443.44
1454.99
1462.52
1468.07
1504.11
1512.37
1553.93
1565.46
1602.34
1610.81
1704.03
1752.20
1789.65
1805.90
2874.98
2945.85
2963.06
2969.12
2983.30
3013.59
3020.17
3043.90
3065.66
3079.51
3095.83
3101.01
3377.08
3431.08
3447.27
3449.63
3482.08
3488.29
3556.22
$end
