
$molecule
 O 7.60097909306673 0.93674669532292 -1.86386127288374
 O 7.39810878362086 3.71176642631546 1.43265044222404
 O 5.47316008532289 0.40250092588630 -2.20981584394080
 O 6.65537122469467 5.95148398744846 -2.50205024670997
 O 4.65861313902422 5.51347380936507 -1.61485488016364
 O 17.06764868818335 2.31735596445211 7.90343515521685
 N 7.16105225719138 1.57799762533121 0.65069591689654
 N 11.83101308576524 0.80450597922650 4.93312993655310
 N 14.50187312952870 1.33047121645236 7.11864107144295
 N 13.90064766645738 -1.26222682284720 7.92841552424738
 N 17.45837741855987 0.34007743074465 8.92382224932301
 N 15.94830627313087 -1.45752851805153 8.96298192836131
 N 17.98571562741908 -1.67265829356016 9.95582481211063
 C 5.98593492123516 1.64891690546455 -0.21006977716148
 C 5.47571677232281 3.05600982329528 -0.55014307381563
 C 6.43936470405598 3.89118270146427 -1.38839408048041
 C 7.71891979806770 2.54138874511447 1.45588660255261
 C 8.80116274096453 2.03598135500249 2.33479970832115
 C 6.30565946925786 0.92391010831623 -1.52944658630921
 C 10.85921249168158 1.25521329275250 4.08438591975313
 C 12.37167488992152 1.58868223815708 6.02028596248688
 C 9.10411091036652 2.78466280856144 3.47201278774830
 C 9.56210187519764 0.89524981428467 2.07265166655036
 C 10.10375798176601 2.40568317563962 4.33834240903672
 C 10.57160087297113 0.51761058255580 2.92714555754200
 C 5.79289174365801 5.18228090267966 -1.82192559953215
 C 13.34533386465569 0.77188720275625 6.81821700904868
 C 15.37123670259421 0.61657652642256 7.82879399046151
 C 13.05561554942904 -0.53775297399349 7.23576891944121
 C 15.07901271528324 -0.70651014776262 8.24398644837680
 C 16.66193144289306 1.21637559020906 8.17917292772128
 C 17.08907058127758 -0.93107946078185 9.27571559109081
 H 5.15558494697655 1.10784322590085 0.26495759562848
 H 4.54090227560773 2.93426896774941 -1.10038605139811
 H 5.25981641318423 3.59340813493536 0.37244224914084
 H 6.75572856523244 3.36967842815179 -2.29474326497613
 H 7.32595664835372 4.15426243378568 -0.80767976776549
 H 7.37598542727034 0.62853125215810 0.92194280351909
 H 11.54766613846158 1.89177911585179 6.67745050231243
 H 12.88707659967393 2.49449093348168 5.67139652587317
 H 8.53038406659089 3.67964792212350 3.65924231252291
 H 9.40201378274408 0.30771799011405 1.17883983785422
 H 12.45788367323520 0.11339046461678 4.54867811225933
 H 10.30737074797141 3.00998867255949 5.20720495623393
 H 11.16256477110045 -0.35984945110653 2.70510128872015
 H 12.10815794540823 -1.00356333614713 6.99735731704354
 H 8.11317107487589 1.42300535835056 -1.19266660275334
 H 18.36964863511156 0.69808758098557 9.18712309155298
 H 6.22830087658175 6.78023469856506 -2.76995532878193
 H 18.80778801347972 -1.26234838212429 10.36037904231921
 H 17.67415889861231 -2.57099762623574 10.28062320521721
$end
$temperature
298.15
$end
$mult
 1
$end
$sigma
 1
$end
$pressure
1.00000
$end
$scale
1.00
$end
$msrrho
$end
$freq
5.21
8.79
14.55
17.62
29.53
30.71
36.38
46.76
60.59
69.14
72.47
90.92
108.27
117.40
134.24
137.53
139.66
150.71
160.94
188.11
196.14
226.64
235.27
241.26
272.47
299.77
311.92
317.72
337.26
351.99
373.69
382.33
400.65
417.65
432.11
440.15
460.80
470.11
482.13
487.88
504.90
515.17
524.20
525.90
549.99
556.56
581.58
601.90
607.21
617.09
629.81
640.45
643.02
649.95
650.79
661.66
672.69
691.27
704.11
729.12
742.90
765.67
775.96
802.55
836.15
845.51
850.75
856.02
881.83
888.40
905.87
919.60
925.50
934.37
937.71
969.11
997.21
1006.38
1024.48
1056.45
1071.49
1098.28
1115.52
1118.81
1122.92
1126.29
1142.52
1147.66
1157.55
1169.71
1191.44
1207.85
1211.29
1221.72
1227.76
1230.94
1245.32
1248.04
1253.10
1257.62
1271.44
1280.70
1283.73
1296.34
1314.29
1343.02
1352.61
1355.69
1360.61
1391.10
1405.89
1411.26
1417.52
1437.40
1446.59
1453.21
1460.16
1469.13
1510.53
1516.75
1554.59
1559.71
1602.32
1610.57
1721.83
1753.97
1801.54
1811.51
2888.45
2892.84
2922.48
2972.11
2985.25
3000.74
3025.63
3053.12
3056.81
3074.39
3097.33
3111.84
3340.78
3377.18
3425.01
3435.58
3452.09
3490.38
3558.87
$end
