
$molecule
 O -4.89229883184893 8.96351961374136 -9.53233771729498
 O -6.18312088871087 8.01362582409872 -5.16916258082362
 O -6.44999001329150 10.37405527675889 -8.88225656549887
 O -4.37217123862864 4.38176526876992 -7.96904243876839
 O -4.16804126484312 6.40207875876671 -8.87057033967089
 O -9.82625114029624 10.30540396183913 -7.23145159170110
 N -7.45386589215945 8.56579010858703 -6.95248645756253
 N -11.83621138606246 10.40662495805787 -3.00845835318718
 N -10.78630856002101 11.82535983219150 -5.00789521990047
 N -9.73123756343418 14.36314445632122 -4.70919272753756
 N -8.37186848137222 11.97231702949599 -7.64207492656337
 N -8.27621305299329 14.00668355964394 -6.46486848432911
 N -6.78894772247033 13.56011568745288 -8.15247710137600
 C -6.44522573680959 8.16058415498762 -7.89283247463140
 C -6.91034462857617 6.94775883503528 -8.73528593406914
 C -6.35193861523339 5.64037223048933 -8.18026352731462
 C -7.24394216908478 8.41716780635821 -5.61353434852837
 C -8.42409626021619 8.79617563404671 -4.80144141530720
 C -5.94586638027587 9.27826843966466 -8.80502282389765
 C -10.69021473498042 9.80553694364991 -3.51942757359225
 C -11.81646180893382 11.84745405445680 -2.83129042222655
 C -8.29377702438076 9.68320498619478 -3.73836958110500
 C -9.69063985318270 8.31506238700637 -5.12528470484321
 C -9.41049028886020 10.18535827409648 -3.10380813280561
 C -10.80382038510520 8.79185399770752 -4.47418279709788
 C -4.86388757704099 5.53910635052318 -8.38177420656015
 C -11.07267134016433 12.55209241068878 -3.94609433811431
 C -9.91225526185206 12.29957290743511 -5.88795384804940
 C -10.58770878728759 13.86654875112696 -3.85014755404266
 C -9.30240621050228 13.56665343570598 -5.70004081265715
 C -9.43788684300784 11.42551964457736 -6.95707019421156
 C -7.82724944376606 13.19813699609724 -7.37762168802246
 H -5.58755876868410 7.87158865289896 -7.26434281436754
 H -8.00027555880875 6.91805170549491 -8.71381020943790
 H -6.60158506755504 7.05889579634694 -9.77727324270957
 H -6.81576437155933 4.77424148192712 -8.65613090489859
 H -6.54711467104741 5.56612515603283 -7.10746099311988
 H -8.32159986521035 8.98301389160454 -7.27342376035182
 H -11.32333601390684 12.09567767369771 -1.88400245083541
 H -12.84731215127069 12.20491789960198 -2.76538008064038
 H -7.30772843301806 10.01486049497263 -3.44762711236576
 H -9.80445605955041 7.57826324784922 -5.90636771059634
 H -12.65244675099235 10.10146519002809 -3.52339498323723
 H -9.29255698636880 10.91781395906074 -2.31959922627718
 H -11.78504211990375 8.43948002150623 -4.75755833925695
 H -10.90382575132234 14.52916530972362 -3.05410223602189
 H -4.54961797225293 8.05372529085638 -9.34920932855828
 H -7.88691898495245 11.35819889720903 -8.29998479736815
 H -3.40870502935995 4.34321225732668 -8.08637663211736
 H -6.32419158746484 12.85638548241374 -8.70321278323519
 H -6.29739047168279 14.39962901580338 -7.90151451348319
$end
$temperature
298.15
$end
$mult
 1
$end
$sigma
 1
$end
$pressure
1.00000
$end
$scale
1.00
$end
$msrrho
$end
$freq
16.35
23.83
34.29
36.33
50.53
55.03
66.67
72.44
86.59
94.50
104.21
108.73
126.86
147.08
153.59
165.16
172.87
188.83
196.84
223.16
232.21
251.64
266.41
301.54
317.83
324.78
326.74
345.08
367.22
380.34
400.83
404.76
412.27
415.34
422.77
465.39
485.44
490.35
499.26
510.01
514.92
522.83
558.03
579.58
587.28
595.68
610.27
615.76
627.03
631.14
650.03
655.27
669.73
671.14
673.09
701.34
711.74
712.92
731.32
758.37
761.34
788.27
804.01
811.82
830.78
849.01
854.63
866.59
875.43
889.15
903.42
915.62
935.73
955.10
971.60
983.51
1006.37
1010.06
1026.88
1091.34
1094.00
1098.25
1099.35
1133.56
1136.71
1139.55
1143.34
1164.60
1176.14
1180.08
1189.02
1192.35
1207.25
1211.52
1223.30
1231.96
1240.51
1263.70
1267.84
1270.33
1280.50
1289.77
1291.96
1303.00
1330.73
1334.33
1337.14
1339.32
1360.76
1380.00
1399.95
1414.38
1419.04
1434.76
1449.37
1456.20
1467.99
1470.32
1492.69
1505.71
1550.41
1567.98
1599.57
1607.61
1702.35
1715.29
1739.76
1762.41
2872.15
2918.51
2962.64
2970.35
2981.02
2990.05
3006.93
3041.77
3058.77
3071.60
3081.49
3086.13
3093.39
3245.06
3328.04
3405.58
3429.89
3460.69
3545.44
$end
