
$molecule
 O 2.58657918366312 -4.78015149499559 0.84793786570787
 O 5.48903938824404 -2.07006749271707 -1.35393827438417
 O 2.05373305011298 -4.86119527635613 -1.31817050306681
 O 1.27846345664948 -0.36740597061275 -2.16221011806900
 O 3.21304544114818 0.68009262220543 -1.96432472108555
 O 2.96634116466787 -0.00439925423067 -11.39484765075863
 N 3.31436775292517 -2.46446837605179 -1.80333347822105
 N 5.55952226633390 -1.30446307908006 -7.67399595718546
 N 5.49158702946473 -0.54353216541943 -10.18295737591388
 N 7.71184588287894 -0.31248959323823 -11.83751064974368
 N 4.04395651514477 0.40931420985297 -13.33901315646153
 N 6.37134663756033 0.26870121600044 -13.62142674734952
 N 5.04765980799965 0.79636802664392 -15.39821340504358
 C 3.05196705537218 -2.84851024798272 -0.44276976482040
 C 2.02851817438642 -1.91020050105041 0.23061900860576
 C 2.40739552708999 -0.44867197049934 -0.00585260019536
 C 4.60165872891316 -2.15143379348284 -2.18342515947320
 C 4.80134112166883 -1.91438954907793 -3.62092671019371
 C 2.52070676901852 -4.26994967220433 -0.38203322871317
 C 5.34419246631960 -1.47693711457741 -6.34192429693208
 C 6.84963639205672 -1.16050426414354 -8.28183957789741
 C 6.10641107597025 -1.96461664769720 -4.11113463023006
 C 3.76765094626119 -1.61573088414306 -4.51206877983959
 C 6.38086335292321 -1.76067644168675 -5.44369967289064
 C 4.03563708526951 -1.39888665497335 -5.84219225612425
 C 2.37552474739036 -0.00870446080531 -1.46321989920816
 C 6.70680257559522 -0.77421157410833 -9.72552484950892
 C 5.35829826300884 -0.19885415775468 -11.46224560465036
 C 7.81913878667822 -0.65053409436984 -10.57689027836075
 C 6.47992446713691 -0.08013448064676 -12.31556291215649
 C 4.01585581317206 0.05729496898343 -11.98688882066165
 C 5.18665694340332 0.49460601729373 -14.09058360578368
 H 4.00899921543670 -2.78670299087338 0.09182664526508
 H 1.02683081659040 -2.13227804157266 -0.15375412730231
 H 2.01937640288111 -2.11660901923328 1.30159597880156
 H 3.41808744172973 -0.26357060208463 0.35865961414089
 H 1.72057588933389 0.20238470582947 0.54326715348413
 H 2.67561225850582 -2.81506179610581 -2.50141647671496
 H 7.41412360113820 -2.10343419189458 -8.22393773444929
 H 7.45153337134425 -0.38942384479290 -7.77280185173766
 H 6.90394188110240 -2.17463314155246 -3.41429067895112
 H 2.75213880633644 -1.50589441884078 -4.16371013290443
 H 4.79000667761619 -1.00127624237534 -8.25493781635527
 H 7.40056004620327 -1.81874111751896 -5.79150422337730
 H 3.23391188053253 -1.15495960759845 -6.52412923660508
 H 8.82338447134191 -0.83266753916292 -10.21594976222462
 H 2.23741511354722 -5.68621741887248 0.86472372957918
 H 3.14018639792628 0.58607444079761 -13.76295788933337
 H 0.66418256954319 -0.89748220719443 -1.63822893494258
 H 4.18506654786915 1.16039661415866 -15.76096360713852
 H 5.89628674256416 0.94681056980502 -15.91499983864136
$end
$temperature
298.15
$end
$mult
 1
$end
$sigma
 1
$end
$pressure
1.00000
$end
$scale
1.00
$end
$msrrho
$end
$freq
9.21
12.59
23.24
24.57
33.06
37.10
41.49
45.59
57.93
69.35
71.94
92.96
95.08
103.28
119.17
136.88
138.02
139.50
181.55
183.80
213.49
244.71
248.28
266.79
294.40
307.71
311.89
316.61
338.20
352.68
377.16
395.71
404.68
414.61
425.71
431.32
452.51
467.09
481.56
485.84
492.33
499.33
508.48
519.73
532.67
550.72
552.93
586.03
594.64
608.17
613.49
629.92
639.26
641.27
647.29
649.95
660.63
685.53
706.53
714.44
723.78
761.42
803.24
811.84
828.89
848.66
867.54
873.73
878.51
899.90
906.66
917.42
929.34
949.92
951.45
960.04
1000.85
1008.36
1027.48
1060.73
1070.98
1098.63
1110.88
1120.36
1124.98
1138.50
1140.14
1147.57
1154.91
1163.66
1167.96
1180.81
1193.53
1201.05
1208.50
1217.68
1229.77
1239.69
1244.96
1260.14
1273.14
1274.71
1283.54
1308.34
1321.22
1323.84
1348.77
1351.52
1358.18
1377.49
1398.03
1410.35
1435.34
1443.01
1443.20
1458.39
1467.69
1486.69
1512.26
1521.16
1555.33
1556.98
1602.17
1610.82
1698.61
1749.36
1790.09
1802.80
2824.44
2876.10
2914.47
2931.61
2959.41
2998.37
3022.06
3049.23
3076.12
3088.70
3094.88
3099.64
3377.87
3407.92
3430.86
3443.06
3488.63
3489.81
3556.69
$end
