
$molecule
 O -8.38575751504719 3.69938028197616 -5.61045264453246
 O -4.60572728559130 5.28357422708851 -7.92657172244589
 O -8.76177445626167 5.80638254252636 -6.24074260317052
 O -3.79345416178087 3.78798911915287 -5.59584969065354
 O -2.61391864771132 5.68036611907968 -5.59339948841976
 O -1.02247977037910 13.45390741057647 -7.24605586986564
 N -6.10390028066230 6.29724283891254 -6.58550171380623
 N -4.25738388059256 11.15666488967921 -10.35240390820195
 N -3.61640920002162 13.06801874283814 -8.37369368564269
 N -5.76459689373452 13.74287456661370 -6.74536895944646
 N -2.01375896166289 14.14248312888653 -5.33548615787400
 N -4.33618831843687 14.31761578994286 -5.03134166722281
 N -2.92678852775969 14.93162835418017 -3.35060545627699
 C -6.48512753406892 5.07634639527372 -5.92883150023720
 C -6.01438372193974 5.01178074235520 -4.45749071972334
 C -4.61126257124173 5.58849988856437 -4.27294584234312
 C -5.21556037322630 6.29348700735082 -7.61912918605212
 C -5.01535072104107 7.59511875536793 -8.29033755721634
 C -7.99414515757381 4.92409385879059 -5.96240227195999
 C -4.52278919903155 10.01708575572062 -9.62550776657626
 C -5.03157462200798 12.36540759223710 -10.18433229661936
 C -6.01369413102897 8.55826033111369 -8.40788969926001
 C -3.76954389059060 7.85351318627213 -8.86396120473996
 C -5.77508972465819 9.74750589255351 -9.06525271929965
 C -3.52347477221392 9.04239970054392 -9.50744100777720
 C -3.56963907384803 5.04921928342040 -5.23256886927544
 C -4.86048029407800 12.94446339194638 -8.80049006020535
 C -3.42147214351547 13.52678398490300 -7.14236653036138
 C -5.93292253972757 13.29394060786357 -7.96679941517146
 C -4.50807158900149 13.86691933808810 -6.29938706237201
 C -2.04855828589871 13.67745800734417 -6.65330839383151
 C -3.12545909012072 14.44213504779307 -4.59270333302737
 H -6.02099159217830 4.25597309073379 -6.48874424752608
 H -6.70207228191943 5.58237250869901 -3.82858102538812
 H -6.04103061047135 3.96920256238861 -4.14304233956023
 H -4.26393541659628 5.36642083763177 -3.26073806691191
 H -4.61742429316146 6.67301220163412 -4.39073649068227
 H -6.67368631160902 7.10899490246321 -6.40691128697978
 H -6.08617963486694 12.16454500120324 -10.38546708192512
 H -4.67495464703148 13.08893708491759 -10.92327684597309
 H -7.00470769432554 8.37646069266445 -8.01571448959964
 H -2.99863527331838 7.10396761594098 -8.77303515410646
 H -3.26854964585081 11.33682037472722 -10.46078270210263
 H -6.57504353281753 10.46685635318166 -9.14316472671756
 H -2.54937900616492 9.23767603867005 -9.93201650769876
 H -6.95892623806385 13.20717599518168 -8.30165423938906
 H -9.35429018630469 3.63061103239329 -5.62582029792091
 H -1.08802200683841 14.27418656527832 -4.94372878120999
 H -3.17541176726902 3.53330332111540 -6.29910789872685
 H -2.03218291474291 14.85823396179106 -2.90029019578906
 H -3.74744261198565 15.05425508044085 -2.78352261818290
$end
$temperature
298.15
$end
$mult
 1
$end
$sigma
 1
$end
$pressure
1.00000
$end
$scale
1.00
$end
$msrrho
$end
$freq
5.62
6.86
13.06
15.55
26.84
36.58
44.33
44.92
55.99
76.39
82.59
91.24
103.16
120.88
129.70
135.62
139.30
155.88
184.48
191.90
226.09
256.30
262.75
269.96
280.94
300.69
313.17
318.53
353.70
372.93
377.22
391.17
395.12
407.05
421.13
454.53
461.17
477.23
481.74
487.65
498.89
520.93
526.26
548.67
565.83
570.70
583.63
591.23
599.73
605.25
625.94
639.12
641.46
648.82
651.07
654.62
661.61
689.66
707.87
710.84
719.54
764.92
784.13
804.18
814.23
852.69
853.76
861.84
877.47
881.37
902.04
919.33
941.37
949.48
973.93
978.22
996.80
1004.66
1014.14
1071.95
1083.92
1105.86
1113.70
1118.54
1119.57
1129.88
1146.81
1159.24
1164.32
1170.53
1172.49
1186.95
1199.01
1211.02
1228.63
1230.81
1244.61
1258.81
1262.67
1267.12
1271.75
1283.94
1284.92
1308.46
1318.41
1328.32
1329.49
1353.60
1358.44
1386.54
1401.81
1411.94
1433.82
1436.73
1444.01
1455.31
1466.78
1468.02
1503.16
1511.39
1553.34
1564.94
1601.41
1610.80
1698.43
1752.22
1786.03
1794.37
2934.96
2954.66
2967.96
2971.61
2976.29
3003.82
3018.16
3044.80
3065.37
3077.63
3099.33
3104.26
3377.51
3423.40
3432.09
3452.09
3458.36
3487.22
3554.96
$end
