
$molecule
 O -4.29080024226731 3.29991657256501 -5.26723766867536
 O -1.75597370223569 4.31736049769652 -5.28394212478379
 O -3.93128423855942 4.92741305740601 -3.77595089488815
 O -3.64452387871961 8.06656731768114 -8.22809656349186
 O -2.33259100484694 6.60813997631456 -9.24495053393781
 O 5.00567590535770 6.05074310572520 -9.81137205895918
 N -2.65999729867234 6.19915419317358 -6.06067092189411
 N 3.42469931774578 8.07369162496869 -5.60398157875265
 N 5.02563098379504 6.28084859476937 -6.96662530918164
 N 5.97657504364690 4.07278061009585 -5.57307232339765
 N 5.75498842664827 3.92974360683987 -9.59148916604419
 N 6.27340222989781 2.91005784992076 -7.54014110930414
 N 6.60408734981245 1.76971281066783 -9.48451255002628
 C -3.94570837514107 5.53438335740647 -6.10609591753574
 C -4.17400575642379 4.83812618840608 -7.45292502604720
 C -4.50301306827876 5.82456229896392 -8.58317992443941
 C -1.58901692794188 5.47034206466607 -5.66134507190172
 C -0.28350494047587 6.14724123631469 -5.68836291789310
 C -3.97395206886467 4.55003561641742 -4.91779716857844
 C 2.23908213256091 7.37542608841836 -5.64251586035263
 C 4.59903245519334 7.53425038267118 -4.96038746102021
 C 0.69133296742340 5.74448470514464 -4.77797439673005
 C 0.02873671711594 7.15336855698737 -6.60477466203384
 C 1.92792226822198 6.34985318945274 -4.74381570697814
 C 1.26898458401134 7.74748130894817 -6.58300261006086
 C -3.38988743522385 6.83853966103768 -8.73859443207527
 C 5.09755959822477 6.28548215256012 -5.64827315079028
 C 5.41789178718446 5.18575829392619 -7.60873153510207
 C 5.58759685906099 5.16535835845183 -4.96033525750461
 C 5.89357797174426 4.04953355528788 -6.90964945588495
 C 5.35048616409560 5.16263580500729 -9.07189085075323
 C 6.19343558593704 2.87774839805185 -8.83081131131176
 H -4.73137602812969 6.27385714453321 -5.90679842511093
 H -3.27030078635476 4.28167521243873 -7.70279261455322
 H -4.99408139151657 4.12739090615997 -7.35464101290050
 H -5.45884801815961 6.31675265814531 -8.38448874898761
 H -4.58292302706342 5.26453115204605 -9.51577798100849
 H -2.56372342389235 7.17153877253616 -6.29912706757699
 H 4.38523226113314 7.32716996735855 -3.90889708391207
 H 5.37967065346522 8.30075631025354 -4.99962887257077
 H 0.45310519200480 4.94814566831885 -4.08919432722711
 H -0.67557224766908 7.43796164505637 -7.37223594933181
 H 3.63249411751201 8.54907427882886 -6.47139702453659
 H 2.65423303385004 6.01367986964327 -4.02083574495960
 H 1.51120885031227 8.51063465884254 -7.30818705986717
 H 5.66492199387242 5.15695283486404 -3.88033957242993
 H -4.23791743553790 2.73106842894526 -4.48442061502897
 H 5.73220612566661 3.85334790300244 -10.60215243135519
 H -4.54372940053497 8.15114871086347 -7.88551557242654
 H 6.82010980932484 0.97282676348929 -8.91096994003960
 H 6.36037131171963 1.61836107879748 -10.44715343581862
$end
$temperature
298.15
$end
$mult
 1
$end
$sigma
 1
$end
$pressure
1.00000
$end
$scale
1.00
$end
$msrrho
$end
$freq
5.80
6.84
14.86
26.23
31.19
38.80
45.36
48.10
64.55
75.13
90.78
112.05
125.39
136.15
136.49
152.38
157.44
175.18
180.74
192.81
225.19
243.26
266.99
289.32
293.12
299.70
315.16
354.33
356.19
375.74
382.95
394.61
402.90
412.57
416.91
444.10
448.42
472.39
480.86
489.17
492.97
496.95
503.70
519.58
548.65
560.75
566.63
574.01
592.17
597.45
611.02
633.77
641.55
650.29
652.88
661.52
685.85
687.85
707.79
709.28
717.71
764.25
793.42
806.01
835.79
840.22
852.11
863.18
878.04
891.54
906.96
917.52
923.00
943.93
967.65
976.76
997.15
1007.53
1031.58
1061.49
1072.21
1083.89
1107.01
1111.42
1119.26
1130.24
1142.38
1152.40
1163.08
1164.01
1171.99
1175.16
1200.46
1210.84
1222.88
1223.04
1233.80
1243.15
1251.49
1268.00
1271.83
1272.23
1284.42
1302.06
1307.14
1329.73
1334.57
1352.20
1358.65
1387.11
1402.03
1412.57
1435.07
1443.63
1454.85
1459.23
1464.72
1468.06
1503.69
1512.69
1553.83
1562.49
1599.03
1610.84
1668.98
1751.84
1763.60
1802.15
2910.99
2944.06
2958.28
2970.01
3002.48
3011.14
3020.92
3044.92
3078.53
3092.86
3093.98
3103.83
3377.96
3425.45
3467.84
3475.74
3484.61
3495.91
3551.70
$end
