
$molecule
 O 0.39200484853165 4.13087069300119 -1.86468795816703
 O 3.54563874957195 0.28502810720604 -1.35301330798778
 O 2.27335208277745 4.61756966022184 -2.95734615113000
 O 2.71571076021822 5.83283811030247 -0.25582915103168
 O 4.74665927388870 5.19730439933860 -0.91311764145554
 O 14.14033402580868 2.47949660493204 -7.41725121592194
 N 3.55654881082643 2.44377015466076 -1.98630708286847
 N 9.44863791452186 0.64022261864798 -3.72029908645104
 N 12.43711847787876 1.62825112247502 -5.28253972650600
 N 13.50974808165456 -0.28196156955626 -3.56691639943359
 N 15.72642175840874 1.06967668881744 -6.64425604394797
 N 15.47498409314638 -0.31658445663597 -4.76669032319216
 N 17.40514092334601 -0.39007727277564 -5.97410006879710
 C 2.24449604872216 2.71837308375460 -1.46710276239903
 C 2.25394584738310 2.95486514568809 0.06399748338974
 C 3.49106400601593 3.73312646952443 0.52586048147028
 C 4.14130121947010 1.22429886868629 -1.85197056689419
 C 5.53004920276862 1.13663914159460 -2.35709725805857
 C 1.66846661775782 3.92039756610809 -2.18667937582794
 C 8.15762518424608 0.84269547561718 -3.30065308913240
 C 10.36228295065714 1.70700625976311 -4.05394116150940
 C 6.39176249424946 2.23016748084697 -2.41183652216069
 C 6.00817904972660 -0.11056244058592 -2.76039514061951
 C 7.68376584935598 2.08694944155052 -2.87437775010793
 C 7.29016427162064 -0.25563917895726 -3.23322280290821
 C 3.74205359913426 4.97523920807329 -0.29274991250200
 C 11.74610033629873 1.16437522660572 -4.25938347351768
 C 13.66876908920900 1.15758251274318 -5.46537661543091
 C 12.30217155867425 0.20033262600595 -3.40098982873704
 C 14.22451706355720 0.18252616576837 -4.60135332275904
 C 14.45930876822558 1.66036610734532 -6.59195299762383
 C 16.17601750654040 0.12484213765196 -5.76036809015419
 H 1.59566264768832 1.85512452897236 -1.66689204292675
 H 1.34150205452387 3.48257931738248 0.34070674413289
 H 2.26356640740399 1.98270890982427 0.55629005318318
 H 4.37890682743711 3.10370123353430 0.45705048757895
 H 3.34969088305836 4.03356134455286 1.56551271433311
 H 4.03108529648237 3.20595499656558 -2.44588754676246
 H 10.39150078948428 2.41563516498583 -3.21826299760411
 H 10.06775313816183 2.25724358968497 -4.95942939011660
 H 6.07474857999793 3.20427456630511 -2.06792725444090
 H 5.34369253761104 -0.95918188471140 -2.70005363293783
 H 9.60251619466006 -0.22238345444248 -4.22151170293788
 H 8.32493044969446 2.95337889778092 -2.90452755769161
 H 7.64429584452021 -1.22522162049004 -3.55468897666001
 H 11.74281664696662 -0.18319033137292 -2.55774834799561
 H 0.04610654073690 4.91114248484897 -2.32677198243556
 H 16.31530364809320 1.37071363113670 -7.41262223546995
 H 2.90555380801247 6.60142450896191 -0.81766124485600
 H 17.75909441326645 -1.00894830825898 -5.26581647596267
 H 18.05236882799212 0.05107226635085 -6.60238974806086
$end
$temperature
298.15
$end
$mult
 1
$end
$sigma
 1
$end
$pressure
1.00000
$end
$scale
1.00
$end
$msrrho
$end
$freq
8.22
12.16
15.92
24.25
27.15
34.84
52.55
53.77
61.01
66.91
75.89
80.12
96.40
119.95
133.19
135.28
141.13
142.87
169.68
190.34
202.75
227.05
241.70
253.15
261.71
296.29
311.37
322.75
338.09
362.09
376.34
392.28
399.93
404.85
428.36
449.54
460.16
473.31
477.86
485.33
492.49
498.12
528.87
542.22
548.33
555.26
577.67
581.93
602.15
606.98
630.92
640.34
647.69
650.11
653.83
664.25
690.55
690.79
707.06
723.02
734.71
765.00
797.79
806.20
821.78
854.25
855.52
871.79
884.08
898.22
905.11
912.25
924.05
938.22
968.31
974.19
997.72
1005.99
1010.84
1071.90
1078.13
1109.20
1115.21
1119.30
1122.46
1133.32
1140.43
1156.95
1160.05
1166.63
1171.19
1187.78
1201.61
1212.91
1226.91
1230.25
1237.14
1246.96
1254.68
1259.61
1269.92
1282.10
1289.36
1312.80
1315.42
1325.62
1342.24
1352.00
1358.58
1387.40
1402.89
1411.73
1434.93
1441.44
1444.64
1457.04
1458.88
1468.30
1507.48
1516.62
1554.12
1563.88
1602.30
1611.24
1699.27
1752.64
1781.82
1797.44
2878.74
2905.09
2928.50
2987.16
3004.89
3011.92
3016.82
3056.50
3066.80
3080.28
3097.56
3103.78
3377.22
3432.35
3441.03
3441.59
3442.98
3488.06
3556.05
$end
