
$molecule
 O 3.76903505252561 -1.33659293566858 -2.71332135371340
 O 2.45077426872766 1.37472991991060 -3.10848932288273
 O 1.90745964856855 -2.20646319893429 -1.88246739454019
 O 1.61033780737692 0.47988325400033 2.54142646839831
 O 3.19631105233025 1.71476479230187 1.62767607193778
 O 6.81721025140989 12.57034818947482 -0.93493496663009
 N 3.58315848782167 0.89584261052432 -1.20884525425310
 N 5.97341297525308 6.65265610551628 -2.68336747247751
 N 7.07567628691903 9.82377075880715 -1.68696769739844
 N 9.17754890553540 9.23242432462071 -3.41127006949411
 N 8.62000249203863 13.03624907264685 -2.21386567916236
 N 9.81514058159771 11.44431161653854 -3.45869733292290
 N 10.42817371309360 13.63547430044268 -3.54323920723128
 C 2.72286265524734 -0.21022290920742 -0.83403809145156
 C 1.26617588316883 0.20926215442904 -0.56464714560137
 C 1.18384954919591 1.43471223181811 0.35945411857891
 C 3.24385409772982 1.72653223622759 -2.25435340249986
 C 3.96653438899017 3.01357943503621 -2.29701637019128
 C 2.73697049478089 -1.34366798628184 -1.87961253199781
 C 5.28220714069267 5.48457314525142 -2.52128682162330
 C 6.36947151024086 7.51960108448897 -1.59879946637170
 C 4.44176390939274 3.67200875338078 -1.16315567691909
 C 4.13121717874017 3.62617020378308 -3.54214767129868
 C 5.08290205952876 4.88781623240959 -1.27124741439510
 C 4.78139101325450 4.82945705880976 -3.65603661647128
 C 2.09138227387833 1.24876080511458 1.55788547281533
 C 7.29590796978855 8.58990051788562 -2.09775061880836
 C 7.89609501621758 10.77826668001740 -2.11873376784799
 C 8.36239139145576 8.30670614213771 -2.96748197192918
 C 8.96771583826237 10.49088228047817 -3.00007809324499
 C 7.67592933059011 12.15699279189583 -1.67319875016233
 C 9.62431907194747 12.66330629325530 -3.06738129168231
 H 3.15004860195862 -0.64973781590150 0.07684748907651
 H 0.79376499033925 0.45289263990372 -1.51697035315759
 H 0.74650308997892 -0.65042588179789 -0.14019709259518
 H 0.15048249553384 1.58700583815632 0.67703734669962
 H 1.51243585462724 2.32199546715486 -0.18453034183449
 H 4.09838717332795 1.31056798139698 -0.44525176722102
 H 6.90141015050350 6.92216338294695 -0.84920337804692
 H 5.51366182392526 8.00538472329118 -1.10875789033491
 H 4.28220108092934 3.26786653499502 -0.17320922123907
 H 3.73734721097536 3.12727268197511 -4.41470224860982
 H 5.85731683283496 7.10601317619372 -3.57734240456576
 H 5.41858645077474 5.38173171943235 -0.37371907976906
 H 4.91103106929739 5.28682205035476 -4.62660803533520
 H 8.55282198734252 7.29688178411574 -3.30712821991706
 H 4.28219938636765 -0.51675653329115 -2.62470544705700
 H 8.51076384637905 14.00861339616974 -1.94845016274486
 H 0.72328729073919 0.14434499538136 2.35455878037090
 H 11.21186732296204 13.33945529319807 -4.09809667794984
 H 10.43122904494351 14.55610360522385 -3.14281297432826
$end
$temperature
298.15
$end
$mult
 1
$end
$sigma
 1
$end
$pressure
1.00000
$end
$scale
1.00
$end
$msrrho
$end
$freq
7.75
12.19
15.54
19.26
27.94
39.24
40.15
49.99
60.10
74.63
84.90
93.43
100.93
114.90
126.88
134.83
140.48
165.84
175.06
190.56
199.71
202.79
231.99
258.07
275.13
311.76
321.91
340.07
350.82
363.33
373.37
401.89
415.77
425.71
437.39
441.57
461.43
471.52
482.05
488.01
492.38
504.97
517.36
526.29
532.67
548.52
560.37
568.38
581.93
596.75
606.49
637.36
640.92
649.41
652.33
663.61
689.70
694.28
705.24
713.02
737.75
765.58
798.83
809.20
823.62
853.63
855.17
862.60
883.27
888.73
910.98
922.59
937.23
940.95
968.64
981.57
997.36
1005.08
1015.09
1053.08
1071.49
1093.77
1110.87
1115.42
1118.28
1122.38
1141.48
1149.71
1157.25
1164.43
1167.48
1185.90
1210.38
1226.12
1229.60
1231.63
1242.10
1247.23
1251.06
1263.28
1271.04
1285.57
1292.15
1299.13
1315.80
1324.85
1342.64
1355.31
1359.81
1378.99
1391.25
1411.31
1435.81
1445.91
1458.04
1467.35
1468.78
1475.09
1510.42
1516.89
1554.55
1559.38
1600.90
1610.75
1699.30
1753.24
1778.98
1800.58
2884.79
2913.44
2926.95
2979.93
2996.54
3006.84
3012.73
3054.12
3072.12
3073.24
3098.53
3107.47
3377.46
3392.89
3423.84
3437.31
3488.95
3489.77
3558.29
$end
