
$molecule
 O 4.38515230650100 -0.84950937265153 4.94308039754779
 O 7.50665999510826 -4.30485421915201 3.13666065027396
 O 3.58684015943525 -2.86929825024374 5.37067773585324
 O 1.93764369571216 -2.85941711435941 0.16694095580535
 O 3.49412920394265 -1.28853816543269 0.16497985633265
 O 9.55599349696429 -15.69100454542984 6.06729045311529
 N 5.39752338536001 -4.15981641253375 3.89250052228587
 N 6.53290331698524 -10.40757479106481 4.71606293762021
 N 7.90463676199159 -13.62298254661056 4.98402890624394
 N 5.31598842773746 -14.37612346107382 4.29546962349931
 N 7.82709469356002 -17.12502099917791 5.82876460716898
 N 5.72043332430909 -16.53876921833080 4.97437455149553
 N 6.09860917738376 -18.66996254452147 5.68161884509955
 C 5.34838162383834 -2.72675233979018 3.75284741533527
 C 4.92438386995223 -2.31140475896788 2.32869995616116
 C 3.57797776830457 -2.91602527415962 1.93477014110237
 C 6.54099394013405 -4.85459624978491 3.63715039722979
 C 6.50489445063306 -6.29819955824031 3.95796405918095
 C 4.36078806072718 -2.17272784244776 4.77498711987833
 C 6.58302368677852 -9.06046612555639 4.47581839355966
 C 7.53572607899319 -11.34716773706186 4.27282333222488
 C 7.42428932510028 -7.12683217977894 3.31568189492221
 C 5.63637653447930 -6.87049274916765 4.88818350659378
 C 7.46643675108982 -8.48116489096099 3.55884282599876
 C 5.67872540004231 -8.22187355535429 5.14238642857626
 C 3.03027750764942 -2.26379289696650 0.67612680559478
 C 7.05393060050065 -12.75479001974042 4.47207277581035
 C 7.48746776568374 -14.87508574484760 5.15465549354956
 C 5.74992765307090 -13.15032010138629 4.12961343128659
 C 6.17139399322062 -15.27079618009376 4.81007847232278
 C 8.41474148880484 -15.86033159951379 5.71792894396220
 C 6.53706148778683 -17.41245831621287 5.46940399718084
 H 6.35806263623218 -2.33296098694297 3.94100716104218
 H 4.86131591016409 -1.22427047204834 2.24678937785555
 H 5.69496352255109 -2.65064722086862 1.63572450665375
 H 2.84360809881260 -2.75983156622792 2.73253456887050
 H 3.67957230727084 -3.99247118249119 1.77538098966663
 H 4.62345314553516 -4.57570413992527 4.38863418339937
 H 8.49313350678389 -11.23088358641980 4.80048844765179
 H 7.71237545138468 -11.19077415721448 3.20269032997018
 H 8.11216771890148 -6.67601970176358 2.61636173975813
 H 4.94082726267849 -6.26293853281878 5.44941676304446
 H 6.03672634048146 -10.67784714861516 5.55244884761725
 H 8.19463386531440 -9.08709865540243 3.04423414853214
 H 5.00799763221574 -8.65241752917785 5.87295931116253
 H 5.04578365825388 -12.44441842625365 3.70873545037514
 H 5.05536103976459 -0.41053111917872 4.40098256229311
 H 8.41983689064328 -17.84688649619266 6.22300672403270
 H 1.65463248710031 -3.62973971701882 0.67683266033477
 H 6.73465738286501 -19.41741952717152 5.89315628339278
 H 5.18247221128475 -18.89076207361814 5.33280951151849
$end
$temperature
298.15
$end
$mult
 1
$end
$sigma
 1
$end
$pressure
1.00000
$end
$scale
1.00
$end
$msrrho
$end
$freq
7.20
8.53
14.72
17.46
21.03
26.86
35.02
40.73
51.21
57.58
73.85
74.55
97.78
115.95
120.96
134.44
139.55
145.51
172.30
189.58
196.08
211.77
221.41
238.19
267.70
305.41
307.94
318.46
337.51
350.71
374.49
396.23
410.25
430.16
443.38
456.16
459.97
466.50
474.11
479.73
484.59
488.05
502.62
508.84
527.86
546.68
551.43
558.18
581.51
606.19
613.11
614.04
630.57
640.69
645.32
649.62
663.39
690.88
706.53
731.10
735.30
765.27
793.71
803.23
818.21
849.76
855.00
870.98
883.51
900.55
905.03
919.89
923.42
937.53
960.18
968.41
997.20
1009.45
1019.05
1071.69
1082.93
1098.73
1109.38
1115.12
1116.65
1122.44
1124.72
1140.52
1157.37
1167.65
1176.88
1186.53
1201.69
1206.56
1223.81
1230.02
1236.18
1247.38
1249.31
1256.22
1270.69
1279.41
1282.12
1294.28
1313.30
1342.11
1344.51
1351.65
1359.57
1387.53
1401.67
1411.55
1437.24
1438.89
1445.58
1456.32
1468.84
1473.18
1510.43
1517.08
1554.46
1561.28
1602.39
1610.76
1696.21
1753.47
1785.43
1807.78
2883.78
2884.70
2931.83
2944.11
2970.21
2985.39
3013.34
3054.55
3062.76
3075.94
3095.08
3107.24
3377.05
3430.21
3433.75
3473.93
3489.36
3494.86
3557.73
$end
