
$molecule
 O 6.36301312078430 3.88826409270231 2.74765833581937
 O 8.83596667563860 1.28678787260447 3.95861370503737
 O 5.69795877655445 3.38313583697458 0.67939911724799
 O 3.39330577556769 -1.99732468100784 2.85111841939445
 O 3.62511458120978 -0.45350331590713 1.28659109732136
 O 9.78925886224192 5.77745655675859 -7.34638507207094
 N 6.68803496330179 1.27308669092549 3.31384788474342
 N 9.43164027157449 1.92353302196197 -2.40192339873787
 N 10.17264451010133 3.84661982557942 -5.27067678556176
 N 11.41846342522044 1.47928705058039 -6.03519207188884
 N 10.75920337113503 4.33864804604886 -8.79179464218585
 N 11.58160874724516 2.21834666889204 -8.21018942650677
 N 11.79436152979190 2.96347691003907 -10.35231956730677
 C 5.65232442123576 1.65342490833767 2.37835208819976
 C 4.28123332940469 1.63467348150343 3.06511031348064
 C 3.92252479897584 0.23942325356249 3.57666827846475
 C 8.03048763334670 1.33258878020736 3.05171172648639
 C 8.39779173509327 1.45674631028151 1.61670572741804
 C 5.90484498880344 3.05103417899537 1.81195985699858
 C 9.08934250262033 1.81429937772023 -1.07600950268237
 C 9.98730864338987 3.12569639730245 -2.97745891367204
 C 9.18477279405471 2.53194970787032 1.22139865581406
 C 7.99037204171112 0.53468169117022 0.65576470015361
 C 9.51692132119438 2.72174468306123 -0.10407994035962
 C 8.33374294851888 0.70902854397103 -0.66463581236047
 C 3.64110854066968 -0.73850573126309 2.44593793582571
 C 10.40867903903152 2.88655621245512 -4.39748134878442
 C 10.55531211968805 3.64966397634765 -6.53016650644390
 C 11.03973859513499 1.69669854583394 -4.79906374885086
 C 11.18878901015085 2.44834952044028 -6.93213591823017
 C 10.30891840750730 4.70308287045524 -7.51836955648496
 C 11.36787276544288 3.14709980166421 -9.08490560197958
 H 5.62508942278607 0.96405262010730 1.52899550044623
 H 4.28633901152669 2.34165981283800 3.89774114256953
 H 3.53215255175387 1.95194386478405 2.33827201029165
 H 3.02530804961884 0.29914353576246 4.19976345903389
 H 4.73656377944655 -0.16225256121172 4.18634084546981
 H 6.47054582788474 1.39227233187974 4.29519743261607
 H 10.87649543440244 3.40823001262339 -2.40155042613740
 H 9.28647815174041 3.97307100026320 -2.96213766464441
 H 9.52268124155064 3.23575131626392 1.96814793383755
 H 7.41862974557811 -0.33457384071081 0.94698581742571
 H 8.85106427022400 1.38675034337917 -3.02995867801098
 H 10.10489739231812 3.58250933128277 -0.37940353539697
 H 8.01246768122185 -0.01154165047143 -1.40300358170069
 H 11.23988143246177 0.90529164848502 -4.08878907626584
 H 6.53489129089202 4.76392689267280 2.36693520571747
 H 10.62814641436483 5.03619985812198 -9.51568231447801
 H 3.44169333133718 -2.10614586684432 3.80980137797174
 H 11.48347527924673 3.55998327343733 -11.09780257135095
 H 12.15142144530470 2.05096899126497 -10.57529590569282
$end
$temperature
298.15
$end
$mult
 1
$end
$sigma
 1
$end
$pressure
1.00000
$end
$scale
1.00
$end
$msrrho
$end
$freq
6.38
8.54
12.99
21.29
24.97
29.81
35.47
46.03
55.34
68.39
73.10
74.19
93.27
117.98
134.30
136.59
141.33
160.58
161.48
189.50
197.81
203.03
244.26
250.30
273.44
287.83
305.29
310.78
336.26
356.15
372.17
388.00
402.63
427.22
451.81
464.25
469.80
479.36
480.48
484.93
487.28
501.94
531.48
534.77
546.95
553.07
579.10
584.55
594.34
600.90
606.37
623.28
627.94
640.28
651.38
659.04
687.27
690.01
710.50
714.87
718.70
748.63
765.56
803.03
819.79
853.50
855.62
861.11
870.61
884.54
906.05
924.87
927.03
938.61
959.43
969.23
997.28
1007.50
1036.50
1071.92
1083.66
1099.14
1115.28
1120.54
1123.96
1126.58
1137.55
1157.32
1160.31
1168.41
1180.45
1193.79
1199.88
1204.19
1229.73
1233.68
1246.58
1252.73
1257.55
1266.79
1270.41
1280.51
1304.77
1314.82
1324.37
1334.97
1342.03
1348.29
1358.38
1360.57
1386.94
1411.82
1422.52
1433.66
1444.40
1457.29
1458.65
1468.17
1508.28
1516.41
1554.24
1565.24
1606.00
1611.96
1727.88
1752.55
1802.42
1812.86
2878.30
2924.90
2955.51
2960.60
2965.95
2981.46
3006.78
3057.17
3070.46
3082.61
3083.31
3104.75
3377.36
3403.95
3429.00
3447.52
3488.43
3496.01
3556.57
$end
