
$molecule
 O -0.20593611098357 3.37770423916861 -6.64558340951479
 O 1.68279395405666 7.48828099542270 -8.41852896642969
 O -1.61060469937298 3.62716387536335 -8.35193581724784
 O -0.35648668326862 9.24064646313837 -7.43065683549884
 O -0.04606028399181 7.95876712748631 -5.62754799368397
 O 1.01963370338493 2.86755180511175 -10.03784077306526
 N 0.96530389127618 5.34458089853869 -8.59630882505018
 N 4.73065183869708 4.64809086416644 -13.39066208225639
 N 2.34892535307131 2.95651812063952 -12.55245452654213
 N 0.74403709849383 3.48744572519511 -14.75995526391839
 N -0.93164555544526 3.22220054921979 -11.10499687859595
 N -1.13749909057350 3.53862567442921 -13.42587198659445
 N -2.98532197082774 3.61639013328665 -12.08891219377948
 C -0.18883890195162 5.47897875705529 -7.72181809224044
 C -1.22563643548127 6.47261098982638 -8.28255021960372
 C -1.78760105032025 7.38832764749829 -7.18973617512398
 C 1.79853383634242 6.37549952858485 -8.89421887415699
 C 2.77384092478774 5.99348157817035 -9.95111983143891
 C -0.76463681776884 4.07789765066683 -7.61216011502707
 C 4.17103077230971 5.13081509914890 -12.20988786660438
 C 4.37940620740173 3.28609176957625 -13.78996949980492
 C 3.41171547001663 4.75581730541324 -9.95497565496865
 C 2.95497798229980 6.84736903609562 -11.03476563641635
 C 4.11151793976160 4.33427346530864 -11.06375182751635
 C 3.63865280317875 6.41980747050259 -12.15408203789833
 C -0.64150633606145 8.21241659398723 -6.64018479738637
 C 2.87918175794173 3.15336064167123 -13.74795446836933
 C 1.03048152123623 3.08139186448490 -12.42619146485707
 C 2.05007396250116 3.40325568223169 -14.85296585150915
 C 0.20150632127631 3.36936345460687 -13.53919807989934
 C 0.43638778909428 3.01739829447783 -11.09606576639081
 C -1.65809798111020 3.46298733539820 -12.24014073862021
 H 0.15471844302472 5.80607659972816 -6.73225486953676
 H -0.74550066056569 7.09237159812018 -9.03979605857712
 H -2.03854317721493 5.91692696973730 -8.75532707196666
 H -2.23236647094429 6.80185044186883 -6.38573485562967
 H -2.53285774803797 8.05520217770817 -7.62183520064674
 H 1.12632363122841 4.44795582184909 -9.04264741015960
 H 4.83375867379169 2.58141498290166 -13.09226160378670
 H 4.77185606077061 3.10850575910899 -14.79170205665402
 H 3.35006871903417 4.11019264528616 -9.09275955814543
 H 2.50440204895797 7.82849495280136 -11.01086132670411
 H 4.61614151783353 5.30731230418480 -14.15214424219935
 H 4.58059612616092 3.36551407122922 -11.05471005099681
 H 3.72639977198980 7.07017805404061 -13.01415215519809
 H 2.46131221190867 3.52160555165449 -15.84820377571389
 H -0.51251580889731 2.45552218353014 -6.63988358769788
 H -1.38003250706920 3.25182641784886 -10.18683146886387
 H 0.49841775991147 9.62803476135937 -7.18587193877574
 H -3.40182178618501 3.65328552917181 -11.17617325317310
 H -3.52451301555396 3.84828254187618 -12.90323196562250
$end
$temperature
298.15
$end
$mult
 1
$end
$sigma
 1
$end
$pressure
1.00000
$end
$scale
1.00
$end
$msrrho
$end
$freq
13.47
23.36
28.18
31.29
44.73
54.15
63.18
70.23
79.02
92.81
94.64
107.16
119.76
129.03
143.73
147.81
155.40
170.47
178.84
184.81
208.94
230.65
251.08
262.19
281.17
313.76
321.23
333.50
350.01
380.43
388.70
398.22
407.34
412.52
417.17
438.08
467.78
486.74
492.46
496.32
528.08
536.42
555.11
571.58
576.15
580.14
591.20
595.01
610.84
619.85
636.81
646.48
655.58
672.06
694.31
708.93
712.83
718.35
731.31
737.49
762.96
768.05
788.52
812.27
816.32
851.37
856.14
863.43
879.98
883.81
906.92
918.44
936.65
941.26
974.06
994.89
999.11
1011.09
1033.76
1056.86
1067.00
1080.90
1099.24
1122.17
1131.37
1136.67
1143.95
1164.14
1168.54
1179.23
1181.78
1186.02
1197.30
1210.51
1235.41
1239.18
1257.94
1260.37
1263.89
1267.20
1276.66
1280.94
1297.21
1298.44
1310.42
1329.05
1331.81
1346.01
1355.31
1373.50
1391.75
1405.99
1429.65
1446.75
1447.55
1451.02
1464.87
1465.82
1487.60
1503.57
1548.03
1568.62
1595.51
1607.75
1702.93
1726.10
1751.39
1794.39
2920.27
2971.69
2991.21
2997.34
3005.42
3009.33
3018.28
3038.84
3059.47
3090.50
3095.95
3125.62
3241.71
3329.70
3383.18
3418.32
3456.18
3493.01
3566.86
$end
