
$molecule
 O -3.21780748071892 4.43578865261281 0.36808719399661
 O 0.84404647840537 6.92968415482363 1.77523647700133
 O -1.68147357395934 2.92782480341063 0.95419965585970
 O 0.86805166846404 4.06305434563048 -3.75199439252577
 O -0.80620613723938 5.49717421246053 -3.58759231773058
 O 5.41231849389110 8.60270189624556 8.90829113299655
 N 0.19630239770469 4.81960044256423 1.35829227459490
 N 5.54834093963700 3.85363331282988 4.76999064636618
 N 5.35571896094491 6.09380797076784 7.53932124872660
 N 3.46125338014008 4.26635918882652 8.43474573731669
 N 3.70066574721436 7.88003467614629 10.19330874830440
 N 2.71132425107331 5.75766848480808 10.02103924506891
 N 1.99069423799844 7.21380040978527 11.61764009206078
 C -1.01015031572839 5.22240218301296 0.67899521731882
 C -0.73093461402246 5.63940262835523 -0.77955502201142
 C 0.05370251679419 4.57069647580699 -1.53827445127818
 C 1.04315627034486 5.73473726830548 1.90462974923217
 C 2.20749799590491 5.18605728960063 2.63786123747212
 C -1.98628426298132 4.06497161384242 0.69758260878812
 C 4.44109497488695 4.31428965020889 4.10355702093547
 C 6.17623323182060 4.58589484853256 5.84120637066887
 C 2.91812985632400 6.06021021748142 3.46076674545462
 C 2.64660757728710 3.86560681476017 2.54387359469849
 C 4.00996403693400 5.64223775131817 4.18699215732618
 C 3.74065619401131 3.44048666087170 3.26294384435502
 C -0.02025090529802 4.78338800144347 -3.04066510751222
 C 5.24420816274426 4.90107630292407 6.98669708413424
 C 4.53616166717917 6.39475127610530 8.54236504293863
 C 4.28123347483913 3.99094166526068 7.44931044652486
 C 3.56541558654459 5.47323712216390 9.00671346140414
 C 4.64200803918637 7.71377421451436 9.17241879225822
 C 2.79856263138701 6.92313317890055 10.57637582628435
 H -1.45334465203598 6.08361085246751 1.19467469315950
 H -1.67620078915014 5.83104669815360 -1.28842265295098
 H -0.15966072609754 6.56736140977264 -0.75858387622097
 H -0.36414451047056 3.57835999233145 -1.33489033131218
 H 1.09783813524631 4.56818841165148 -1.21492510961853
 H 0.26608127837589 3.83712657317041 1.57581618075847
 H 6.58117034840936 5.53137898155711 5.46665218875983
 H 7.01491588478048 3.99044434621750 6.21313635538167
 H 2.58347219364749 7.08489616393986 3.51875388204584
 H 2.15065471629076 3.15626072614251 1.89688249270666
 H 5.65120378407066 2.85126629190818 4.79006128629829
 H 4.52723850288658 6.34533981740236 4.81940809381491
 H 4.07282520405064 2.41454746960548 3.17983031097011
 H 4.17021637291663 3.00980866940737 7.00525219992801
 H -3.82085862120633 3.67484196016567 0.35272198078159
 H 3.73245708080689 8.77233364259842 10.67358011220502
 H 1.45040237351614 3.52883522964366 -3.19630850890576
 H 1.26925217618599 6.54451139702687 11.82199057176801
 H 1.88327376608562 8.15745165248746 11.94404276940039
$end
$temperature
298.15
$end
$mult
 1
$end
$sigma
 1
$end
$pressure
1.00000
$end
$scale
1.00
$end
$msrrho
$end
$freq
5.15
5.77
11.19
16.22
19.17
27.19
40.96
42.85
45.83
48.33
59.90
89.20
99.42
123.63
130.88
134.29
144.71
154.00
186.40
195.20
206.13
236.16
246.28
269.29
284.82
297.77
309.31
314.04
339.07
351.87
370.81
388.46
400.92
406.54
435.08
446.39
453.58
468.98
472.72
480.65
488.02
489.01
504.90
533.73
539.41
557.36
571.84
580.35
591.81
604.78
616.11
621.06
640.53
643.31
649.41
658.03
659.37
686.91
707.59
730.19
736.50
764.84
784.88
802.29
808.40
850.34
855.84
858.54
870.46
898.64
901.33
920.39
924.52
936.09
963.25
968.68
990.77
1010.32
1022.54
1072.14
1080.73
1102.14
1109.53
1114.22
1122.19
1126.16
1139.64
1149.19
1163.10
1173.00
1179.45
1188.16
1200.77
1205.99
1221.46
1230.15
1232.48
1246.81
1249.99
1269.33
1272.14
1283.05
1284.45
1296.91
1305.49
1333.07
1341.02
1350.49
1358.75
1386.11
1400.76
1412.10
1434.76
1440.50
1444.62
1452.14
1467.95
1468.48
1509.18
1515.24
1554.90
1563.67
1602.16
1610.85
1697.14
1753.29
1777.13
1809.65
2914.39
2939.98
2948.47
2961.30
2967.32
3008.59
3017.01
3046.68
3058.87
3073.94
3097.57
3113.73
3377.27
3432.79
3435.42
3450.55
3486.88
3496.21
3554.48
$end
