
$molecule
 O 4.53465475433517 7.37562509468716 -3.35858215092081
 O 3.70984019830164 5.26117758732378 -2.12021515274207
 O 5.49100735074734 5.44443207715391 -3.95767969153285
 O 1.70671234578729 10.17065856647391 -6.28514344687751
 O 0.25761280787161 8.81270351722854 -5.31280675499873
 O 3.32798039435366 2.03768412869431 -4.82317507600525
 N 2.63041521654707 4.58773841089780 -3.93126566720803
 N 1.83501458637700 -0.62123676994167 -0.45879457819623
 N 3.32517269424876 -0.18661178616464 -3.02757284489496
 N 5.73066510802905 -0.74697192638077 -1.78473142970034
 N 5.33234001658826 2.61500544361262 -3.95410115185945
 N 6.58349498064901 1.28454968879934 -2.46650596450797
 N 7.32314898377964 3.36588284736908 -3.08489921949718
 C 3.18566455673771 5.76693950363051 -4.56641807813863
 C 2.14488825325343 6.88952892365452 -4.57799558694214
 C 2.53807094819871 8.05577780899079 -5.47850033750435
 C 2.96067098664762 4.42049428565427 -2.63969442287998
 C 2.47208674326222 3.22455819337945 -1.95108213742821
 C 4.47796450903014 6.11568565031362 -3.79977846616685
 C 1.94399718431541 0.71120397063178 -0.85251441254780
 C 2.11502205738756 -1.59959624202429 -1.52173892073483
 C 1.46202275886953 2.41902868583998 -2.48446189144395
 C 3.10363733014771 2.81769451088834 -0.77388672163876
 C 1.21029256650041 1.17943409367938 -1.94743450449483
 C 2.83306739434809 1.58585435121299 -0.22151246427557
 C 1.38027270789888 9.02217860481584 -5.66128303972988
 C 3.41715146418684 -1.16233644843081 -2.13926948839891
 C 4.39381881519135 0.57003759305005 -3.25044495192851
 C 4.67317157446204 -1.50002384927959 -1.60715075742622
 C 5.59035388470731 0.37026480772465 -2.51169832059795
 C 4.26518017041667 1.75047313438517 -4.10216885040220
 C 6.40734611108654 2.38587662481247 -3.13480805759802
 H 3.48023439468103 5.50622332780309 -5.58975602216126
 H 1.19790175518416 6.47696428279449 -4.93077359073992
 H 1.99483371960098 7.24769715802580 -3.55962423570983
 H 2.82073100134405 7.68696828303372 -6.47034335898477
 H 3.39139020850884 8.58861474848448 -5.05403003313541
 H 2.32229260136395 3.80306260943570 -4.49070460732158
 H 1.31473726557614 -1.56793240882333 -2.26019540362510
 H 2.17185573978408 -2.59149651194224 -1.07481470781588
 H 0.88996877540597 2.74781578337349 -3.33701427659773
 H 3.85334943772138 3.46161322374403 -0.33895030275369
 H 2.40484545633528 -0.80829604985713 0.36031725268687
 H 0.46797210594277 0.54189148038366 -2.39796182635526
 H 3.36733229269244 1.26057471497885 0.66066640019659
 H 4.81755811823788 -2.39573702357767 -1.01538757683549
 H 5.36968453688655 7.51538144150151 -2.88907175135312
 H 5.27204668059160 3.54743778789665 -4.37092241967570
 H 2.64479073896597 10.22215897056059 -6.50980716124841
 H 8.05076001590156 3.27051360468300 -2.39787634918586
 H 7.03810270091929 4.28821049477343 -3.38595449024682
$end
$temperature
298.15
$end
$mult
 1
$end
$sigma
 1
$end
$pressure
1.00000
$end
$scale
1.00
$end
$msrrho
$end
$freq
19.73
24.96
30.94
42.49
47.54
64.44
68.07
81.24
92.91
101.80
115.88
125.66
132.95
142.97
154.73
166.88
172.33
195.26
201.17
229.76
246.08
257.86
280.60
291.67
314.26
335.16
341.91
362.47
382.31
390.76
394.49
406.39
418.53
446.70
464.43
466.04
471.77
474.17
488.31
504.85
514.34
526.32
542.50
551.02
552.52
559.26
562.89
574.85
589.31
604.15
620.38
628.95
649.69
652.15
659.02
692.38
699.51
710.56
717.46
752.04
764.49
777.47
788.05
809.97
820.33
839.81
851.35
856.97
871.55
900.60
908.37
917.90
919.84
946.47
982.85
1001.87
1013.12
1016.45
1044.81
1066.42
1083.47
1088.87
1097.29
1110.27
1118.02
1125.86
1131.91
1142.64
1154.45
1162.87
1180.28
1189.99
1199.89
1219.52
1231.23
1237.20
1243.78
1253.40
1256.53
1259.26
1261.75
1277.14
1280.95
1292.83
1301.90
1328.71
1333.21
1349.00
1361.38
1377.63
1412.88
1418.89
1431.19
1432.01
1444.77
1452.33
1467.22
1470.36
1486.52
1493.90
1545.31
1559.23
1583.96
1601.82
1616.62
1660.17
1710.75
1811.10
2924.83
2940.93
2982.14
2997.22
3006.24
3009.29
3021.44
3037.18
3068.37
3095.80
3102.49
3119.13
3212.59
3368.29
3380.95
3404.63
3479.79
3497.43
3530.95
$end
