
$molecule
 O -1.30399477814849 -6.68061512125073 -2.85934534980528
 O -5.87490591653536 -4.59106467585848 -2.97488835547246
 O -1.70168078006082 -5.69298169671286 -0.90040291833587
 O -5.02640567789214 -4.50206810295389 -5.78320938106335
 O -4.62627092045537 -6.67285991417700 -5.44930810272164
 O -11.35418673261540 2.21356667369754 -1.24414832828747
 N -4.00173862275436 -4.60264515437586 -1.73144608748330
 N -8.15629801421127 -1.91233065395721 2.33728755051448
 N -9.63997899530205 0.84451410388850 0.58972106919722
 N -7.10553285165296 1.93711977844880 0.92572667158397
 N -9.68558501585186 3.68896520071475 -1.61998782414849
 N -7.58384630455137 3.61600728139028 -0.57619571655797
 N -8.06548626856109 5.30299210698800 -2.02944720710420
 C -3.22362864312054 -5.30129288329521 -2.72236013524924
 C -2.78906659310804 -4.37062777838288 -3.88264295337095
 C -2.81567994047047 -5.09558987978784 -5.23046858411158
 C -5.32112099957771 -4.33914856151448 -1.91738108250781
 C -6.01802562508719 -3.70410050373220 -0.77500339127014
 C -2.01288597191179 -5.90416727323521 -2.04370362016279
 C -7.46125839973064 -2.46595522988678 1.29119768004449
 C -9.20495279588857 -0.94190506665421 2.15437943863261
 C -7.18489515015883 -2.98839841981188 -1.03959971671405
 C -5.59218744929275 -3.81034099467526 0.54864253220650
 C -7.89491944460967 -2.37038997793248 -0.03475530394958
 C -6.30135406752950 -3.20278284233247 1.55987737000879
 C -4.23959824293255 -5.53630764912817 -5.50228683674194
 C -8.76651190033307 0.29955373081783 1.41473720709285
 C -9.27300864624223 1.93745718057724 -0.07337436616644
 C -7.48940269150071 0.86118213048702 1.56947107581668
 C -7.98522030319156 2.50450310044040 0.08996748010363
 C -10.22681611361594 2.56087676321532 -0.99493658649709
 C -8.42304670224433 4.16854548841719 -1.39107040932943
 H -3.83610114938194 -6.11121677781453 -3.14013007773009
 H -3.49567008322250 -3.54049810670223 -3.91836709068668
 H -1.79272140649086 -3.96734380881096 -3.69263438323893
 H -2.16529180582092 -5.96934018589915 -5.20993621810772
 H -2.49801488452260 -4.41054278207188 -6.01638378605818
 H -3.53342033783976 -4.39450195533927 -0.86282207418889
 H -9.57900604486336 -0.65545587139053 3.14163178487781
 H -10.03993500588347 -1.38549542536752 1.60251589260959
 H -7.52113484552378 -2.92298873879802 -2.06337929519001
 H -4.71789019147221 -4.39055126648403 0.80614406216054
 H -7.66002430240024 -1.87998518439947 3.21372834748121
 H -8.78636018237681 -1.81540362315100 -0.27877700830753
 H -5.96619746639124 -3.29777402647096 2.58368157929726
 H -6.75499687069629 0.42315566377272 2.23327173820809
 H -0.53158220543455 -7.04770837874227 -2.39953580441061
 H -10.30556444777528 4.17068718745852 -2.26139795003758
 H -5.95867675451299 -4.76812914379191 -5.75346995138072
 H -7.10602279992263 5.58555105008937 -1.93062851111593
 H -8.59413865635626 5.64748421446339 -2.81072507234081
$end
$temperature
298.15
$end
$mult
 1
$end
$sigma
 1
$end
$pressure
1.00000
$end
$scale
1.00
$end
$msrrho
$end
$freq
5.70
9.46
11.39
24.63
26.37
37.66
44.66
46.75
50.11
64.34
74.80
89.66
100.18
122.83
133.69
135.29
136.26
157.38
175.29
206.86
237.80
241.53
268.92
280.84
290.58
298.37
312.47
327.78
339.19
352.41
370.07
374.84
396.04
400.92
408.88
412.55
440.21
465.98
477.80
480.27
487.93
503.39
533.46
541.09
554.97
570.48
575.48
580.40
591.67
606.54
620.55
633.11
640.09
648.95
650.61
658.94
686.45
702.45
708.12
711.50
729.49
764.35
783.53
807.09
812.16
850.39
855.45
859.48
869.56
884.99
904.17
921.18
936.14
936.89
967.97
990.35
991.70
1009.82
1026.35
1072.10
1072.51
1101.38
1113.93
1114.97
1123.26
1136.01
1148.45
1158.61
1163.31
1170.86
1177.53
1180.78
1197.39
1207.99
1229.79
1233.36
1246.48
1256.96
1268.44
1271.40
1279.45
1283.83
1289.45
1301.83
1304.32
1332.63
1335.11
1350.04
1358.19
1386.34
1403.18
1411.95
1434.18
1441.05
1443.86
1451.87
1466.29
1468.17
1509.17
1515.01
1554.75
1564.45
1602.43
1611.22
1693.91
1752.82
1782.05
1794.07
2912.07
2945.73
2959.88
2978.08
3002.02
3005.06
3024.14
3048.49
3061.44
3077.72
3095.16
3111.23
3377.12
3434.06
3438.17
3451.87
3456.19
3486.97
3554.67
$end
