
$molecule
 O 4.02766884914261 4.45874178688157 -3.91787222614163
 O 2.68375858278482 3.79160935351631 -8.65282439902302
 O 4.59622311243831 2.70752805536379 -5.12473613840751
 O 4.42580504987775 0.28755135575123 -3.82361886286389
 O 2.67239475033881 -1.00957879817731 -3.47254884167609
 O 9.71361741638540 12.95618086897687 -5.33319896418272
 N 2.08387254089252 3.24406379556879 -6.56195670097202
 N 5.57006297880865 8.33219624364451 -5.12456254356324
 N 8.14559654148181 10.65116984948075 -4.69779685644813
 N 7.51683556458136 10.31769076214240 -2.00779436401079
 N 9.73622343253248 13.48232055696365 -3.13643979959321
 N 8.66611526665037 12.23580845061990 -1.45923418119960
 N 9.77115461767337 14.15006228814878 -0.91188324181344
 C 2.26086014303466 3.27622997496955 -5.13022579396890
 C 1.77915797525620 1.95033041977401 -4.50655530922259
 C 2.42698520044128 0.69818327150911 -5.13351499624136
 C 2.74287468376474 4.02628255756257 -7.46703719745364
 C 3.48929835735277 5.16723498363552 -6.86775252604789
 C 3.73987082879799 3.47278272176456 -4.76345767953786
 C 4.91130688844684 7.31393240925503 -5.75630496049002
 C 6.96749080635990 8.63961378354112 -5.32147222565288
 C 4.86328986530754 5.28070920744733 -7.05345313011095
 C 2.82108147701636 6.16810760456574 -6.16446743401408
 C 5.56832060255689 6.32686285703573 -6.49873725854965
 C 3.51849883573669 7.22355546692183 -5.61967998214624
 C 3.17810338316048 -0.10186683667547 -4.07059830764129
 C 7.43052428790641 9.62253891740438 -4.28561824632286
 C 8.56617234895755 11.52159028571031 -3.78342498199607
 C 7.12115485485849 9.46776104045501 -2.92396608430412
 C 8.25125794346001 11.36428032408266 -2.41084536161318
 C 9.36787607154453 12.67035037464593 -4.21442429799249
 C 9.37981415970748 13.24839983936378 -1.83487196401807
 H 1.66600578719312 4.09378065746187 -4.68996108926823
 H 1.98325633274308 1.98017692362662 -3.43316310061247
 H 0.69573845229702 1.90154773332265 -4.62469529960056
 H 3.11714680969548 0.97935345746642 -5.92968342186249
 H 1.65764334676297 0.04541288613339 -5.54578067114110
 H 1.57773104040476 2.46100431963289 -6.95223603109030
 H 7.17545414209139 9.06001232135061 -6.31541761899774
 H 7.54619784497528 7.71632271302106 -5.20725337807674
 H 5.37846607076948 4.52635711567818 -7.62767808134254
 H 1.74449181279625 6.12973334664373 -6.06687853735748
 H 4.99705142338212 9.11226839077851 -4.83929716296808
 H 6.63292955484918 6.38139753838625 -6.65446563238797
 H 2.99110249040654 8.00140470973258 -5.08458442513045
 H 6.53612534630624 8.62574397262046 -2.57741683998940
 H 3.30067918529778 5.08182831390300 -3.77713850176697
 H 10.28687404695523 14.29927198222587 -3.37575699803029
 H 4.71052294437833 1.04905651899641 -4.36622620990525
 H 10.46555966846695 14.84458010105365 -1.12061326498940
 H 9.58211428289317 13.92065222609731 0.04806712171939
$end
$temperature
298.15
$end
$mult
 1
$end
$sigma
 1
$end
$pressure
1.00000
$end
$scale
1.00
$end
$msrrho
$end
$freq
6.68
11.45
20.23
24.03
25.07
33.45
50.14
62.53
72.85
80.41
91.38
113.00
117.64
130.75
135.24
139.05
148.18
165.89
183.07
191.12
196.65
204.63
240.99
246.74
253.91
280.45
310.21
317.49
338.38
351.35
373.10
388.56
402.14
421.14
442.75
443.34
446.44
466.19
476.21
482.69
487.65
492.99
521.89
526.25
547.44
572.80
576.73
581.76
584.22
599.97
641.05
649.50
659.77
673.72
679.69
682.90
691.48
700.22
705.56
718.72
731.82
752.61
766.68
801.95
808.39
852.17
854.71
867.71
875.13
883.81
904.87
919.72
937.50
941.79
961.62
969.39
998.04
1004.34
1006.27
1071.72
1087.06
1102.56
1110.83
1115.30
1120.62
1136.41
1139.00
1156.82
1165.21
1169.58
1188.88
1198.38
1207.53
1222.18
1230.07
1244.75
1247.23
1253.10
1258.90
1270.01
1277.02
1286.69
1297.98
1301.73
1313.18
1337.25
1342.62
1345.23
1359.27
1360.66
1393.05
1411.49
1432.29
1445.91
1454.60
1455.49
1469.00
1481.72
1510.31
1517.14
1554.56
1558.35
1603.65
1610.76
1741.07
1753.32
1754.89
1791.76
2831.37
2889.49
2934.33
2971.26
2991.93
3001.69
3015.29
3053.76
3058.20
3070.86
3101.07
3116.99
3282.79
3377.19
3423.78
3436.72
3454.83
3488.92
3557.04
$end
