
$molecule
 O -4.92255782021142 -5.85214887125071 -0.66270698241963
 O -2.31082757289778 -5.12274205837785 -0.73253259031629
 O -3.50086616055924 -7.51206412799825 -1.15855619306095
 O -3.92497635858235 -4.90805458353971 -7.17945111807740
 O -2.38410220134417 -5.55770089305328 -5.74673952151301
 O 4.00801405481514 -1.90804964191481 3.79249787045767
 N -2.46214626189665 -5.32853117465577 -2.93969949467607
 N 3.69680685813019 -3.62305372531251 -2.24737368151225
 N 4.00939606673261 -2.07074335907955 0.93757144688487
 N 2.91535401814810 0.10745372100929 -0.40051157140492
 N 2.96715060267348 0.08957762958953 3.62477648396052
 N 2.42322207963633 1.14114316753079 1.59750677320150
 N 1.96644018649627 2.18583421200600 3.57036463887018
 C -3.83913803208612 -5.73458837755176 -2.77712251036126
 C -4.27599714131587 -6.69934785737509 -3.88333422975762
 C -4.69216395612578 -6.00647836259660 -5.18275546031604
 C -1.75436788331898 -5.05433736720481 -1.82713940122079
 C -0.34095951154588 -4.67008551414648 -1.98757463021158
 C -3.97684017584746 -6.43663004901121 -1.41216437514662
 C 2.36573745309941 -3.93874957096381 -2.12558453291633
 C 4.50882017038267 -3.22884526260857 -1.12315478995884
 C 0.44212405399832 -4.58232777627711 -0.83610820259682
 C 0.25156993615383 -4.38132135450399 -3.21798454850429
 C 1.77077437784396 -4.22756986551770 -0.89344356897565
 C 1.57788854855093 -4.01992606234892 -3.28049695674334
 C -3.54684945010390 -5.48377136760597 -6.02815266957964
 C 3.96531237132482 -2.03197688498599 -0.38020098555713
 C 3.51438169584589 -1.03429058601523 1.60815876518750
 C 3.41032980296241 -0.92442072689145 -1.04029679452664
 C 2.94953351835423 0.07863004831888 0.93826936500355
 C 3.55159657102641 -1.05506475598913 3.07295380749563
 C 2.44369561895947 1.12059067221590 2.89066287781289
 H -4.49251222812710 -4.84979869756699 -2.74908236219618
 H -3.46199781654075 -7.40015898767151 -4.07344467251159
 H -5.12932394598740 -7.27255013836270 -3.51662166258503
 H -5.35927702247531 -5.16813562565631 -4.95742244162334
 H -5.24948866930024 -6.71776755838793 -5.80129055360151
 H -2.04696130013130 -5.41365548934026 -3.85649301755764
 H 5.51257493637989 -3.00016550181925 -1.49257775069561
 H 4.59633838901443 -4.05590536092806 -0.41166464824355
 H -0.02385658555911 -4.80360394037778 0.11207764153861
 H -0.31608389848572 -4.41941973076060 -4.13536574799720
 H 3.96557658965516 -3.25265631550102 -3.14556018740913
 H 2.34498093897592 -4.17190472222139 0.01726099771944
 H 2.02719152516840 -3.79334221531331 -4.23772466639563
 H 3.36472544352230 -0.87424275366956 -2.12079809180747
 H -4.96136594804092 -6.28866020277167 0.20133895681002
 H 2.97037377172750 0.13501364660954 4.63756605507927
 H -4.88266431109602 -4.90400897283558 -7.30844415516322
 H 1.76223222842189 2.12191597749030 4.55179567824935
 H 1.48905844354126 2.88111931518954 3.02330440883860
$end
$temperature
298.15
$end
$mult
 1
$end
$sigma
 1
$end
$pressure
1.00000
$end
$scale
1.00
$end
$msrrho
$end
$freq
5.76
7.57
12.49
21.34
32.81
37.76
39.78
44.87
56.30
76.85
97.54
111.71
134.19
134.82
146.95
155.93
162.67
177.64
185.93
211.80
231.32
241.55
246.80
287.39
290.91
305.96
314.64
326.32
338.86
348.43
359.38
373.74
398.13
403.06
441.78
455.85
472.10
481.21
484.60
489.74
489.97
503.06
512.75
527.11
534.94
556.86
563.94
574.51
580.66
597.66
608.56
618.77
640.37
641.88
649.43
654.50
659.92
687.05
698.88
707.06
730.52
765.07
800.66
809.64
825.44
850.28
851.49
856.32
869.98
881.18
904.66
923.62
935.69
937.18
948.00
969.50
992.36
1011.52
1054.88
1072.58
1079.62
1097.74
1111.06
1113.99
1121.56
1128.24
1136.69
1152.27
1163.19
1173.75
1179.04
1197.62
1207.94
1210.52
1226.90
1229.90
1236.57
1246.57
1269.14
1272.14
1273.07
1285.98
1292.67
1303.56
1329.89
1333.28
1345.44
1350.57
1358.30
1385.10
1411.50
1412.72
1425.38
1434.71
1444.45
1452.27
1462.12
1468.27
1508.30
1515.81
1554.67
1563.22
1599.76
1611.09
1647.39
1752.93
1768.32
1792.77
2871.30
2941.45
2949.69
2953.26
2961.59
2991.81
3010.50
3047.15
3063.50
3091.87
3098.09
3112.13
3377.73
3404.43
3447.36
3472.80
3484.70
3491.51
3551.80
$end
