
$molecule
 O 3.76017953094787 5.53422655634402 3.22962801436486
 O 7.39746911011376 2.32063903521204 4.46771046373734
 O 3.16160609805616 3.46868111861077 2.70461365455775
 O 6.82278877539955 6.07388071865995 -0.12514564519304
 O 7.38217052221011 4.20966364700331 -1.20764116144656
 O 4.97570230091558 -9.35053899454131 1.18718975051628
 N 5.55185958583399 2.38624108157772 3.19348791082945
 N 6.42057099754380 -3.93817255776312 3.93269762247601
 N 5.38531102271653 -7.14598212250603 2.96231925203375
 N 6.28270353861330 -7.79676704788367 5.51431160461878
 N 5.63782630277349 -10.73843299691918 2.84165880131962
 N 6.29898895613294 -10.03700374918874 4.98226667005031
 N 6.35871078959467 -12.25069508438209 4.45104673802582
 C 5.47424765218618 3.82246394148832 3.23218040154000
 C 6.38194174642554 4.46858167771681 2.16323239308104
 C 5.98103045392503 4.04260597561146 0.74919149218589
 C 6.50954179300179 1.71583679479050 3.88995208528064
 C 6.41800823189876 0.24030764343318 3.86381166933301
 C 4.01953352585823 4.23755950904884 3.03263190990348
 C 6.39620241568254 -2.57031204279574 3.86953202158030
 C 5.34934060526596 -4.78829361023631 3.46975474920412
 C 5.24544016723585 -0.46418987251164 3.60065845620934
 C 7.57714112912751 -0.48522419232000 4.14750751062439
 C 5.23139789067524 -1.84337953495575 3.60295413388309
 C 7.57244653611476 -1.85835162275833 4.14242975690363
 C 6.80788147015786 4.74433292359881 -0.30084491662767
 C 5.60370172073969 -6.21262629593180 3.86827286825945
 C 5.60240615218368 -8.41221834655243 3.30967056950245
 C 6.05474483945456 -6.55721453477560 5.15375113452117
 C 6.06397082682016 -8.75618102322156 4.60413830597077
 C 5.36253160611338 -9.46874132819635 2.32289588701382
 C 6.08932234479442 -10.97283729443650 4.11338893961054
 H 5.82799740348814 4.15089843161071 4.22164219341227
 H 6.34379328676375 5.55699316998502 2.24012493966037
 H 7.40419639461949 4.14740957804369 2.36922979452606
 H 4.93454280641073 4.30112091708188 0.56507961797191
 H 6.10298657098782 2.96737265157432 0.62012374018771
 H 4.77585139076477 1.91328145418781 2.75613910075931
 H 5.21736268690706 -4.75293831672063 2.37874686060830
 H 4.41438691950161 -4.46030115148105 3.93894006184516
 H 4.31621642874686 0.05474869447105 3.41372255632161
 H 8.48156884993681 0.06232980241433 4.36502545365184
 H 7.33986921305751 -4.35344330681932 3.90276664642121
 H 4.30661215712024 -2.35697590127519 3.39359373481086
 H 8.48029949243281 -2.40555954821147 4.35393261985660
 H 6.23192749691459 -5.79832485763275 5.90468698107445
 H 4.54087676954393 6.03862138412186 3.49621217257898
 H 5.50107245380499 -11.51006335806712 2.19844782237015
 H 7.34840834696396 6.49791921447381 -0.82143582974404
 H 6.04449873224961 -13.01817230527705 3.88508640538186
 H 6.60107696127449 -12.41880492369714 5.41166208443388
$end
$temperature
298.15
$end
$mult
 1
$end
$sigma
 1
$end
$pressure
1.00000
$end
$scale
1.00
$end
$msrrho
$end
$freq
7.01
9.54
15.07
18.31
22.87
24.82
34.63
43.80
46.56
51.08
71.70
74.01
87.15
109.29
131.24
135.63
140.30
158.07
166.74
187.85
193.03
214.26
216.91
242.09
267.45
292.52
312.04
322.99
339.11
363.31
373.67
399.30
404.09
412.69
425.62
446.36
455.81
470.80
475.54
481.73
485.96
491.00
499.42
527.14
543.60
549.46
559.47
581.50
600.56
604.29
606.34
632.64
640.66
646.65
649.85
664.05
682.67
690.74
706.63
730.26
735.38
765.23
793.30
801.28
816.11
852.61
855.46
870.52
884.48
897.32
902.63
919.28
921.43
937.96
963.44
968.97
997.54
1010.06
1015.95
1071.72
1081.32
1100.15
1111.72
1114.45
1116.39
1123.93
1140.11
1152.15
1157.05
1166.80
1177.66
1185.82
1209.32
1219.94
1228.74
1230.36
1238.35
1247.14
1251.82
1255.50
1270.13
1276.62
1282.63
1296.42
1314.70
1339.36
1342.50
1355.54
1359.23
1389.11
1397.17
1411.64
1435.31
1444.70
1445.42
1457.92
1468.67
1470.72
1509.85
1516.82
1554.37
1563.01
1603.00
1611.06
1691.80
1753.13
1791.84
1803.73
2873.50
2881.74
2926.23
2964.45
2981.81
3004.06
3021.12
3055.20
3069.91
3071.39
3099.76
3103.20
3377.17
3435.92
3438.83
3453.41
3479.53
3489.07
3557.40
$end
