
$molecule
 O -1.96826161595852 8.53222520164084 -1.24790375639872
 O -4.27275555847093 5.88674290558228 -3.64381286029022
 O -0.06890687495210 7.63949519646782 -2.00105585160038
 O -3.02177793116799 10.84471960009417 -3.15163069360333
 O -0.80244279405229 10.94678994278066 -2.91038278032462
 O -4.27085721705901 12.35707001040901 -1.32018061964938
 N -3.38317188495155 7.95034842697293 -3.33268944530701
 N -9.13242435799041 9.59865866763157 -1.50541976990354
 N -7.11673480331222 12.04338005469979 -1.28629260623489
 N -8.53056934598758 13.71907910895489 -2.99885874406048
 N -4.53370499615931 14.09861641557683 -2.72587885591110
 N -6.59386885038909 14.81106037477732 -3.59640027144269
 N -4.68356822324891 15.91000697498526 -4.17269657208390
 C -1.99370112323603 7.61207465637577 -3.45511055093223
 C -1.28408990316414 8.33452491947169 -4.62141315811274
 C -1.75496683550256 9.78341033018305 -4.81352175923071
 C -4.39698176350115 7.04406548592850 -3.29755515876049
 C -5.65752076803633 7.66830673909773 -2.80932670524289
 C -1.22418420750047 7.91468174236330 -2.16942934576542
 C -7.96977238126016 8.97273009642948 -1.91638672199988
 C -9.10546538262726 10.79911644580016 -0.69308526366089
 C -5.62112990213676 8.50429371208663 -1.69554765345343
 C -6.87767408891616 7.44454074766169 -3.43786726756522
 C -6.75828412679762 9.13547360068504 -1.24159868103635
 C -8.01222210145126 8.10121068976756 -3.00992968141089
 C -1.76648971640164 10.57911593540154 -3.52354711779508
 C -8.42420908191000 11.92759289034168 -1.42645131466300
 C -6.49044774484195 12.96897352535819 -2.01036194832244
 C -9.11913663140761 12.77396237910784 -2.30763212782454
 C -7.20150384638826 13.83970656819224 -2.87311474657394
 C -5.03637999526644 13.06825853192154 -1.93955897616629
 C -5.30870475046096 14.92453372239908 -3.50173001344678
 H -1.93859302693774 6.52805970777763 -3.61955142680005
 H -0.21221298093215 8.31178140859580 -4.41970237133002
 H -1.47450001984822 7.79491203944536 -5.54920232757298
 H -2.76558705498315 9.79195140082768 -5.22271538872285
 H -1.07645356824115 10.27523710129791 -5.51237961510769
 H -3.59522754564030 8.88786318960218 -3.02554109032910
 H -8.56752451913473 10.59003491457742 0.23347054440236
 H -10.13634918642217 11.06754785044530 -0.45327273386830
 H -4.69539218221803 8.65077551606808 -1.15859204225030
 H -6.91970596416482 6.77379062934556 -4.28268096882821
 H -9.86710557431922 9.58167409993414 -2.19918065749408
 H -6.68890052107976 9.77521413512732 -0.37958389073793
 H -8.95086088375138 7.94702648700203 -3.52471730510393
 H -10.19106528228157 12.69035391480924 -2.43829881995069
 H -1.43210122727904 8.73341200625705 -0.46417625966544
 H -3.52615909035743 14.21587864984363 -2.71052068955575
 H -3.10922418980058 11.32149335811404 -2.29463155961031
 H -5.24641107281471 16.46305955270201 -4.79456076040703
 H -3.68328930518294 15.94646843893789 -4.24894461831910
$end
$temperature
298.15
$end
$mult
 1
$end
$sigma
 1
$end
$pressure
1.00000
$end
$scale
1.00
$end
$msrrho
$end
$freq
12.63
17.84
27.21
32.96
42.80
46.78
55.54
62.29
67.11
75.98
85.66
92.09
122.11
125.71
135.89
147.42
164.80
178.75
187.03
206.82
211.81
239.28
253.61
263.83
270.75
288.93
314.85
345.82
356.11
373.85
380.83
404.30
407.59
423.31
425.81
467.33
475.60
483.70
490.17
502.47
522.33
538.51
550.65
559.74
567.47
572.87
583.09
587.17
605.18
619.77
634.61
643.00
652.17
663.03
666.54
686.78
695.86
707.68
720.33
728.20
767.21
779.32
800.11
804.28
809.07
850.73
854.37
856.99
880.67
882.65
908.35
920.83
923.99
933.86
960.75
969.76
993.96
1011.97
1019.25
1071.41
1075.04
1091.23
1115.69
1124.19
1127.36
1132.41
1141.91
1163.36
1168.15
1177.62
1180.01
1191.45
1205.32
1210.99
1220.88
1233.12
1240.29
1249.50
1252.89
1257.50
1268.11
1276.95
1280.00
1306.73
1316.41
1328.33
1331.58
1340.08
1355.71
1380.77
1408.21
1417.77
1430.40
1442.68
1445.51
1451.70
1465.82
1466.41
1498.26
1509.56
1549.24
1567.96
1600.69
1614.43
1716.12
1733.68
1790.63
1803.39
2923.26
2980.84
2984.98
2992.41
2995.63
3004.39
3010.36
3042.78
3061.94
3084.21
3095.02
3136.31
3169.30
3368.43
3417.67
3441.77
3445.38
3491.05
3559.74
$end
