
$molecule
 O -3.33930351454969 7.00538982695762 -2.71359582466384
 O -3.61879657966974 2.72707642440798 -3.24900092345564
 O -1.22638273628444 6.94896174326252 -2.01107674475777
 O -1.24375721668610 1.20351095166470 -4.05805606902122
 O -0.57638330397864 2.44750055582374 -2.33084572046431
 O -8.09311844418694 -2.32498091878285 -5.24616613071863
 N -3.22931761053577 4.79664950080192 -4.05249150374764
 N -8.38400199049818 3.24549383834761 -7.47434233017408
 N -9.08044466603900 0.17149156255553 -6.22208451622659
 N -11.06995877932299 1.37183868778498 -4.69457689674446
 N -9.47528576430805 -2.11721591536591 -3.47068730761954
 N -10.96965519362150 -0.33418640809511 -3.15091688526519
 N -10.90339895186126 -2.03793855972795 -1.64040500911864
 C -2.09535940514564 5.03690486763086 -3.19922304748322
 C -0.74953475459299 4.82712097133369 -3.91708269552714
 C -0.66513304127983 3.43428491435613 -4.53491147151101
 C -3.94360435763705 3.64129092747085 -3.98576558132725
 C -5.10905564526230 3.57206862784975 -4.89766579580715
 C -2.14333255705373 6.41506872456800 -2.57141370838155
 C -7.32497534441008 3.31109886889759 -6.59712761564364
 C -9.04152656422027 1.99947075066819 -7.80253207028195
 C -5.48697198244494 2.32761385115477 -5.39767789967352
 C -5.86811082196375 4.68835476890251 -5.24448716337874
 C -6.56595615984777 2.19124086600182 -6.24317193060944
 C -6.96034753550856 4.55691518425100 -6.07263681623795
 C -0.82758510002926 2.34075139375720 -3.49993452277289
 C -9.61342736942096 1.32404578635976 -6.58051836710720
 C -9.51898782142612 -0.39652624548274 -5.10298157988788
 C -10.62157612257561 1.91238378001935 -5.80212665477073
 C -10.52348277087761 0.21065326961722 -4.30945933644616
 C -8.93585386641002 -1.67319596893571 -4.68197554763672
 C -10.44686903158159 -1.45477334725514 -2.76869602002196
 H -2.15789638284371 4.29948892487750 -2.38495146701151
 H -0.62729955857164 5.57970003246100 -4.69873448835047
 H 0.04130962739596 4.95780422765616 -3.17891712772743
 H 0.31107483589187 3.29744030841891 -5.00581942677254
 H -1.42917175806060 3.29073224454711 -5.29962691198586
 H -3.50530491639455 5.52233092322185 -4.69261536431038
 H -8.32451189363713 1.31903284812857 -8.26879813542241
 H -9.83544031622050 2.21747822704909 -8.52101333119786
 H -4.90958574289495 1.46199247623111 -5.11032623399001
 H -5.63591484869106 5.66027664181915 -4.83219599710556
 H -8.98182018482930 4.05855922056885 -7.46227511095290
 H -6.82823486627115 1.21261677456092 -6.60994981669691
 H -7.55405851240457 5.42594076680158 -6.32200451371317
 H -11.08279818686413 2.84914448239751 -6.09039375841169
 H -3.33850941894633 7.86679728158288 -2.26647262255721
 H -9.11166889921165 -2.99981061515189 -3.12910423266375
 H -1.41965935094413 0.54034993719895 -3.37267135476950
 H -10.39421898772122 -2.78363500156696 -1.20048394882429
 H -11.53884063558224 -1.49250098160508 -1.08437247104963
$end
$temperature
298.15
$end
$mult
 1
$end
$sigma
 1
$end
$pressure
1.00000
$end
$scale
1.00
$end
$msrrho
$end
$freq
7.25
10.42
13.59
19.85
29.24
34.72
42.41
48.85
50.68
72.14
87.03
92.16
103.60
120.75
134.81
137.51
142.78
154.84
189.81
204.38
230.71
245.64
275.04
284.12
289.97
300.33
312.35
315.85
350.89
361.61
378.07
388.33
400.92
410.24
428.22
444.40
467.58
470.26
481.79
488.48
493.13
502.06
518.91
527.72
540.94
564.66
570.68
581.39
599.84
607.44
612.34
637.23
641.89
650.45
652.57
654.41
661.42
690.90
699.37
709.44
731.19
767.75
782.96
809.29
814.51
851.96
853.71
860.48
877.04
879.44
907.75
922.95
937.13
947.53
970.06
976.39
994.43
1012.15
1019.15
1072.46
1084.85
1104.52
1115.02
1119.58
1127.17
1131.37
1138.79
1147.99
1162.35
1173.39
1177.10
1182.66
1193.80
1207.19
1223.04
1231.97
1240.16
1244.20
1247.87
1266.46
1272.57
1277.02
1283.00
1303.96
1322.70
1331.99
1333.36
1347.09
1359.07
1385.41
1404.04
1412.50
1432.96
1437.54
1446.33
1451.78
1459.74
1468.82
1504.22
1515.65
1553.86
1564.65
1600.61
1609.89
1703.08
1753.17
1792.58
1797.66
2895.21
2968.61
2972.06
2974.82
2981.28
3002.77
3019.77
3039.86
3058.32
3073.03
3097.32
3119.23
3377.36
3433.12
3444.25
3457.97
3478.08
3485.35
3552.47
$end
