
$molecule
 O -0.31669046966435 -9.85610550229868 -2.35320344394102
 O -4.11940785523751 -9.39229782840257 -4.38665012714499
 O -1.36381703490660 -7.88406061549850 -2.38059554764482
 O 2.41097770564858 -9.22935498459420 -3.53354511015700
 O 1.47510020467064 -7.30783388786327 -3.02861532331107
 O -1.06853079940575 -5.61999221976218 -5.22852145520526
 N -2.24196817051812 -8.27112519819502 -4.97247399363289
 N -5.87421043890664 -3.31758031279230 -5.76410780404923
 N -2.90547970863726 -3.43314017512685 -5.07078955628297
 N -3.07723515928888 -2.17536458546875 -2.59613318051484
 N -0.42634687201196 -5.15523469381692 -3.12320453022634
 N -1.42585938798471 -3.53467699729326 -1.74412723439734
 N 0.24920015076142 -4.87471905994567 -0.94228267835734
 C -1.37650881898994 -9.25377835599795 -4.38404698753486
 C -0.10383202682016 -9.47571550164881 -5.21513414742022
 C 0.87147599731349 -8.28902207822864 -5.14178232229278
 C -3.59635532215725 -8.38569239987561 -4.82670335854336
 C -4.31884069595527 -7.15893492803128 -5.23474687642000
 C -1.03794364377300 -8.89383639865242 -2.94022596516184
 C -5.42951951427028 -4.63383909673572 -5.65597436543366
 C -4.84495193612424 -2.28938956511660 -5.91781346898554
 C -3.87828491932188 -6.36243641707966 -6.28916040045402
 C -5.40704654004205 -6.73445850799313 -4.47832565579440
 C -4.43432513324800 -5.12250570184236 -6.50575321679228
 C -5.95174606881878 -5.48364228080545 -4.68012288442867
 C 1.59110728379595 -8.21503623294006 -3.81501646347474
 C -3.80716430671766 -2.49169420860144 -4.84421515071527
 C -2.11771962763101 -3.79897663987900 -4.06299320307422
 C -3.87182018333373 -1.86330074275874 -3.59177438007742
 C -2.20048702787196 -3.17209021646006 -2.79154728698302
 C -1.19010752247837 -4.91192380824502 -4.24046033554254
 C -0.57713586101768 -4.49950692106484 -1.93361721137852
 H -1.95546230191877 -10.18801923482397 -4.34155245224611
 H 0.37437081623540 -10.39683864744150 -4.87266405897698
 H -0.40881011083341 -9.61415631745121 -6.25297456244634
 H 0.33528786857240 -7.35202770159078 -5.31184302559193
 H 1.62651693531395 -8.39741445349270 -5.92608696182267
 H -1.86154645552067 -7.34664701486816 -5.14742754182901
 H -5.32038225397008 -1.31118075998800 -5.83707309428381
 H -4.38648963308570 -2.38857348432296 -6.90251258245521
 H -3.08684557949356 -6.70668688290827 -6.93620481139592
 H -5.77764640650488 -7.37522307121957 -3.69243888228812
 H -6.52771273410426 -3.08689415221980 -5.02396084485872
 H -4.06747131034886 -4.51194211235595 -7.31297775005669
 H -6.75923884001942 -5.13706947436296 -4.04896221397229
 H -4.58066551935599 -1.06652874917389 -3.39958126627553
 H -0.12472497126025 -9.62913259783538 -1.42911001216061
 H 0.22582395509121 -5.94311272702348 -3.16104470368912
 H 2.41835720314600 -9.90818263787401 -4.22224939028625
 H 0.07422959536102 -4.49766403828607 -0.02792281577081
 H 0.77800144570539 -5.72473187978857 -1.04177936431863
$end
$temperature
298.15
$end
$mult
 1
$end
$sigma
 1
$end
$pressure
1.00000
$end
$scale
1.00
$end
$msrrho
$end
$freq
21.94
30.02
36.11
48.46
55.93
68.10
74.03
76.24
83.12
93.93
97.65
110.51
130.21
141.65
143.93
154.43
157.33
176.35
178.59
225.10
235.28
251.78
270.73
279.91
318.90
328.24
343.83
353.26
374.39
380.98
388.56
405.08
418.27
425.52
442.50
446.60
463.94
485.50
495.46
502.72
515.64
531.41
539.74
562.62
573.85
578.95
589.73
596.69
606.05
638.94
649.99
655.43
660.08
666.92
671.74
696.12
710.82
718.89
723.36
744.29
767.74
782.40
784.69
812.70
822.23
852.75
856.72
863.56
880.06
886.97
906.87
917.53
926.85
944.57
965.08
979.98
1001.62
1006.00
1014.96
1065.41
1085.81
1093.06
1108.77
1113.81
1129.14
1132.88
1139.98
1151.54
1163.44
1164.51
1192.96
1195.13
1201.72
1213.79
1217.93
1238.50
1246.26
1255.40
1261.43
1264.84
1272.41
1274.69
1284.37
1299.08
1313.46
1329.95
1330.95
1332.80
1360.15
1375.21
1398.19
1412.58
1431.41
1452.17
1453.54
1456.91
1461.07
1469.78
1489.19
1502.80
1550.24
1570.16
1597.04
1609.91
1687.26
1717.83
1756.31
1801.19
2897.39
2959.69
2966.75
2990.43
2991.13
2995.06
3002.14
3034.36
3059.12
3094.82
3097.16
3123.13
3215.74
3335.61
3380.39
3438.16
3475.22
3478.76
3553.47
$end
