
$molecule
 O 9.88235694826222 2.48781290274494 -0.81055085847514
 O 10.43981799852848 7.37645579563849 -2.55165030165350
 O 9.14332608437823 2.76068970884974 -2.89736860566527
 O 8.89676688271761 8.13193231881473 -0.44407928127759
 O 7.44935194303545 7.20256305315038 0.94319127092681
 O 4.87709388665085 9.11116931010706 -13.34478973024969
 N 10.08698169347161 5.21377598462898 -3.12260605121062
 N 8.86670691019340 8.26520672833145 -8.62224372234928
 N 7.07678961177857 8.47422484572026 -11.63279520599608
 N 9.60652211419820 9.00294224489265 -12.66292693535815
 N 6.35721320419338 9.82886554847313 -14.89308104723827
 N 8.68850100730903 9.80738870941862 -14.61508068974495
 N 7.78802404265923 10.64062821169985 -16.53281693768058
 C 10.36886993132610 4.55948258711367 -1.86476513071965
 C 9.90234490404978 5.34046493455614 -0.62372912733471
 C 8.43596815886594 5.77664353447873 -0.71355717388811
 C 10.11596386029686 6.53857160998662 -3.38989894116212
 C 9.74444024340935 6.92279098566990 -4.76663496218667
 C 9.71937540906194 3.18341721851069 -1.92926043177275
 C 9.10111361276191 7.81753616248891 -7.35375127730677
 C 7.98655725999448 7.62204356975122 -9.56828723038024
 C 8.99359621974997 6.12706837519014 -5.63119443492948
 C 10.14324897894211 8.18735551437529 -5.20962978795613
 C 8.67271077976406 6.56506344461424 -6.89798271820642
 C 9.83710613795149 8.62451620198219 -6.47364190846657
 C 8.20706413191618 7.09764717679796 0.01823346116708
 C 8.16620482197740 8.21438491075023 -10.93605167042494
 C 7.22583918884922 8.99318143561573 -12.84878354967895
 C 9.43688802707405 8.48424543125682 -11.47100761359808
 C 8.50838872211738 9.27227731173502 -13.38290400681856
 C 6.03114627134610 9.28585262362127 -13.64582392356679
 C 7.63574123974600 10.06987880055853 -15.32129840774540
 H 11.45340149617853 4.39098259607828 -1.76274101994597
 H 10.05380506108512 4.70784592716979 0.25092190217613
 H 10.55015067016056 6.21205573936441 -0.52439243912295
 H 7.77398965345659 5.02483830007245 -0.28367857969739
 H 8.14781816197656 5.93036927913042 -1.75682026900194
 H 9.78036813777020 4.57493697397125 -3.84447039508325
 H 6.92659273793167 7.71050941120007 -9.29079553240084
 H 8.24133901871037 6.55700267599997 -9.61653093135881
 H 8.61433583781137 5.16479819644324 -5.31699979370521
 H 10.70386186948345 8.81305760590549 -4.53194627413889
 H 9.01470044777974 9.25207225574971 -8.77114363043405
 H 8.07227093378165 5.93324817243677 -7.53258793087935
 H 10.16035419356727 9.60170506634520 -6.80269920297022
 H 10.33674149609645 8.26876080512576 -10.90950245508660
 H 9.46013539285507 1.61622169030738 -0.88037186735925
 H 5.56811990084226 10.06268255932767 -15.48515121136155
 H 9.48335309060947 7.91732182951451 -1.20947867735147
 H 8.72924762645196 10.73709379531367 -16.87086382557136
 H 7.02369104688477 10.71319292906627 -17.17953593575379
$end
$temperature
298.15
$end
$mult
 1
$end
$sigma
 1
$end
$pressure
1.00000
$end
$scale
1.00
$end
$msrrho
$end
$freq
7.50
12.23
16.27
21.05
34.02
38.96
51.15
58.10
71.26
76.89
87.21
103.95
119.03
129.35
134.38
140.77
140.95
177.20
189.80
198.66
213.21
218.60
226.23
263.29
284.81
296.06
311.67
329.24
340.92
361.92
372.08
402.78
411.03
428.29
437.51
442.58
463.04
470.24
482.33
487.88
490.67
517.31
525.49
539.66
550.76
572.53
581.25
586.11
606.49
630.79
640.73
646.56
649.53
657.33
665.24
671.23
690.65
702.52
730.74
738.85
765.40
799.70
804.53
813.87
825.33
851.70
855.02
861.12
883.41
891.00
901.35
921.74
923.51
936.86
957.83
968.37
996.92
1007.58
1027.92
1058.33
1071.44
1110.82
1115.50
1122.80
1138.58
1140.55
1146.01
1157.57
1167.62
1182.83
1189.48
1196.24
1219.23
1228.94
1230.11
1233.30
1246.08
1248.54
1257.43
1269.76
1271.64
1277.35
1285.96
1300.45
1316.66
1342.30
1345.96
1358.16
1360.19
1393.01
1411.12
1416.83
1437.10
1446.24
1456.95
1463.35
1469.06
1469.81
1512.01
1517.34
1554.70
1559.30
1602.10
1610.76
1661.30
1753.70
1783.32
1788.79
2845.46
2885.99
2928.25
2967.68
3000.25
3013.17
3016.76
3053.40
3066.86
3072.80
3074.80
3100.86
3105.89
3376.97
3394.54
3435.38
3439.39
3490.72
3559.44
$end
