
$molecule
 O 0.79095940236582 -5.92388735920816 -2.82902548965346
 O -1.88938700535306 -9.45110040941588 -2.61654512951844
 O 0.01394065334740 -4.27672892810868 -1.55748581854977
 O -6.12962745273500 -5.84183487373409 -0.56416680952782
 O -4.90188137541346 -4.08045876394431 -1.06441959850207
 O -5.15609864325438 -7.24031334751856 1.46947344595342
 N -1.49644101449272 -7.26838264968447 -2.81824082069930
 N -0.32831528902377 -8.49876863287291 3.46647530036047
 N -3.18988944275659 -7.46579921647248 3.50526031801466
 N -2.75716395729990 -5.19647977222772 5.05244473570266
 N -5.48238902662296 -5.09111448095188 2.09409575798220
 N -4.27131872412040 -4.00311136077057 3.78843725789718
 N -5.77677358965986 -2.83608091054863 2.52262304390282
 C -1.58589068142443 -5.87552401200385 -2.40596387315532
 C -2.48548416128613 -5.59177600260951 -1.19718822847384
 C -3.86715431495390 -6.24177582662896 -1.31219814077763
 C -1.56930832074664 -8.42049825584068 -2.05770542656402
 C -1.22800567817668 -8.36935498926957 -0.62089161067616
 C -0.18342039935052 -5.26804227974617 -2.19369338083757
 C -0.66634920254571 -8.45344114341660 2.12923820685015
 C -1.34140017687126 -8.63969088599963 4.49854370190059
 C -2.03462545705626 -9.09469472038898 0.25674439006860
 C -0.10582385851967 -7.72063879739602 -0.10905990928787
 C -1.77495906463084 -9.12717556810812 1.60784060837888
 C 0.16811161102499 -7.76657385263706 1.24041895042724
 C -4.98363245614862 -5.27515586706721 -0.97122764082289
 C -2.26166857879876 -7.44847977463885 4.44347918280975
 C -3.88723209595305 -6.35237183736453 3.29776466464813
 C -2.07881144466511 -6.30221730450286 5.23645054626676
 C -3.64943486383407 -5.17517700746020 4.05177521467488
 C -4.87492726221637 -6.32702783842048 2.22674568250074
 C -5.13483539547286 -3.98071002124111 2.82260867077664
 H -1.99914329617902 -5.32261603176478 -3.26102870894581
 H -1.99411193720355 -5.92206724039592 -0.28228731631346
 H -2.60224684747496 -4.50719364282231 -1.13882038739623
 H -3.93752125812868 -7.12605223383701 -0.67547205719242
 H -4.05925049126128 -6.56245006283392 -2.34111017129047
 H -1.81089858284239 -7.45892385772778 -3.76269970996588
 H -0.83862201752795 -8.70423757480023 5.46479014275409
 H -1.90510944379748 -9.55707042311141 4.32425509314961
 H -2.88449021857984 -9.62920444887115 -0.13984681341897
 H 0.57704661322610 -7.19439422778665 -0.75608753476132
 H 0.40379448672744 -7.84433951564903 3.71080489660265
 H -2.43926290858146 -9.67318966363079 2.25417677044455
 H 1.04477381975823 -7.26108018771538 1.62087790337969
 H -1.36488162115574 -6.29075561574680 6.05081732904026
 H 0.44128777353134 -6.74388802965347 -3.22682316863303
 H -6.16753095910093 -5.00028306415365 1.34661925691340
 H -5.98143734980044 -6.73162387518438 -0.17344026561021
 H -6.21221272643333 -2.73169931061165 1.62094749421987
 H -5.43328776857816 -2.00737230355197 2.97860744493609
$end
$temperature
298.15
$end
$mult
 1
$end
$sigma
 1
$end
$pressure
1.00000
$end
$scale
1.00
$end
$msrrho
$end
$freq
8.69
20.31
24.51
31.43
43.96
50.61
63.44
66.00
80.04
83.85
98.97
107.12
114.68
140.20
147.05
157.58
166.27
174.27
179.76
213.94
245.73
251.15
272.57
291.78
304.11
324.30
330.24
358.67
376.00
376.85
399.82
401.67
412.87
427.00
439.01
462.30
474.57
489.80
497.45
506.18
521.98
534.06
540.33
554.18
557.54
568.02
583.52
592.75
604.25
616.66
632.89
642.48
647.38
650.72
655.85
679.82
690.14
694.71
713.57
727.11
731.72
737.15
766.60
804.93
827.77
848.55
852.04
856.09
858.84
881.01
904.45
915.74
930.42
943.14
967.38
977.30
998.25
1009.91
1027.41
1080.24
1085.26
1088.99
1093.43
1111.18
1129.98
1137.46
1144.55
1159.16
1171.06
1183.00
1188.75
1200.17
1210.82
1222.55
1224.20
1233.78
1242.90
1261.36
1265.40
1271.65
1281.11
1286.60
1300.24
1307.68
1333.50
1336.01
1340.20
1348.01
1358.28
1365.17
1385.95
1414.57
1431.86
1436.60
1445.26
1449.82
1468.56
1469.58
1497.93
1507.94
1551.56
1561.13
1597.74
1612.59
1699.83
1705.74
1780.34
1812.93
2898.70
2949.37
2983.26
2990.34
2993.29
2993.82
3018.35
3042.48
3070.46
3095.95
3121.24
3135.16
3184.28
3302.64
3308.73
3390.27
3403.73
3466.06
3531.92
$end
