
$molecule
 O 4.35935096540655 0.62569277024886 -8.13725005364013
 O 4.52924513663128 6.27651405306145 -6.86897327337436
 O 5.18035671128489 2.37497770257534 -9.22720282401578
 O 1.04097440917281 1.03621420600395 -4.54367437717174
 O 2.61816173101445 0.40920453815825 -5.97884325948719
 O 2.89006918737094 8.24596777537346 -1.97904149840628
 N 4.10050009914595 4.18382737519309 -7.56184579845648
 N 2.45632233061975 3.57423581898889 -1.41555466024975
 N 3.79953425731528 5.79254681336090 -0.85275160438137
 N 6.39718775213290 5.77719539060436 0.11638897179080
 N 4.98400063038824 9.06663678674837 -1.73177385928436
 N 6.74260547003968 7.91607874236684 -0.67829073923402
 N 7.07699817435533 10.03322127427793 -1.45118788536514
 C 3.68639322550603 2.81718114946963 -7.39604499838216
 C 2.17550379549525 2.61440269736668 -7.68873465180360
 C 1.35439887889889 2.42116180835135 -6.41651170225789
 C 4.15979496332952 5.15014867157082 -6.61159575689302
 C 3.71553686912053 4.72530153566933 -5.24627753730197
 C 4.49900817416047 1.92545853095165 -8.35003923455031
 C 2.89951839849901 3.96544729349350 -2.67389603321954
 C 3.43847675646617 3.47563569704676 -0.35285821119298
 C 4.52017805729222 3.90810743287845 -4.46074503862398
 C 2.50123239662270 5.16727914348375 -4.73068621367092
 C 4.12062372707715 3.53113629102243 -3.19367466292601
 C 2.09543359815081 4.78500484304018 -3.46863091581603
 C 1.75164836193358 1.18941506044105 -5.65191904815871
 C 4.31280565203631 4.70796063186335 -0.30285422920169
 C 4.56817172780563 6.86916073054488 -0.95560009582126
 C 5.61581828538769 4.72790210430196 0.21499137226502
 C 5.90953359388611 6.86094401838210 -0.50258957946370
 C 4.01862854935627 8.06758958055645 -1.59271902464101
 C 6.27519113395445 8.95943101442374 -1.28559189111261
 H 3.90353101956077 2.49907577037306 -6.37121344720072
 H 1.81104581593646 3.49253565383489 -8.22217717595282
 H 2.03377395830872 1.74868377571851 -8.34007822932957
 H 0.29136888880880 2.33860206486830 -6.65211454752876
 H 1.47157716100517 3.27539560159430 -5.74356131682857
 H 4.46921271859166 4.41501609542294 -8.47804424215499
 H 4.06249253704800 2.58873215063180 -0.49958238382144
 H 2.90691140106200 3.35088424027183 0.59477236647702
 H 5.48109989885035 3.58251326866659 -4.83493559099585
 H 1.88481452582344 5.83081203246776 -5.31938523066877
 H 1.66048429048910 4.13254327554105 -1.13262187805177
 H 4.77416066975134 2.90717999880945 -2.60378291191788
 H 1.15935029540301 5.14936239249188 -3.07277057822177
 H 6.03687134676775 3.86627452653714 0.71778093526141
 H 3.77383451194969 0.42305530786389 -7.37183715333991
 H 4.67241029795306 9.91636251860366 -2.18859870859532
 H 1.32052297102106 0.24850176495167 -4.04931343479631
 H 8.04672207667499 9.89763013949568 -1.22205762548859
 H 6.83787161514458 10.75396993998971 -2.10926653283286
$end
$temperature
298.15
$end
$mult
 1
$end
$sigma
 1
$end
$pressure
1.00000
$end
$scale
1.00
$end
$msrrho
$end
$freq
4.06
11.20
17.19
18.73
22.84
43.43
47.48
53.06
62.28
78.25
96.05
104.21
119.91
137.34
142.51
151.11
164.27
175.96
185.59
195.66
238.94
245.77
279.59
283.90
298.83
314.91
322.97
350.54
355.57
369.80
376.14
390.13
397.38
412.28
429.59
443.51
480.97
485.01
493.09
499.50
510.32
517.06
557.95
572.74
581.13
590.29
596.97
608.16
615.08
632.54
641.59
648.78
657.96
662.83
678.02
685.56
690.03
700.27
704.69
730.59
744.99
762.34
764.42
811.85
822.58
840.92
858.40
867.80
873.00
876.31
907.24
915.13
922.98
947.71
977.42
996.80
997.38
1009.57
1013.19
1072.71
1094.89
1099.93
1109.51
1120.40
1136.25
1141.22
1144.93
1156.34
1163.97
1170.94
1173.40
1200.83
1204.83
1212.74
1218.56
1237.73
1242.59
1256.57
1268.67
1271.67
1274.54
1282.22
1297.32
1311.74
1330.12
1331.20
1335.67
1339.84
1360.68
1377.66
1392.97
1414.04
1416.11
1430.96
1444.03
1458.36
1467.87
1468.29
1496.36
1512.57
1554.75
1568.17
1601.94
1608.19
1735.32
1749.10
1751.75
1799.98
2940.55
2940.89
2954.72
2960.99
2978.90
2984.87
3010.99
3044.31
3069.23
3081.39
3092.61
3096.00
3145.99
3375.71
3378.19
3406.42
3433.81
3481.49
3547.50
$end
