
$molecule
 O -1.07892839312761 4.85689407236916 -3.19421764560882
 O -1.33561144897686 7.78064429478551 -0.46557735668561
 O -1.90681935670452 6.00878783153477 -4.91181496761013
 O 2.23996768971284 10.35603155724187 -2.33397203173134
 O 2.40537150802973 8.20563114233269 -2.90041202692832
 O 7.44492904615716 6.14325443170729 -2.64967239214514
 N 0.03292470952446 6.89658826030869 -2.02657084455133
 N 4.29776720566784 7.75694515269568 2.55105621033803
 N 6.15945529756823 7.47705054232617 -0.45917670576480
 N 4.61096866675964 9.67645760125959 -1.13816582204242
 N 6.39976823322673 7.57243018298381 -4.05292863081577
 N 5.05654096242086 9.36856687967957 -3.36801220199836
 N 5.45308261926678 9.03795975188921 -5.58687571826636
 C -0.83827466256330 7.22243866733656 -3.12121216100962
 C -0.16160435420984 8.17631992166712 -4.11988428605087
 C 0.38767457220357 9.42825675800026 -3.43818793735740
 C -0.24629182841042 7.32151130926793 -0.76519777348609
 C 0.89364304210907 7.25065999923561 0.17927022787406
 C -1.33850094004922 5.98559363338475 -3.85244688571454
 C 3.14623709949859 7.52708852873174 1.81593778794178
 C 5.58168543409740 7.65629425920365 1.88341929453016
 C 2.01388091614929 6.44557362962384 -0.01691540934946
 C 0.87629840150985 8.11300029720473 1.27403643283326
 C 3.12132413679764 6.57587616515791 0.79141695932089
 C 1.98239430079894 8.25189062215995 2.08177205408489
 C 1.78154427329041 9.24240690691911 -2.86447356982507
 C 5.53209975262301 8.17756215371349 0.46665650734224
 C 6.04548854155764 7.86457640254442 -1.72474832044199
 C 4.76486403846223 9.29771365861423 0.11018885865232
 C 5.24501987814799 8.97226718165936 -2.08852412111441
 C 6.71122052695185 7.09052693105943 -2.77708893711014
 C 5.61088292681115 8.66181454528870 -4.30174942522985
 H -1.72068949443830 7.70753276180573 -2.67448740948927
 H 0.66186347613319 7.64838238232484 -4.60715358354736
 H -0.89431135948603 8.44410522127271 -4.88038941508607
 H -0.26473848020981 9.74577263105670 -2.62213558816009
 H 0.44560770174290 10.25778350397090 -4.14522307935882
 H 0.99047371569101 6.69243656400330 -2.27148310008713
 H 5.91126240583922 6.61298817023735 1.84254597367213
 H 6.32143048251321 8.21414143270839 2.46312286040077
 H 2.02904881773830 5.70324027087145 -0.80063249767161
 H -0.01150615705409 8.70225832908014 1.44719505696561
 H 4.21269628736307 8.53980058248006 3.18381482870448
 H 3.98378551980842 5.95289650030610 0.61502066750021
 H 1.96916142729164 8.95214666876708 2.90590292004325
 H 4.24187793462626 9.89351293396873 0.84631404737634
 H -1.44172533105634 4.09384052918146 -3.67211530650302
 H 6.81899855286087 7.06296346213084 -4.82277405322445
 H 3.15943815230631 10.24287195776566 -1.96441219693876
 H 5.68034880035798 8.41068937090263 -6.33805962596112
 H 4.77838175304738 9.76386345537087 -5.75664566079867
$end
$temperature
298.15
$end
$mult
 1
$end
$sigma
 1
$end
$pressure
1.00000
$end
$scale
1.00
$end
$msrrho
$end
$freq
14.88
25.77
29.07
33.64
37.92
47.90
52.37
68.96
71.63
81.36
101.29
113.53
129.07
141.55
143.44
149.79
155.73
164.78
200.78
228.12
234.71
254.03
262.93
289.57
308.93
313.07
319.99
327.18
344.65
373.90
377.97
395.55
405.62
408.08
425.11
475.79
483.20
490.76
499.67
505.59
513.18
529.75
538.06
556.59
567.62
578.85
583.01
593.74
604.10
614.33
637.85
643.79
650.27
651.85
653.13
668.72
688.95
705.93
709.76
740.63
763.39
788.21
810.34
816.33
833.56
853.38
855.47
858.60
869.84
890.21
911.38
922.28
937.64
939.54
949.22
968.96
993.09
1010.77
1047.48
1076.02
1081.15
1102.83
1114.35
1119.45
1133.15
1139.06
1150.14
1164.39
1165.72
1169.58
1187.16
1202.17
1205.34
1217.91
1232.47
1244.74
1248.93
1250.70
1259.44
1265.25
1270.39
1274.42
1282.16
1303.58
1320.76
1332.52
1338.81
1340.94
1367.61
1373.84
1407.64
1415.45
1431.56
1432.82
1451.20
1458.02
1464.17
1472.56
1497.09
1514.72
1560.12
1568.66
1600.15
1609.61
1698.76
1754.66
1758.15
1784.32
2874.10
2894.52
2944.58
2968.14
2976.05
2981.41
2993.20
3015.13
3059.64
3062.63
3084.20
3097.96
3107.14
3377.84
3424.06
3436.86
3439.24
3483.34
3549.06
$end
