
$molecule
 O -0.69066353595274 6.00573639729229 -5.73744311564775
 O -4.85368882015950 3.88280115983812 -3.94462503935018
 O -2.11844203014147 5.66883513101692 -7.41600871561413
 O -2.80163253924526 2.97384900627101 -2.07369930142847
 O -2.37071852903254 5.16124573194741 -1.95375289343852
 O -8.72791621504600 6.75727893591904 -9.95091762266689
 N -3.81433283960887 4.23901015175451 -5.90736864833760
 N -9.66118222290862 2.50150165179694 -7.90409094067292
 N -10.32451549667180 5.09613345841802 -8.26769007357576
 N -12.12364979787999 6.41245102797741 -6.60887732130348
 N -9.71122710591960 8.56312669656777 -9.01193792736296
 N -11.39743700399777 8.45924151636033 -7.38017883967791
 N -10.71130699255334 10.48334643592545 -8.16880562872176
 C -2.59206436980478 4.67200457598206 -5.27754474212153
 C -1.75534962751352 3.47169627816287 -4.76952274004835
 C -1.06387852446248 3.78340650721720 -3.43995438803158
 C -4.90235652005319 3.90130009742794 -5.16420631756084
 C -6.12095749454266 3.54798836547067 -5.92567528033484
 C -1.80141324931770 5.49760400328210 -6.26788827128521
 C -8.52212578687232 2.89579710334962 -7.23414716872876
 C -10.96608386133619 2.92229519916456 -7.45634986055485
 C -7.34220559498242 3.59681964586515 -5.25639142272675
 C -6.11558959616541 3.14939700678701 -7.26274073457330
 C -8.52388316068846 3.28615498062614 -5.89222284847890
 C -7.29215597417402 2.82932510150142 -7.89963469437368
 C -2.13290234918112 4.07342055264460 -2.40629806625296
 C -11.11665965781980 4.42576872912296 -7.45318766957172
 C -10.40580088585992 6.42296184991696 -8.26531261496360
 C -12.02566563201053 5.10514710755349 -6.62689289608350
 C -11.31139321025893 7.10600503798328 -7.41827540939646
 C -9.53055748245509 7.18486659128201 -9.15847333808422
 C -10.61506620574348 9.13675241885638 -8.15636525283057
 H -2.84351586365474 5.30513701250901 -4.41496972945478
 H -2.44028127989525 2.63614963795181 -4.61985562305621
 H -1.01576744072787 3.18151465885000 -5.51782073018849
 H -0.41267134498024 4.65110649558345 -3.53928847203215
 H -0.48592553633326 2.91616400176565 -3.12103869781453
 H -3.88568441717704 4.40817563870890 -6.89968898831317
 H -11.15951082608456 2.52779497328064 -6.45449978146435
 H -11.71103934269122 2.48703505359449 -8.13052735394261
 H -7.34335064473863 3.89673245841644 -4.21905718036887
 H -5.18878002987558 3.06633508391044 -7.81135215022891
 H -9.55302303953561 2.54524317087975 -8.90800891549486
 H -9.44849977940139 3.35382584311872 -5.34047050892039
 H -7.27611724395126 2.52506351732784 -8.93626497304508
 H -12.69044874609127 4.56864426752904 -5.96161549026591
 H -0.20240484877115 6.52410881907514 -6.39740586355364
 H -9.13435361486633 9.14504187651244 -9.60893857676001
 H -3.60373692412369 3.20124776530661 -1.57817272269757
 H -11.30104803267947 10.89221633733261 -7.46486595355256
 H -9.99451873205293 11.04946893498347 -8.58658750506591
$end
$temperature
298.15
$end
$mult
 1
$end
$sigma
 1
$end
$pressure
1.00000
$end
$scale
1.00
$end
$msrrho
$end
$freq
4.66
8.01
13.95
24.32
26.40
35.34
41.14
46.77
54.42
56.70
75.18
85.29
95.06
126.41
131.57
136.30
138.20
156.64
178.02
212.22
234.81
256.65
276.29
283.39
294.71
306.31
316.45
327.95
349.91
354.64
375.05
378.06
399.33
408.93
410.97
423.09
458.97
475.11
483.05
488.58
503.75
517.73
537.30
554.37
568.04
570.43
585.26
592.00
596.71
615.16
634.91
635.97
641.39
648.83
650.30
660.12
685.99
701.54
708.06
710.37
715.50
762.83
783.97
806.77
812.12
850.72
858.42
866.90
876.23
885.85
904.27
918.91
938.54
944.91
976.04
991.21
996.09
1010.46
1028.04
1071.77
1072.96
1102.47
1113.67
1115.68
1119.56
1135.67
1148.49
1158.68
1163.14
1170.90
1176.10
1178.75
1197.40
1208.13
1213.22
1233.48
1242.53
1257.35
1268.92
1272.59
1279.79
1283.74
1290.06
1301.90
1307.72
1331.18
1335.36
1351.88
1358.29
1386.61
1398.34
1412.15
1435.80
1441.18
1442.55
1454.21
1466.36
1467.98
1503.99
1514.30
1554.41
1566.15
1601.86
1610.75
1690.34
1751.04
1783.15
1793.05
2897.61
2938.34
2957.24
2979.45
3002.13
3005.27
3024.39
3045.78
3070.87
3083.56
3089.08
3099.94
3377.05
3425.25
3429.95
3436.00
3457.43
3485.32
3552.48
$end
