
$molecule
 O 4.07941195452825 0.67598269053861 5.01944975900979
 O 4.71723598006059 2.86386709910197 3.79951392699285
 O 5.37270842921305 -1.02808615927922 5.59791170232961
 O 7.46287133941229 -1.18303584275752 1.32488477143037
 O 7.97429060585979 0.92081124280434 0.87985932706853
 O 11.25935294675243 10.20922892993696 7.44290926563596
 N 6.64547814792842 1.98026509735818 4.53033230478603
 N 7.77690518011558 8.28951862532977 4.95611427785318
 N 8.90830660992306 10.45953723628900 5.85296992417193
 N 8.04382948046598 13.05009616281566 5.34778241830137
 N 11.34007581133653 12.46506285174692 7.59072503592400
 N 9.79058362079411 13.91414553078108 6.58069327518674
 N 11.53435981729268 14.77303233259195 7.76461076151869
 C 6.32053961489099 0.62518707603813 4.11861165286997
 C 7.56669991171685 -0.25666682659526 4.14908840911144
 C 8.57348188961718 0.10330155805718 3.05330041477035
 C 5.86061914530615 3.04247587950357 4.23311990433060
 C 6.41011210495764 4.38389044219499 4.45389928861251
 C 5.20431777285283 0.00456093745776 5.00628021182599
 C 7.30326799459910 7.03294882625958 4.78842339879200
 C 7.08926238827503 9.49443080339890 4.59372236923409
 C 5.67834107423578 5.46448338849984 3.95239373719385
 C 7.60082861437156 4.65625818523489 5.13618532162263
 C 6.11009034155347 6.75964419931154 4.10355939273358
 C 8.03349277169873 5.94837087850599 5.30276502455103
 C 7.97982438562915 0.01007655462431 1.65474247348498
 C 7.83154958793058 10.68726251240631 5.12622932976792
 C 9.57026070494042 11.50727832597183 6.33894895519031
 C 7.40952935508773 12.00509652905351 4.87842131029850
 C 9.13942244904327 12.83189044781320 6.09090814248363
 C 10.76711166764006 11.27096021305033 7.14802708080776
 C 10.84951407390666 13.71129755156757 7.29782323009990
 H 5.90666758774480 0.67280596247977 3.09767010425525
 H 8.04090370686757 -0.16379770262974 5.12889302283128
 H 7.23753514659928 -1.29497902636665 4.06491122149886
 H 9.43196792129936 -0.57181318106490 3.10771699980811
 H 8.93644041412676 1.12431326426084 3.17968286605458
 H 7.57163487542710 2.13210426828153 4.89214107052668
 H 6.06663855062909 9.50711343195985 5.00211900277018
 H 7.00560200590099 9.58626792102532 3.50006292611341
 H 4.75740152499671 5.25280421009368 3.43087376231707
 H 8.19388185068414 3.86359747470803 5.57033691803987
 H 8.60683899310728 8.43750526422597 5.51490809222404
 H 5.52462318672533 7.56621428615864 3.69173975947755
 H 8.94894116547039 6.14872049642949 5.84019528531094
 H 6.52991214575391 12.20920982342837 4.28149097660044
 H 4.14160161559140 1.52374942913816 4.47043949105774
 H 12.18022659044704 12.36602217303104 8.14948704574860
 H 7.51881469753977 -1.82973327496831 2.04123484871474
 H 11.12721726924467 15.67820187887291 7.60873141634329
 H 12.26755297990504 14.67219602131193 8.44268879230946
$end
$temperature
298.15
$end
$mult
 1
$end
$sigma
 1
$end
$pressure
1.00000
$end
$scale
1.00
$end
$msrrho
$end
$freq
2.98
7.59
14.53
23.72
27.15
30.86
36.52
47.50
57.14
74.06
78.53
96.50
98.84
113.83
118.50
137.29
137.59
176.56
179.48
192.96
207.72
235.98
243.86
271.96
295.74
312.45
323.14
333.71
352.09
359.57
372.23
396.36
402.30
404.89
435.09
440.55
450.87
459.09
483.59
485.74
488.18
492.66
501.02
508.70
517.09
551.13
552.74
585.94
605.75
608.73
636.92
639.86
641.11
648.15
660.13
664.03
685.74
700.77
719.59
724.44
761.58
801.59
808.89
821.62
844.10
859.52
873.47
874.12
892.45
898.27
917.05
919.85
929.10
947.17
961.33
965.44
999.49
1007.67
1028.32
1070.03
1071.52
1118.01
1121.20
1123.44
1135.53
1144.39
1153.66
1163.85
1167.51
1168.27
1171.29
1195.94
1205.24
1216.79
1231.88
1237.20
1241.77
1246.01
1249.38
1273.51
1281.06
1294.61
1311.14
1320.30
1321.59
1341.95
1349.00
1353.12
1359.67
1394.66
1409.04
1417.49
1439.92
1444.16
1457.98
1459.23
1468.31
1490.40
1513.37
1528.91
1549.04
1556.74
1597.71
1610.16
1623.24
1748.40
1784.75
1803.20
2630.24
2838.93
2860.57
2880.57
2965.15
2972.34
2992.66
3009.14
3050.78
3059.58
3083.17
3096.64
3106.92
3377.70
3394.44
3476.98
3481.58
3491.61
3560.45
$end
