
$molecule
 O 4.79605349211302 0.91073635528375 3.07838274203372
 O 5.66173009519383 2.02505445430014 5.45313437536036
 O 6.62348996027564 2.18829813636980 2.87098597684846
 O 4.62291954162949 5.62090592109939 -0.08733761791785
 O 3.53500026856046 4.15056491737097 -1.35304743646317
 O 6.38170181838310 10.48581494310385 14.43928351252032
 N 4.92397481372194 3.93696331925298 4.57650507153053
 N 7.09289119907821 5.84626186698745 10.32686629309480
 N 7.32627478321439 8.50073234295068 12.61067711042976
 N 9.63054043358624 7.14421437204862 13.37925839665877
 N 8.11416187704647 9.98310206581107 15.79889848793403
 N 9.73571338395063 8.34885031440912 15.33867673422389
 N 9.82482851923995 9.50738289702576 17.29686339916034
 C 4.50623205064492 3.24972402809596 3.37330034315471
 C 4.57153771569821 4.20059461820610 2.17699248714424
 C 4.07664708515634 3.52564381414989 0.90263202982128
 C 5.50389833522014 3.23199037914840 5.57564493854620
 C 5.90065866660407 3.97883570492308 6.78505989449319
 C 5.46033627142528 2.06697201545597 3.14737143169328
 C 6.67232135561473 5.26780023004141 9.16057348750874
 C 7.17258551539303 7.27128573245859 10.54241373112802
 C 6.13265900175481 5.35208488968611 6.80850227016042
 C 6.07800809503827 3.25645136718168 7.96729189965479
 C 6.51188576933821 5.98802290049130 7.97195303573757
 C 6.44551283996308 3.88447055667459 9.13166490275686
 C 4.03501433475760 4.43747633494401 -0.29907143359217
 C 7.85795511030410 7.56822809215633 11.84415276700731
 C 7.93143317919516 8.77754122768994 13.76311676694365
 C 9.02346832706812 6.89335604983530 12.24484773521005
 C 9.10257604893343 8.09063802303760 14.16808101664951
 C 7.36435175459878 9.81383539966849 14.63032280627955
 C 9.23760551757583 9.26277721706903 16.10791900554223
 H 3.49195171979882 2.84304027761939 3.49669174353049
 H 3.96010432113610 5.08114272487666 2.38571143232415
 H 5.60658593091720 4.52007911303422 2.04540156362518
 H 3.07412211010985 3.11355620150056 1.03973618503417
 H 4.73034721888886 2.68950601985785 0.64114180088196
 H 4.72714428401608 4.91954819111392 4.66262967450792
 H 6.18566404445517 7.75592197026497 10.55419991341605
 H 7.76313249142586 7.71575046355585 9.73247532367480
 H 6.04750195111530 5.94200606963965 5.90721371493264
 H 5.91266762652547 2.19024281414321 7.94362171628146
 H 6.96206641867002 5.29029269443365 11.15854391985943
 H 6.68394995353239 7.05246216602266 7.95494300318030
 H 6.56989809866273 3.31334423896417 10.04075947698985
 H 9.46982161179750 6.13070697668990 11.62004077656968
 H 5.42215374000894 0.17639263824363 2.98740905927496
 H 7.76213814307796 10.68113422925023 16.44441312659088
 H 4.59037197116603 6.15802006914405 -0.89495028854298
 H 9.58591440356562 10.31536784956651 17.84279084847170
 H 10.69522080084987 9.03710780516009 17.47294184814087
$end
$temperature
298.15
$end
$mult
 1
$end
$sigma
 1
$end
$pressure
1.00000
$end
$scale
1.00
$end
$msrrho
$end
$freq
7.44
10.55
15.93
18.01
25.28
29.65
31.11
50.43
59.81
68.01
69.64
94.88
102.77
122.09
134.94
138.53
147.44
159.71
175.19
190.75
194.12
207.25
232.32
236.75
246.29
282.23
298.58
311.25
333.08
355.46
369.45
372.33
386.42
401.53
415.34
429.67
454.19
465.51
473.53
484.38
489.69
492.00
513.31
525.77
544.86
548.49
571.14
581.34
594.57
607.10
622.48
638.07
641.08
648.78
651.13
664.54
670.44
690.59
704.79
710.41
737.15
765.35
777.89
800.57
826.75
852.18
853.49
856.59
884.04
894.74
895.44
901.92
921.14
937.69
968.83
997.03
1007.77
1021.31
1071.54
1075.33
1085.33
1111.07
1115.41
1115.63
1122.41
1133.47
1140.84
1142.37
1149.78
1157.68
1167.26
1204.10
1205.61
1225.64
1230.90
1243.31
1247.41
1247.90
1250.21
1255.86
1270.16
1281.00
1292.99
1307.36
1314.34
1342.64
1344.74
1356.08
1359.51
1389.38
1404.18
1411.35
1433.89
1435.99
1445.73
1458.52
1468.68
1471.70
1510.95
1516.85
1554.28
1562.16
1602.72
1611.06
1672.89
1752.76
1778.65
1788.95
2879.08
2881.07
2923.82
2965.92
2979.17
2985.68
3004.48
3054.96
3070.53
3071.79
3102.32
3102.79
3377.06
3439.19
3446.29
3464.64
3474.20
3489.44
3557.90
$end
