
$molecule
 O -0.50866883753383 -0.58107975188907 -0.50973580698033
 O 0.30915424307775 1.53153124561781 1.26162836586816
 O 0.83649193649060 -1.52307212905320 0.97879130163061
 O 2.71971526665939 -2.73715232881522 -0.77356560826773
 O 3.71824856710557 -3.04417451286283 1.19857544769706
 O 0.16266175987104 13.57526016242752 1.26272962333874
 N 1.30422585099973 1.47287963042826 -0.75621894614412
 N -0.50052418068037 7.62540715085740 -0.38276540272178
 N -0.79358570481045 10.97818889596213 0.54494443307975
 N -2.92983958494217 10.92320978947687 -1.23674334458542
 N -1.43382436702195 14.47190579241105 -0.06043741833149
 N -2.97216235018227 13.22366386018526 -1.32054241887708
 N -2.99766743933416 15.49732013024769 -1.43832211390617
 C 1.80303339440154 0.13320513331511 -0.48805274611177
 C 3.04369285991491 0.12299939620526 0.41864806595593
 C 4.05611434902328 -0.96106632963994 0.03439922119428
 C 0.66162539293487 2.13702502003891 0.26804870982191
 C 0.38647674990500 3.56856352786027 0.04678873524413
 C 0.66659303643962 -0.71588212927107 0.11633605558380
 C -0.18516869437092 6.31006746570095 -0.20102766595555
 C -0.72157352006868 8.57116304199990 0.68539113479582
 C 0.02999953366094 4.33443104007142 1.15778319252078
 C 0.44267249355971 4.19587076343765 -1.19943567119834
 C -0.24138736566087 5.67829262111104 1.04728765952783
 C 0.16086629384145 5.53617974078075 -1.31901801939156
 C 3.48985447366472 -2.34676620336608 0.25276909257179
 C -1.31930406052057 9.83712401613432 0.14341105225374
 C -1.32395473618638 12.10529635484742 0.07731899092397
 C -2.39683352850452 9.82545821788839 -0.75801959453427
 C -2.41184783671338 12.09103783890055 -0.83064876285245
 C -0.76081740683780 13.38703239059791 0.51124325555772
 C -2.48218779621943 14.35809638020381 -0.93452445060491
 H 2.04307198427778 -0.32734446826243 -1.45546518615831
 H 3.53683945474726 1.09592978233091 0.35288297935479
 H 2.72086683498735 -0.02915430284209 1.44971881091845
 H 4.94230629095749 -0.85903874282820 0.66073578377111
 H 4.33594116260370 -0.85738200007437 -1.01567144965991
 H 1.84225761408192 2.02278386337457 -1.40811471197827
 H 0.20303082145517 8.82775736430853 1.22136678331724
 H -1.42581495053990 8.13318007115369 1.40173844723763
 H -0.01996516462728 3.84235328234176 2.11715591263430
 H 0.67988986602950 3.63646160054003 -2.09326552793071
 H -0.23077299510263 8.02624565154914 -1.26824655054952
 H -0.49438107034711 6.24019555425012 1.93155711764081
 H 0.19867461298825 6.00940993721947 -2.29033683322321
 H -2.83364230360010 8.89400859619919 -1.09433565897629
 H -0.51017419859748 0.18110699658489 -1.10588682456637
 H -1.08202264740294 15.38698795294581 0.19796246426345
 H 2.29902687463896 -3.58524391113317 -0.56155587469667
 H -2.77355095168929 16.39309450185768 -1.04410282159963
 H -3.82047702682337 15.40491604869743 -2.00775522691681
$end
$temperature
298.15
$end
$mult
 1
$end
$sigma
 1
$end
$pressure
1.00000
$end
$scale
1.00
$end
$msrrho
$end
$freq
6.55
12.57
16.16
23.86
24.25
32.79
46.20
55.92
65.07
70.99
80.24
102.63
111.06
117.74
133.57
134.74
140.67
143.46
169.93
191.39
200.60
234.32
241.15
255.08
292.08
306.15
310.21
330.34
345.37
351.71
370.47
396.15
402.65
413.74
428.40
455.28
461.37
475.89
481.69
487.33
490.98
496.94
517.45
524.63
528.46
552.43
555.20
566.10
581.75
607.24
607.94
624.24
641.16
646.88
649.62
662.08
689.85
696.20
709.34
719.10
738.06
765.73
798.47
803.60
837.68
849.31
854.21
860.39
883.78
894.00
903.44
912.57
920.97
937.30
968.47
990.72
997.75
1004.73
1027.73
1062.86
1071.49
1088.74
1103.71
1115.45
1121.05
1126.24
1136.94
1147.22
1156.51
1160.17
1170.93
1192.21
1196.91
1207.70
1228.57
1231.00
1247.35
1248.79
1253.78
1263.62
1270.83
1272.01
1280.97
1311.18
1314.28
1340.69
1342.58
1352.93
1360.06
1365.37
1397.97
1411.45
1439.03
1446.10
1447.89
1456.22
1462.85
1468.99
1512.40
1517.79
1554.42
1558.05
1601.28
1610.53
1698.57
1753.67
1806.10
1816.85
2888.78
2908.88
2931.40
2968.12
2980.92
3006.87
3013.36
3053.19
3062.43
3075.73
3098.76
3111.10
3377.13
3441.13
3444.68
3454.27
3461.14
3489.08
3557.39
$end
