
$molecule
 O 3.56395978083482 3.50977567306958 2.47648829573335
 O 5.98977844858294 4.09126470327992 3.32474230506716
 O 3.01720270743637 2.45889763330149 0.60185434643371
 O 8.16573303021790 5.26930924712152 -1.68029175099650
 O 6.04043937910373 5.73787809344994 -1.19875126360579
 O 15.53391473765956 0.54555589127602 9.53077023507538
 N 6.23666962480903 2.71043295038350 1.57041502896236
 N 10.80940655938458 0.54493914309338 5.49301521071845
 N 13.16855276621427 0.01286255995902 8.01561415680513
 N 12.69838023196265 -2.66000088002116 7.40272402289964
 N 15.96025643776811 -1.67287530429023 9.54760647439977
 N 14.61337417462635 -3.29374560731163 8.51258947559929
 N 16.52466622322833 -3.92586260004155 9.57607616126932
 C 5.24299979795565 3.38950092001535 0.75350346031558
 C 5.40333018263843 3.00925833522679 -0.71416372171637
 C 6.75708598888435 3.42713431159383 -1.28170306597956
 C 6.59219067890466 3.15410832470478 2.79763968221432
 C 7.71350722210046 2.46650935335967 3.45635998664932
 C 3.81566131779838 3.06534740088015 1.26035621534756
 C 9.81043198062622 1.22031022626604 4.85403265026308
 C 11.16368941133460 0.72767124669940 6.88077851953923
 C 7.85260131044229 2.62143605114444 4.83653622593683
 C 8.65885437450873 1.69367206978236 2.77844072024121
 C 8.87327211805003 2.01228512305591 5.52853883918733
 C 9.68552317994536 1.08817189255538 3.46261430162480
 C 6.90765466755500 4.92727849919509 -1.36970279331534
 C 12.10712168960369 -0.35298655457352 7.32338567570403
 C 14.00514975956052 -0.93938854097369 8.41997168430840
 C 11.88364823975118 -1.70662062343085 7.02110021094106
 C 13.77790356288524 -2.30416402754645 8.11336327958447
 C 15.19009180953000 -0.55975900880489 9.19466620337357
 C 15.65859334338112 -2.96329331726798 9.20137856127110
 H 5.39130674641458 4.47061088669311 0.88046837746220
 H 5.26646554272799 1.93179872991393 -0.82145916079793
 H 4.60766734556202 3.50237936310061 -1.27286674411770
 H 6.87814614464843 3.03327049917396 -2.29338424474313
 H 7.58597727603407 3.04594700960300 -0.68255055535401
 H 6.58442035443003 1.82925981481160 1.23002795785261
 H 10.25284837078760 0.66340242432318 7.48677761803489
 H 11.63849280579326 1.70026047967063 7.07183574308842
 H 7.13346225405316 3.23768578131351 5.35428005235489
 H 8.61946844907414 1.58427801475772 1.70398922387435
 H 11.54403959017229 0.18395334263538 4.90324499179530
 H 8.94956342949607 2.15890415523543 6.59359945422694
 H 10.41681954853860 0.50005576502655 2.92593696090629
 H 11.01554463487329 -2.01630260423854 6.45365163619410
 H 4.37044309073124 3.92831790565595 2.89428739337749
 H 16.79965945647969 -1.47004748141338 10.07880928711545
 H 8.24842329138867 6.23385460511657 -1.74634692555287
 H 17.24896280796293 -3.74700446174233 10.24791936210949
 H 16.24965612354736 -4.87476941480841 9.39251723831715
$end
$temperature
298.15
$end
$mult
 1
$end
$sigma
 1
$end
$pressure
1.00000
$end
$scale
1.00
$end
$msrrho
$end
$freq
7.19
11.14
14.59
17.06
25.73
34.06
34.54
57.26
65.14
68.74
80.81
91.56
100.56
123.03
134.19
138.74
141.95
177.72
186.48
195.16
214.49
231.56
237.33
273.68
284.70
290.48
312.02
327.42
335.23
350.56
369.82
379.90
401.03
419.96
435.37
451.20
461.91
474.74
481.16
482.83
488.07
492.94
508.45
520.33
524.51
551.22
581.34
593.78
608.16
619.50
636.68
640.35
642.41
649.73
658.07
663.48
691.16
703.22
724.75
735.02
765.54
801.44
807.59
817.58
848.16
848.76
855.03
859.85
882.74
889.92
902.88
919.18
933.74
937.07
958.58
968.51
997.35
1009.15
1035.83
1071.56
1081.72
1112.05
1115.48
1122.16
1132.22
1140.12
1148.37
1157.61
1160.72
1167.57
1172.38
1195.39
1207.92
1213.74
1229.74
1230.77
1247.31
1253.84
1261.07
1270.77
1276.41
1285.06
1297.33
1314.58
1327.15
1342.59
1343.15
1354.84
1360.38
1392.89
1410.96
1412.53
1428.80
1439.48
1446.28
1456.19
1466.76
1469.09
1512.73
1518.01
1554.44
1557.45
1601.13
1610.52
1638.06
1753.77
1793.04
1803.54
2833.09
2889.61
2913.20
2931.17
2972.41
2988.35
2994.79
3020.64
3053.05
3062.70
3076.07
3098.59
3111.29
3377.18
3439.22
3448.19
3469.23
3489.58
3557.91
$end
