
$molecule
 O 8.15054449009187 2.11642418299322 5.73573245346911
 O 7.13392123825444 2.72550044940084 1.49098462059939
 O 7.01081629045045 0.48782945265563 6.72978766535890
 O 3.66720759262877 -2.25038915617556 3.55224496245146
 O 4.74111126033686 -1.88818069044491 1.65500732245056
 O 12.37305632885094 -7.48037119704511 -1.92236302428788
 N 6.62791143575671 2.20239305968958 3.59518677772318
 N 9.50724408634157 -3.18741733773195 1.51656301771620
 N 10.59384399493595 -5.98689139743539 -0.25329805689964
 N 9.56243224944403 -7.35045834898461 1.94191631600144
 N 12.07430159994944 -9.25780861534115 -0.56111404210221
 N 10.71921759451276 -9.25315753503505 1.35575517466396
 N 11.89127927140930 -11.12721485689475 0.80625024687501
 C 6.12602635827869 1.34903091942619 4.65852772281834
 C 5.68051878098009 -0.06194899574072 4.25240039603882
 C 4.58275620567686 -0.04367900545405 3.18387311111436
 C 7.19209741346941 1.88494683491438 2.36648055294227
 C 7.84457928630403 0.57694376685913 2.18349003796658
 C 7.14490274126760 1.25189874883956 5.81962191268861
 C 8.99107097104461 -1.93587795958612 1.67972745236966
 C 9.39160974671313 -3.97269580645959 0.31154191874774
 C 7.61087246130108 -0.09121701612911 0.98102038995040
 C 8.70942010254299 -0.00487060626875 3.11238324622599
 C 8.15711056072935 -1.32868534373556 0.73354171312261
 C 9.27752430996754 -1.23160127057169 2.85880702474387
 C 4.34384351544297 -1.46407102343083 2.69894839598139
 C 9.76093600935531 -5.40146934027046 0.58496699293185
 C 10.91991174938229 -7.25620937770812 -0.02056155044076
 C 9.24814975417343 -6.10321737930041 1.68945262668824
 C 10.40329142557630 -7.96044193173774 1.09474824165598
 C 11.83973822575154 -7.93159030371312 -0.93972968602958
 C 11.52740963953361 -9.85458752787641 0.54375084542542
 H 5.25368459598929 1.85847136136798 5.09178394016760
 H 6.53432625479032 -0.62538631429305 3.87671289753221
 H 5.33629616340395 -0.55216803473065 5.16582154921605
 H 4.90788044204935 0.54833091141136 2.32764941316667
 H 3.65932479018506 0.38491183981580 3.58251624298685
 H 6.17232093432945 3.10580198763980 3.53258313614558
 H 10.03248721025195 -3.59934606317354 -0.49960528744180
 H 8.34945181666010 -3.94111307268972 -0.02586934566144
 H 6.97324708718392 0.37304471160865 0.24470480233616
 H 8.96507275011915 0.50591022042851 4.02793943697810
 H 10.25356586634124 -3.44827856610964 2.14242563068016
 H 7.93679176743951 -1.82160636090030 -0.19817660169538
 H 9.95154481468673 -1.66800429163389 3.58210892720830
 H 8.56230747564816 -5.63109293940468 2.38079170802564
 H 8.09005566796721 2.61276491063426 4.89378836167628
 H 12.71301370243613 -9.77359565592592 -1.15594248298911
 H 3.41621946163003 -1.79509888556294 4.36656586898308
 H 12.35271057867687 -11.69012952066066 0.11449723577728
 H 11.40958792977396 -11.58216262951008 1.56192678795007
$end
$temperature
298.15
$end
$mult
 1
$end
$sigma
 1
$end
$pressure
1.00000
$end
$scale
1.00
$end
$msrrho
$end
$freq
6.38
11.47
15.96
18.31
24.73
31.85
40.62
48.91
67.84
71.10
80.92
92.78
100.31
105.27
125.93
135.61
138.56
147.89
191.37
195.89
205.04
217.91
256.91
257.61
275.13
306.34
310.27
322.60
342.66
356.10
368.58
394.71
403.21
407.06
429.60
434.08
457.99
464.05
480.34
480.58
487.88
493.84
522.35
538.53
549.81
557.87
579.66
583.14
590.86
604.69
639.89
641.34
648.91
653.43
660.95
670.93
690.04
695.37
707.05
712.00
731.97
741.55
766.12
800.69
822.87
847.27
854.01
858.02
870.70
884.25
903.36
914.63
918.94
938.06
964.94
970.49
998.24
1001.93
1026.69
1066.87
1071.89
1085.12
1107.40
1115.58
1123.06
1124.57
1140.82
1148.73
1158.27
1171.06
1187.47
1198.05
1209.58
1224.35
1229.74
1236.37
1246.04
1249.64
1253.81
1267.19
1270.45
1277.53
1291.60
1313.24
1336.02
1340.35
1342.95
1348.50
1359.39
1366.74
1397.23
1411.96
1437.24
1445.08
1454.08
1463.81
1468.51
1468.96
1513.16
1518.38
1553.61
1554.90
1602.16
1611.17
1705.69
1752.95
1806.79
1808.32
2888.33
2893.24
2932.55
2961.46
2984.37
3015.17
3024.75
3055.35
3073.76
3100.34
3105.41
3121.42
3244.79
3377.10
3390.52
3445.92
3487.60
3495.30
3555.54
$end
