
$molecule
 O 7.69715295959890 0.14988642844931 -1.38765952610793
 O 6.09333227355809 2.15402559995327 -0.86568496520465
 O 7.19365818844753 -1.79383200669438 -2.32866663789209
 O 1.92742336843501 -2.25125796006885 -3.28204351816124
 O 1.59070035760781 -3.34232363903718 -1.36758767114157
 O 3.40874924671702 11.72225469944279 -7.65637274418667
 N 4.95828782442994 0.76360697454024 -2.21377024076517
 N 2.97528720904198 6.49131013981849 -4.30793489533629
 N 2.87070742298507 9.69763834727702 -5.71099523340594
 N 0.29488983517617 9.68056112662504 -4.65996945280731
 N 1.28569509034997 12.45313916290264 -7.40694824736800
 N -0.29222225417250 11.48646472117174 -5.96171573444228
 N -0.89172961824820 13.25000143024259 -7.27072520089923
 C 5.36392148493810 -0.44216691101166 -1.51055359656481
 C 4.45580757490423 -1.60263371109841 -1.89773503495449
 C 3.02729025471304 -1.40004393632532 -1.37956883677336
 C 5.29121832676256 2.00403307918527 -1.79142558279336
 C 4.66381780668715 3.13941334423854 -2.48150373907124
 C 6.85310374734296 -0.77522529646090 -1.79518775698773
 C 3.57091455967365 5.41328846970643 -3.72347363315419
 C 3.54249540024445 7.81760626454623 -4.35838054975680
 C 5.24742065779877 4.39826381294071 -2.32523729048624
 C 3.51166517813835 3.03686244211569 -3.26533624902765
 C 4.72447219015837 5.51387732938810 -2.93563758848341
 C 2.97867707237936 4.14920854156556 -3.87061283237992
 C 2.10817771506668 -2.44200662919820 -1.96656851966648
 C 2.50914761814787 8.81193347253986 -4.80287017219547
 C 1.96556464377650 10.58996220159218 -6.10371072733662
 C 1.20485161095843 8.81627875293028 -4.28118696920325
 C 0.64940186125053 10.59063098474707 -5.57811946224011
 C 2.34398828848772 11.58882914889257 -7.10753595878859
 C 0.03896238789879 12.37287193476825 -6.84546084018161
 H 5.28704919794190 -0.23593402421063 -0.43244406533202
 H 4.45004057741420 -1.69925575475817 -2.98542677341310
 H 4.87448836858452 -2.52284121081416 -1.48972236351717
 H 2.66127703516953 -0.41560277932869 -1.67709445770685
 H 3.00028352511103 -1.48121938509652 -0.29325921046261
 H 4.44187229230237 0.63858390629176 -3.06884615872919
 H 4.40122474052002 7.88415560764707 -5.04098583397741
 H 3.87972187272924 8.09407862775872 -3.35290191179854
 H 6.13411892110822 4.47534505455028 -1.71465961624205
 H 3.00385546834873 2.09103317008872 -3.38933630881780
 H 2.28000460826205 6.28792938978085 -5.00980357361568
 H 5.21513732692895 6.46478529167730 -2.80684201857873
 H 2.08274798160156 4.05898447782329 -4.46869572592890
 H 0.89918777056970 8.09548987235222 -3.53376645579478
 H 7.22425893418179 0.95300103219714 -1.01509149468620
 H 1.48696456312767 13.16192318141850 -8.10339958695742
 H 1.35920742303525 -2.94629862633777 -3.64926429323489
 H -0.64462774742693 14.05142756377981 -7.82257834548821
 H -1.77529714278263 13.23674828553750 -6.79240139803653
$end
$temperature
298.15
$end
$mult
 1
$end
$sigma
 1
$end
$pressure
1.00000
$end
$scale
1.00
$end
$msrrho
$end
$freq
7.26
10.31
14.70
22.06
27.11
32.91
36.95
51.20
67.76
68.94
79.75
84.62
105.30
117.70
132.60
134.99
142.13
149.62
179.42
192.28
211.63
230.47
238.41
266.74
282.12
293.80
312.55
329.18
340.91
351.43
369.97
381.14
399.44
403.56
416.18
439.23
451.56
461.18
477.26
482.28
487.97
507.24
515.86
523.22
551.35
562.14
581.37
605.81
608.10
615.76
635.66
641.13
641.97
649.61
663.51
690.90
702.90
708.39
724.17
735.28
765.48
795.77
803.76
824.35
847.76
855.06
872.77
874.27
883.04
891.55
902.82
919.35
929.76
936.88
963.14
968.17
996.90
1008.95
1051.73
1064.92
1071.53
1112.54
1115.55
1122.50
1130.32
1141.17
1157.15
1159.00
1165.27
1170.97
1185.20
1205.90
1214.96
1228.53
1230.74
1240.73
1247.35
1253.69
1254.72
1270.72
1273.99
1280.21
1291.49
1302.47
1315.17
1340.96
1342.50
1355.66
1360.61
1393.62
1411.02
1414.17
1440.17
1446.45
1449.33
1455.95
1469.18
1480.04
1513.16
1518.69
1554.39
1556.04
1600.05
1610.36
1631.15
1753.98
1794.44
1806.84
2767.12
2885.71
2889.86
2930.55
2982.09
2990.36
3016.70
3018.74
3052.34
3063.72
3077.08
3098.80
3111.81
3377.03
3441.98
3454.19
3467.82
3489.86
3558.37
$end
