
$molecule
 O -1.26329003194790 -4.52152344996765 -5.59996334252258
 O -4.54329163374529 -7.79881812461762 -7.69843886503632
 O -0.35582925828881 -6.54137724956238 -5.74656063809304
 O -5.94516394546709 -3.61970018255547 -6.68592796265572
 O -3.82259273881732 -3.56001304404390 -6.09184960602217
 O -1.40943175204496 -14.93860319818253 -4.74384775028964
 N -2.55460289579306 -7.72472756305768 -6.65748185507436
 N -2.39296634590933 -13.57482055899343 -9.30575702855047
 N -3.06261595999208 -14.99099210749382 -7.06895643414226
 N -5.65933400419316 -15.90898577506451 -6.69753625844957
 N -3.15508917907930 -15.73351124059048 -3.54820192807931
 N -5.26387782074978 -16.23807998734725 -4.45127033261083
 N -4.86325680528672 -16.60992667930276 -2.24052511956730
 C -2.68544226335793 -6.34490896206471 -6.26767045695725
 C -3.70863236893036 -6.15338132747414 -5.12215502380650
 C -5.02147887637391 -5.59730422018766 -5.66766377686523
 C -3.48200969697251 -8.34719916416926 -7.42306242996608
 C -3.15436371157861 -9.71645032440586 -7.87116962464469
 C -1.30954907094988 -5.81775373400811 -5.84870143170842
 C -2.68822430588207 -12.33357533492331 -8.79039480945446
 C -3.39566430355391 -14.60429720187818 -9.42116558223326
 C -4.20414164644101 -10.53089443776940 -8.29291147284149
 C -1.85738782960307 -10.23031015022501 -7.92476331142392
 C -3.98589975272821 -11.81605698258386 -8.73662832409141
 C -1.63340604765259 -11.51039919336839 -8.37465155023685
 C -4.85560836584702 -4.18073893351356 -6.15675032367472
 C -3.91190192702874 -15.06032688002721 -8.07664482449034
 C -3.48645980332041 -15.37380113556869 -5.86859134751551
 C -5.22046937936651 -15.52486453220496 -7.87203478400277
 C -4.80653944261138 -15.84421990202833 -5.66603961320623
 C -2.55859522537242 -15.30472629630306 -4.73752773169214
 C -4.44730428742328 -16.17889334180801 -3.44931467886502
 H -3.01650489386378 -5.76806749237969 -7.14291348444732
 H -3.88588422521720 -7.12302343664251 -4.65650187891990
 H -3.31111654210539 -5.47934049810052 -4.35998116208771
 H -5.80133187718793 -5.61674862419818 -4.90185432295962
 H -5.33567453901496 -6.23378189114501 -6.50511306952207
 H -1.66728211789482 -8.15080735722061 -6.42890966320810
 H -2.94036188248106 -15.45785308581795 -9.93472968891008
 H -4.22356500553367 -14.24942630325599 -10.04062365919943
 H -5.20628920356674 -10.13005959295351 -8.25805519727801
 H -1.00796884640522 -9.62798380906651 -7.63737037223695
 H -1.49436503556426 -13.92491101525831 -9.00405433707510
 H -4.83039928280931 -12.41574000458793 -9.03815515816095
 H -0.62540834470991 -11.89736392103375 -8.41203920493940
 H -5.93007366082440 -15.58498719258187 -8.68763956056248
 H -2.12364552839829 -4.06449231107667 -5.75739878590679
 H -2.55633929287538 -15.71966993394184 -2.73018590973903
 H -6.69472068781737 -4.22918863683373 -6.72892236649584
 H -5.83625763755992 -16.84772903715344 -2.16007118942309
 H -4.33772671986965 -16.41550664152033 -1.40738377017447
$end
$temperature
298.15
$end
$mult
 1
$end
$sigma
 1
$end
$pressure
1.00000
$end
$scale
1.00
$end
$msrrho
$end
$freq
5.70
8.35
12.58
25.76
35.67
41.78
48.56
58.76
62.19
85.99
103.31
105.30
128.21
130.62
135.75
150.66
159.29
173.48
189.99
229.41
239.57
247.06
252.48
284.12
299.74
310.13
315.46
326.74
354.76
357.13
374.73
394.24
398.04
411.75
435.74
460.41
480.37
486.80
495.05
498.60
503.26
506.12
516.99
549.93
558.08
567.27
582.15
595.34
606.88
613.11
624.87
631.56
640.61
647.90
649.66
659.72
686.31
705.55
708.70
714.39
763.42
778.63
790.62
805.75
834.26
849.45
857.20
865.90
877.30
888.72
904.45
917.92
936.85
942.19
975.41
989.26
995.26
1010.47
1027.12
1071.19
1092.09
1103.97
1114.19
1116.12
1119.24
1128.85
1148.67
1163.18
1165.02
1167.88
1176.67
1202.59
1207.12
1217.46
1217.59
1234.53
1242.12
1242.88
1269.02
1272.91
1282.38
1285.57
1303.26
1309.97
1323.85
1330.48
1338.50
1353.82
1358.19
1389.32
1405.73
1408.85
1410.96
1436.02
1442.95
1454.12
1467.14
1467.99
1506.12
1513.33
1554.20
1563.64
1601.48
1610.95
1668.63
1750.69
1751.92
1787.84
2888.77
2915.02
2937.43
2964.90
2965.20
2978.06
3009.73
3045.62
3072.05
3084.68
3088.65
3100.00
3107.78
3377.12
3405.97
3428.02
3482.98
3489.12
3557.41
$end
