
$molecule
 O 1.09284875572684 -9.20622598513550 -4.21081239330337
 O 1.64152118979455 -8.38054671432896 -1.73615439572599
 O 0.15635421761246 -10.61402480929362 -2.74338245255309
 O -4.35688508322662 -8.10656721220042 -5.52938751972755
 O -3.49498788543656 -6.08074488616798 -5.87691911481883
 O 8.03956487155068 -4.12103086560182 -2.19658961468816
 N -0.02247523086671 -7.17788156228718 -2.60820957472498
 N 3.79804098243661 -2.54659169270099 -0.32531351829626
 N 5.76687694580211 -2.39653504473660 -2.23404760686712
 N 5.18328939035986 -1.20181088404515 -4.67390553192172
 N 8.30145811668337 -3.73694451111897 -4.40871888447171
 N 6.94149026445100 -2.30224203734924 -5.67756816967801
 N 8.70358487184746 -3.35474972887685 -6.66445106932142
 C -0.74727093241518 -8.38050265928938 -2.94746957836732
 C -1.60628193510873 -8.17226226235572 -4.19789171289604
 C -2.84186735544253 -7.30994435700746 -3.90760204454418
 C 1.17144670815721 -7.27761820458748 -1.97806897457207
 C 1.83744234943022 -6.01329754631813 -1.60845471072969
 C 0.25218840397287 -9.51440669615455 -3.21239436116831
 C 3.18209201257013 -3.67763270885679 -0.80891458670739
 C 3.91066270803952 -1.34834373021633 -1.12236448109173
 C 1.59800712325176 -4.79902955460462 -2.24724884541577
 C 2.78225814133970 -6.04705269349444 -0.58033853637359
 C 2.25996172121585 -3.65250844206710 -1.86023850523834
 C 3.43523543639034 -4.90581464017731 -0.18372248427207
 C -3.58581822897461 -7.06679610901707 -5.19800492351548
 C 4.74636265912553 -1.56869772327089 -2.36129016705260
 C 6.50740092214061 -2.64370177369763 -3.30913734209471
 C 4.46906878851945 -0.96880533108190 -3.59876066177045
 C 6.21536903887877 -2.04833817732057 -4.56073866051018
 C 7.64658331858250 -3.55660011599026 -3.18718800661874
 C 7.94024496955184 -3.11890569308429 -5.57721963225025
 H -1.37607028836347 -8.70478947819232 -2.10496206208200
 H -0.99141004705465 -7.70310750623721 -4.96850439481393
 H -1.93540465345714 -9.14595453893957 -4.56449942939614
 H -2.55545016606333 -6.34344119708148 -3.49297940350045
 H -3.49651507909569 -7.83238900751393 -3.21017478521298
 H -0.46138231682969 -6.28681035912164 -2.76506569800924
 H 4.38429609818925 -0.58035978484500 -0.50251615672981
 H 2.91589157023852 -0.98792282693865 -1.39693720519962
 H 0.91795050873354 -4.73994849624418 -3.08536919455421
 H 2.98624067978229 -6.99439088590892 -0.10509126454748
 H 4.63388094206635 -2.74971496732765 0.20533141569028
 H 2.06183451421239 -2.73503785592322 -2.39202650861497
 H 4.16268493695146 -4.94682994576407 0.61364991824094
 H 3.64152386605558 -0.28074605615226 -3.71838763329955
 H 1.72715351053642 -9.92915791222448 -4.32782816794603
 H 9.10435230742472 -4.35557730469342 -4.38619755099648
 H -4.80314099525854 -7.94851431800147 -6.37634620966051
 H 8.37223805225277 -2.97347060527337 -7.53335342026138
 H 9.35682730370637 -4.11716860117534 -6.68606318779194
$end
$temperature
298.15
$end
$mult
 1
$end
$sigma
 1
$end
$pressure
1.00000
$end
$scale
1.00
$end
$msrrho
$end
$freq
5.01
8.25
12.63
18.47
21.39
26.76
37.24
43.16
55.94
63.96
78.33
96.66
112.62
127.00
133.95
135.93
152.01
174.82
179.61
187.45
229.24
237.31
258.22
260.80
267.53
288.97
310.33
315.42
353.50
355.83
369.09
374.93
380.83
397.39
400.06
420.32
441.89
472.55
481.56
487.48
499.18
518.13
536.59
558.08
560.47
567.51
587.71
594.03
605.88
614.25
621.41
635.18
641.10
649.88
653.96
661.25
686.78
689.55
708.05
716.03
720.71
763.91
799.01
800.76
805.92
853.38
857.26
864.54
877.69
894.21
899.89
921.82
927.48
942.77
967.81
976.68
996.04
1011.29
1046.54
1060.14
1071.62
1103.89
1110.14
1117.43
1119.32
1129.58
1145.19
1156.24
1163.53
1169.34
1172.71
1204.62
1215.75
1221.05
1232.40
1237.31
1240.66
1243.43
1258.12
1266.99
1271.60
1281.67
1286.73
1296.44
1309.42
1329.87
1337.73
1356.18
1358.97
1388.44
1400.36
1411.57
1434.46
1443.82
1444.87
1455.67
1468.19
1469.61
1504.51
1512.50
1554.22
1563.80
1601.08
1610.63
1673.67
1752.02
1791.99
1797.98
2881.04
2944.22
2966.66
2990.08
2997.07
3006.74
3010.11
3044.16
3066.28
3080.91
3098.43
3101.76
3377.43
3426.41
3447.59
3471.83
3475.37
3487.20
3554.92
$end
