
$molecule
 O -2.82901607673099 -3.77091334364116 -2.71873606534444
 O -3.61888628577873 -4.56904109710030 -0.38666202228475
 O -1.21491072760652 -4.58843471226535 -3.99635888784604
 O 0.81385925779654 -8.37509891785198 0.79860439362389
 O -0.80213422052319 -8.58033821167797 -0.71505782893050
 O -9.37630166975600 -8.53784919294379 -2.17907197699661
 N -2.37345795613755 -6.23464267249559 -1.23038788331961
 N -7.02580417447639 -9.38481593464160 1.94282917907516
 N -7.91360507494339 -10.27302290772180 -0.45218181882403
 N -6.88217099385591 -12.57248119106583 -1.62079223941960
 N -8.88739153562395 -9.92318626139794 -3.89784604897893
 N -7.68275842308070 -11.92881652737241 -3.68415300170433
 N -8.50442807549797 -11.31478709690064 -5.71773913500835
 C -1.31638761408621 -5.35672546729341 -1.70565728182721
 C -0.05506833031979 -6.14520685638888 -2.04323033390525
 C 0.69115637959208 -6.67663228631622 -0.82082481621366
 C -3.41527395999005 -5.78533872420259 -0.50298488329600
 C -4.30350529932824 -6.78134803206274 0.11422301072601
 C -1.78565796831967 -4.53725407557698 -2.94099355883164
 C -6.13023534918606 -8.55957079943262 1.30276722457092
 C -7.01799302301250 -10.81002430575773 1.71447963092120
 C -4.00235353575257 -8.13819069950320 0.23471440416450
 C -5.52935768786816 -6.32842825698728 0.61326220493502
 C -4.89709893353984 -9.00917803417877 0.81829954748279
 C -6.42345770442085 -7.19447800159839 1.19072356219533
 C 0.13189078652182 -7.96210104915180 -0.27028785326700
 C -7.23301745765047 -11.15232321834516 0.25839959804908
 C -8.08550926084018 -10.51571519695627 -1.74706112733360
 C -6.72914095436455 -12.31497967540951 -0.34409653758873
 C -7.55192450154364 -11.67632277131226 -2.35846989457148
 C -8.83711225625469 -9.54991385243773 -2.55202755298713
 C -8.32758627996275 -11.06721434298837 -4.40337984676247
 H -1.10777991046891 -4.61719323998279 -0.91477443443225
 H -0.32254288766109 -6.97350601967777 -2.70190574770481
 H 0.60087359762130 -5.48107489918796 -2.60658249083464
 H 0.70040769933112 -5.94255589639294 -0.01205630443675
 H 1.73423083276242 -6.87848059357671 -1.07574571623946
 H -2.21110025729904 -7.22470144690109 -1.34175403799610
 H -7.82084297976547 -11.25174641337596 2.31308142839217
 H -6.07341641895550 -11.23840537271328 2.06239537084437
 H -3.06082881831013 -8.53603740865061 -0.11242312598891
 H -5.76075090806133 -5.27818683212268 0.52126555458600
 H -7.95615012129118 -8.99196484392656 1.98085081763166
 H -4.63173953153077 -10.05265454135411 0.88901243924875
 H -7.37280552335900 -6.83005027803873 1.55446157629207
 H -6.18405052215732 -13.05499794990781 0.22844095538393
 H -3.18712206229066 -3.88923428337921 -1.78108818977829
 H -9.39620801615250 -9.29249489950599 -4.50714318205565
 H 0.45394000206849 -9.20941207553017 1.13982726111544
 H -8.00571201500583 -12.10240619103813 -6.09367833613388
 H -8.81419025298112 -10.59374610188257 -6.34456999845189
$end
$temperature
298.15
$end
$mult
 1
$end
$sigma
 1
$end
$pressure
1.00000
$end
$scale
1.00
$end
$msrrho
$end
$freq
4.34
8.79
13.42
18.90
25.42
38.86
43.92
53.94
71.25
73.11
98.52
108.00
127.63
129.16
136.17
146.29
158.98
172.66
213.21
233.69
242.28
249.77
269.79
280.41
296.85
303.07
315.68
335.27
353.14
364.65
376.10
388.87
399.39
418.73
452.37
469.28
479.06
485.32
488.75
498.54
502.75
515.64
519.17
540.22
567.56
580.52
596.45
598.91
609.58
623.79
640.64
645.61
646.16
651.25
658.58
660.68
686.65
706.65
714.33
723.54
763.07
794.12
808.41
825.66
850.70
853.34
864.88
875.37
879.32
906.76
916.51
922.71
928.77
939.11
944.40
976.18
995.77
1011.23
1061.87
1071.69
1080.23
1107.59
1112.20
1119.51
1133.70
1144.98
1159.19
1163.16
1164.34
1175.46
1183.97
1211.28
1215.20
1219.05
1221.11
1243.16
1243.78
1249.48
1266.65
1271.60
1288.91
1295.34
1312.92
1317.48
1330.70
1330.90
1347.82
1358.17
1359.49
1389.68
1412.15
1413.55
1424.42
1436.15
1443.66
1455.49
1467.67
1468.46
1504.56
1513.42
1554.70
1560.79
1596.58
1609.60
1614.51
1752.31
1779.02
1788.28
2645.82
2853.63
2942.08
2958.24
2968.44
2984.91
2999.68
3015.10
3044.26
3081.97
3090.51
3101.82
3103.29
3376.88
3422.51
3426.71
3442.40
3485.73
3552.99
$end
