
$molecule
 O 7.31692280263446 -5.03400479184605 2.37117421204161
 O 6.72860359953112 -1.07851827238146 4.39230063610963
 O 6.19332512027299 -5.10240984726904 0.45384415717516
 O 3.80890372931553 -1.10173355720907 3.78686473412822
 O 4.62451713944723 0.26207309928990 2.21991889459056
 O 13.85930351953225 4.45858748579488 -3.34205075706012
 N 6.07947035618630 -2.87872408381015 3.26438776890885
 N 9.62263774720951 0.53516146707356 -1.00990632609968
 N 11.52641336930487 2.92670584380133 -2.71711651997700
 N 10.06753498486558 1.99854528783408 -4.89688918827512
 N 13.38773637109786 4.18547254938120 -5.53408263560705
 N 11.54798953095638 2.98336397331549 -6.35967490181681
 N 13.03057977420897 3.91763172776472 -7.81388885038268
 C 5.43978306376664 -3.53818354457269 2.13497522705208
 C 4.86643782372652 -2.62287717429217 1.04943846829433
 C 3.64810666475954 -1.82928407190510 1.53942705256296
 C 6.76450036523221 -1.67183879070287 3.32674310491818
 C 7.52425966586047 -1.16913791361623 2.17473363928489
 C 6.36059711002140 -4.62405412740731 1.53676367344199
 C 8.96909156652193 0.01060296197821 0.06808007143429
 C 9.99951860415794 1.92189139044594 -1.14297937565427
 C 7.70298502999934 0.21535178039241 2.10513250822096
 C 8.11418029849461 -1.95958066735089 1.18581049315484
 C 8.39876100906852 0.79983832768418 1.07375558113636
 C 8.82435924898177 -1.38118409783703 0.16085123319673
 C 4.08104251771830 -0.76432202405505 2.52253786874519
 C 10.42993093659079 2.21275702088324 -2.55125713678945
 C 11.91054639188739 3.19553998299208 -3.96259339452170
 C 9.70352614415922 1.75130978744005 -3.66213550524809
 C 11.17803329656635 2.72631415219697 -5.08087277064535
 C 13.12336468960327 3.99040197227061 -4.17427786908869
 C 12.61791992778687 3.68587673593066 -6.55088400805142
 H 4.59970659966386 -4.11543465260748 2.54867454074750
 H 5.62904641873773 -1.92899293664914 0.69485091767729
 H 4.57451230449478 -3.26335106374984 0.21574404122302
 H 2.92066829267441 -2.48833711865589 2.01346235984731
 H 3.19013803540591 -1.33010635821464 0.68532581667226
 H 5.58504202810310 -3.00675933440135 4.14104133628828
 H 10.81756172189804 2.20624670272968 -0.46602573009711
 H 9.12856493312414 2.54519815708920 -0.91073939759831
 H 7.26516585592076 0.82630772953496 2.87832696778255
 H 8.05335559457252 -3.03431117002452 1.21692330390569
 H 10.16952577109585 -0.11713781412747 -1.55143560873605
 H 8.50663923637543 1.87195095026217 1.05411240927671
 H 9.28134443184657 -2.00901118276935 -0.59065093212549
 H 8.80169127243090 1.16653896667834 -3.53555670148656
 H 7.32338636748566 -4.46819046409004 3.16868812325357
 H 14.22332215758163 4.72052983027930 -5.74228205770675
 H 4.20121680048636 -0.46047635279753 4.40406530891262
 H 13.73973499497579 4.59916126628724 -8.01552400307200
 H 12.41094678373194 3.62456226303977 -8.54871878000323
$end
$temperature
298.15
$end
$mult
 1
$end
$sigma
 1
$end
$pressure
1.00000
$end
$scale
1.00
$end
$msrrho
$end
$freq
7.96
11.66
16.95
28.90
31.64
54.85
63.92
66.16
80.39
82.77
91.53
100.07
108.42
128.15
134.81
138.05
140.46
143.35
178.47
190.80
203.05
222.03
242.20
274.35
288.72
309.72
314.81
339.51
351.57
364.19
374.60
396.25
403.82
414.33
424.86
435.64
462.26
467.76
480.19
487.33
495.90
521.66
532.92
545.08
554.18
556.08
581.52
591.35
606.65
608.90
636.58
639.04
640.69
649.32
660.39
675.06
689.68
698.68
707.87
733.22
741.69
753.60
765.86
802.90
839.02
844.66
850.44
854.76
870.67
884.08
899.84
911.47
937.29
943.72
953.74
968.09
996.39
998.93
1037.50
1060.17
1071.71
1078.81
1103.23
1115.59
1124.11
1128.66
1142.27
1158.49
1169.50
1171.49
1179.03
1199.44
1211.32
1222.72
1229.94
1232.31
1242.40
1247.06
1253.66
1270.39
1277.90
1287.78
1310.31
1312.83
1326.85
1339.39
1342.71
1350.92
1359.71
1370.54
1396.98
1411.44
1439.29
1444.76
1445.48
1455.42
1460.52
1468.67
1511.93
1517.67
1553.91
1555.48
1600.53
1610.93
1681.22
1753.18
1795.76
1808.23
2886.51
2887.15
2931.23
2997.57
3004.08
3007.25
3019.15
3054.74
3075.37
3105.42
3116.23
3139.05
3270.40
3377.23
3382.61
3414.67
3439.14
3488.98
3557.31
$end
