
$molecule
 O 7.31862042055530 1.07976741254828 1.30181809113518
 O 5.74430836049623 4.78211183159043 -0.13403761488474
 O 5.84280127714495 -0.11967188600403 2.41756910442308
 O 3.28140167487367 -0.74572515841680 1.94131314240155
 O 1.62738137245580 0.70785011313371 2.00814998331891
 O -4.74437594996377 -1.32203461797185 0.01559235032397
 N 6.05432508013329 3.34086626334302 1.54523161892185
 N 1.30398049074922 0.22141145187267 -1.22523087884256
 N -2.14536131719043 -0.72683627410183 -1.02727231000917
 N -1.36858841024641 -2.20733544746962 -3.25002185222494
 N -4.96099103162363 -2.90790179454675 -1.57654085720111
 N -3.34335968974033 -3.39130813929268 -3.20672794013294
 N -5.32224899301413 -4.52165529101205 -3.20922833011747
 C 5.63315785886824 2.30787482400569 2.48375697404658
 C 4.12682116264738 2.39298207468747 2.81409370503741
 C 3.47532521477881 1.15594429324816 3.45659542588346
 C 5.43986993294359 3.71594758123552 0.35336132488918
 C 4.43415662834369 2.78896763955477 -0.20779383165470
 C 6.22828913537604 0.95685467837958 2.04390186888688
 C 2.30764434972913 1.09777673816343 -0.92171568075535
 C -0.09180414516105 0.53415514958585 -1.01701711341562
 C 3.15636066863157 3.30208388940324 -0.44168911739534
 C 4.65933715252516 1.43463009078024 -0.45438063452562
 C 2.10780247907248 2.47598038197540 -0.77731808037618
 C 3.61871813407699 0.61194874859258 -0.81645367738942
 C 2.70613122069211 0.35797883622200 2.40566815899203
 C -0.97393054462330 -0.52891467712207 -1.60169220216302
 C -2.94434012130373 -1.65660923525888 -1.54443269218396
 C -0.60112695902081 -1.27969803387011 -2.73003687247212
 C -2.55661579931182 -2.42372806601255 -2.67003581566520
 C -4.25432151790254 -1.88800453709099 -0.92953755985263
 C -4.49769232350235 -3.60089035232120 -2.66334277830418
 H 6.18024955438198 2.49353437845335 3.42156398304524
 H 4.00996024541532 3.24666479385379 3.48501392375016
 H 3.57254587673899 2.62610824288203 1.90549806835997
 H 2.73335990824480 1.49810912717753 4.17941431901087
 H 4.20755633121908 0.53664070101367 3.97126607039229
 H 6.58432766997743 4.11098136914181 1.93432022831633
 H -0.32288722921576 1.47671739686479 -1.52500567243120
 H -0.33337780376488 0.65360072368274 0.04802333773783
 H 2.98872710436682 4.36016928166648 -0.30398122586654
 H 5.65325444585182 1.02024651627879 -0.40210532370396
 H 1.53520966810182 -0.74139859183169 -1.02108010995083
 H 1.12585210104557 2.90202345292789 -0.89748357254774
 H 3.80444368264218 -0.43761762072268 -0.99005360743842
 H 0.34701230122713 -1.11259509064949 -3.22386746362702
 H 7.44641595443474 2.01537203755688 1.04240999742479
 H -5.88286380738226 -3.10298800982617 -1.20265374297131
 H 4.21391278824485 -0.82435587828081 2.22622596402682
 H -6.12081029346790 -4.86391695080338 -2.70551122993820
 H -4.92961230954462 -5.09144836721785 -3.93814885229907
$end
$temperature
298.15
$end
$mult
 1
$end
$sigma
 1
$end
$pressure
1.00000
$end
$scale
1.00
$end
$msrrho
$end
$freq
9.17
12.01
21.17
22.76
37.93
51.37
58.57
69.93
71.17
79.22
102.59
115.95
130.11
136.25
139.73
156.54
169.55
186.04
193.54
198.17
200.78
226.56
262.75
268.75
303.47
306.72
313.43
336.03
354.83
370.79
382.12
401.28
403.57
432.24
445.45
449.20
464.33
478.94
487.37
489.06
507.89
513.12
533.56
547.62
567.31
577.66
583.20
600.50
610.18
639.68
643.20
650.70
653.65
660.19
675.70
676.88
688.57
701.03
708.97
711.01
740.42
754.05
764.17
783.75
803.41
849.34
854.16
859.96
870.45
881.21
906.61
922.48
925.55
938.43
965.91
983.81
995.97
999.58
1042.37
1065.74
1072.42
1092.36
1100.30
1115.03
1126.64
1139.12
1149.22
1159.52
1170.10
1173.04
1180.70
1200.94
1206.89
1230.24
1232.31
1246.25
1249.08
1257.91
1264.27
1268.22
1277.44
1280.04
1297.23
1303.48
1318.73
1341.05
1343.44
1348.62
1352.63
1357.77
1394.69
1412.32
1437.07
1441.27
1447.80
1452.95
1467.54
1480.53
1509.39
1515.51
1552.72
1554.14
1601.55
1612.19
1728.78
1752.81
1763.65
1786.30
2874.69
2901.09
2937.86
2976.06
3003.48
3020.10
3030.20
3056.65
3084.32
3087.94
3113.80
3116.99
3242.48
3272.50
3377.97
3400.83
3417.15
3486.88
3554.45
$end
