
$molecule
 O 2.66512868629976 0.45911505746419 -2.04841726584619
 O 0.78333221971592 0.16109531878851 -4.16946607066300
 O 2.07743327690187 -1.67428884922401 -1.94423789952994
 O -2.88109697435585 -2.60601211692088 -0.11031657102397
 O -1.85923452832167 -4.20783995716262 -1.24064808180580
 O -5.67065931092881 2.00372849298613 -7.33406521095832
 N 0.03173776493020 1.15686205720274 -2.29663751137611
 N -2.03869499574580 5.15251447121992 -6.91886607601853
 N -4.59997631184244 4.46405462980868 -6.37235529165420
 N -6.00476496616570 5.68582007495876 -4.31101722855204
 N -7.31205403364581 2.17283801680411 -5.78778539056698
 N -7.52802852853411 3.95607339383763 -4.27269483249671
 N -9.01447336647872 2.23350964677400 -4.21016450114988
 C 0.35533661039875 -0.03179233566698 -1.52471386196568
 C -0.70134662239402 -1.13294173498388 -1.69793987407029
 C -0.55941257656912 -2.25992368490776 -0.66839142611975
 C 0.16385816702915 1.08167741371055 -3.67266991884952
 C -0.42417705158449 2.18468083480797 -4.45017729459847
 C 1.76839664326609 -0.52256919416397 -1.90990275393875
 C -1.54972768334902 4.18059246378477 -6.08171701633613
 C -2.92268883608605 6.18549611486353 -6.43449841612390
 C -0.88854048416324 3.37908130351794 -3.90025185350812
 C -0.51609675571279 2.01449142579920 -5.83561933347755
 C -1.43942076221997 4.35854522983189 -4.69768599985411
 C -1.06919020772059 2.98451688310417 -6.63255567851649
 C -1.79420508376747 -3.14051040137018 -0.71241571375971
 C -4.19750090421486 5.61209765597923 -5.86034996151189
 C -5.69817917084251 3.90801906764707 -5.87283974736370
 C -4.92330665597216 6.22077922704320 -4.82544689190386
 C -6.41766253006561 4.51411946049590 -4.81400919012668
 C -6.16079560125276 2.63518408173870 -6.43157869869612
 C -7.93549275589256 2.82602469088643 -4.75695591799662
 H 0.41501161567008 0.26908735374915 -0.46848537422457
 H -1.69084630653074 -0.66737285873901 -1.61878065933817
 H -0.60116200721170 -1.54973436808678 -2.70073988138711
 H -0.44263589201538 -1.84308584480679 0.33694474900915
 H 0.31889603806581 -2.85620804995197 -0.90956094601078
 H -0.71384281192909 1.73049443255083 -1.93323233630319
 H -3.16820916484727 6.83997269767493 -7.27659390580475
 H -2.41219177099578 6.79331213611282 -5.68209268121711
 H -0.80720556306584 3.57317975420590 -2.83960492018968
 H -0.14969221164019 1.09189418266789 -6.25904718039842
 H -2.29950421415930 4.79411040677097 -7.82691362118538
 H -1.78886730833751 5.26827895301214 -4.23487162394327
 H -1.14813128775134 2.82972093923075 -7.69822824820271
 H -4.61388992483594 7.16811278377606 -4.40196351680347
 H 2.24228614200133 1.32735546664881 -2.11410475116772
 H -7.67238884152297 1.28606422927715 -6.12218181991736
 H -2.68743472677204 -1.75542028851017 0.30405397460497
 H -9.45090860122979 1.43580770442972 -4.63530622908845
 H -9.51092783361352 2.75256163133325 -3.50784654807308
$end
$temperature
298.15
$end
$mult
 1
$end
$sigma
 1
$end
$pressure
1.00000
$end
$scale
1.00
$end
$msrrho
$end
$freq
3.74
8.41
10.57
18.88
24.16
32.47
41.99
46.09
48.45
62.95
77.77
99.64
113.96
129.41
132.77
134.76
146.81
160.20
169.37
191.00
201.37
222.82
249.88
263.64
289.73
291.99
315.67
327.83
354.03
371.19
376.72
398.70
413.27
421.62
434.26
444.43
469.55
476.79
481.34
486.33
498.83
504.90
512.03
516.71
528.94
557.03
566.91
574.72
596.28
601.11
610.93
637.81
640.64
646.68
649.74
662.36
684.40
688.79
701.49
710.06
716.10
763.21
788.21
803.18
808.32
844.87
852.62
865.13
877.08
897.01
899.70
906.83
923.63
940.45
973.75
993.09
1000.96
1009.18
1049.72
1061.07
1070.44
1078.53
1097.11
1109.23
1111.36
1118.99
1136.40
1143.69
1154.98
1162.56
1173.82
1195.97
1203.29
1209.62
1216.59
1219.98
1238.83
1240.06
1243.83
1264.81
1270.42
1274.20
1287.76
1299.46
1310.76
1330.01
1344.12
1358.99
1359.74
1369.84
1390.77
1409.94
1436.12
1443.81
1455.66
1463.97
1468.54
1470.88
1505.10
1512.20
1554.80
1561.18
1599.71
1609.47
1696.77
1753.10
1812.76
1818.28
2883.75
2927.29
2944.82
2945.95
2961.17
3015.66
3040.30
3044.69
3060.52
3085.87
3097.90
3104.23
3376.64
3429.05
3442.71
3454.25
3491.87
3501.20
3561.00
$end
