
$molecule
 O 2.82636455600582 -6.99462881646796 1.77583880399666
 O 3.92087962892485 -2.69499880355386 -0.03905904448587
 O 1.01678078023393 -6.75391894977228 0.50016012082019
 O 6.70643110185471 -7.51780998365625 -1.96082420402821
 O 4.82253800881907 -7.42175030201622 -3.11176231050147
 O 8.10598293746669 -5.95847122751786 -0.33630147337634
 N 3.85010358586103 -4.68022300945669 1.03032052564433
 N 9.59964810614412 -2.70813565504211 2.88213845766032
 N 9.86596410740148 -3.84569052922704 0.43377053909557
 N 11.52059144038646 -2.85235577904553 -1.56877791619779
 N 8.92503325376240 -5.80273978147746 -2.43467313205023
 N 10.60075316780925 -4.29886129959922 -3.10500713834802
 N 9.68928876305853 -5.74303533521627 -4.61901049758628
 C 2.86837942326223 -5.25570157114444 0.14550079570576
 C 3.52924286873746 -5.79400018388034 -1.14941021962277
 C 4.79173122379367 -6.59725385277864 -0.84381571700215
 C 4.41296389984922 -3.46485560476893 0.76524096902786
 C 5.68952885729948 -3.19800852674552 1.46993878674509
 C 2.11432966624634 -6.38686523784788 0.81271459377244
 C 8.30480694073846 -2.81996686282642 2.41676867389150
 C 10.63953628499549 -2.19109937844618 2.02849069907516
 C 6.51144357370021 -2.20519827772873 0.93819423287735
 C 6.16676580147332 -3.93899926458288 2.55125999291611
 C 7.79232658248815 -2.00788605295663 1.40162888292750
 C 7.44785396436392 -3.74972770566341 3.01438088689768
 C 5.40488928413956 -7.20658593868539 -2.08744483729259
 C 10.68155564107988 -2.83795716397304 0.66210260136644
 C 9.82548141401409 -4.34923956945401 -0.80007569673039
 C 11.52717010528737 -2.36005304034440 -0.35676605825990
 C 10.64905164672179 -3.83790703645080 -1.83439356459188
 C 8.88759062605505 -5.41976246066395 -1.10751320653543
 C 9.75600748611024 -5.24445400558054 -3.37324969094835
 H 2.15156357175559 -4.47651955478747 -0.13488101421548
 H 2.81503378301951 -6.40638150106114 -1.70037269085167
 H 3.79193867129787 -4.93646499230285 -1.77003581799014
 H 4.56333593282992 -7.42492541256189 -0.16415449851991
 H 5.54014107316017 -5.96198156696881 -0.36126538759390
 H 4.34670317420483 -5.33437279654154 1.61251398093035
 H 11.60153822052824 -2.32845671681156 2.53042612385394
 H 10.49746710453220 -1.11195659683746 1.89197131133233
 H 6.12454098880541 -1.60912925020004 0.12499843736015
 H 5.54271763333134 -4.66863174887578 3.04760590987116
 H 9.88229590368515 -3.51264276513278 3.42411381981226
 H 8.40453910283183 -1.24231947738240 0.95059702286246
 H 7.81569629527855 -4.34850772376355 3.83584575593157
 H 12.23150719176819 -1.55931588100623 -0.16994889181747
 H 2.30894305089443 -7.71899244794830 2.16268292469444
 H 8.27202222798420 -6.53792987480155 -2.70894461897331
 H 7.10925266425301 -7.13609950507285 -1.13354369933029
 H 8.95275400067085 -6.36969403116691 -4.89173204674252
 H 10.23806968094005 -5.28617295023194 -5.32583547551601
$end
$temperature
298.15
$end
$mult
 1
$end
$sigma
 1
$end
$pressure
1.00000
$end
$scale
1.00
$end
$msrrho
$end
$freq
15.98
25.85
29.24
31.98
37.85
49.40
54.47
59.37
71.40
82.10
87.67
103.13
131.18
144.78
149.83
154.79
162.24
173.98
182.20
194.79
228.18
235.41
251.72
279.45
280.49
299.04
319.69
339.04
349.38
362.60
377.70
399.80
410.57
413.98
451.70
462.10
477.07
487.60
492.38
502.93
513.28
520.81
554.88
560.48
574.30
581.25
593.62
603.50
615.18
621.34
637.66
648.09
654.06
661.19
666.64
670.56
708.16
715.27
723.30
739.17
761.84
772.09
782.37
797.96
810.66
853.31
854.33
870.56
873.57
892.11
904.94
923.61
933.14
946.02
960.26
969.95
999.98
1009.66
1020.53
1081.37
1087.67
1104.09
1115.99
1117.96
1131.48
1139.97
1146.28
1152.80
1170.56
1184.47
1189.88
1198.84
1200.70
1209.16
1219.57
1240.72
1244.00
1252.63
1269.87
1272.63
1275.83
1286.84
1291.46
1300.61
1308.80
1336.98
1349.59
1352.21
1357.74
1384.45
1397.31
1408.69
1435.94
1439.38
1443.41
1450.83
1468.44
1471.95
1501.83
1512.69
1552.45
1567.44
1602.34
1614.09
1686.90
1703.02
1794.05
1802.52
2913.79
2925.21
2945.80
2951.71
2959.23
2964.73
3004.27
3014.31
3047.99
3061.26
3074.62
3087.41
3098.07
3258.79
3424.56
3442.07
3475.49
3484.57
3554.37
$end
