
$molecule
 O 6.39959946833488 5.62117901709024 2.49422874819892
 O 7.07914217307813 6.14348228871030 0.03409008992055
 O 7.15411976288479 4.00145952790707 3.80418504157306
 O 8.92353532391182 0.01343427159948 2.66853509977842
 O 6.94184823016764 -0.95814030381644 2.39242846895668
 O 12.37307810006870 12.55750979392804 -5.06361880357191
 N 8.56259882698789 4.63646242873669 0.78732016697102
 N 12.22252931243829 8.40214305030206 -2.89515820705486
 N 13.54428146288519 10.03777884737739 -4.43486467380156
 N 16.06391167512582 9.56000481569572 -5.50089141071745
 N 14.21973583827927 13.05949125349063 -6.27000274742982
 N 16.06414731282322 11.62610924761849 -6.52500418932182
 N 16.05299605170734 13.64881679683843 -7.56801557656993
 C 7.56132659947883 3.79803485037397 1.42884656067250
 C 8.15433318820923 2.42264877777558 1.72097616642985
 C 7.08148698392550 1.42904145503029 2.15783421254718
 C 8.24028369546489 5.72254471584319 0.04685766385937
 C 9.31830438319960 6.36433969565026 -0.71274317659006
 C 7.02128849776651 4.48251416709483 2.71171667763934
 C 11.28810977394634 7.71642349648002 -2.19644559445019
 C 13.47840818639172 7.88235634870873 -3.35016517956719
 C 10.52975891893619 5.74473595755627 -1.02258753955298
 C 9.10381685765588 7.66899244019924 -1.17397290841144
 C 11.49590717788886 6.40274521817525 -1.74970451377431
 C 10.06308646277274 8.33357073377999 -1.89258773533009
 C 7.60978074027543 0.04053202338966 2.40710689331150
 C 14.17615151578259 8.90345551005692 -4.20393032970975
 C 14.14784358758127 10.94843727489664 -5.19489930146147
 C 15.45188848424445 8.67928177030496 -4.74934866317740
 C 15.43001369314790 10.71666142686148 -5.74686300039448
 C 13.45942178414158 12.21327682552576 -5.45957740796647
 C 15.45841974698006 12.74533251189700 -6.76579738200260
 H 6.71189605000622 3.71247854121164 0.73391337275022
 H 8.65285244198192 2.05177837806390 0.82235170511475
 H 8.89287216991627 2.51730711700515 2.51855117105862
 H 6.27876599522372 1.35507817686756 1.42190340665004
 H 6.64036788366632 1.77143926975474 3.09814927150951
 H 9.52583174343313 4.37443882668770 0.91263851482817
 H 13.33881409727958 6.96543207189502 -3.94455890180906
 H 14.12996391561108 7.62544195208076 -2.50079232772641
 H 10.72169058399553 4.72363375627876 -0.72392847024988
 H 8.16041878378929 8.14071333822758 -0.94533312515953
 H 12.00343955233855 9.32651039404157 -3.24189747519882
 H 12.41982249004849 5.89510973795069 -1.97929204711622
 H 9.88827339920743 9.34171650826048 -2.23763620948555
 H 15.98594211783292 7.75562880350792 -4.56613772857286
 H 6.45411348671344 5.89876367562846 1.52825324450831
 H 13.78944473621771 13.94883130382596 -6.49767831817173
 H 9.20328826289097 -0.89510651190884 2.86254731269586
 H 16.98910479650593 13.44217459697530 -7.86844365473869
 H 15.69521667686390 14.58088782858108 -7.67137418989054
$end
$temperature
298.15
$end
$mult
 1
$end
$sigma
 1
$end
$pressure
1.00000
$end
$scale
1.00
$end
$msrrho
$end
$freq
5.93
13.66
18.90
23.80
30.77
36.56
40.29
52.04
59.20
80.02
87.14
95.50
106.97
113.78
136.11
137.63
143.39
150.59
169.57
174.28
200.33
202.93
239.85
249.98
284.99
300.26
306.81
316.10
338.02
352.43
376.38
394.59
404.71
419.33
423.82
449.47
458.00
473.85
483.15
485.53
489.90
499.49
509.72
527.15
550.65
560.01
581.08
587.81
599.42
609.76
638.65
640.34
645.62
648.63
661.49
672.23
685.79
702.17
723.02
728.14
761.69
779.50
800.65
820.83
851.76
855.15
873.11
873.78
887.24
893.44
899.16
900.48
922.42
946.83
962.33
999.29
1005.17
1018.31
1070.05
1072.61
1087.05
1105.60
1120.91
1133.51
1139.73
1146.22
1148.59
1159.37
1163.56
1168.93
1183.04
1190.51
1209.55
1219.73
1236.65
1243.23
1244.69
1251.61
1263.81
1273.09
1281.06
1285.38
1296.32
1311.73
1321.42
1348.14
1351.51
1355.32
1360.24
1397.99
1408.83
1410.02
1429.27
1437.69
1444.89
1459.06
1466.84
1468.63
1513.72
1527.54
1551.24
1556.93
1600.05
1610.15
1626.97
1749.95
1785.69
1790.26
2718.00
2833.91
2876.75
2878.22
2965.41
2978.01
2991.62
3004.97
3049.29
3063.44
3085.03
3097.22
3103.02
3377.58
3396.59
3449.72
3477.11
3491.99
3561.23
$end
