
$molecule
 O 0.90358345964196 1.62756351823079 -2.73138762027330
 O 6.03612446990879 3.29974748049182 -3.11122023297980
 O 2.69293922673045 0.47380891197197 -2.12491228681790
 O 3.64430382940620 -2.66522986886879 -5.95421370239193
 O 2.21424463808661 -1.29416829592703 -6.93824765047087
 O 0.41534313702521 3.92411039621967 -3.87827243984965
 N 4.29308147671606 2.05601783974925 -3.76679810694641
 N 2.33552673818812 7.72239943746968 -5.95700393485721
 N 0.71243465670916 6.73802110484862 -4.05484312763980
 N -0.28766488646568 8.21610487428269 -1.92450386271444
 N -0.48762040698552 4.19290926869605 -1.82444613032092
 N -0.88397872995420 6.28066011110366 -0.81714285569280
 N -1.45025472498620 4.36346093064013 0.27935082449530
 C 2.89975830753641 1.85771991670676 -4.08171686001939
 C 2.70902904357275 0.88117010620272 -5.26251898202316
 C 3.43684860297608 -0.44387046445239 -5.04688522516119
 C 4.96641546139728 3.24138160118219 -3.68585954445226
 C 4.32851528957218 4.41780190115007 -4.33313676822958
 C 2.17141450995577 1.25740345222092 -2.87263620564204
 C 3.01996129505199 6.65434809799898 -5.40372199727409
 C 1.68074753903014 8.68418886427715 -5.10438101506723
 C 4.26346684877855 5.61222540005964 -3.62250746068667
 C 3.80811006559365 4.38231897293093 -5.62483959303191
 C 3.62078806533968 6.71520235309660 -4.14367001244136
 C 3.16761357106203 5.48178318869352 -6.14991690509251
 C 3.02265891145547 -1.47768854824871 -6.07718875734222
 C 0.85750706647511 8.04513618176391 -4.00955672869873
 C 0.12029362031391 6.13879175795070 -3.02262038198622
 C 0.31196634953634 8.78275983741134 -2.94078505433504
 C -0.35756142554103 6.87636906052749 -1.91258650054475
 C 0.03946502634905 4.68918729427864 -3.00036369019797
 C -0.92679148469134 4.98706244283144 -0.78994735774819
 H 2.45229771425704 2.82195872377476 -4.34284713456154
 H 1.64354540656235 0.68710312100811 -5.40046203973733
 H 3.07558998100092 1.34656806841100 -6.17756000582133
 H 3.21101903339071 -0.84091204506610 -4.05208918492613
 H 4.51811047299077 -0.29543951876565 -5.11571537710157
 H 4.70757761544333 1.31114190896154 -3.21750370063234
 H 1.04607989127616 9.32423687771670 -5.72344750454085
 H 2.43199420177314 9.33073200996963 -4.63425295690637
 H 4.70886636931116 5.65783426738591 -2.63964883454310
 H 3.91367238433000 3.49074741840132 -6.22447813486406
 H 1.77585336358133 7.44057220368346 -6.74978637412210
 H 3.57216315958185 7.62042795330194 -3.55787559303797
 H 2.75000736575056 5.43483378827387 -7.14546581591452
 H 0.36334676859019 9.86390232146358 -2.92216249858573
 H 0.66283986415713 2.37290544976627 -3.35575398897768
 H -0.51337468704640 3.18072782316969 -1.73042856500717
 H 4.26143684212472 -2.68949825947653 -5.21098464859725
 H -1.69918404827421 4.93874752254002 1.06488640433919
 H -1.35954724660707 3.37098223997416 0.40472911994854
$end
$temperature
298.15
$end
$mult
 1
$end
$sigma
 1
$end
$pressure
1.00000
$end
$scale
1.00
$end
$msrrho
$end
$freq
14.44
19.92
25.57
31.17
35.28
51.25
63.33
68.80
80.74
88.68
95.53
108.99
118.53
137.04
144.34
153.75
162.21
177.51
193.37
193.83
208.23
234.86
252.13
267.18
278.77
300.37
323.73
346.70
360.04
368.09
380.94
407.69
413.28
422.63
452.58
455.66
474.54
479.31
485.91
491.70
501.84
513.28
549.84
557.22
572.17
577.23
598.54
611.95
619.68
632.45
638.23
646.77
653.58
660.47
664.87
688.67
690.95
707.72
716.67
725.70
745.08
760.37
794.12
811.86
818.57
837.09
857.38
871.34
872.75
884.33
909.41
920.48
922.67
944.26
965.87
970.90
996.67
1007.20
1026.46
1074.37
1090.66
1106.75
1111.84
1115.10
1131.95
1141.08
1148.24
1175.01
1180.55
1184.25
1188.45
1200.87
1202.05
1203.49
1224.48
1249.01
1256.49
1262.02
1265.39
1275.43
1280.61
1287.32
1298.28
1308.12
1322.13
1337.75
1343.65
1347.02
1356.75
1381.10
1395.02
1408.30
1432.32
1437.42
1438.88
1448.76
1467.33
1474.57
1499.22
1511.65
1549.91
1567.32
1602.71
1615.23
1681.76
1715.10
1776.97
1806.68
2818.11
2913.34
2952.60
2953.39
2961.28
2964.49
2991.82
3007.53
3050.48
3072.08
3083.60
3090.25
3095.15
3334.21
3386.89
3423.93
3485.89
3493.70
3554.11
$end
