
$molecule
 O 0.16416017200604 3.80471157586206 -3.43809089550747
 O -0.25656029488373 0.37295803639331 0.39009333732343
 O -1.34230252557630 2.25757850649868 -2.94690620340009
 O 4.13026064024988 2.13686175293206 -5.22068274679564
 O 2.82087863952764 3.52841610175834 -4.12871456336906
 O 1.08312692411442 12.61991508214833 -0.40830182635358
 N 0.58852569733241 0.71393469549707 -1.66348541459834
 N 1.69505010266970 6.49594689820947 0.72534647755540
 N 1.28212226646832 9.98996321661557 0.70073232313707
 N 2.74247926239909 9.77986656849004 3.06022599446894
 N 2.30514507564296 13.38803289801195 1.32853538209888
 N 3.15668638994677 12.04513996985995 3.05496714988663
 N 3.60896647728473 14.27814214882602 3.03361003023403
 C 0.96468828873884 1.61381870701798 -2.72943870907783
 C 1.31788933984443 0.79699497552277 -3.97994905173673
 C 1.74773176794793 1.66631865855375 -5.17532402912017
 C 0.26977945197986 1.12705818349930 -0.39678209049592
 C 0.65268463800258 2.53582049070778 -0.09045645211195
 C -0.19539601184832 2.58957662447484 -3.04135518755419
 C 1.31656922847994 5.20930599823495 0.42406157388039
 C 0.79739106788806 7.62564085393703 0.67839508466048
 C -0.34073533852655 3.48954589285988 0.08815973839308
 C 1.98578018145278 2.92415242862604 0.00838956042382
 C -0.01859193247972 4.80981568571584 0.33140211924098
 C 2.31212975268852 4.23757488318705 0.26351930577510
 C 2.93188046019725 2.53523724313437 -4.80283374562713
 C 1.44031236906897 8.82828485917863 1.30473200211769
 C 1.83767694879715 11.06239898440548 1.26074131798952
 C 2.18236503225734 8.73811034576228 2.49513187890983
 C 2.58334368153485 10.96829017321782 2.46105010926375
 C 1.67308280548149 12.36585867905630 0.61212748720657
 C 3.00921352850988 13.19827751656199 2.48792240933743
 H 1.83461136823438 2.19275918886137 -2.39940988246965
 H 2.11743126458936 0.09828259235502 -3.71959822268647
 H 0.44039978291145 0.21797307342223 -4.27637152390416
 H 0.91910465990115 2.31651373668865 -5.46294584540675
 H 1.98701428078058 1.01878845591802 -6.02164562164633
 H 0.16186357538111 -0.16300421115819 -1.93139857169937
 H -0.10140654088908 7.38015999183860 1.25494397622194
 H 0.48784380401208 7.88854262826548 -0.34357561411741
 H -1.37580380501270 3.19281697071360 0.01488042677418
 H 2.77020136753219 2.18825364010507 -0.10176982798129
 H 2.65662831331974 6.71460316260210 0.50891020664769
 H -0.81417549834452 5.52836268383460 0.44197083646424
 H 3.34995110005647 4.52947339021497 0.34195931826254
 H 2.31770306427555 7.78817783564630 2.99530977069398
 H 1.13624714365144 3.91653286327194 -3.53621394816357
 H 2.23413684110710 14.31337195070682 0.92052380036925
 H 4.10925557546290 1.32633420880386 -5.74738058035593
 H 4.03332188800097 14.14230809440371 3.93456413215138
 H 3.35484772782304 15.20857110874518 2.75375180469550
$end
$temperature
298.15
$end
$mult
 1
$end
$sigma
 1
$end
$pressure
1.00000
$end
$scale
1.00
$end
$msrrho
$end
$freq
5.26
7.64
12.33
18.79
24.73
36.99
42.07
59.03
67.56
69.96
80.48
96.02
121.50
134.60
136.97
138.86
155.96
163.93
178.86
189.78
198.67
206.11
227.14
270.70
281.19
298.40
309.48
328.15
338.32
354.96
368.64
386.64
401.53
427.22
442.16
453.32
468.22
473.76
479.72
487.34
498.96
500.13
524.97
532.85
550.70
570.86
580.98
588.16
600.74
604.75
640.19
648.17
649.06
662.31
688.28
691.11
697.80
703.66
709.01
719.61
726.52
751.75
765.85
798.36
802.28
851.98
854.73
863.31
869.10
883.93
902.42
915.06
919.40
938.62
968.67
998.13
1003.89
1009.44
1035.34
1072.12
1096.96
1103.64
1115.11
1121.65
1124.20
1136.08
1141.88
1147.32
1157.09
1166.37
1171.02
1201.50
1204.11
1229.08
1245.74
1246.27
1252.26
1253.48
1267.71
1270.17
1275.42
1280.27
1301.58
1303.09
1310.84
1338.84
1341.88
1344.54
1357.99
1368.20
1386.60
1412.26
1431.76
1443.96
1455.43
1467.99
1468.37
1475.23
1506.98
1516.72
1553.92
1564.55
1606.17
1611.95
1744.75
1752.61
1753.22
1794.85
2879.53
2931.46
2933.29
2964.94
2977.53
2985.41
2996.91
3057.37
3063.62
3076.19
3096.77
3110.96
3159.56
3377.67
3417.59
3431.01
3481.35
3486.71
3554.31
$end
