
$molecule
 O -0.11488399901471 -6.13667538008079 -3.10312510461241
 O 1.72509677254415 -1.58814637804765 -2.00294330940686
 O -1.24350489865613 -4.60287622798475 -4.26272650336559
 O 2.21558300170545 -3.11551650907914 0.45476306922188
 O 3.15529613853413 -4.55290512248020 -0.97148533421857
 O -0.47423606738785 -0.00185898731885 -9.76968506009773
 N -0.01991155866814 -2.54991562891772 -3.04655119776612
 N -0.60305388880536 3.52879668386275 -4.99654111691005
 N -0.24313026968019 2.30240921936533 -8.09784633051863
 N 2.11868463934875 3.75021529447459 -8.34437628456621
 N 1.58258230875032 0.45016569286792 -10.58869691321536
 N 2.90094347550191 2.28010885817843 -9.93510839507365
 N 3.66262595344920 0.85528761360877 -11.54066669758954
 C 0.27650223990975 -3.86863932681925 -2.54767465057972
 C -0.13392300221243 -4.03340120774768 -1.06237601995120
 C 0.86764702980580 -4.89614752721232 -0.29047138600753
 C 0.77553010783817 -1.48687032462952 -2.76294272110092
 C 0.38967423386562 -0.20835766427705 -3.40370498189134
 C -0.44310602108919 -4.88306399647969 -3.40947473763276
 C -0.25121127408512 2.28452271393828 -4.52373018571726
 C -1.07150575434162 3.74910822504855 -6.34705016681503
 C -0.32012947374928 -0.12479271624724 -4.59957556011214
 C 0.79559644679360 0.97646954465405 -2.78900487500976
 C -0.63536231764282 1.09779660032277 -5.15539172596205
 C 0.47862285514779 2.19872187400440 -3.33206833106083
 C 2.21140821269264 -4.19734875345531 -0.31782564555206
 C -0.02524527986535 3.38105258176771 -7.36970900296831
 C 0.70558682679538 1.92352020410814 -8.94918493307673
 C 1.17193830816079 4.10026414395560 -7.50723763272389
 C 1.91450492772216 2.64999294453625 -9.08141742733840
 C 0.49007701281938 0.72189110887166 -9.75910724438445
 C 2.71522327685682 1.21792805596631 -10.65054198140963
 H 1.35840178704020 -4.03802119683588 -2.62763538963685
 H -0.15505530747052 -3.03854815341197 -0.61573829806535
 H -1.13418016723782 -4.46439650457808 -0.99099169995822
 H 0.96196208219007 -5.87938191549936 -0.75010098452317
 H 0.53822624877834 -4.99557897867514 0.74362520028519
 H -0.80961228226554 -2.47266997234527 -3.66953270330066
 H -1.33845478153054 4.80450919734251 -6.44180606485919
 H -1.96250981704095 3.14285737290508 -6.52623881904880
 H -0.60791540736507 -1.01832675279367 -5.13450755672363
 H 1.36627318380413 0.91122921877561 -1.87496543315507
 H -0.07036001980660 4.28743050782517 -4.59690980578985
 H -1.16293767828226 1.12444697606171 -6.09460817117685
 H 0.79475199695220 3.10859172578169 -2.84065446877618
 H 1.36310309739188 4.99321610235938 -6.92468890302061
 H -0.59890512221695 -6.76419847279692 -3.66413110371261
 H 1.48771026201223 -0.36735503326731 -11.18073437112113
 H 2.99834445652106 -2.57253644610535 0.27282770337623
 H 4.52720188780467 1.36656842047865 -11.50306406070001
 H 3.65693061772493 -0.05624470399092 -11.96224468272631
$end
$temperature
298.15
$end
$mult
 1
$end
$sigma
 1
$end
$pressure
1.00000
$end
$scale
1.00
$end
$msrrho
$end
$freq
6.60
9.77
13.26
24.50
25.76
37.61
43.21
44.85
51.72
62.42
74.51
89.31
99.73
120.24
133.32
135.19
137.73
156.37
184.83
217.04
227.16
254.26
269.62
274.10
286.49
293.43
312.87
328.74
352.75
370.10
373.40
378.12
398.05
408.70
417.53
420.35
450.41
466.78
481.44
487.97
490.54
520.61
531.91
545.18
555.05
565.72
575.60
581.86
591.77
603.04
624.86
632.90
641.74
651.06
653.33
660.90
691.63
703.24
709.30
712.02
730.42
768.01
782.33
809.94
811.79
851.99
857.22
859.87
879.35
884.92
907.65
920.19
936.59
937.47
970.37
991.16
994.20
1011.13
1026.35
1072.02
1072.28
1099.62
1103.91
1114.65
1119.44
1135.13
1146.47
1158.49
1162.17
1170.45
1175.76
1177.74
1196.93
1212.18
1229.80
1232.17
1247.62
1257.14
1265.90
1275.71
1279.34
1283.52
1289.81
1301.99
1305.80
1333.15
1335.07
1351.20
1358.27
1384.87
1401.24
1412.02
1432.16
1441.11
1445.81
1451.44
1466.41
1468.44
1503.57
1515.30
1553.27
1565.27
1600.68
1610.30
1693.06
1752.35
1784.51
1793.31
2912.22
2968.94
2978.43
2979.54
3002.44
3005.44
3023.93
3040.54
3064.26
3075.53
3096.94
3118.56
3377.14
3430.98
3434.07
3435.52
3457.40
3486.25
3553.80
$end
