
$molecule
 O -0.18733669099333 -13.89876812444165 -3.59037334877778
 O -3.57814555414800 -12.70566079214241 -4.40988484723276
 O 0.56931034731605 -12.42710752550956 -5.07666796520027
 O -0.06466573407059 -9.85273461622408 -5.88328910457706
 O -0.44398712622660 -8.02213738615036 -4.70277722095009
 O -9.77236492358485 -15.91693823881032 -4.90700453449689
 N -2.12998014101259 -12.38985232604294 -2.71053658063942
 N -6.67551229831893 -15.79648362108201 0.23601777042066
 N -9.09214762589756 -15.74309053521952 -2.13881942737612
 N -10.26237347096647 -13.65182773917608 -0.72889186913895
 N -10.99380810942226 -14.03018697058757 -4.67073166036757
 N -11.28666466171628 -12.88261059247452 -2.64271426561265
 N -12.33087861463758 -12.13649417166797 -4.52444248801143
 C -1.16943248344582 -11.72836432317970 -3.55416983233616
 C -0.44236573141826 -10.62684826822632 -2.75947900026130
 C 0.60660871642429 -9.84370990740306 -3.55618741558403
 C -3.28966272870102 -12.89047688217931 -3.24326430215032
 C -4.15073285766050 -13.63304696112231 -2.29885776566995
 C -0.17716122608523 -12.70666110166796 -4.16625142493341
 C -5.88457642386027 -15.07657531238777 -0.62825045659887
 C -7.86056333729147 -16.50142978221297 -0.20316183768969
 C -5.07081684166665 -14.53889914862984 -2.82616648036324
 C -4.11877069962268 -13.44837539633989 -0.91694123718867
 C -5.91740932191658 -15.26006662536077 -2.01466266195666
 C -4.97422534055013 -14.15241539624324 -0.10025563168822
 C -0.01762747346795 -9.14128857361592 -4.76115994004092
 C -8.85744487832098 -15.57275310489295 -0.85159956887301
 C -9.90035217289604 -14.87891675837796 -2.74445227843369
 C -9.46525710626103 -14.51922347535320 -0.15261635491633
 C -10.48926699004993 -13.79880274969975 -2.04126472475164
 C -10.17031632084254 -15.04562844911483 -4.17518010807889
 C -11.51032279097259 -13.01452171445489 -3.91097835769607
 H -1.73874370316939 -11.28784180368444 -4.38466019711835
 H -1.20214136478630 -9.93255563548960 -2.39646661136489
 H 0.04231345386622 -11.08530252631596 -1.89265880483286
 H 1.41391753717786 -10.50001657867478 -3.88471967116397
 H 1.02269983746748 -9.07352611077816 -2.90529241344859
 H -1.79936252723197 -12.75589985095157 -1.83275678942645
 H -8.30515516185422 -16.98741157236190 0.66853281455557
 H -7.58240328988843 -17.26986111278242 -0.92890123206784
 H -5.10717469387643 -14.66462874885090 -3.89759523651555
 H -3.45488933388397 -12.72070835808071 -0.47250718352438
 H -6.71965888044666 -15.41799339040573 1.17057024542271
 H -6.61660779799647 -15.94822274206728 -2.46022061403257
 H -4.95345403390520 -13.98830478413444 0.96858945620646
 H -9.30288761539450 -14.37819968134603 0.90904421184213
 H 0.43173695260423 -14.50437702040083 -4.03026180609740
 H -11.21535887858906 -14.09151934262753 -5.65818897745552
 H 0.27396289778632 -10.76820670520452 -5.77391508466767
 H -12.36645277467450 -12.07411892081835 -5.52633977043332
 H -12.61719901092867 -11.34123354499996 -3.98023041471474
$end
$temperature
298.15
$end
$mult
 1
$end
$sigma
 1
$end
$pressure
1.00000
$end
$scale
1.00
$end
$msrrho
$end
$freq
6.27
7.93
13.26
22.33
31.44
35.00
45.06
51.53
58.55
77.21
84.52
99.10
123.57
135.16
141.43
155.51
156.13
171.67
191.07
204.05
225.57
245.15
270.95
289.19
290.65
308.06
314.10
339.08
350.86
359.02
375.82
378.83
395.68
408.05
439.48
462.36
464.03
468.01
482.30
488.91
493.43
524.37
540.08
560.25
567.82
571.35
580.97
585.07
606.62
614.21
635.04
642.39
650.98
652.35
661.69
691.09
707.71
710.41
714.25
731.20
745.53
767.72
782.55
802.20
810.27
851.14
852.16
859.75
877.77
881.62
903.50
905.88
924.21
937.21
969.70
993.72
1006.87
1024.20
1028.60
1072.49
1091.12
1103.68
1105.42
1119.73
1128.61
1139.56
1143.94
1154.36
1162.52
1174.35
1178.40
1198.03
1205.80
1223.30
1231.90
1242.59
1247.97
1260.50
1267.22
1269.42
1274.71
1278.00
1284.05
1304.26
1310.04
1333.08
1333.48
1349.14
1359.68
1384.67
1394.57
1412.77
1434.22
1446.83
1451.85
1466.78
1469.06
1475.77
1504.69
1515.45
1553.97
1563.07
1599.83
1609.48
1707.70
1747.99
1753.48
1791.99
2911.46
2957.95
2970.15
2974.91
2989.45
2999.79
3007.26
3039.56
3059.48
3075.33
3098.99
3119.69
3182.01
3377.50
3427.88
3433.61
3470.80
3484.82
3551.95
$end
