
$molecule
 O 8.30780285027990 3.68143259179191 1.60537869588506
 O 7.97995082170857 4.66615841079204 -0.74801614037429
 O 7.07680014548105 2.23440090021420 2.73878205795623
 O 7.32432053205022 2.63230125741434 -3.28329756825155
 O 5.14950189722694 2.42948677367119 -2.84437203656558
 O 0.40427579718458 12.36702953422358 -6.44347895986627
 N 6.02683056441266 3.61488554566733 -0.29103664898054
 N 4.26259722673911 7.76125348629630 -4.83887206340920
 N 1.86919424853581 9.92550936439618 -6.18676315481398
 N 2.63449164307983 8.71455950614045 -8.57161938486364
 N 0.56013965162237 12.16398355532964 -8.68806378218630
 N 1.64902006168255 10.40035654119747 -9.79129441055909
 N 0.70864365737417 12.08158554227463 -11.00442197253391
 C 6.56249751431002 2.45985189065825 0.41751400315811
 C 7.47720480764193 1.60753406663911 -0.47970569284494
 C 6.72167644509503 1.01485107049379 -1.67701425235048
 C 6.76520127898506 4.54746513778609 -0.93426215697770
 C 6.04897942282985 5.40542603379751 -1.89301962210731
 C 7.34141720089618 2.80443442081244 1.71499716156891
 C 4.82460747666570 7.02140442628733 -3.83988736167779
 C 2.88201084759582 8.18448306162051 -4.86147246513730
 C 4.67140908036086 5.62013738666452 -1.87812774223379
 C 6.80836288829137 6.03510904591619 -2.88428780970165
 C 4.07001018451802 6.41729436265963 -2.82639668707012
 C 6.21274890337432 6.81791226133543 -3.84156816838082
 C 6.28704546321780 2.08759566244043 -2.64610463011346
 C 2.54394050727372 8.79214902381760 -6.19176264894182
 C 1.55902372944491 10.46933286149834 -7.36054388486033
 C 2.92140029854111 8.19160487466711 -7.40425959002470
 C 1.94670999309881 9.86509584363321 -8.58248100111697
 C 0.80453225521595 11.72581602112067 -7.38231839301740
 C 0.98218071721178 11.50994177227589 -9.81507633973205
 H 5.70552850734532 1.85714172645564 0.73249420723407
 H 8.30754485724282 2.21531030873708 -0.84364106015589
 H 7.88270175357089 0.79373967283530 0.12337661621845
 H 5.84004056262893 0.46801185331562 -1.34082550935802
 H 7.38994113995094 0.33638266581162 -2.20863097396533
 H 5.06267649137163 3.53140838407160 -0.57308651414661
 H 2.65292562363453 8.92095055833769 -4.07853144585461
 H 2.24376761646063 7.30649144725449 -4.70748412863103
 H 4.05345089983831 5.19647705977631 -1.10030708210424
 H 7.87809423719921 5.88632887175276 -2.88222345578289
 H 4.89959431707626 8.33022509077355 -5.37591220271852
 H 3.00586907277657 6.57992622105199 -2.77416092042496
 H 6.81283498780677 7.29008891652088 -4.60645579213518
 H 3.47057742663733 7.25903452512432 -7.41903520113664
 H 8.35135372712974 4.09002069189551 0.68098845590659
 H 0.04898920700479 13.03613620975566 -8.76543661846376
 H 7.03757256717932 3.34943978298945 -3.87109360941839
 H 0.06274247756501 12.84594287951756 -11.08411574085338
 H 0.94933841547357 11.55365590040282 -11.82473337416695
$end
$temperature
298.15
$end
$mult
 1
$end
$sigma
 1
$end
$pressure
1.00000
$end
$scale
1.00
$end
$msrrho
$end
$freq
7.26
12.03
17.21
24.93
31.77
41.20
51.91
66.78
70.08
77.82
86.19
98.72
113.08
130.04
134.49
140.06
151.10
156.35
185.69
195.53
211.38
224.92
241.76
277.55
295.71
299.38
314.24
330.21
345.51
363.93
371.66
395.33
404.30
417.33
424.14
440.42
465.29
470.48
482.98
488.59
495.13
525.71
539.75
547.93
551.64
566.38
582.04
598.26
606.03
630.58
641.00
645.13
649.65
657.54
669.72
690.97
700.02
709.16
715.39
737.75
765.70
801.97
811.66
834.92
851.67
854.91
860.53
883.34
893.75
901.05
920.23
923.15
930.87
937.14
950.88
968.79
997.07
1002.78
1034.52
1051.03
1071.46
1071.82
1115.45
1121.78
1123.69
1141.51
1157.10
1165.65
1167.38
1172.29
1192.25
1207.84
1217.99
1230.64
1242.71
1244.46
1249.82
1253.99
1262.80
1271.11
1283.92
1302.13
1315.63
1316.87
1320.64
1330.00
1342.77
1358.38
1360.62
1394.04
1411.07
1415.50
1438.08
1441.97
1446.79
1457.72
1462.79
1469.24
1512.25
1517.41
1554.76
1557.88
1600.46
1610.38
1632.00
1753.94
1780.72
1786.10
2639.80
2889.10
2926.48
2963.37
2994.07
2996.70
3002.20
3011.00
3052.96
3071.99
3078.23
3094.57
3111.55
3377.25
3438.38
3438.88
3455.11
3490.30
3559.03
$end
