
$molecule
 O 7.20170481121244 3.82420351840752 -2.18509618057574
 O 3.96643672459094 6.98555849229974 -3.19593540745437
 O 6.26973923571915 1.81257454502913 -2.09925006810038
 O 3.23953218373731 3.09988040726393 0.68215746590520
 O 1.27057331486348 3.07752517749191 -0.35981541937706
 O 6.98734023340994 8.93496644668764 2.51036645621648
 N 4.86883896787644 4.98760470334260 -2.70645554255402
 N 2.04080923607068 6.12578537519879 2.88309733961391
 N 4.43635611175469 8.18611258002426 3.54234733798262
 N 2.68725466924856 10.27276019963552 4.10375985692509
 N 6.36215812509681 11.10082682265814 2.67828188311083
 N 4.26450361785473 11.82066962871803 3.45299289736010
 N 5.83311989575193 13.35613065762894 2.84795788169407
 C 4.80074733454928 3.72207221646210 -2.00340214952179
 C 3.64571091226560 2.82542209242050 -2.48226808389797
 C 3.13152224154851 1.91354886970593 -1.36048666223121
 C 4.13673681295474 6.10767909875115 -2.37946556666817
 C 3.62559355502256 6.15253267728716 -0.98410036331506
 C 6.15334338400782 3.00240033618995 -2.10563003918845
 C 2.59908993793673 6.19948526486903 1.61944050712899
 C 2.78441458038795 6.50969319342794 4.06963820685299
 C 4.47913000520390 6.11993086481163 0.11480227068495
 C 2.25339248539354 6.24311053499111 -0.77049074642083
 C 3.97928813787813 6.14601745110484 1.40096879942568
 C 1.74760201573574 6.25883121599605 0.51024908658899
 C 2.42188641665355 2.74013754883070 -0.31475189024303
 C 3.21562610032581 7.95158649494454 3.98756817261414
 C 4.79882524854771 9.45062583877306 3.35330649301661
 C 2.34512288445855 9.01670322300883 4.26385064068848
 C 3.91787043766650 10.52337167140074 3.63652581976924
 C 6.13492853670231 9.72943906938418 2.82166984440124
 C 5.44875994230622 12.07197891680966 2.99454731590077
 H 4.65851194878286 3.94261971672568 -0.93787828298420
 H 2.82690944862932 3.45731083433909 -2.83387789731804
 H 3.98733296187968 2.20204158519196 -3.31013262904891
 H 3.96890999510472 1.38069675021448 -0.91292645749626
 H 2.41780058696296 1.20384417654274 -1.77812087638980
 H 5.06550968891727 4.92270233690781 -3.70008362276366
 H 3.66895943663861 5.87585893915538 4.15954925907191
 H 2.13944237258575 6.34694876358754 4.93531767219772
 H 5.54982672679002 6.10029520275919 -0.02886294254380
 H 1.58522128357312 6.29171861165523 -1.61637869725750
 H 1.06897489819969 6.40438098883199 2.90164932083598
 H 4.66906006538990 6.14604620662372 2.22681806177880
 H 0.67963042432197 6.31258707202854 0.66336499750632
 H 1.34324323565606 8.84337961571234 4.63745973909327
 H 6.91469891513333 4.75355188066633 -2.21006199529628
 H 7.27535429362163 11.35730138342790 2.32026697341503
 H 2.78295873138164 3.67612645348907 1.31910574256396
 H 6.65562161900749 13.59828829164874 2.32522274240667
 H 5.12485626605086 14.05432305535927 2.99292573530855
$end
$temperature
298.15
$end
$mult
 1
$end
$sigma
 1
$end
$pressure
1.00000
$end
$scale
1.00
$end
$msrrho
$end
$freq
6.83
12.11
15.23
19.88
31.41
40.68
46.40
53.43
63.47
66.04
73.46
87.87
103.10
119.87
136.03
136.24
144.23
163.66
174.89
216.04
236.45
259.88
261.50
265.33
288.34
307.48
313.85
346.85
352.89
373.04
379.33
394.34
402.01
420.89
429.94
449.11
456.92
481.74
489.18
489.57
506.68
526.86
554.55
561.19
566.15
573.13
578.93
585.32
601.36
620.15
625.63
642.27
652.03
660.45
661.98
676.57
694.33
706.10
719.36
724.81
730.01
741.83
768.50
803.89
808.81
836.89
851.26
856.19
872.47
881.74
904.20
916.59
924.60
936.80
970.10
992.89
999.38
1007.03
1035.57
1071.75
1077.68
1091.33
1105.92
1110.61
1120.30
1131.65
1143.64
1150.77
1163.10
1172.69
1175.32
1181.47
1200.20
1211.80
1227.59
1233.15
1241.41
1248.14
1259.89
1273.10
1275.53
1278.01
1290.62
1301.50
1304.56
1332.51
1332.56
1340.42
1359.37
1370.35
1379.47
1411.43
1428.15
1442.25
1446.09
1452.55
1460.58
1468.72
1495.97
1513.46
1553.46
1562.54
1599.94
1609.63
1737.50
1750.90
1795.76
1807.66
2926.92
2980.74
2982.59
2984.60
2993.17
3014.24
3028.60
3040.41
3079.16
3080.37
3101.59
3136.95
3364.05
3376.31
3377.23
3397.85
3414.02
3487.24
3555.04
$end
