
$molecule
 O -4.25620166024265 8.62576803353471 -14.39773222583843
 O -1.47826365813253 11.55877565102782 -11.36800871520108
 O -2.71546488196333 9.81594044519947 -15.47070792040074
 O 0.29069203704550 9.55402276340484 -11.45369522847138
 O 0.35190068631739 7.34884746562554 -11.38722879313763
 O -4.83824207439852 12.13341104564986 -14.36669659730253
 N -3.22816220971607 10.62552885236232 -12.46987148074171
 N -6.19841168928611 15.92878571452301 -11.80311528731139
 N -5.16199870978168 14.97332456076638 -14.10210563166327
 N -3.78720797136868 16.52556570216936 -15.93950675201780
 N -3.33253919537648 12.52960160063004 -15.99552517388834
 N -2.78451590465742 14.65513730075858 -16.83447438150083
 N -1.77567488339648 12.78785844249125 -17.68221923286902
 C -2.50286383969379 9.52380920284560 -13.08083958216493
 C -2.57749011175802 8.24678664310022 -12.23068513716233
 C -1.76321924354021 8.36627196313873 -10.93745301603964
 C -2.65091570668623 11.60070021012244 -11.72593780173943
 C -3.56465885747458 12.72398000103868 -11.44953380774709
 C -3.13993598258781 9.33190542460968 -14.44777611720846
 C -5.30792057796319 14.89719539393046 -11.55935306264636
 C -5.84878316657493 16.90588386515704 -12.81361532052353
 C -3.06608033625510 14.02329071976769 -11.51132544645436
 C -4.93575496225661 12.53640621185798 -11.27156878547492
 C -3.92344247311240 15.09932623835516 -11.56338669166249
 C -5.79081795680741 13.61050694209046 -11.29985450739702
 C -0.27097564040895 8.37017884056640 -11.26635765066650
 C -5.18160025993899 16.28908907308101 -14.02519868994158
 C -4.40913070155142 14.40430827447861 -15.04007440351551
 C -4.52370719659531 17.06059432663622 -14.99810369839821
 C -3.65565851466852 15.19059628771166 -15.94844253304074
 C -4.26976153895880 12.94961024164239 -15.06668434837827
 C -2.63280344893180 13.36692590286355 -16.82217080120977
 H -1.45918924661328 9.82905526025809 -13.22793233583843
 H -3.62346866123108 8.04869781060843 -11.99164191860637
 H -2.19223055445714 7.40735781596588 -12.81306199211425
 H -1.96237269428990 7.49191255376523 -10.31718942271125
 H -2.04387888118546 9.26561041829287 -10.38920650941249
 H -4.15379655381087 10.82244321747728 -12.82898758180650
 H -5.15896703035974 17.64511386644237 -12.38867019015801
 H -6.75433417234577 17.44148630034773 -13.11005898521699
 H -1.99835075507866 14.16942794576152 -11.58094001067061
 H -5.33498445902983 11.54366567889395 -11.12392753045706
 H -7.14182137147382 15.57947071456978 -11.90922230510867
 H -3.52183331359881 16.09497817163160 -11.67190584418280
 H -6.85551640237121 13.45549439856958 -11.20097992024742
 H -4.60277481536870 18.14033915073374 -15.00899808797210
 H -4.68902209730672 8.57445635385061 -15.26585959075051
 H -3.12281492690139 11.53056988037017 -16.00668339552697
 H -0.33312583586362 10.32386197393200 -11.35481203041475
 H -1.18444427426950 13.39793000933245 -18.21884836821767
 H -1.51540832364349 11.82383113829700 -17.56510015885633
$end
$temperature
298.15
$end
$mult
 1
$end
$sigma
 1
$end
$pressure
1.00000
$end
$scale
1.00
$end
$msrrho
$end
$freq
15.53
20.03
33.03
43.02
53.39
59.15
71.89
80.57
84.76
93.63
104.06
121.81
132.78
144.55
150.62
162.66
166.03
174.45
186.88
211.37
224.53
244.23
257.57
271.83
317.95
331.71
336.76
344.88
352.24
368.78
375.64
386.07
406.56
416.47
433.89
461.63
471.24
487.93
492.76
507.04
512.96
527.27
535.84
574.43
578.17
589.19
597.81
611.53
617.97
622.02
647.78
649.37
661.83
668.36
696.67
701.73
711.67
718.31
729.97
755.58
762.24
789.58
813.42
829.47
846.33
850.18
859.79
870.30
872.53
883.11
909.51
919.19
946.82
949.44
969.70
984.58
1001.44
1009.33
1023.83
1071.40
1086.18
1098.75
1104.87
1126.78
1130.73
1140.52
1141.59
1175.77
1177.37
1186.02
1187.62
1199.90
1205.49
1218.33
1229.30
1256.87
1263.53
1266.86
1268.09
1275.02
1280.78
1281.93
1289.84
1304.86
1307.58
1334.79
1335.56
1346.56
1358.50
1384.63
1405.97
1410.95
1437.16
1447.08
1454.24
1461.45
1466.87
1467.49
1493.78
1507.77
1550.02
1564.41
1598.29
1610.45
1674.06
1713.41
1759.62
1775.88
2915.27
2926.57
2930.05
2964.81
2986.30
2996.21
3008.27
3010.58
3046.11
3070.76
3083.54
3086.94
3098.34
3263.80
3392.78
3412.01
3426.05
3479.48
3551.30
$end
