
$molecule
 O -3.69091797355819 11.19606805493730 -2.11601606388243
 O -0.90285417458174 8.26352839697997 -1.46180425273944
 O -2.67894800495089 12.07136030562324 -3.89856506808277
 O 0.22106290978089 8.21962050532832 -4.12951241874183
 O -0.73958858876612 6.23705654643489 -3.78556924658553
 O -10.69896284551355 6.64008518348764 2.03556525478959
 N -2.84073572093745 8.77648844157634 -2.48967053640461
 N -4.84358294481445 4.19061899776834 1.45926898274558
 N -8.30979412098539 5.16614157013088 1.48751377324015
 N -8.22885130498291 3.86055282985924 -0.96695342706832
 N -11.51078213309880 5.96491721916270 0.03892479955396
 N -10.34724610998725 4.60549415843405 -1.48052797230185
 N -12.42140211952598 5.38075092642987 -2.01757001588457
 C -2.23767620632151 9.76605023989913 -3.33925006941716
 C -2.22906882052700 9.37302982931793 -4.83099158469593
 C -1.94640392373901 7.88482069683245 -5.04303568402195
 C -2.10328227332694 8.08777627424434 -1.57500380235370
 C -2.86238143107818 7.10281225793866 -0.77575982504491
 C -2.87162792924940 11.13505108972833 -3.17167193196683
 C -4.20424565111503 5.17547802161862 0.75180222260497
 C -6.11613235476730 4.37439529319512 2.10713809572536
 C -4.17689964884801 7.31052879241641 -0.36729852851736
 C -2.21909312869220 5.92565537261204 -0.39500848152056
 C -4.83991971272453 6.36685651221489 0.38961829263523
 C -2.87901561339702 4.97480971207796 0.34622160883631
 C -0.77793374713796 7.34739531636336 -4.24299624074684
 C -7.25792672848714 4.45737928390950 1.12508984505598
 C -9.33702899186520 5.23092740783345 0.64321779505597
 C -7.22898140590928 3.80909187599980 -0.12078819025992
 C -9.30945710497392 4.56634694925838 -0.60677940754856
 C -10.51773267952369 6.01067384255883 1.02280298638367
 C -11.39401294162201 5.28739822307472 -1.14619250515634
 H -1.19715092917409 9.84650095012637 -2.98918423436552
 H -3.19735543450445 9.60868567586657 -5.27751088112671
 H -1.47374237355648 9.97920958970978 -5.32875850664755
 H -1.72434577382876 7.71170626148128 -6.09868444624373
 H -2.81455177378333 7.27735846599724 -4.78284057981250
 H -3.82991059325616 8.60900968710773 -2.56599964045111
 H -6.13994818746220 5.27889305563025 2.73024801921533
 H -6.29465521057917 3.51783696392996 2.76364947510108
 H -4.68303348369047 8.23560931931532 -0.60598283411523
 H -1.19864570808645 5.77189511094222 -0.70904218678431
 H -4.25871941259258 3.44434485097078 1.79647954617640
 H -5.85400295539524 6.55812546879368 0.70336349457124
 H -2.37582195654457 4.06014957891895 0.62640383588513
 H -6.36369429777456 3.24083773893102 -0.43428780309847
 H -4.04646495654959 12.09379163898497 -2.01788632010968
 H -12.35012228986306 6.49587218730221 0.24232640850528
 H 0.89119889685287 7.88106309927252 -3.51465408636451
 H -12.36468051926108 4.79900319918397 -2.83522573859729
 H -13.32095561566665 5.71762103030513 -1.72456892544433
$end
$temperature
298.15
$end
$mult
 1
$end
$sigma
 1
$end
$pressure
1.00000
$end
$scale
1.00
$end
$msrrho
$end
$freq
8.14
9.95
11.91
21.22
26.31
29.58
38.53
51.69
59.73
79.38
85.20
93.92
104.72
125.47
132.61
135.00
152.33
154.01
178.15
182.17
216.13
239.08
263.94
268.28
278.40
307.92
310.92
313.34
315.69
341.80
358.01
386.36
394.93
402.79
420.03
435.29
454.69
464.35
479.86
484.37
487.52
500.93
524.00
532.21
543.48
562.69
571.01
580.13
593.59
601.23
618.46
633.53
639.35
646.23
652.78
655.43
661.86
686.53
700.06
708.60
729.02
763.42
782.32
805.73
811.58
849.90
855.37
856.52
873.63
881.25
905.49
918.04
936.78
940.58
966.60
979.05
990.34
1008.39
1015.08
1071.88
1083.30
1115.40
1121.98
1122.21
1126.41
1131.60
1147.54
1157.52
1160.45
1176.27
1183.82
1192.85
1199.68
1209.48
1226.22
1238.86
1243.46
1246.03
1257.31
1265.42
1269.85
1278.00
1293.85
1299.69
1317.58
1328.63
1334.52
1352.63
1356.63
1385.05
1400.48
1411.57
1432.03
1440.17
1442.03
1446.33
1467.61
1472.54
1510.83
1515.33
1553.86
1565.47
1603.53
1611.90
1703.60
1751.53
1789.62
1790.35
2886.21
2895.04
2955.95
2972.89
2980.67
3002.99
3025.25
3061.69
3066.65
3070.09
3104.26
3108.33
3377.52
3443.09
3449.16
3471.10
3480.42
3486.97
3554.53
$end
