
$molecule
 O -1.13707396975367 -6.71499098099613 -2.00941772630848
 O -1.74675822620059 -2.70020526842776 -4.90469742842781
 O -2.66388005864961 -7.14405867358220 -3.57580128385815
 O -0.92110215289766 -1.57197825031565 -2.34312476273360
 O 0.79377029572854 -2.98748443906535 -2.54405689014992
 O -7.47906631645370 -7.77069712405302 -6.81423192689859
 N -2.86077221279595 -4.56792726752213 -4.32148470127690
 N -6.06150636024577 -2.86120920507956 -9.59967570913507
 N -7.07806338018924 -5.92176557767488 -8.95049004971350
 N -5.65684650539812 -6.87889437717711 -11.13964591430958
 N -6.31267566727718 -9.30600309155724 -7.99329825599046
 N -5.40076165570674 -8.93170622340266 -10.12520196296454
 N -5.17666840827143 -10.97461152720881 -9.14253583200288
 C -1.96526981077563 -4.86552176261075 -3.23217822200286
 C -2.33934719411064 -4.07875057708956 -1.95183294534014
 C -1.09767049401598 -3.61576840528034 -1.18635725465179
 C -2.64930299824102 -3.49027599712854 -5.12532565993806
 C -3.58739557455533 -3.35254755250710 -6.26173251218968
 C -1.97345667250784 -6.35702949706289 -2.98182106150054
 C -5.26248036088453 -3.05414032893437 -8.49292403056227
 C -7.21468605594895 -3.69488430966899 -9.87295937769790
 C -4.87590902426962 -3.88219814808812 -6.26203776824018
 C -3.16185066681714 -2.63919947531218 -7.38226677352434
 C -5.70644672330947 -3.72931346805398 -7.35198066187824
 C -3.97578408761482 -2.50303603479829 -8.48223089691152
 C -0.28413286582917 -2.71099205128259 -2.08997678696579
 C -6.81559478196464 -5.14490590337129 -9.98481824085638
 C -6.62589994180270 -7.17148340418658 -8.97806901150664
 C -6.10318593612845 -5.64666625371238 -11.08465143535789
 C -5.89181240266592 -7.66840796433844 -10.08278477450958
 C -6.87816249487616 -8.03882283545428 -7.82482476288124
 C -5.61752919508896 -9.69933311062056 -9.10602375758546
 H -0.94931085724310 -4.57070384639462 -3.53174904731573
 H -2.90579568965207 -3.20021469738058 -2.26348550092955
 H -2.97369953481082 -4.68642027331893 -1.30441937344871
 H -0.48714916087394 -4.46774347299455 -0.88934939248101
 H -1.40550637892743 -3.05341367997368 -0.30473485258954
 H -3.49782989778086 -5.30244894931448 -4.59140997592712
 H -7.67023934731547 -3.34652433981259 -10.80220322194882
 H -7.93833809180814 -3.59053787637529 -9.06127585968905
 H -5.25715326862641 -4.40253768523957 -5.39572222886042
 H -2.17068866637450 -2.21153776606904 -7.37405130370108
 H -5.55443251760633 -2.55719818599520 -10.41844720765197
 H -6.69473631435137 -4.15597314342985 -7.31830864315413
 H -3.62447455240724 -1.96602416445408 -9.35259734744911
 H -5.89690428854303 -5.03037952746802 -11.95125805931707
 H -1.16400316769206 -7.67522097705839 -1.86932340648855
 H -6.45404540545682 -9.95259814651694 -7.22533219282232
 H -0.49204416409725 -1.09633135056239 -3.07148773476524
 H -5.13334042371590 -11.53092187714068 -8.30736651333737
 H -4.58207837321555 -11.21665295497126 -9.91606476026391
$end
$temperature
298.15
$end
$mult
 1
$end
$sigma
 1
$end
$pressure
1.00000
$end
$scale
1.00
$end
$msrrho
$end
$freq
2.46
9.94
13.22
24.11
27.81
38.85
41.74
49.88
52.37
63.22
74.11
89.60
97.65
123.79
134.02
135.45
139.89
155.21
189.64
210.51
231.66
257.35
266.60
285.26
295.53
298.21
313.56
333.04
351.76
374.30
377.90
382.31
399.04
407.12
412.88
420.52
463.93
471.71
482.23
489.53
499.31
524.75
533.72
549.38
554.69
566.78
573.82
582.42
586.10
602.84
624.26
633.98
642.01
651.35
652.84
661.46
693.17
696.98
706.88
710.94
730.12
767.93
780.27
808.90
812.31
852.21
856.69
858.81
880.49
885.87
907.42
920.11
937.11
938.30
970.70
991.22
995.40
1010.99
1028.69
1072.30
1072.71
1096.54
1103.76
1114.53
1119.88
1135.60
1145.48
1159.07
1162.77
1170.60
1174.86
1177.94
1196.71
1209.85
1230.72
1232.80
1248.05
1257.55
1265.34
1276.20
1279.23
1281.32
1286.75
1302.09
1305.05
1332.56
1334.42
1349.62
1358.39
1382.92
1395.28
1412.34
1432.12
1441.16
1445.71
1451.80
1466.00
1468.38
1501.27
1514.09
1552.59
1565.58
1599.98
1609.53
1696.22
1751.57
1781.33
1793.46
2894.81
2977.36
2979.57
2981.85
3000.30
3004.24
3025.09
3040.11
3064.33
3080.24
3097.33
3125.38
3377.17
3426.03
3433.28
3437.53
3455.86
3485.26
3552.52
$end
