
$molecule
 O -4.13920973606179 6.43739577887618 -11.47805114600273
 O -4.63867517499826 8.21280213899605 -7.11052841719905
 O -6.29680341408092 6.49623676804084 -10.90405837141499
 O -5.57251861106847 4.45903808363453 -6.63853523113069
 O -3.84209718679435 3.42216984484596 -5.75883758868938
 O -6.03559661764642 6.18164350376371 -3.25974858686627
 N -5.77746208453474 6.63814444580422 -8.27177852401486
 N -10.08965002089094 8.40825945121133 -3.85614924392235
 N -8.87396003634723 6.10838805745262 -3.40912124452923
 N -10.03071811676951 3.62583278958128 -3.79498166054641
 N -6.02019817777682 3.97784860024900 -3.77556124671152
 N -7.95038216772269 2.67068261314194 -4.10035255852610
 N -5.86463230369262 1.77847245950395 -4.44172776067084
 C -4.64260019871569 6.46743096812222 -9.16177453052173
 C -3.87267027368296 5.16226053641106 -8.87748429841495
 C -3.37369639498939 5.07794538367531 -7.42548738449123
 C -5.70656598843651 7.66992489576186 -7.32055499887186
 C -6.92426815558759 7.92010029804680 -6.55038369962364
 C -5.13381332703847 6.47526798043284 -10.59822148450799
 C -9.07315937009593 8.27766244630069 -4.77578030576421
 C -10.96287034618098 7.27847514297719 -3.60573614195257
 C -8.15711646835320 7.30508543513807 -6.78881940876886
 C -6.81950281449723 8.78582817635356 -5.45426901411525
 C -9.21267963895277 7.49147538796300 -5.92859978926845
 C -7.86952948914350 8.96967178507600 -4.59276504048124
 C -4.26934292034124 4.24695089895706 -6.53327506148293
 C -10.18232129907613 5.98338331803271 -3.52539416112375
 C -8.11951576360203 5.02545448373577 -3.52880943017072
 C -10.75527981574154 4.71096537671191 -3.65815727575966
 C -8.69550758514498 3.75769285500984 -3.79900152600648
 C -6.66239032980308 5.17256394594443 -3.48496758371707
 C -6.65883672012867 2.81666346977578 -4.12139392165325
 H -3.95835242375861 7.31558356735282 -9.01210640379015
 H -4.51420653306437 4.30636994721386 -9.10570155123836
 H -3.02062135521782 5.12937529653318 -9.55624750652878
 H -3.32020234684511 6.08157550798434 -6.99242072334216
 H -2.37486609779262 4.64375105611275 -7.38331092947017
 H -6.66494261073941 6.52717841117582 -8.75172294196640
 H -11.70520691814975 7.19634200474117 -4.40786357053941
 H -11.50587888588604 7.45920295583418 -2.67461748455896
 H -8.30938972321320 6.66114467346016 -7.64349824998552
 H -5.87227105746610 9.27179891260847 -5.27948391544319
 H -9.76870170136796 8.85483629226732 -3.00766495845648
 H -10.14685569672411 6.98957368868682 -6.12881057194871
 H -7.75420340567907 9.60820461888056 -3.72971960915210
 H -11.82919476173760 4.57111279215478 -3.66090243258635
 H -4.48011188772458 6.44203258593212 -12.38743860604305
 H -5.00773151592878 4.00551051811529 -3.84421752128871
 H -5.76987406146586 5.22651309613183 -7.23961477384292
 H -6.33393681059313 0.96968826736393 -4.81356880189562
 H -4.94158265855116 2.00128748773958 -4.79652581098664
$end
$temperature
298.15
$end
$mult
 1
$end
$sigma
 1
$end
$pressure
1.00000
$end
$scale
1.00
$end
$msrrho
$end
$freq
21.06
30.87
36.66
43.00
49.43
56.32
62.23
69.70
74.13
81.42
96.33
110.82
127.93
141.54
150.00
158.34
163.87
177.91
211.59
236.84
245.85
266.03
271.80
285.92
312.80
323.32
326.70
346.55
375.76
377.67
400.28
409.14
421.60
426.84
458.83
464.42
484.60
503.73
515.97
521.03
528.88
568.06
575.74
578.35
587.61
590.31
601.10
608.55
623.55
630.42
648.42
658.59
663.29
665.88
671.10
689.00
708.72
711.80
717.92
728.15
760.76
768.36
789.96
809.34
839.58
846.22
860.50
869.27
876.63
898.87
902.26
918.50
950.76
959.50
969.00
972.38
1005.56
1012.07
1038.25
1066.52
1082.86
1089.72
1101.40
1124.29
1127.03
1136.28
1148.09
1155.20
1170.56
1178.82
1181.60
1185.83
1205.74
1211.47
1214.68
1231.97
1250.59
1260.22
1267.69
1271.84
1280.40
1287.55
1291.35
1305.27
1311.56
1327.05
1331.22
1349.87
1358.14
1365.26
1391.45
1415.43
1439.42
1443.06
1449.45
1458.59
1468.53
1477.11
1498.92
1507.24
1553.52
1556.67
1595.03
1606.64
1694.91
1737.55
1750.01
1786.66
2890.55
2893.28
2923.41
2960.22
2965.80
2969.36
3010.01
3022.10
3040.61
3064.44
3084.06
3095.78
3106.92
3353.19
3357.31
3369.38
3418.71
3432.05
3516.41
$end
