
$molecule
 O 0.57580917105818 -1.32279013508444 -2.88161251445915
 O 1.88326314911247 1.24510517086783 -5.66502830763976
 O 2.51131921315940 -2.19776484259711 -2.20681974146589
 O 1.56586971090401 0.27020350836523 -0.50211740302425
 O 3.40409756778810 -0.27434673094201 0.63175022873840
 O -4.50792046770796 8.57719479020387 -1.67398619145281
 N 1.60305063602501 1.01812268095914 -3.44328319180226
 N -2.76551241875652 5.49856501528982 -4.77906765894601
 N -4.25981816332099 7.60156688748355 -4.34099834938539
 N -5.74882105479167 8.93303933387237 -6.27163755730677
 N -5.94825882821235 10.14611473180370 -2.43466042479452
 N -6.59993299977581 10.36899003556637 -4.68060648471272
 N -7.47731516881307 11.76064373716209 -3.10663042388987
 C 2.53820108160799 -0.07059457676666 -3.35202622511134
 C 3.84437676579807 0.30679662746914 -2.63276033700720
 C 3.62114719413627 1.10128551493893 -1.33840368578141
 C 1.29902175777836 1.57983991695742 -4.64816673148308
 C 0.24630822521459 2.61679952748201 -4.62740372356480
 C 1.90537465264166 -1.30629578797231 -2.73783446034910
 C -1.76785189698322 4.57522330312619 -4.76279686288088
 C -3.33542507111896 6.07039303477240 -5.96392365377883
 C -0.34299884686806 2.96249661599103 -5.84342505147678
 C -0.17883515217816 3.28219012834839 -3.47551061272822
 C -1.33453052991747 3.91361874534690 -5.91889467645961
 C -1.16077460374169 4.24218593848608 -3.54263303155416
 C 2.89756324003545 0.28932600350765 -0.29598206474578
 C -4.21900990294014 7.23075299330851 -5.60599454478756
 C -5.03700777289744 8.63214384150490 -4.01433366637718
 C -4.97838873619551 7.91706068446407 -6.56997285150306
 C -5.80160593712956 9.31745853015344 -4.98724038579576
 C -5.09431354527297 9.05532333403959 -2.61420717299899
 C -6.65658348266643 10.74569391487159 -3.44347558687072
 H 2.78685632553653 -0.33464123226992 -4.39388150974129
 H 4.38701070741079 -0.61338917047408 -2.41203992711453
 H 4.44616154043026 0.91998317587581 -3.30349245282707
 H 3.04246540177393 1.99868562495093 -1.55981376827188
 H 4.59058402633367 1.38312539157853 -0.92734332246785
 H 1.00302213297087 1.16655377119024 -2.64890417967432
 H -3.93378317008086 5.32448443872221 -6.50866003426734
 H -2.55365412476588 6.42771801092975 -6.65414235458375
 H -0.00125861519525 2.45639778206120 -6.73374020807094
 H 0.27499613279265 3.07686330120080 -2.51650597717860
 H -2.96336967229607 6.01657583208290 -3.93374729402286
 H -1.77716382952554 4.14574297652460 -6.87492366031960
 H -1.47687424906142 4.75936360114857 -2.64802253502945
 H -4.95408131577469 7.62696185121172 -7.61262485683260
 H 0.21023680424183 -2.14939836822367 -2.52934747451982
 H -6.03922451340272 10.47748692390720 -1.48085396152477
 H 1.13598728053302 -0.27549570699242 0.17538215333408
 H -7.43013368512454 12.19665792109505 -2.20357617477569
 H -7.92614896277907 12.24626140249386 -3.86316611672054
$end
$temperature
298.15
$end
$mult
 1
$end
$sigma
 1
$end
$pressure
1.00000
$end
$scale
1.00
$end
$msrrho
$end
$freq
9.03
11.76
18.86
26.56
33.06
36.57
42.58
47.70
53.54
65.12
79.43
93.31
95.96
109.06
119.32
137.35
138.29
152.99
174.83
180.23
205.23
226.83
243.63
247.36
262.29
306.28
315.70
339.93
342.90
352.63
376.18
404.48
406.12
419.57
431.79
450.25
465.22
480.73
483.56
487.85
499.56
506.08
518.50
529.99
549.99
550.44
568.37
586.94
603.52
609.09
629.42
639.57
643.45
647.74
649.52
660.64
685.62
695.73
705.83
723.37
729.46
761.41
793.54
802.98
822.23
849.39
867.45
873.89
877.57
894.90
903.39
919.73
922.09
948.66
961.01
968.34
1000.12
1002.01
1010.41
1070.48
1073.05
1113.05
1120.19
1120.98
1125.06
1139.63
1147.93
1153.12
1163.92
1168.24
1180.48
1184.50
1195.57
1203.90
1212.57
1216.56
1236.74
1244.87
1248.44
1261.64
1264.94
1273.51
1283.46
1304.95
1321.43
1329.84
1348.32
1350.31
1358.60
1386.87
1402.12
1409.70
1434.58
1443.54
1443.61
1456.09
1459.17
1467.95
1512.59
1522.41
1555.95
1556.75
1603.41
1611.13
1693.31
1748.39
1785.06
1809.69
2827.76
2856.55
2876.89
2994.75
3003.35
3007.00
3014.41
3049.85
3065.46
3079.99
3091.00
3101.61
3377.84
3403.43
3447.37
3449.47
3477.30
3489.98
3558.48
$end
