
$molecule
 O 7.34318540262157 -1.77975241071728 -0.56062379033940
 O 6.12092017838854 -4.32990151970614 0.30747741674196
 O 6.51054685183442 0.01575622831473 0.47024406597653
 O 7.09950036762551 -2.70006641180283 2.19995251664017
 O 6.98111910702202 -1.06653171689222 3.65900737724504
 O 8.76237136044875 -11.59064916739670 -5.66661777556269
 N 5.02207072275204 -2.87931615783049 -1.04710707077710
 N 6.03880755897513 -7.83773993238561 -4.95692271276799
 N 6.60504559813788 -9.90119950782325 -6.44658012859751
 N 5.29838782069587 -10.59280264938706 -8.79775400400502
 N 8.37862458158808 -12.84801954748638 -7.50752519936041
 N 6.69356886102784 -12.40640245966213 -9.08447835567440
 N 8.09307014759445 -14.17471614829995 -9.39203951833315
 C 4.99177349434058 -1.76065119195294 -0.12642882251553
 C 4.40071442127615 -2.18805804667759 1.24423871380285
 C 4.97703189447990 -1.46529119749887 2.45602301598745
 C 5.64909841866808 -4.06085661075075 -0.79306611172829
 C 5.69294177017654 -5.01681311288877 -1.91117471462380
 C 6.35988056888518 -1.07312075869527 -0.01023242282604
 C 5.89783989391314 -6.92022458473582 -3.97064463481089
 C 5.17608361548545 -7.98819688830055 -6.09120622805974
 C 4.81529671815892 -4.99249001245166 -2.99478161955858
 C 6.66272375736179 -6.02449438442851 -1.86531388121940
 C 4.90946158587643 -5.92570884443283 -4.00353104769306
 C 6.77217354716000 -6.94904592878459 -2.87191801701366
 C 6.44028067669414 -1.73021685438915 2.81484932501144
 C 5.59352647008446 -9.18533851745831 -6.89786488645702
 C 6.98388481597958 -10.96517408169560 -7.15064530602046
 C 4.94317069321599 -9.55029282572689 -8.08913813517301
 C 6.32785168388092 -11.32803696405732 -8.35069496662003
 C 8.10596655789454 -11.76943682368576 -6.66286737700524
 C 7.68692978055117 -13.12033407169749 -8.65909954982553
 H 4.33414031789730 -0.99725358176515 -0.55796578349726
 H 3.32478415372315 -2.00452666198543 1.21494706093285
 H 4.53630661821126 -3.26284695675718 1.36155865351774
 H 4.39684203276701 -1.74534396759508 3.33933608802196
 H 4.88547000956361 -0.38321464255959 2.34336229912943
 H 4.83854271165653 -2.66383037427031 -2.01297869917884
 H 5.21379421045611 -7.09683821103226 -6.73638103570313
 H 4.12751610393851 -8.12277633645517 -5.78074373580854
 H 4.01928467077992 -4.26239167336992 -3.04435596973404
 H 7.32949040070523 -6.05107116122391 -1.01716602526276
 H 6.73528274886364 -8.56444816933077 -4.86201275115059
 H 4.20909542039200 -5.88818262479569 -4.82346690961567
 H 7.53127438794800 -7.71592512852625 -2.83057168464732
 H 4.11019771683298 -8.97480488058870 -8.47246090784206
 H 8.19945392372965 -1.35103925339720 -0.40435235593764
 H 9.15470340186276 -13.43700776906197 -7.22698760373560
 H 6.61647095602132 -3.26671997910522 1.54235487765925
 H 7.53593650848773 -14.41076792621291 -10.19402309888257
 H 8.75569678336761 -14.84040760059914 -9.03806257304241
$end
$temperature
298.15
$end
$mult
 1
$end
$sigma
 1
$end
$pressure
1.00000
$end
$scale
1.00
$end
$msrrho
$end
$freq
5.97
15.22
20.97
27.45
37.63
46.22
50.72
63.11
71.66
79.63
94.00
99.57
115.55
122.85
136.51
137.57
162.90
175.65
181.33
194.14
205.57
215.29
243.38
260.80
292.20
304.38
316.07
339.55
352.61
366.56
376.02
385.19
404.54
418.29
445.94
461.24
476.40
482.56
483.97
489.70
494.17
508.02
521.31
542.35
550.94
557.25
571.53
582.30
595.82
607.86
614.41
639.90
645.69
648.50
657.14
682.87
685.84
703.19
705.18
724.95
761.64
784.21
800.77
810.95
831.12
852.01
852.53
873.11
873.81
881.65
897.55
902.96
922.18
947.06
962.33
979.49
999.11
999.80
1041.66
1055.16
1070.18
1114.93
1120.87
1129.07
1135.57
1148.25
1152.66
1163.57
1168.92
1170.02
1182.08
1192.49
1203.49
1218.77
1228.59
1237.72
1243.72
1252.34
1258.15
1270.53
1273.49
1283.24
1286.41
1321.36
1324.38
1341.24
1348.10
1354.62
1360.05
1397.11
1403.27
1409.28
1435.70
1439.54
1444.70
1459.59
1468.63
1485.10
1513.49
1526.60
1553.41
1556.81
1602.50
1610.71
1665.25
1750.07
1762.20
1794.57
2831.09
2874.85
2927.50
2948.02
2970.59
2978.29
3000.59
3020.21
3049.00
3061.90
3084.44
3095.76
3103.45
3377.37
3400.25
3447.00
3474.10
3491.55
3560.62
$end
