
$molecule
 O -4.60134511277512 4.19947596721441 -5.41424617184989
 O -0.32416531170519 4.96780251421917 -1.97897093538196
 O -3.22261320434640 2.75443166110816 -4.41788426645707
 O -2.61860336877762 2.72699567699190 -7.32414644283828
 O -0.70459252131266 1.89611183587270 -6.54496710543591
 O -2.63504811347480 9.02020631041516 3.02120396313845
 N -1.37125786812001 4.71419461604568 -3.94996703787365
 N -2.75958986009060 10.83805903227795 -2.63991157502157
 N -2.36688469595604 10.64330078065661 0.68742349735221
 N 0.07004422852857 11.94749500805026 0.38706047319022
 N -0.48962419291642 9.50568019243512 3.53978277869209
 N 0.88317851718934 10.95086414799774 2.29786062185680
 N 1.68244947988282 9.99240570421518 4.20406781214351
 C -2.45076951415890 5.00731614968881 -4.85460012370585
 C -1.97075991896795 5.27376666890411 -6.30066349920041
 C -0.90716016188358 4.28155079481223 -6.76744189717345
 C -1.02333188915607 5.44194812842183 -2.84926845676850
 C -1.50952368611295 6.85073854225412 -2.81933913257828
 C -3.44136686106890 3.84901675601900 -4.85757571194351
 C -2.33481487005278 9.52400407922864 -2.65296171414353
 C -3.19812530575603 11.48371714605088 -1.41910956959902
 C -2.26754815477207 7.29590222859702 -1.74157886916810
 C -1.15439899270746 7.76164668642219 -3.80983220545541
 C -2.69235090905887 8.60608660821064 -1.66178356188264
 C -1.55419577177287 9.07767536766551 -3.72418342085875
 C -1.37314772780435 2.84649522558763 -6.83958512811080
 C -2.13457048532131 11.42331957824519 -0.35139475570981
 C -1.39417550741007 10.48749821300315 1.57974051598718
 C -0.90484252538988 12.08627937210072 -0.47923869878924
 C -0.14038971271491 11.12918683954496 1.42690058398630
 C -1.62570401364647 9.61312934327811 2.73238843551807
 C 0.69067441948302 10.15867886585046 3.30300951305858
 H -2.98686127723288 5.89718109891982 -4.50491898711862
 H -2.83611626754167 5.24042367337629 -6.96274378211677
 H -1.54546562104555 6.27668259976776 -6.34203870333189
 H -0.03274355834788 4.31725320182256 -6.11676440704550
 H -0.58917986069646 4.55605738975166 -7.77698845719448
 H -1.10043673877652 3.73689265790058 -3.91319383182252
 H -4.09545143758187 10.98501506818936 -1.04482776168992
 H -3.44526956468115 12.52071312549934 -1.65749857264801
 H -2.52698971188078 6.60039850127951 -0.95771423967367
 H -0.52735243686948 7.44433494624072 -4.63007778684747
 H -2.23940125035004 11.43470931406216 -3.26726361011540
 H -3.27851011948591 8.91593499845315 -0.81269798516994
 H -1.25595809411644 9.78174385238969 -4.48908127003416
 H -0.70797848468573 12.75508355840011 -1.30840965262761
 H -5.21654401516494 3.44882789716928 -5.42741398685798
 H -0.58710724991587 8.90811971142486 4.35297435736421
 H -2.86566788843425 1.78905932170470 -7.35540063663128
 H 2.57340261446006 10.38774515879228 3.95745363196002
 H 1.66032157448348 9.23054188350069 4.85859476669150
$end
$temperature
298.15
$end
$mult
 1
$end
$sigma
 1
$end
$pressure
1.00000
$end
$scale
1.00
$end
$msrrho
$end
$freq
4.88
6.21
15.52
16.37
21.29
28.84
44.37
50.72
55.90
68.57
72.47
104.34
106.60
110.94
135.53
140.40
146.86
156.60
172.77
201.17
238.09
248.66
261.34
278.60
306.78
313.25
317.55
345.19
352.59
373.66
377.99
393.43
399.81
412.21
419.55
446.11
482.48
482.96
490.33
495.01
526.50
536.66
541.01
559.82
564.15
579.29
581.90
589.95
596.62
608.37
634.85
642.33
645.39
651.55
661.07
674.41
691.17
697.55
703.95
709.55
730.32
737.68
767.77
804.04
811.52
837.56
852.60
860.47
871.88
879.02
906.92
910.73
920.42
938.26
968.63
972.48
993.92
997.52
1010.24
1072.94
1089.74
1099.88
1114.57
1119.77
1122.01
1142.35
1147.78
1159.61
1162.72
1175.69
1178.07
1184.73
1202.77
1207.23
1232.27
1238.57
1247.76
1248.60
1255.63
1264.63
1274.96
1279.19
1296.89
1308.16
1319.74
1328.35
1333.39
1340.02
1359.08
1380.91
1390.68
1413.39
1429.48
1434.82
1446.53
1453.18
1465.20
1468.80
1501.20
1515.17
1553.59
1565.38
1602.80
1609.75
1729.92
1752.60
1793.26
1808.28
2931.54
2965.00
2972.38
2977.12
2997.89
3008.36
3016.89
3038.39
3060.58
3082.33
3093.74
3121.86
3377.49
3378.32
3424.35
3439.90
3448.50
3483.25
3549.74
$end
