
$molecule
 O -1.75349128086863 2.94160870097711 -4.38654413748432
 O 1.27390858110818 1.28625373281706 -1.99750028998752
 O -0.57690161256980 4.57219048175783 -5.35202374023805
 O 0.60166299625896 6.99010771350240 0.24271731339058
 O -0.62114061006654 5.17590500265294 -0.16012171956719
 O 7.06525876930228 3.81807563691288 -4.65537445440399
 N 0.06200689601712 3.14924342768049 -2.25198623666362
 N 2.55418140041545 2.63668018769242 -8.12781490329035
 N 5.60271321375904 2.94430858269646 -6.94665348029226
 N 6.25992124090494 0.42383885588729 -7.92063420814137
 N 8.16974874896948 1.84692610077784 -4.67396762774590
 N 7.82587161880622 0.14463716645821 -6.25455138103408
 N 9.40367937049066 -0.12127434425548 -4.63236396348161
 C -0.46585287350493 4.30161442097591 -2.94297624208424
 C 0.48456863585310 5.51351705223408 -2.95262790501295
 C 1.22873288219047 5.69698612893390 -1.62695848653661
 C 0.90488184549481 2.19394144116976 -2.71576276356587
 C 1.33701024497219 2.33623367839277 -4.13939916467423
 C -0.89244664135884 3.96124220328730 -4.36822176876901
 C 2.20795757815663 2.52834435021731 -6.79537078253419
 C 3.81436948903353 3.21356622745764 -8.54923724374408
 C 2.36544853854912 3.20290789225796 -4.48946115600904
 C 0.77916391976530 1.52757239028736 -5.12423319769831
 C 2.79298205567912 3.30943764945562 -5.79707791548333
 C 1.20205714106940 1.62776136178287 -6.43168938380331
 C 0.29512543693021 5.89698014442144 -0.45993894589615
 C 4.97518174753577 2.43146464120897 -7.98857657680697
 C 6.54552279434722 2.21027899522318 -6.36335180267377
 C 5.32470916649390 1.16067974812678 -8.47078941005789
 C 6.88278248264011 0.92131454214442 -6.84361510473132
 C 7.23183861427042 2.74794248186962 -5.18645770864134
 C 8.42950781483202 0.61380270995644 -5.21091282646911
 H -1.38576770199138 4.57356381791184 -2.41125821011710
 H 1.21197538474307 5.38449038694645 -3.75419186901634
 H -0.10093991530389 6.40514834757921 -3.18027907431187
 H 1.89743923262573 6.55478407152015 -1.68746056544133
 H 1.82148615142099 4.80207015358625 -1.42086942344687
 H -0.20343950005014 3.06886456292976 -1.27837644932571
 H 3.87519239473974 4.24478194036863 -8.19544910818417
 H 3.83797490904940 3.20982809137777 -9.64121788528873
 H 2.86181996486735 3.78548661362039 -3.72706669694626
 H 0.00938810706476 0.81850214050438 -4.85533163752991
 H 2.24020034574328 1.85896362110650 -8.69091892691082
 H 3.59888452170028 3.98499846449696 -6.02831573059537
 H 0.75693862815313 0.99880200692794 -7.19107320223197
 H 4.83574372182659 0.73348612473639 -9.33796240196569
 H -2.01403056165497 2.73534774862428 -5.29829300173630
 H 8.68012869330544 2.16480093378958 -3.85772377234728
 H 0.00262698378749 7.09556667688501 0.99950637029226
 H 9.50488019224666 -1.06310702085903 -4.96921269880035
 H 9.73386924227706 0.09666301294322 -3.70898350198721
$end
$temperature
298.15
$end
$mult
 1
$end
$sigma
 1
$end
$pressure
1.00000
$end
$scale
1.00
$end
$msrrho
$end
$freq
6.95
12.08
16.54
19.74
23.91
31.52
41.31
46.29
53.76
84.15
92.74
105.03
114.66
122.44
135.78
141.60
147.44
171.31
175.64
207.75
217.20
241.99
260.25
275.41
287.93
297.94
313.56
331.80
354.39
369.08
383.60
385.14
401.79
423.03
447.07
451.81
481.79
484.23
490.43
496.45
504.86
527.43
546.78
554.69
564.09
573.42
582.72
596.61
598.14
625.93
632.77
641.92
643.41
651.37
660.68
681.89
691.16
695.20
701.97
713.12
729.73
743.96
767.98
800.48
810.55
834.62
852.56
856.60
860.85
880.81
912.13
926.55
934.02
938.17
970.68
993.12
999.55
1008.09
1013.59
1072.65
1074.12
1097.89
1114.47
1119.91
1121.22
1129.39
1143.70
1153.13
1162.96
1175.26
1179.16
1189.89
1207.38
1214.23
1232.17
1233.35
1247.55
1256.14
1264.18
1275.12
1278.52
1284.38
1300.48
1309.89
1313.37
1332.68
1336.11
1341.75
1357.80
1382.22
1396.23
1412.73
1429.04
1436.44
1445.29
1451.88
1468.08
1477.45
1502.93
1513.84
1552.36
1566.76
1604.88
1610.75
1725.59
1750.56
1781.17
1793.61
2924.61
2969.93
2975.04
2984.73
2999.43
3013.06
3021.04
3038.80
3057.29
3079.34
3082.23
3127.55
3377.56
3401.88
3421.98
3437.15
3444.43
3483.97
3550.84
$end
