
$molecule
 O -4.11138566430039 -2.26028393990995 -4.69301973972073
 O -3.39413751460087 -0.79007495209206 -0.81527183277241
 O -2.24947626455357 -2.88554731758111 -5.74501457791712
 O -2.72408232346500 -7.19793345566636 -4.41112492905014
 O -0.64422335033169 -7.61512591331700 -3.73462637835641
 O 3.77047946333739 5.40634081003946 -1.36400977322781
 N -3.05788410835839 -2.43951294293409 -2.28951541743364
 N 2.98022797418434 -0.88719004934183 -0.73101881093599
 N 3.69199760581614 2.55217231357985 -1.52589387781190
 N 3.69822209856821 1.48378671795723 -4.09382255779694
 N 3.79426091208491 5.48117802086917 -3.62127896963361
 N 3.76477438840790 3.59318691526502 -5.01636221185397
 N 3.77511535558374 5.67686205535248 -5.93621609823192
 C -2.32884222203466 -3.09069942440515 -3.34311378088766
 C -2.40693410901877 -4.62905356010103 -3.20469969955456
 C -1.32931782029549 -5.32372345086596 -4.03686566386086
 C -2.60385895616589 -1.47713478818353 -1.43159228825083
 C -1.13331552478910 -1.35138986037085 -1.27110258750593
 C -2.86316911335588 -2.72679499187652 -4.72427731851728
 C 1.62265418207558 -1.00888259992359 -0.87577829052230
 C 3.64235536911068 0.37070467916164 -0.49701495197118
 C -0.56766021998564 -0.07948503562280 -1.24814895042016
 C -0.30587918210292 -2.45304581720600 -1.05950170265347
 C 0.78760307578059 0.09589716479113 -1.06850428418025
 C 1.04622363030191 -2.28451427276159 -0.86173383378601
 C -1.49553963773962 -6.82272969744596 -4.03110137579887
 C 3.66378565639924 1.24820728611999 -1.72353986679854
 C 3.72716642164300 3.34258057197592 -2.59609841015907
 C 3.66648758483474 0.72371986300973 -3.02626816642196
 C 3.72904484642670 2.81050768713473 -3.90860313727483
 C 3.76227216098031 4.79449329170488 -2.40318688305374
 C 3.78933723044258 4.87570947681777 -4.85021116406863
 H -1.28037928436230 -2.77867999763613 -3.29855953989292
 H -2.28047726540355 -4.87960339088875 -2.14993828635264
 H -3.39456394292199 -4.97409220262128 -3.51576706826257
 H -0.33486938884692 -5.08673919125517 -3.65790280360918
 H -1.39801076407560 -4.98316157068921 -5.07287809027629
 H -4.06638069929928 -2.46964796774637 -2.37292799767132
 H 4.67700152703925 0.16509923321224 -0.20760590658334
 H 3.17746908342187 0.94104650570604 0.31857244147757
 H -1.21102411568856 0.77731990664222 -1.37922383773662
 H -0.72785265071131 -3.44575585774212 -1.01083407801323
 H 3.46566760792063 -1.72014630967388 -0.44190169424948
 H 1.19734420428634 1.09309990432963 -1.06915853136303
 H 1.67612150788448 -3.14554266428837 -0.68619176896967
 H 3.63596627970505 -0.34375082536901 -3.19847209316531
 H -4.42370626490811 -2.05650643926758 -5.58902003449289
 H 3.80395804111888 6.49244718519364 -3.55067440258560
 H -2.79527755307999 -8.16537188368671 -4.41212153139539
 H 3.86370208332070 5.22279108752824 -6.82819304264183
 H 3.98051164974661 6.65699069409936 -5.86466720376612
$end
$temperature
298.15
$end
$mult
 1
$end
$sigma
 1
$end
$pressure
1.00000
$end
$scale
1.00
$end
$msrrho
$end
$freq
7.68
11.89
14.89
16.33
22.46
29.24
38.64
44.93
51.04
57.71
69.66
86.95
114.87
122.20
124.09
135.21
137.71
156.90
171.57
201.90
216.28
233.46
240.09
254.46
271.62
282.64
310.56
322.88
332.03
345.80
354.54
374.13
390.16
402.66
422.06
429.14
440.43
468.48
479.04
486.09
501.59
530.87
542.31
558.32
567.76
574.07
580.04
592.73
600.79
613.84
626.53
632.58
638.48
646.19
660.47
678.85
686.03
688.90
707.49
720.85
725.11
733.56
763.75
787.51
808.14
835.54
853.35
857.24
870.70
875.03
906.39
909.21
922.14
935.81
966.03
989.11
1006.50
1014.63
1041.54
1071.57
1071.77
1099.21
1115.26
1117.21
1124.60
1141.16
1146.82
1158.07
1160.32
1177.95
1194.52
1200.91
1217.43
1226.70
1228.59
1241.36
1244.80
1248.14
1259.39
1264.50
1270.87
1277.41
1288.68
1299.26
1309.85
1334.85
1335.63
1346.62
1357.26
1385.76
1391.94
1410.78
1430.41
1440.65
1445.89
1446.39
1467.85
1481.86
1510.82
1515.40
1554.51
1562.99
1604.26
1611.91
1715.45
1752.05
1787.07
1798.55
2897.66
2949.70
2956.30
2975.56
2985.89
2997.03
3014.47
3060.27
3065.72
3089.01
3094.75
3111.55
3378.03
3414.22
3442.26
3452.02
3468.84
3489.93
3558.31
$end
