
$molecule
 O 0.90176196529627 -7.36727760963442 -5.45324741640280
 O 2.33700162930977 -9.38240817503664 -1.51025746695196
 O 0.41272448337672 -9.09748407639849 -6.77024360552102
 O -2.61702388039268 -8.93136945708252 -6.70192896166552
 O -1.73339580301312 -6.91694855329950 -6.72671584079493
 O -2.21896404295812 -11.43702423497746 -5.90513888274678
 N 1.07406544971903 -8.97395776890867 -3.31964870019421
 N -0.43294502364443 -15.03661194223032 -3.18542758397847
 N -0.75773794606458 -13.87649948677648 -5.63105214686246
 N 0.81636031892607 -14.59333267923652 -7.80786571893610
 N -1.17849046179995 -11.10533419663239 -7.87894310457137
 N 0.38655104425060 -12.57410823841090 -8.82939018246844
 N -0.05770825607657 -10.56113664221691 -9.82427840907188
 C 0.19501854575755 -9.37160667380149 -4.38954982648327
 C -1.30449184210360 -9.18811796205020 -4.01090515231152
 C -1.97356970447402 -7.93289779984210 -4.57531786620836
 C 1.58821131190982 -9.79974126559017 -2.36519952434497
 C 1.12469909388604 -11.21704879899621 -2.48972393308151
 C 0.51822715140266 -8.61557520722652 -5.67034877790952
 C 0.11679721584093 -13.78917815042428 -2.95232436212296
 C -0.03117119695716 -15.79580515475459 -4.34549393017464
 C 1.86728517254661 -12.14840150563344 -3.20385194039850
 C -0.09425657757524 -11.60571057007621 -1.94385261675472
 C 1.37689450588020 -13.41996946406338 -3.42792027700696
 C -0.58967569500240 -12.87031202474993 -2.17165160128511
 C -2.08034044647552 -7.87828254336937 -6.09112784024810
 C -0.04519698261955 -14.98445328365591 -5.62088579092063
 C -0.68142707990399 -13.09476061249858 -6.70796500338138
 C 0.70444719486184 -15.35753199293759 -6.75226448494899
 C 0.16913945221815 -13.41757341850487 -7.79643742949932
 C -1.43473802538115 -11.84976837205588 -6.75233594474364
 C -0.24851501989505 -11.44280838080237 -8.82590493903055
 H 0.36063424313718 -10.43603794293882 -4.59082554913409
 H -1.84703707582149 -10.08326323262973 -4.31545040540394
 H -1.35272272468854 -9.13627808431976 -2.92267116070236
 H -1.44632395977205 -7.03338601737146 -4.25212849892467
 H -2.99549179376719 -7.88265467987357 -4.18756621395478
 H 1.32387774187543 -7.99601694669081 -3.26138629535023
 H -0.70543165893319 -16.65127013330989 -4.44640649052268
 H 0.97880822960198 -16.19335795340574 -4.19229920295480
 H 2.83030003758131 -11.86779099262298 -3.60544881952709
 H -0.66086428539094 -10.90722311574002 -1.34582621648061
 H -1.42979333866426 -15.04756058865358 -3.02197574475724
 H 1.97287165718689 -14.11575819293004 -3.99789047769810
 H -1.54962367258673 -13.15342403479538 -1.76485185095281
 H 1.22877981284445 -16.30418041786934 -6.78923387816914
 H 0.98520773541687 -6.87299188812898 -6.28570540213166
 H -1.62033492486875 -10.18766273154569 -7.92338665030269
 H -2.68362129579526 -9.76258665030492 -6.15826309915477
 H -0.31285243856449 -9.59879665094111 -9.67624427530239
 H 0.70951516046709 -10.75746150423177 -10.44491750761170
$end
$temperature
298.15
$end
$mult
 1
$end
$sigma
 1
$end
$pressure
1.00000
$end
$scale
1.00
$end
$msrrho
$end
$freq
19.08
20.40
32.00
45.47
52.75
66.62
77.28
90.57
91.58
100.03
119.13
127.75
132.05
145.01
149.51
160.22
166.06
179.30
190.33
193.22
221.28
239.44
265.85
297.97
318.64
334.58
351.62
368.25
373.62
376.07
392.41
407.15
409.84
415.56
439.34
450.54
462.21
488.30
498.03
516.49
524.14
549.84
559.55
565.37
572.59
579.62
594.33
596.44
614.87
632.84
635.29
649.31
654.01
656.72
673.12
690.27
699.51
711.59
718.07
725.05
728.88
757.90
761.71
807.21
831.63
840.32
855.12
868.47
877.29
882.27
898.45
903.56
916.46
955.39
971.42
981.98
1001.00
1007.91
1010.18
1087.40
1094.87
1109.31
1112.61
1131.61
1135.52
1144.56
1156.19
1168.58
1171.55
1185.26
1196.53
1200.47
1201.28
1205.67
1236.68
1248.38
1260.78
1267.66
1268.89
1272.51
1278.60
1285.89
1296.97
1306.82
1317.94
1337.09
1338.18
1342.95
1359.28
1378.79
1384.95
1415.08
1429.66
1447.61
1452.48
1452.87
1470.60
1473.39
1501.25
1510.59
1553.68
1567.88
1606.39
1612.21
1678.32
1747.59
1766.99
1775.54
2922.86
2930.85
2942.46
2956.51
2960.34
2996.47
3004.13
3019.12
3045.94
3072.81
3079.06
3085.48
3097.21
3285.30
3423.21
3426.50
3429.06
3468.66
3535.25
$end
