
$molecule
 O -1.57202312731371 0.81210032106031 -5.37370971435437
 O 0.52718478018719 1.98984182966238 -0.22362510462207
 O -0.90131172049790 -0.36900990469821 -3.60704183130218
 O 0.09244038213507 1.75048625270530 -7.96248778272231
 O 1.03014487486522 0.29742200971438 -6.55723858611388
 O 4.84989127505637 -3.82004072315949 0.58453829425911
 N -0.23366245384505 2.05658140443101 -2.30656979517808
 N 5.66542871069949 -0.56538326005581 -2.98288884346723
 N 6.22022092218512 -1.55471853130904 -0.48389915635602
 N 7.44760549046851 0.11036653768515 1.37141631500317
 N 5.31799465074496 -3.05504570136169 2.65904752577117
 N 6.61412785185375 -1.14955292294928 3.11152658411458
 N 5.81838841804792 -2.41103617936580 4.83483729490221
 C -0.31326262021744 1.98776626311864 -3.74777258223621
 C 1.03324471196757 2.24397705526754 -4.44837406571495
 C 0.86615723940047 2.62325946426290 -5.91724406551674
 C 0.73313048222789 1.73705549614564 -1.39601963201556
 C 2.01119645990331 1.13784640978537 -1.85688445184656
 C -0.92999128565986 0.66565017086374 -4.20747143187971
 C 4.47893527369168 -0.00047189844391 -2.55030328814025
 C 6.91545205270177 -0.20961198708604 -2.35198869714531
 C 3.20348423777832 1.78387670137355 -1.55082871045792
 C 2.06308376692231 -0.10574622324626 -2.48329741043094
 C 4.42006358714669 1.23627952843325 -1.90470111845492
 C 3.27685887998265 -0.66293034146328 -2.81982457434262
 C 0.67734475501973 1.41742824620146 -6.80612665079499
 C 6.90089363155744 -0.49096744542505 -0.86800272028221
 C 6.12944767227792 -1.80038508932748 0.81853634808146
 C 7.52870442757377 0.32984815166806 0.08085862190993
 C 6.73217417219881 -0.94765471427884 1.77503370657072
 C 5.37815400081615 -2.97589017003687 1.26488960016786
 C 5.92117846914714 -2.16640895420166 3.50962511010647
 H -1.00903950857732 2.77599862224125 -4.06633479371420
 H 1.52837934074927 3.05468853650891 -3.91268079379517
 H 1.66341777139817 1.35656712674883 -4.38904126423643
 H 1.77714718125293 3.11586313548919 -6.26721466286139
 H 0.03439422166334 3.30893001924508 -6.08025583399419
 H -1.08054066494091 2.36958443587599 -1.84921236736615
 H 7.13358889919283 0.84735997136369 -2.52970561696361
 H 7.70801000681370 -0.79772499141547 -2.82512438570843
 H 3.17139786444356 2.73026937085808 -1.03094542858145
 H 1.15023806926091 -0.64248972241524 -2.68754374815978
 H 5.57670305767546 -1.56041958218135 -3.13868566205471
 H 5.32360506998504 1.77204115035171 -1.65845241739153
 H 3.30738931615633 -1.63359671677814 -3.29232665907219
 H 8.11219855924783 1.19166580712490 -0.21852128421323
 H -1.92796244918271 -0.04320422667900 -5.66544707293372
 H 4.80566363467099 -3.84738567043003 3.02981391974047
 H 0.00882998764875 0.97441737540715 -8.53883973849412
 H 6.16570456391659 -1.68868254145171 5.44205402305934
 H 5.11060010963067 -3.03109789588219 5.18714259922425
$end
$temperature
298.15
$end
$mult
 1
$end
$sigma
 1
$end
$pressure
1.00000
$end
$scale
1.00
$end
$msrrho
$end
$freq
5.35
9.42
14.50
15.71
30.76
36.64
42.74
46.25
56.32
60.97
84.83
98.89
113.88
122.34
130.67
136.17
148.22
163.86
177.10
209.54
237.27
245.55
269.00
274.93
281.97
310.81
313.20
317.94
347.06
353.11
370.41
376.57
395.70
410.43
431.06
448.08
476.34
480.98
491.75
497.62
516.93
518.58
553.78
568.87
570.46
589.14
594.94
601.34
605.35
607.70
623.38
641.65
649.57
658.47
663.73
677.13
678.61
688.73
704.38
711.08
718.33
761.40
764.64
789.65
808.62
833.20
856.89
860.90
864.83
877.70
893.16
903.44
931.95
945.98
976.33
995.04
998.48
1005.15
1030.68
1072.94
1085.01
1089.42
1109.29
1117.16
1119.47
1130.51
1146.28
1154.02
1164.21
1175.60
1188.42
1190.89
1208.89
1210.27
1216.04
1219.81
1242.63
1263.67
1271.87
1278.18
1282.04
1289.33
1303.48
1323.49
1329.92
1332.05
1340.49
1344.08
1358.64
1382.11
1398.39
1413.84
1428.11
1431.33
1443.52
1456.21
1463.52
1468.27
1500.34
1513.39
1554.34
1565.89
1602.57
1610.74
1703.27
1751.89
1796.47
1812.00
2894.65
2943.50
2959.23
2966.34
2997.33
3002.70
3018.97
3042.46
3080.97
3083.25
3096.99
3117.17
3377.65
3408.09
3422.32
3432.75
3447.62
3481.91
3548.12
$end
