
$molecule
 O -1.38165168150845 1.59531464418189 -2.75626599554676
 O 2.89874167265017 0.18509274547791 -0.29874492949559
 O -0.21167411497445 0.87974411328578 -1.01934427341550
 O 3.74495424505615 0.13126741944300 -4.46436731493551
 O 3.52135417092408 -0.32030652726383 -6.61147750213383
 O 1.11455496995890 -11.37633004899373 -3.00904450244541
 N 2.19057194996749 0.90158269013550 -2.31123886907144
 N 0.19806294796079 -5.25123909004640 -2.25551419620812
 N 0.33179149164149 -8.63132228643684 -3.18515552779860
 N -2.34037547686109 -8.17202479540266 -3.81057304833541
 N -1.00591023410667 -11.95999990873879 -3.52359201264659
 N -2.74650670170908 -10.43573949032406 -3.92148197318871
 N -3.16692424579841 -12.67281441746669 -3.99026430349830
 C 0.98812617233777 1.15839900213850 -3.09255790209460
 C 0.79049462887239 0.18099613228662 -4.26833962941977
 C 1.58744892176478 0.55039277980164 -5.52577754027052
 C 2.27478985932306 -0.07555084410402 -1.29607129382785
 C 1.71615189750763 -1.41890371371729 -1.58855837869102
 C -0.25069284888783 1.17992429227572 -2.17237599278098
 C 0.75622636919819 -4.01895079117100 -2.02693009983984
 C 0.81267751805885 -6.26935564495817 -3.07609239581021
 C 2.28140683666289 -2.22904786709611 -2.57090810763700
 C 0.69843463815531 -1.93919167980112 -0.79261773542243
 C 1.81283880163376 -3.51021815974654 -2.78721089465036
 C 0.21686570162666 -3.20788035369235 -1.01961956852342
 C 3.03816135378851 0.06743069184466 -5.58541531232503
 C -0.14288294073619 -7.40583200545763 -3.29570350945816
 C -0.50752989102929 -9.64359377410454 -3.38939321495050
 C -1.49505125311776 -7.19021392684440 -3.61070687561345
 C -1.87040866570182 -9.42318379056208 -3.70748809094786
 C -0.00416185364096 -11.01527761793401 -3.27574902764172
 C -2.30528487222800 -11.64854000198882 -3.82412505369265
 H 1.08719103154667 2.17555220924712 -3.50038435053521
 H 1.04576445615112 -0.82842336828159 -3.94326380874670
 H -0.26857204022219 0.16484241424971 -4.53867310116696
 H 1.61246044244932 1.63622621050691 -5.66198079277561
 H 1.09742443881805 0.12827397234231 -6.40443137218974
 H 2.60778722850519 1.75542140499610 -1.94924228316254
 H 1.73670337037694 -6.67304694156255 -2.63815179145908
 H 1.05746382624377 -5.83203697946011 -4.05068726224571
 H 3.12324354314539 -1.87699788895506 -3.14908875720758
 H 0.27938476206772 -1.32727387905407 -0.01005523501558
 H -0.36578140474002 -5.60669366728707 -1.49704652130448
 H 2.28676357156001 -4.11558749715885 -3.54274739256277
 H -0.58403977294044 -3.59569483980595 -0.40663783562934
 H -1.89291887092655 -6.18788094204882 -3.70115061999362
 H -1.27336850645183 1.84339000551962 -3.68463391399084
 H -0.71773804517885 -12.92909236525130 -3.44839909949129
 H 3.23158837115144 0.42658667432835 -3.67331629368172
 H -2.84245194387602 -13.61645019512759 -4.10100193873765
 H -4.09338982442630 -12.43460110222606 -4.29782855772764
$end
$temperature
298.15
$end
$mult
 1
$end
$sigma
 1
$end
$pressure
1.00000
$end
$scale
1.00
$end
$msrrho
$end
$freq
8.35
11.93
16.50
25.02
32.17
37.33
43.60
63.52
75.97
85.50
94.65
102.93
111.78
118.95
135.00
139.01
157.43
174.42
190.17
197.97
202.44
225.78
238.15
263.53
270.37
292.40
311.07
329.12
341.87
358.42
377.13
399.71
403.17
430.60
438.91
452.84
458.40
478.77
480.95
487.74
487.83
510.61
534.58
547.32
553.06
562.18
579.18
585.50
599.61
620.52
639.93
640.72
649.41
655.21
660.26
688.39
691.43
698.06
725.31
736.68
742.95
765.76
801.61
816.07
829.95
848.79
854.57
855.40
868.01
883.37
912.08
928.97
936.56
937.72
949.40
968.40
994.52
997.69
1021.37
1071.76
1072.58
1089.49
1095.85
1115.00
1120.81
1138.25
1140.37
1154.97
1157.59
1168.64
1175.11
1193.89
1204.39
1217.48
1229.85
1231.76
1244.90
1248.86
1261.07
1269.46
1270.64
1279.43
1310.30
1320.16
1328.03
1335.70
1342.23
1344.67
1359.06
1359.73
1385.15
1411.35
1430.59
1445.46
1451.94
1457.35
1468.72
1472.90
1505.22
1516.62
1554.63
1558.25
1602.19
1610.69
1749.10
1753.79
1787.89
1817.32
2878.68
2884.49
2930.96
2951.13
2967.24
3010.18
3012.26
3018.12
3054.98
3075.27
3089.14
3109.60
3114.49
3354.93
3377.58
3430.04
3474.10
3489.83
3558.10
$end
