
$molecule
 O 3.79297456215405 8.78585293648068 -5.30361929979859
 O 7.77093779183561 8.77601371354436 -3.73023673773088
 O 3.05315595499962 6.85751979844952 -4.49627435617719
 O 8.10156665693808 6.10475848834779 -3.80112701965884
 O 7.33875114093049 4.24807624773220 -2.88783132156113
 O 5.03633236682062 18.14746300928671 0.09555994469961
 N 5.56227763975826 8.95172500844201 -3.29458417965220
 N 7.75852337223821 14.53065867314865 -1.07069264336410
 N 7.60428069960575 16.93199486614082 -0.09324012722693
 N 9.74739790309737 18.45002468430567 0.80827422532836
 N 6.02270260696791 19.97945581018791 0.98473160971371
 N 8.33391664227080 20.18771907069486 1.35683874164106
 N 6.94738094923964 21.91722896581196 1.86932362827499
 C 5.22575861306293 7.61682494937129 -3.75569768910163
 C 5.13625120711435 6.59813710343763 -2.61534742128621
 C 6.49869078906841 6.29329210322650 -1.98051097936438
 C 6.84052015066806 9.43350724727952 -3.27161927349781
 C 7.02424417177583 10.77249887777660 -2.70392787914259
 C 3.90770104459435 7.68922442613967 -4.54374856285906
 C 7.55050653579632 13.30833711525446 -1.60527972239399
 C 9.02771816296095 15.07775832588488 -0.68908146138296
 C 8.32787387258781 11.16644373995740 -2.38694921645053
 C 5.98434339434827 11.68237139976486 -2.47828639655934
 C 8.59332863068723 12.39953442451865 -1.84410071577846
 C 6.24238027921794 12.91987984769251 -1.94515167246446
 C 7.35492654200928 5.44802186902914 -2.92257199680610
 C 8.83589880652811 16.46198241770161 -0.13554529487016
 C 7.41620070904409 18.15611615271701 0.39397671299942
 C 9.90910285416834 17.24360438266865 0.32541007017458
 C 8.49954259683343 18.94078219509249 0.85580697297798
 C 6.05448913863782 18.69085733502379 0.44840732443171
 C 7.13158972437466 20.66747879304081 1.40547413450857
 H 6.00347002066074 7.31180443993281 -4.46951525329371
 H 4.45647208065721 6.98551406137265 -1.85218028183892
 H 4.70153743038588 5.67867953818199 -3.00976544759855
 H 6.33807165328415 5.70675274252719 -1.07558751271043
 H 7.01596169014094 7.21733149567427 -1.71441044322739
 H 4.87893038055307 9.39545598832382 -2.69991452381584
 H 9.71158847174524 15.13173881204063 -1.55011920937382
 H 9.51349652475621 14.45375494640819 0.07659603098610
 H 9.13016992749842 10.46929968143251 -2.57626842606426
 H 4.96500540276434 11.44224760072988 -2.74637307891801
 H 6.97579174894136 15.15386866645860 -0.92067053343610
 H 9.60998784976627 12.66683722186712 -1.60423142787928
 H 5.43559114667153 13.61927805227032 -1.78282753264487
 H 10.92562639100614 16.87258543870123 0.29878509550151
 H 4.57803918386721 9.35237941966418 -5.23511818009443
 H 5.10535042537861 20.40769685155292 1.03965382881065
 H 8.04073208198354 7.09262661508885 -3.74829495844385
 H 6.03204239351368 22.29045569218566 2.04265368186332
 H 7.75458568609604 22.39176175744258 2.23311377454280
$end
$temperature
298.15
$end
$mult
 1
$end
$sigma
 1
$end
$pressure
1.00000
$end
$scale
1.00
$end
$msrrho
$end
$freq
7.02
14.75
19.93
26.36
34.27
39.08
51.09
54.82
64.94
79.20
94.21
103.91
111.86
114.63
132.56
138.17
152.19
161.45
163.65
188.37
193.07
201.75
223.95
273.10
278.72
312.99
324.95
333.41
352.30
356.14
377.27
402.23
404.95
434.39
438.97
452.73
458.69
468.94
484.87
488.43
489.63
505.93
511.28
516.08
550.51
567.23
578.01
587.82
599.07
609.34
629.12
640.13
641.74
648.63
659.78
685.81
687.67
700.98
710.68
722.63
761.69
802.93
807.79
820.18
827.76
847.35
866.82
874.33
875.85
891.41
905.95
919.46
945.18
946.76
961.62
979.28
998.73
1007.19
1022.31
1069.57
1074.75
1101.05
1108.00
1121.14
1121.62
1138.90
1149.33
1163.36
1163.81
1167.54
1176.82
1190.34
1193.13
1211.93
1212.98
1223.70
1233.43
1244.99
1249.10
1267.14
1273.45
1275.08
1285.57
1303.05
1320.85
1334.94
1348.76
1353.79
1360.40
1392.61
1408.61
1410.78
1442.04
1444.69
1458.05
1467.04
1468.92
1472.59
1513.71
1531.94
1547.11
1557.33
1600.85
1610.73
1656.02
1748.56
1780.60
1816.06
2841.74
2882.40
2912.42
2971.95
2981.49
3005.80
3010.45
3013.38
3051.04
3063.99
3086.94
3094.89
3107.28
3377.38
3387.82
3414.65
3447.38
3492.98
3562.35
$end
