
$molecule
 O 0.45108387079806 -0.88369229315913 1.25180464117458
 O 0.62736251638749 2.40029112104165 3.28629482626640
 O 0.47304043419279 -0.42660069702596 -0.92805461654321
 O 4.41977170658881 -1.37333120397757 3.88934102593090
 O 4.40781797321112 0.70147782808509 3.08012368942877
 O -4.64905309313041 4.20318503012452 -5.41250863188981
 N 1.88189825865490 1.45120390360078 1.69129280118216
 N -3.68697144670653 1.90498253984857 -1.40151862687919
 N -5.48317644506114 2.66616228211937 -3.15931458672470
 N -8.16836944474031 1.95586278286248 -3.09428079958249
 N -6.77086925350397 4.12286006353725 -6.18953897182991
 N -8.54235066248330 3.03224161198288 -5.09898645432921
 N -8.90610917375335 4.05320042580656 -7.10199871052103
 C 2.07857413374726 0.69563968843809 0.48073617238714
 C 3.36881316741562 -0.14335364456649 0.56368623666595
 C 3.43199734354649 -1.08019239494824 1.77287154456042
 C 0.70938278970566 1.95669639558114 2.15753343111312
 C -0.43640348579866 1.93686420344647 1.20635217938947
 C 0.90281942487248 -0.22926161531786 0.17538069388393
 C -2.65109550610223 1.93598541118052 -0.51603471153487
 C -5.03528437172270 1.55505767273634 -1.06114352965721
 C -1.64509405513431 1.37314724282171 1.60190645374072
 C -0.35895278591445 2.53880273191646 -0.04865716455678
 C -2.73223302147142 1.35280609011974 0.75381053330245
 C -1.44530407122652 2.54302850806293 -0.89166253574411
 C 4.13072997580243 -0.46294798514159 2.95793779997794
 C -5.97420861647972 1.95675955868660 -2.16191178919524
 C -6.31083196377852 3.03147949694336 -4.13606690040805
 C -7.33615989231800 1.60797283114318 -2.14476535973216
 C -7.67922504820176 2.67415965277480 -4.11647716986881
 C -5.78143205644155 3.81975529484169 -5.25034044628496
 C -8.07838531401801 3.72527905602942 -6.08862993202822
 H 2.17496275944847 1.35650946766421 -0.39416573207752
 H 3.44856923517588 -0.72049364346545 -0.35837259177963
 H 4.21244198962691 0.54852854297974 0.60804253608761
 H 3.95476678510058 -2.00558636412353 1.52789877016428
 H 2.42808012920718 -1.35338101760319 2.10549423845862
 H 2.67328605885252 1.51694135191866 2.32123778728719
 H -5.35894974599680 2.05360999179873 -0.13210780659245
 H -5.12716859257851 0.47063921159299 -0.89689685340769
 H -1.71710465526580 0.93379838996905 2.58627240399540
 H 0.55188338518592 3.03324531437275 -0.35273447940019
 H -3.60636290334065 2.45452940376564 -2.24626337273553
 H -3.64912587286002 0.88561507599945 1.07931654152637
 H -1.37971390738466 3.01667121034631 -1.85996019462682
 H -7.75585102325539 1.02899994379265 -1.33191319719996
 H -0.30794662148260 -1.43825809683115 1.01120123770914
 H -6.46057828128910 4.65686221046418 -6.99349549303136
 H 4.83928774061745 -0.95469315586661 4.65804172244120
 H -8.64454042779438 4.73527796841840 -7.79077089833621
 H -9.87879193893482 3.83568160522207 -6.97430071016418
$end
$temperature
298.15
$end
$mult
 1
$end
$sigma
 1
$end
$pressure
1.00000
$end
$scale
1.00
$end
$msrrho
$end
$freq
8.78
13.98
17.71
25.29
28.48
40.00
47.23
52.94
68.19
73.03
90.69
94.66
105.38
115.72
136.78
138.44
143.98
159.78
181.27
184.65
194.81
211.34
239.84
240.54
266.39
281.69
307.22
315.21
344.40
352.89
377.41
392.47
404.45
427.56
445.88
450.32
467.07
478.25
483.44
488.86
502.40
515.24
521.75
547.61
556.28
575.62
591.29
597.95
604.29
613.60
627.73
639.20
647.24
654.41
659.84
671.72
676.15
685.63
707.32
709.86
720.93
746.28
761.43
802.64
828.27
845.33
853.66
865.02
873.63
880.82
905.39
916.09
923.03
949.67
960.77
962.05
1000.61
1005.97
1007.59
1070.87
1101.36
1108.35
1120.31
1124.06
1134.89
1138.43
1147.02
1152.14
1163.74
1169.24
1174.31
1191.42
1207.49
1212.99
1225.17
1237.24
1244.75
1253.32
1257.22
1272.96
1279.62
1289.63
1308.07
1321.33
1324.64
1342.87
1344.90
1349.36
1358.05
1375.99
1392.91
1410.21
1419.00
1430.08
1443.39
1459.44
1461.11
1467.71
1512.17
1519.27
1555.57
1559.00
1605.34
1611.54
1720.18
1749.64
1786.40
1788.94
2821.12
2870.35
2873.70
2980.82
2986.00
2998.36
3005.22
3048.19
3076.06
3080.63
3088.47
3093.23
3377.82
3378.41
3405.88
3443.13
3443.61
3489.50
3557.73
$end
