
$molecule
 O -1.56065839786730 2.27138546850890 -1.48096958291728
 O 1.05485928591839 4.94137866314634 -0.06879671451627
 O -1.04733607628532 0.27416541332759 -2.27818594256320
 O 2.67990726927664 -1.43891951551046 -3.62933289493354
 O 3.48900805536650 0.30834233197518 -2.54485995443899
 O 6.82887791358889 6.85240022758985 -3.15434332489710
 N 0.84262145233431 2.77255125704600 -0.54317825286587
 N 3.41411750788084 4.98106203937353 -6.01255505669374
 N 4.72954180461305 7.15258162198280 -5.06508807361391
 N 3.69219751003470 9.71526481701334 -5.34138100463357
 N 6.57063952238612 9.03084483581883 -2.60969649130544
 N 5.06411553903723 10.49384833501153 -3.66143513321915
 N 6.44535422693723 11.27646135830254 -2.02714848464500
 C 0.76479367832887 1.59040787257957 -1.36609798687883
 C 1.41444629960094 0.39428664682431 -0.64857639122010
 C 1.60020605962681 -0.81203632108911 -1.56608969793748
 C 1.23393759479753 4.04855737072352 -0.87376183826703
 C 1.80667610836522 4.25810265956725 -2.22103660270049
 C -0.70056220046963 1.29612132729516 -1.75348427265366
 C 2.89466637012321 4.80151359618520 -4.74887239074153
 C 3.23614192289945 6.22997679217244 -6.71288465811121
 C 1.30253431501771 5.29085341777253 -3.00665231393320
 C 2.88699232185395 3.51563783461082 -2.70005631210843
 C 1.82313725102890 5.55212189869290 -4.25593593493522
 C 3.41957349776915 3.78801638998442 -3.93875769946407
 C 2.67646993608923 -0.56829527566787 -2.60766316462880
 C 3.76641280875830 7.40845347631374 -5.92966994134855
 C 5.18201980790425 8.15564247980063 -4.32018422915876
 C 3.26375626203405 8.71144803604080 -6.06814486429235
 C 4.64911277986135 9.46210910473831 -4.43819282927545
 C 6.24795403253712 7.89052216784538 -3.35130045114401
 C 5.98682598039115 10.25759890721559 -2.78594220723189
 H 1.30007257050634 1.78158372089588 -2.30294440443003
 H 2.39231670051802 0.71614400190263 -0.28410149932823
 H 0.79832395210415 0.10931083273024 0.20693804149945
 H 0.65333034054562 -1.05110164434828 -2.05424163802091
 H 1.91103179891506 -1.67629218910034 -0.97176379794220
 H 0.56660350473519 2.66268560526508 0.42582744037633
 H 2.17523906208531 6.38198356209792 -6.93555266878533
 H 3.76642169338287 6.16065143435971 -7.66779956682603
 H 0.48793102670101 5.88966824364612 -2.62599706450855
 H 3.34029723370161 2.74564219250159 -2.09469941710773
 H 4.34362642335652 4.59610568151556 -6.10565343350835
 H 1.39994346961943 6.35541297728702 -4.83849244535617
 H 4.26466595409101 3.21499106762023 -4.28840403630489
 H 2.48944737991496 8.94225201113959 -6.78913765041041
 H -1.10839795090035 3.02964683366609 -1.06508706143091
 H 7.30352352632889 8.90977742122757 -1.91977095793980
 H 1.95063630379862 -2.07150400793354 -3.58427215987920
 H 6.98749357811032 11.09934114379011 -1.20021681814273
 H 5.93430999277942 12.13981987652985 -2.09164016468478
$end
$temperature
298.15
$end
$mult
 1
$end
$sigma
 1
$end
$pressure
1.00000
$end
$scale
1.00
$end
$msrrho
$end
$freq
5.39
11.03
13.78
17.21
19.55
35.39
40.21
45.11
45.73
54.50
66.80
87.08
95.24
127.33
135.46
142.15
156.08
177.99
207.71
220.39
242.11
258.05
280.77
296.71
297.21
310.12
315.50
331.53
347.52
352.66
374.90
383.51
398.55
417.31
448.82
452.08
478.00
480.24
489.06
498.72
502.92
516.74
523.59
552.18
563.58
570.45
580.17
584.66
596.75
605.00
610.84
633.84
640.81
648.51
651.45
657.97
668.89
683.08
686.80
705.84
714.24
733.89
763.20
796.31
807.61
839.30
857.17
863.36
866.65
876.82
896.37
905.84
932.64
945.58
974.62
996.51
1000.54
1004.81
1044.09
1072.34
1092.28
1093.53
1106.16
1112.28
1119.20
1125.39
1141.02
1150.24
1163.16
1171.96
1178.26
1187.60
1201.33
1211.46
1214.39
1223.26
1237.36
1242.26
1258.35
1263.43
1271.23
1284.27
1298.07
1310.41
1325.08
1331.14
1340.53
1349.57
1358.88
1381.25
1385.78
1412.78
1419.51
1432.20
1443.09
1454.62
1461.75
1468.21
1501.69
1513.93
1554.43
1562.62
1600.59
1610.37
1713.17
1752.64
1785.13
1801.05
2938.55
2943.20
2954.53
2958.76
2978.25
2985.88
2994.57
3043.93
3082.20
3091.41
3099.31
3104.04
3308.86
3377.82
3389.37
3429.69
3484.21
3490.66
3551.08
$end
