
$molecule
 O 1.51898659172474 -10.17953612365048 -3.27351536440403
 O -0.62104236676717 -9.24347249819727 -2.31950847590921
 O 2.10153019185009 -10.34527324025561 -5.39028453495389
 O 2.49985133295706 -5.81507692988834 -1.09752320519078
 O 1.72971659488075 -4.78790113244231 -2.91935466079744
 O -1.93633707304098 -10.31942026403674 -6.55032901320136
 N -0.73183423003163 -8.70090219064268 -4.52748508631610
 N -6.14454759039844 -11.43538740559922 -4.66293746947029
 N -3.79863867476188 -12.29672230912611 -5.65393098815496
 N -2.75033544527693 -14.79631546985813 -5.09945148421669
 N -0.28805602288135 -11.82483551740814 -6.22596897810223
 N -0.60582949926774 -14.00912675205731 -5.41716291262797
 N 1.51084071609459 -13.17687368460038 -5.72752640857740
 C 0.68149633194984 -8.50440639037274 -4.84228436591148
 C 1.28116242519421 -7.20923719039035 -4.26441018951110
 C 1.58345533443215 -7.19579577218646 -2.76780671060745
 C -1.28070261294868 -9.09070848175596 -3.35771861378629
 C -2.70145851606910 -9.44212416501282 -3.46483962431792
 C 1.50985776702289 -9.75866876866780 -4.50621949776089
 C -5.09032213445586 -10.70195786240948 -4.15055121467941
 C -5.97205305721077 -12.87309951460893 -4.76657781987497
 C -3.14508476062538 -10.55183478645982 -2.74367166094243
 C -3.56206664934442 -8.85898332806190 -4.39812681082599
 C -4.32507266119329 -11.17409008329495 -3.07695209753365
 C -4.75262689823526 -9.46524562709312 -4.71310429957843
 C 1.93291041008609 -5.80271459163485 -2.30958926810614
 C -4.56252622558597 -13.25576831051653 -5.16922029374519
 C -2.50040544933761 -12.53552747456499 -5.81184839209752
 C -4.02691109277457 -14.53810943083187 -4.96179222363064
 C -1.93838108546535 -13.78840937548434 -5.45296192243982
 C -1.62070762244149 -11.45433665096294 -6.24614557750333
 C 0.17800702327405 -13.03348609567586 -5.76538882512448
 H 0.72269182112991 -8.40367041324980 -5.93232101619376
 H 2.20458357069214 -7.00331177458010 -4.81002522934682
 H 0.58568083007288 -6.39571136113415 -4.48231392241095
 H 2.41004119295197 -7.85745375366287 -2.50512344823771
 H 0.71226050007110 -7.50558931982541 -2.18484412790174
 H -1.33507172489643 -8.79631536799921 -5.33713652522077
 H -6.69451100217342 -13.25891914761434 -5.49024080986828
 H -6.19318619357170 -13.34361912338174 -3.80153404521645
 H -2.51019044036131 -10.95794750707690 -1.97019383506574
 H -3.28683653323738 -7.93934994321555 -4.89264435324803
 H -6.49655386749970 -11.02320558553251 -5.51707482459057
 H -4.61963423337992 -12.07202994472135 -2.55641316750462
 H -5.39244676891144 -9.03595768040326 -5.46991590598401
 H -4.65475533967376 -15.37250135493129 -4.67557485705561
 H 0.78305550061438 -9.73807435881051 -2.70928588319154
 H 0.39905062762891 -11.12365133194483 -6.48964103630396
 H 2.69420824559945 -4.91155581960902 -0.80246201482004
 H 1.85763208510536 -14.01203409476468 -5.28686498971249
 H 2.08600867860111 -12.34210669980983 -5.70810601819628
$end
$temperature
298.15
$end
$mult
 1
$end
$sigma
 1
$end
$pressure
1.00000
$end
$scale
1.00
$end
$msrrho
$end
$freq
20.15
25.09
29.58
40.93
47.74
63.30
69.09
87.19
96.26
104.80
108.08
126.42
132.70
142.58
152.07
160.92
172.56
177.58
192.99
208.31
229.07
247.78
271.88
298.35
314.98
329.33
343.56
362.40
372.09
385.82
389.66
407.17
415.31
429.54
452.27
471.19
487.89
510.79
522.83
526.54
529.46
554.73
564.30
568.50
576.01
596.33
610.44
614.46
619.04
643.39
652.32
659.30
660.57
673.10
687.17
701.45
713.16
720.53
726.31
745.33
759.54
782.34
805.44
813.77
832.88
846.76
866.37
874.56
893.97
910.30
918.63
933.62
941.81
956.97
957.43
969.69
1002.41
1008.81
1023.24
1052.88
1088.51
1098.70
1121.27
1128.50
1129.60
1140.38
1145.82
1174.57
1181.98
1184.25
1202.28
1206.67
1209.85
1220.90
1250.45
1255.27
1260.68
1262.41
1268.18
1281.48
1288.58
1295.81
1307.73
1323.50
1334.15
1338.68
1344.77
1359.76
1362.56
1386.46
1412.78
1421.57
1432.99
1437.65
1444.46
1455.02
1467.64
1468.16
1491.97
1503.68
1549.68
1558.41
1590.60
1608.33
1620.94
1709.20
1727.51
1795.21
2380.31
2921.94
2949.92
2965.73
2970.98
2985.42
2995.14
3001.59
3044.73
3076.47
3088.02
3088.62
3100.34
3334.56
3351.55
3357.91
3412.88
3449.99
3519.60
$end
