
$molecule
 O -2.27001762225498 -3.23116029420110 -4.22830368045548
 O -1.58050336533413 -8.40959702314954 -5.85186176706381
 O -1.50967903093156 -4.07987809476771 -6.14821492347612
 O 3.03367083807231 -5.05775398108845 -2.81211477615800
 O 2.85681902551135 -2.95992368672674 -3.54138440608552
 O -10.14533906271674 -10.72089930290668 -2.25973777262045
 N -0.93091302942413 -6.47305392834608 -4.92925117009940
 N -4.35706573059341 -9.04927355304385 -0.14669826432983
 N -7.79196920503180 -9.56442170885851 -1.11954646086091
 N -7.77495703766901 -6.78965521792591 -0.92998448512949
 N -10.97355326019138 -8.63719059692907 -2.53224937249547
 N -9.86567226446722 -6.66969180470700 -1.88947471092336
 N -11.95228536561082 -6.54679234113489 -2.79640771912847
 C -1.16526116179672 -5.32129389984955 -4.10020559593036
 C 0.10896128915613 -4.85821805280874 -3.36033587134937
 C 1.27760982621991 -4.61190219326366 -4.32101930270640
 C -1.60321042905197 -7.66424859017131 -4.89373703463420
 C -2.30914187107859 -8.00298341780213 -3.63112516304566
 C -1.66254764742505 -4.16340790593383 -4.96127432719068
 C -3.69368776253152 -8.74973318192132 -1.30936924195203
 C -5.60953467245624 -9.76067271105441 -0.11217155536769
 C -3.60068571100228 -8.51732174986030 -3.70465792305346
 C -1.70273970655308 -7.89844726627545 -2.38148768137877
 C -4.29252505863393 -8.87288905828231 -2.56666838497850
 C -2.38066907275315 -8.26959469224603 -1.24168911316805
 C 2.46241393938377 -4.09316164315906 -3.54402287358998
 C -6.76311084840704 -8.92140825607367 -0.60143739895793
 C -8.82603308201830 -8.84291527194638 -1.54489630879896
 C -6.76942532730391 -7.52003046151210 -0.51246425426165
 C -8.82875908243228 -7.42954957502315 -1.45503480272135
 C -9.98272528590771 -9.53429915729717 -2.12032167205835
 C -10.88714777011493 -7.27637608688800 -2.40112232549572
 H -1.93597450692993 -5.55079467600294 -3.35726766815467
 H -0.12582460792513 -3.94318275558909 -2.81339302064014
 H 0.39998255433043 -5.62497960547128 -2.64200464165873
 H 1.00914716795845 -3.87714681819868 -5.07985165935345
 H 1.55707794154008 -5.55155042054290 -4.79801406622969
 H -0.55111728605822 -6.25353749198851 -5.84418093164553
 H -5.81308130278182 -10.04679579267063 0.92378327609482
 H -5.58416904064262 -10.68189590152423 -0.71027089896499
 H -4.06052390485441 -8.63048469535305 -4.67468808692785
 H -0.68003204330222 -7.56106654732896 -2.30618612809695
 H -3.78651161485166 -9.09311319723161 0.68144717411781
 H -5.29640685848445 -9.25590760407296 -2.65528232820400
 H -1.89559239649012 -8.19698769656422 -0.27806197015103
 H -5.92745092282092 -6.98353250304106 -0.09615766563114
 H -2.55683650680583 -2.48714976655392 -4.78282218814238
 H -11.80577861551391 -9.05958733163918 -2.92820041550112
 H 3.78524117641235 -4.70558769479842 -2.30980203907366
 H -12.66711585325811 -6.94613861407127 -3.37789123606517
 H -11.83497583416567 -5.54862718216548 -2.78932116631998
$end
$temperature
298.15
$end
$mult
 1
$end
$sigma
 1
$end
$pressure
1.00000
$end
$scale
1.00
$end
$msrrho
$end
$freq
7.52
10.39
13.11
15.35
19.94
32.58
38.84
40.11
49.84
57.85
67.23
78.15
99.50
121.61
128.10
135.17
138.74
158.33
174.31
183.31
210.64
226.74
239.91
268.09
271.46
287.49
309.66
324.24
330.45
350.75
366.95
387.25
399.59
401.15
404.10
436.21
439.87
471.61
479.50
486.69
501.23
530.78
541.99
561.99
568.58
577.79
581.65
596.03
614.27
614.84
636.42
639.58
647.04
650.38
658.43
685.43
693.34
705.76
709.83
716.87
731.21
747.78
763.62
795.84
807.53
834.72
853.48
856.50
874.19
875.08
907.33
920.04
921.72
936.93
960.80
967.44
990.34
1007.91
1023.00
1072.12
1078.89
1103.41
1115.44
1123.60
1127.53
1139.84
1146.06
1160.53
1163.79
1181.04
1193.91
1195.12
1201.05
1216.43
1227.07
1234.66
1244.55
1253.20
1258.33
1261.60
1270.41
1271.21
1288.04
1299.13
1309.38
1333.64
1334.67
1345.67
1357.39
1384.65
1389.96
1411.99
1430.24
1440.41
1446.43
1446.74
1466.43
1467.98
1510.09
1515.08
1554.65
1563.67
1604.55
1611.45
1719.08
1752.63
1798.86
1801.89
2894.75
2946.59
2956.56
2988.94
3000.46
3005.35
3019.49
3060.02
3064.22
3090.41
3094.81
3111.16
3377.49
3381.34
3430.74
3450.07
3467.45
3487.11
3554.66
$end
