
$molecule
 O 8.37538510237088 1.70636941093799 -0.82169336426146
 O 8.21131718704818 5.79334024412964 -0.68671479761641
 O 7.88071833010374 0.43675089703191 0.92643373698052
 O 4.81804958113174 0.65964963271251 0.62460537102269
 O 5.38004591567595 2.43871032479235 -0.55111525284704
 O 18.55275851618000 4.17302628309056 5.44962854044391
 N 7.61852481163155 3.95848627180939 0.44819964191558
 N 12.83854564321362 5.85444739997135 3.69335008372355
 N 16.17116978939625 5.56221614313316 4.69215166795372
 N 15.54723731269782 7.81177302706829 6.20591893213704
 N 18.86349731450652 5.70264076909065 7.08259354285932
 N 17.41953971525694 7.50378119423039 7.51034049412464
 N 19.24703556040469 7.18356796052111 8.83062092315707
 C 7.85988069069772 2.81294685884570 1.28229152979428
 C 6.78982806149321 2.58005516871846 2.36343869982403
 C 5.35922324029299 2.70734098382883 1.81954672625076
 C 8.43718788174956 5.03342112241029 0.23277606260789
 C 9.58841660285473 5.19965601462919 1.15652157223715
 C 8.02018709805083 1.52396724872024 0.43902992931275
 C 11.79847551974507 5.61124837026138 2.83622479332374
 C 14.22683453351662 5.84359734773732 3.29341576507238
 C 10.85771520300552 5.40840099275196 0.62585994201369
 C 9.42983196706072 5.22803051312887 2.54100752665651
 C 11.94997822757052 5.59550741785782 1.44580304362904
 C 10.51338453962138 5.43130255221522 3.36485749418020
 C 5.18984984009018 1.93185178954729 0.52241865962491
 C 15.09836929450632 6.28422780444561 4.43269082140963
 C 16.95198657031576 5.94861920258252 5.69799194462171
 C 14.79688818675638 7.41818800889862 5.20562839807120
 C 16.64371306011257 7.09031526923901 6.47835937816776
 C 18.15237863680921 5.16560165244223 6.00425066881021
 C 18.48226135209747 6.81669389416133 7.78225975094590
 H 8.83003465197659 2.94928705172987 1.77958820457332
 H 6.95841771567131 1.57629787292879 2.75966535208525
 H 6.91811904795997 3.29565038653731 3.17606639195041
 H 5.14730763782452 3.75643966688037 1.60506323547291
 H 4.65039520688590 2.35633395459323 2.57217613909955
 H 6.80371037352045 3.90045626785903 -0.15949987311177
 H 14.35716110923777 6.54744301472400 2.46289035656800
 H 14.56614984330153 4.85147334524714 2.96291921573003
 H 10.98151556760914 5.41141331231479 -0.44662978989011
 H 8.44538488915990 5.12110255585365 2.97280727572813
 H 12.66914279683606 5.61306373076926 4.65835824162500
 H 12.92284610616573 5.73204755249559 1.00252193175394
 H 10.37780763328495 5.46047277198511 4.43692266758564
 H 13.91969264934959 8.01733494181462 4.99862412074937
 H 8.34555264345951 2.64542099837083 -1.07734108141360
 H 19.70059894744395 5.19556817042147 7.34720008613413
 H 4.82745453325445 0.32489375915881 1.53090603611370
 H 19.00856592558970 8.05116208089048 9.27809653590579
 H 20.16344943549709 6.79769779447649 8.96984172721373
$end
$temperature
298.15
$end
$mult
 1
$end
$sigma
 1
$end
$pressure
1.00000
$end
$scale
1.00
$end
$msrrho
$end
$freq
7.37
12.46
17.60
26.60
28.51
44.08
52.63
55.39
67.37
73.00
75.16
80.01
95.12
117.19
135.06
135.14
141.58
149.34
177.86
192.39
203.37
220.07
243.84
264.65
278.95
308.79
315.37
330.31
349.82
368.85
378.71
401.34
413.99
418.21
440.26
456.35
460.76
467.46
474.66
484.07
489.11
515.60
526.17
535.09
549.85
556.03
564.17
575.24
581.75
597.80
609.60
640.84
649.44
660.06
661.91
679.59
690.87
696.70
704.45
730.62
738.35
760.52
768.06
802.71
806.83
852.73
856.01
866.49
870.31
885.17
904.82
918.99
921.83
938.12
969.47
975.30
997.86
1001.67
1012.46
1071.67
1080.43
1109.95
1115.00
1115.51
1121.72
1135.56
1140.20
1155.87
1157.19
1167.57
1168.49
1194.38
1202.34
1214.80
1230.23
1234.22
1246.15
1247.86
1252.50
1260.91
1270.27
1277.99
1299.11
1306.99
1315.45
1331.49
1342.95
1347.49
1359.86
1387.95
1392.04
1411.59
1433.43
1445.90
1459.74
1463.14
1468.86
1472.30
1509.81
1516.84
1554.41
1561.06
1604.27
1610.95
1719.81
1753.55
1769.09
1795.17
2883.76
2910.11
2924.38
2979.78
2984.35
2997.18
3001.32
3054.63
3066.95
3082.77
3092.56
3111.03
3315.57
3354.21
3377.19
3437.24
3488.96
3493.68
3557.28
$end
