
$molecule
 O 7.52629059073003 1.05595007618471 -0.18572824867821
 O 5.12040658453027 -0.79983012628676 -3.25554373415324
 O 7.63052326119364 2.81398346078941 -1.54750592579539
 O 3.77625877848429 5.86674525876393 -2.18640726369750
 O 3.51607456769305 4.82768667383851 -0.23311805062914
 O 0.36592205363436 -10.72847995214836 1.75677417765860
 N 5.35314498040368 0.06896345733104 -1.19009966998795
 N 4.19850487230245 -6.06630611048934 0.21342150898911
 N 2.47169966757402 -9.06083493066046 0.77514859085353
 N 5.05119967970202 -10.05543552496518 1.09169395395816
 N 1.92432608710676 -12.23849920601801 2.38385377717162
 N 4.23747062292145 -11.96198977108712 2.09409124502786
 N 3.44431180994646 -13.83184078332896 3.12422932572406
 C 5.68467053999382 1.38710288089431 -1.65866120608304
 C 4.62005407945452 2.41889006683930 -1.23508804603439
 C 4.75285525936230 3.73314439224365 -1.99642882777910
 C 5.13574754097310 -0.96512436488023 -2.04935031908761
 C 4.89004315164635 -2.27841863737619 -1.41023476020515
 C 7.04564798669627 1.83930274484444 -1.15659417577016
 C 4.37468642998477 -4.82260551980175 -0.33363631560695
 C 3.27431266441659 -7.05212506850333 -0.29437618072451
 C 4.13619789974019 -3.21719820754543 -2.11169867778170
 C 5.40199265516805 -2.63778339837701 -0.16365878941831
 C 3.86833770114019 -4.46182304511174 -1.58640709859426
 C 5.15018901872035 -3.88453056632430 0.36135681919298
 C 3.94962908810119 4.83283740222263 -1.35370721205130
 C 3.52204614309669 -8.38092309098391 0.35814747873565
 C 2.68430937505502 -10.24399041295202 1.34653868288172
 C 4.81864882488071 -8.89625133965129 0.52559145698021
 C 3.99261512336028 -10.76048308640270 1.51513122720267
 C 1.53391891854461 -11.02157253098475 1.81489223241437
 C 3.22398366164705 -12.65327862582593 2.50595633315887
 H 5.71669414122509 1.32561573821072 -2.75457116303164
 H 3.63787085623379 1.98110662547841 -1.42087016294182
 H 4.69944457531438 2.61685903598748 -0.16358462440820
 H 4.44235255016166 3.62972086258204 -3.03624358881807
 H 5.79730244513448 4.05891446081694 -1.99871583125282
 H 5.34937966382153 -0.08685193609271 -0.19631659041126
 H 3.43753061826444 -7.16116944526324 -1.37242759333998
 H 2.22244182330516 -6.77669197977333 -0.13093956614689
 H 3.75432459666168 -2.94135327847289 -3.08293173790393
 H 6.03125546451985 -1.95741104586536 0.39242649365298
 H 4.39784261334331 -6.13637710291171 1.20020693047037
 H 3.26310731751455 -5.15309466287154 -2.15045684717106
 H 5.55998353994406 -4.15646206946843 1.32436902129632
 H 5.68554666281239 -8.34441711051200 0.18626476311719
 H 8.39069257270254 1.38279251188907 0.11130117906600
 H 1.16918437188368 -12.81611885021394 2.73593733175775
 H 3.28113056987537 6.57704511952879 -1.74853684414232
 H 4.39166751026458 -14.16712031459416 3.12400228616266
 H 2.69709848880433 -14.48138367266914 3.29136223617012
$end
$temperature
298.15
$end
$mult
 1
$end
$sigma
 1
$end
$pressure
1.00000
$end
$scale
1.00
$end
$msrrho
$end
$freq
7.02
11.14
14.37
22.66
25.39
28.03
29.97
39.33
52.42
60.30
69.48
76.30
97.55
112.87
126.26
135.36
139.37
150.50
167.35
191.41
198.46
203.41
236.05
248.17
270.04
301.62
308.91
323.49
346.53
352.14
365.63
373.95
397.29
412.61
423.35
447.97
461.61
467.07
478.16
482.42
487.58
500.04
524.37
526.68
550.17
561.10
572.41
581.54
606.51
609.91
618.09
639.89
641.35
647.05
649.31
659.12
663.63
690.97
706.26
719.08
734.67
765.26
782.97
802.29
816.78
850.65
855.10
865.86
883.53
893.95
905.26
912.97
919.28
937.90
968.75
997.85
1008.33
1015.50
1055.41
1071.78
1086.85
1094.25
1115.40
1117.13
1122.88
1129.58
1137.77
1140.21
1157.12
1165.56
1171.79
1195.43
1206.98
1213.08
1223.60
1229.79
1234.65
1246.60
1250.99
1259.23
1266.97
1270.70
1280.26
1291.96
1312.82
1342.21
1348.05
1350.89
1359.24
1389.57
1406.99
1411.78
1433.07
1436.60
1445.17
1456.30
1468.60
1481.60
1510.22
1517.09
1554.29
1562.49
1602.93
1611.01
1704.16
1753.05
1784.12
1793.57
2882.03
2918.44
2932.07
2962.13
2981.06
2996.29
3007.20
3055.41
3061.19
3074.73
3095.45
3107.05
3377.03
3436.05
3440.57
3448.35
3484.73
3488.54
3556.64
$end
