
$molecule
 O -0.84537349676589 0.52725605724363 -4.05118639435501
 O 2.02211666376401 2.05767199626791 0.13803760143939
 O -0.92876339139493 2.67922843610592 -3.56321732569146
 O 5.21849106358239 -1.23947432697816 -3.44605147806661
 O 3.86242498930567 -1.13742297948224 -5.17417370965975
 O 2.77924484711269 -2.42286647295931 -2.82790599155421
 N 1.50731011926714 2.17943203790650 -2.02533085871364
 N -1.54073816168636 -3.22824044875574 -0.23289369477405
 N 0.72545704260992 -4.09165884993788 -1.85658125885785
 N -0.09673369078467 -6.15607135308665 -3.52003588843201
 N 2.85171254924871 -3.67373805701925 -4.71320907020115
 N 1.46288402677203 -5.53467771443865 -5.11072069710292
 N 2.98736249338904 -4.88373665241791 -6.67705196547323
 C 1.22973954795158 1.66496154513554 -3.35216594671197
 C 1.92399981344467 0.32618377358253 -3.63093015505592
 C 3.43352127408962 0.40344087965170 -3.38660246356995
 C 1.44308044189382 1.55963910425048 -0.80855586531228
 C 0.66392899853531 0.30102186960188 -0.69754384171526
 C -0.28850210170892 1.67251835427942 -3.64550890134651
 C -0.78015261736457 -2.08442340872784 -0.38376546969822
 C -0.95257031943382 -4.55215055491043 -0.20210759925798
 C 1.25531895504573 -0.82317072551777 -0.12490632715606
 C -0.68276820687189 0.24225047389241 -1.04287781046142
 C 0.55244512678705 -1.99705096387444 0.02817871126888
 C -1.38806322738760 -0.93429694931212 -0.89766349528559
 C 4.15117122710924 -0.74443705420040 -4.06906700796889
 C -0.26674281501518 -4.88784438324031 -1.50490890854428
 C 1.30535852211208 -4.29191381656683 -3.03329864136854
 C -0.66554079462189 -5.92925924753442 -2.35943792153889
 C 0.89610300536880 -5.33682847100947 -3.89740919720481
 C 2.36093413413092 -3.37695001614238 -3.45635502269941
 C 2.39753708875375 -4.71311515413552 -5.48124242260941
 H 1.63135596980004 2.41060486517334 -4.05156386680001
 H 1.53320720729711 -0.46263494973833 -2.98374563448357
 H 1.77482897469520 0.05370567081097 -4.67986549460372
 H 3.64217605632988 0.41047427383167 -2.31655678544969
 H 3.83555960902171 1.32161703107814 -3.82848278996780
 H 1.97916032285003 3.07156944039115 -1.97720373021537
 H -1.74502449926364 -5.27401691791827 0.00554667902937
 H -0.22378753740641 -4.59159487733857 0.61180168387512
 H 2.28556946437890 -0.76964098457419 0.19212857463062
 H -1.18957951318415 1.12497804369711 -1.40188498507406
 H -2.41642741438073 -3.18816199282212 -0.73712076399160
 H 1.04914960064016 -2.85184428005605 0.45337196693727
 H -2.43129486690653 -0.96663535268032 -1.18000890231648
 H -1.46852277580762 -6.60315350288961 -2.08755501899537
 H -0.25120479083796 -0.23183798317095 -3.97945401724865
 H 3.52357257371526 -3.00265644144747 -5.09121562452952
 H 5.27533422449345 -0.95728957452392 -2.52369638764692
 H 3.61773587939392 -4.19364176083277 -7.04459826308745
 H 2.61887840794031 -5.59920763465944 -7.27776462238428
$end
$temperature
298.15
$end
$mult
 1
$end
$sigma
 1
$end
$pressure
1.00000
$end
$scale
1.00
$end
$msrrho
$end
$freq
12.85
23.09
31.20
37.65
55.15
55.94
64.68
75.19
85.54
94.61
99.28
112.05
123.33
139.40
149.89
154.27
157.36
166.58
180.56
212.63
230.53
236.47
250.15
262.99
278.53
296.84
323.12
328.15
348.70
366.79
381.70
392.94
405.29
428.47
443.38
453.99
465.06
478.01
486.33
488.89
493.82
510.31
521.96
526.51
538.66
558.05
571.98
580.42
593.95
599.89
606.12
618.39
644.92
648.02
655.12
671.70
683.86
689.19
706.09
723.58
732.34
738.62
765.59
805.14
827.30
844.89
852.45
855.51
861.18
879.41
903.93
923.10
937.59
939.50
971.55
978.73
998.92
1008.17
1043.47
1080.75
1084.70
1092.44
1095.37
1112.64
1124.44
1134.74
1142.91
1152.34
1174.71
1185.50
1186.88
1200.62
1210.58
1229.02
1231.48
1241.38
1260.82
1264.03
1266.45
1277.03
1282.11
1287.87
1302.51
1305.75
1328.90
1332.32
1339.16
1350.52
1359.23
1378.24
1387.29
1409.16
1430.71
1431.75
1447.97
1449.48
1465.50
1468.34
1498.96
1508.72
1554.60
1563.32
1599.44
1605.61
1707.21
1709.67
1746.80
1791.36
2909.44
2942.37
2960.20
2964.13
2983.40
2985.09
3000.39
3042.73
3067.38
3094.06
3101.01
3126.10
3232.05
3410.79
3429.03
3475.30
3488.75
3493.73
3561.17
$end
