
$molecule
 O 1.92299573135462 1.89485064682108 5.98773048810507
 O 1.29038491902464 2.65104643770369 3.57871661705425
 O 3.94543654042950 1.69883327154935 6.87553885453457
 O 5.21612684102902 -0.55648821330156 2.68086541219191
 O 4.83151628867312 0.91942636324613 1.05598798837218
 O -2.43317672944218 10.39243031837167 -1.07176081136466
 N 3.46028742380487 3.16101564298744 3.84617787198853
 N 1.41037157921575 8.05527717657047 0.26252497027954
 N 0.38063200702169 9.95997822181128 -1.19093414815279
 N 1.81461506324100 11.68522634362514 -2.82816074335995
 N -2.18054446283615 12.11141276363227 -2.52019723685593
 N -0.11894983867344 12.79631675488633 -3.41547895215480
 N -2.01953586890429 13.92088121736401 -3.96705701621767
 C 3.79758908000392 1.89360188590952 4.47139238442913
 C 5.30530112077637 1.66239578897201 4.47438019667747
 C 5.91569754583285 1.67143442396312 3.07078427774014
 C 2.23212041900106 3.41258751873408 3.33715686582868
 C 2.08044281197483 4.62350790501174 2.52442579789635
 C 3.23429136765504 1.82227506983941 5.91635348374836
 C 1.64909937039757 6.92952127782686 0.97689382936987
 C 2.36799148609557 8.75076058051741 -0.54623397456884
 C 3.14045580238825 5.25214720474220 1.87069297911435
 C 0.79530787287674 5.15686997008568 2.37270565648560
 C 2.93308683113109 6.38067609014226 1.10987622953790
 C 0.58198246535889 6.28599397151544 1.62522202943419
 C 5.25931523157074 0.66968124746983 2.14997337309784
 C 1.68872214668785 9.84797444501412 -1.31600672816913
 C -0.23436032753005 10.92429017117014 -1.87156902854262
 C 2.39871743447610 10.73014392414611 -2.14861280499527
 C 0.48401553465778 11.80977305666684 -2.70930210227704
 C -1.68628827027962 11.06170216145441 -1.74233673131845
 C -1.40297136744059 12.92297014310120 -3.30469184816984
 H 3.28867976760871 1.10304663298606 3.89912688493614
 H 5.78070080170457 2.42959412107600 5.08825738499415
 H 5.49267921911653 0.69925775566292 4.94879069264306
 H 6.97299032288950 1.40885526723982 3.14407333351327
 H 5.83608263946117 2.65160730236779 2.59981784394504
 H 4.18873918378498 3.85059504672852 3.77155716611883
 H 2.85557463075750 8.07054712892386 -1.26284470854411
 H 3.16101352342817 9.19302148667321 0.07601160921498
 H 4.13891277318834 4.84112684203637 1.91807724923539
 H -0.02567329851103 4.65753023570791 2.86414499813196
 H 0.45667805855983 8.36843542479084 0.13967013395964
 H 3.77054763402232 6.83953553034947 0.60778768910288
 H -0.41252589347013 6.69372610228602 1.52108078056369
 H 3.47248014786975 10.65236396840467 -2.26220004578625
 H 1.50872793094349 2.05874226939213 5.08335592923147
 H -3.18138449725202 12.26311180208804 -2.46370539544137
 H 4.79525994207648 -1.17939263430179 2.06778554135751
 H -3.01978464089325 13.96889479654494 -4.03635706668889
 H -1.45489529485646 14.46160813948931 -4.59806920021870
$end
$temperature
298.15
$end
$mult
 1
$end
$sigma
 1
$end
$pressure
1.00000
$end
$scale
1.00
$end
$msrrho
$end
$freq
6.16
7.00
14.05
22.65
27.02
31.15
39.84
47.13
57.62
64.92
77.50
96.02
112.89
115.85
137.03
137.79
147.30
156.04
177.83
188.75
210.89
218.47
239.11
271.99
286.11
302.79
315.86
337.30
350.70
353.51
376.39
388.39
404.69
423.82
426.82
434.91
458.81
470.58
483.48
485.28
490.01
497.94
504.64
512.10
550.72
551.25
584.94
592.03
606.24
623.05
637.76
639.76
645.44
648.67
661.38
682.57
685.72
702.34
722.00
725.04
761.66
798.44
806.89
818.97
851.44
861.53
873.16
874.03
889.49
896.97
902.01
921.15
932.95
947.57
962.01
967.20
999.62
1008.41
1023.64
1070.20
1071.96
1120.78
1126.51
1128.74
1137.14
1148.54
1158.23
1163.59
1166.04
1168.69
1171.22
1189.97
1201.44
1216.39
1224.70
1240.48
1245.48
1253.28
1258.24
1272.85
1281.83
1291.84
1309.75
1312.35
1321.27
1339.96
1348.19
1355.20
1360.09
1397.61
1408.42
1409.75
1437.00
1444.39
1444.62
1458.91
1468.44
1471.86
1513.50
1526.31
1552.20
1556.75
1600.28
1610.24
1627.66
1749.95
1789.72
1796.11
2691.18
2833.18
2877.33
2882.00
2981.04
2992.71
3006.71
3023.16
3049.42
3066.81
3084.01
3097.55
3102.18
3377.90
3397.20
3450.91
3479.78
3491.28
3560.22
$end
