
$molecule
 O 5.10492866451164 0.34151334839564 4.13155430936332
 O 1.47653675117516 -0.15592149582263 1.94978785015919
 O 5.54315769494069 -1.82500110199655 4.34402851429821
 O 1.78617543503714 -1.57172554141245 -0.71226732507392
 O 3.98058725807515 -1.34540128075080 -0.75258105608133
 O -0.88072427132440 9.44221990329336 -4.71171588000319
 N 3.73223855204846 0.01729762910043 1.90809827786077
 N 2.10260674868822 4.55381770985391 -2.29264918691848
 N 0.51782029827628 6.99552828659986 -4.22725445737120
 N 2.55183171453892 6.38634913874985 -6.02490573736675
 N 0.44407258258722 9.78288921576013 -6.50940006121665
 N 2.15122151615278 8.32604542134319 -7.19889479706595
 N 1.78775059841662 10.26081339515697 -8.34296984784043
 C 3.89428938906843 -1.18001813340478 2.70926465833031
 C 4.23145224942413 -2.42431659955795 1.88300065404799
 C 3.08172148084170 -2.78528306623892 0.94270078588225
 C 2.46844056626248 0.39796802620494 1.50316462047707
 C 2.41252499183773 1.51216474851331 0.54698817144614
 C 4.94022898175948 -0.94240548028574 3.80748986513295
 C 2.15740594157022 3.57611768623496 -1.34320663541826
 C 0.89630855221025 4.97762202860118 -2.96241557110282
 C 1.20829651014669 1.73201338266540 -0.12355257229616
 C 3.48808957962007 2.36000109905258 0.27151077373435
 C 1.07537662914876 2.73680538164893 -1.05241295638207
 C 3.35904732148559 3.37226455524431 -0.64786583577821
 C 3.01057995710440 -1.82776608967661 -0.23611311390950
 C 1.22757413513080 5.89032683119608 -4.10701491358190
 C 0.80106757707906 7.80889340645077 -5.24154701365257
 C 2.25024584953516 5.59505424169587 -5.02426409219719
 C 1.83764150431153 7.51247866771041 -6.16104459402080
 C 0.02363751641509 9.04103707259526 -5.40053408379642
 C 1.46675666941067 9.41516563406279 -7.34316372624784
 H 2.92972339724731 -1.33506069795077 3.21749932642009
 H 5.12995296447918 -2.23753901986288 1.29050021657718
 H 4.43768646386310 -3.24224422905302 2.57283466485156
 H 2.13538217568105 -2.79705348791122 1.48771500825159
 H 3.25396058123101 -3.78030937523296 0.52315321204928
 H 4.48377295553929 0.20455760307419 1.25842137001265
 H 0.20352352279929 5.50442977217819 -2.29107545806351
 H 0.38561931234475 4.09238001814554 -3.35929533293432
 H 0.37273350435320 1.08777559158578 0.10352166456259
 H 4.42866870080331 2.25377333860007 0.79230874891291
 H 2.85554969205435 5.22477479357037 -2.28177405888752
 H 0.12921091101016 2.87507301010712 -1.54989526667420
 H 4.19581427041371 4.02671256748727 -0.84782904619356
 H 2.83440330403436 4.68807687233377 -4.93717799956013
 H 4.52569324039970 0.90045092585508 3.58170814660917
 H -0.05212498288589 10.65344263950797 -6.66367054385416
 H 1.08135334831786 -1.87900955806566 -0.12518298435612
 H 1.18504888129017 11.02158461085249 -8.59971136475838
 H 2.47889781154076 9.94041360372570 -8.99824832641345
$end
$temperature
298.15
$end
$mult
 1
$end
$sigma
 1
$end
$pressure
1.00000
$end
$scale
1.00
$end
$msrrho
$end
$freq
7.40
11.47
16.55
22.20
31.55
44.31
48.88
53.23
60.87
69.54
82.30
86.09
98.55
112.96
133.69
138.82
140.55
148.20
182.83
192.11
219.64
235.15
239.74
265.11
292.41
308.57
315.01
330.96
347.98
354.56
369.87
396.94
409.41
416.09
429.50
448.72
459.44
469.08
476.26
482.01
486.21
488.75
510.86
522.53
545.66
551.09
562.02
581.41
594.03
605.90
620.24
631.32
640.79
642.75
649.26
656.86
663.68
690.93
693.07
710.13
734.42
765.42
803.41
810.85
833.35
846.87
855.27
869.02
884.65
898.88
905.02
915.98
937.18
937.80
955.59
968.78
997.43
1007.65
1050.31
1066.39
1071.50
1097.05
1115.26
1115.60
1117.50
1123.78
1137.21
1147.21
1152.75
1158.33
1170.53
1187.63
1199.74
1205.30
1218.19
1230.25
1237.52
1243.62
1247.39
1253.03
1271.02
1275.26
1282.80
1314.59
1316.03
1337.03
1342.86
1357.26
1359.95
1378.01
1399.91
1411.46
1430.40
1440.86
1446.00
1457.41
1461.09
1468.81
1513.26
1518.42
1554.18
1558.82
1601.96
1610.98
1684.68
1753.25
1781.42
1806.71
2886.59
2887.12
2926.11
2963.85
2977.55
2992.34
3015.07
3054.01
3066.16
3079.80
3097.44
3110.14
3327.22
3377.25
3424.09
3442.69
3475.01
3489.42
3557.83
$end
