
$molecule
 O -0.05928550574150 3.51851107045973 -5.15327286730174
 O 1.15448746732610 1.39672719917480 -5.94113397666137
 O -1.94323108178657 3.74003861381637 -4.01660440609389
 O -4.26427204134070 3.32108740152566 -5.36714913203414
 O -5.00902072259497 1.93412684883425 -6.90355732954683
 O 4.66834352921942 -4.39384899108856 -7.91380426351707
 N -0.27476538489155 0.75621367425524 -4.32874621801469
 N 4.71509732295506 -3.13857277232535 -3.26926046510500
 N 4.10482764217251 -4.95048769334970 -5.17563251357990
 N 2.34267894720056 -7.04249182885067 -4.69114954947963
 N 3.22769873470004 -6.03869192215918 -8.49094309893254
 N 2.06238577883681 -7.38045063807199 -6.95367767247463
 N 1.81352540343970 -7.74404250799776 -9.18682378876446
 C -1.40410581187674 1.53498065210020 -4.82058842103180
 C -2.70311520050210 1.09383317398610 -4.13711861172257
 C -3.87538069192384 0.90404196917442 -5.09769940287692
 C 0.89853201409881 0.64517859436493 -4.99467850906265
 C 1.83875617438388 -0.37755059749241 -4.52532679276432
 C -1.15062284143720 3.05398211475813 -4.61965829368170
 C 3.74340154885604 -2.27929580542811 -3.71115664388311
 C 4.40111668030096 -4.47880932338108 -2.83636514670762
 C 1.45998127527271 -1.49388294861954 -3.77904518960556
 C 3.18594695417242 -0.24114385651354 -4.87790988041753
 C 2.39015621190078 -2.42850301719507 -3.38215388824563
 C 4.11691615846096 -1.16437297475659 -4.47562477934611
 C -4.40803014711373 2.10736863768906 -5.87773513582031
 C 3.78364345328453 -5.30042464472559 -3.94435787492617
 C 3.55888522307999 -5.62808016834484 -6.17952551721015
 C 2.89825471843317 -6.36447778070079 -3.71584826484863
 C 2.65136466938535 -6.69055185241200 -5.94704076117443
 C 3.90492896317392 -5.25466352783389 -7.55316114504755
 C 2.35761622594701 -7.04777625493707 -8.16997558422759
 H -1.46269834681515 1.37619380586982 -5.90870877734072
 H -2.53685580861438 0.13340645502622 -3.64294750374096
 H -2.95658027033226 1.81872436159841 -3.35811693769920
 H -4.73518228901626 0.53657967941274 -4.52839194132317
 H -3.63683847106866 0.13773707980984 -5.83829428051029
 H -0.41157033380820 0.23329382741480 -3.47959604410245
 H 3.72884714199871 -4.44535411634961 -1.97418867886849
 H 5.33181779032889 -4.95361632486178 -2.51052232238828
 H 0.42181560361399 -1.66896634711178 -3.53254287223644
 H 3.47474086130961 0.60907557021540 -5.47647737993498
 H 5.57206440378159 -3.07556316232514 -3.80063888119687
 H 2.05587814512867 -3.28890091264430 -2.82407994286254
 H 5.15250709819982 -1.04615694030315 -4.75719546568644
 H 2.63222415994519 -6.67038422012162 -2.71178245042180
 H 0.47855191408720 2.79288115915667 -5.62166133259112
 H 3.43065950380579 -5.83007754480380 -9.46215616943574
 H -3.60803344429135 3.41850460347899 -4.64590145572790
 H 1.11773590963424 -8.42748247091900 -8.94523339260406
 H 1.88300676462773 -7.42832434660713 -10.13727704730990
$end
$temperature
298.15
$end
$mult
 1
$end
$sigma
 1
$end
$pressure
1.00000
$end
$scale
1.00
$end
$msrrho
$end
$freq
5.74
11.25
12.59
17.80
28.36
42.15
44.10
52.15
58.48
88.73
102.32
111.38
132.17
133.09
136.17
158.09
164.25
188.04
216.95
221.72
230.66
258.20
269.10
275.31
306.71
313.19
318.01
351.09
354.10
361.52
378.37
393.90
400.03
419.82
424.22
460.56
470.34
481.32
487.40
496.45
501.14
516.09
540.43
555.49
566.95
572.51
583.25
595.40
602.35
614.86
635.67
640.94
647.81
650.95
659.36
659.82
686.45
705.85
712.84
730.36
763.15
789.94
804.01
816.05
851.29
853.15
864.75
874.13
878.36
889.79
899.72
920.56
941.30
944.26
974.08
982.93
994.12
1009.95
1063.85
1070.64
1090.19
1101.60
1111.76
1119.45
1142.25
1144.90
1158.26
1162.74
1166.37
1174.67
1200.43
1208.48
1215.65
1218.24
1228.69
1243.67
1256.73
1261.95
1268.99
1270.78
1285.59
1288.55
1311.00
1330.81
1332.50
1335.70
1352.77
1360.09
1361.90
1393.11
1407.31
1410.34
1437.48
1444.05
1448.84
1455.62
1468.61
1477.01
1507.05
1512.70
1554.79
1557.83
1596.33
1609.66
1621.39
1750.24
1752.58
1773.79
2535.99
2876.06
2944.35
2957.27
2959.07
2960.46
2976.13
2996.39
3044.90
3061.12
3086.74
3100.93
3104.39
3208.15
3377.22
3430.30
3467.92
3490.21
3558.75
$end
