
$molecule
 O -5.07575867021636 -8.08091753017285 -4.26627933471317
 O -3.67266700014617 -10.20676962571262 -4.58060684998367
 O -4.63465138971007 -6.23360633080928 -3.13163425162343
 O -0.27535466739134 -9.81854066025291 -5.28125100674085
 O 0.41233203905108 -9.02552906415779 -3.31558538145055
 O -6.81298330414336 -16.36836086718121 -2.64412134988999
 N -2.56618588554784 -9.02927347531887 -2.99932659982041
 N -1.08482081554207 -15.07448699684124 -1.44395311709010
 N -4.25722412325573 -16.25540950334393 -1.37711884927339
 N -4.27655353547125 -15.77384396691764 1.36096799705624
 N -7.76695626962806 -15.93057706760085 -0.64240686528434
 N -6.57559097558055 -15.63889768853719 1.36071575384680
 N -8.85032646950308 -15.54210198446762 1.37466595988180
 C -2.78308014444242 -7.69152521476259 -3.53530204798559
 C -2.16331964933297 -7.51939657715241 -4.93267933401509
 C -0.62983793930846 -7.52111562098413 -4.88615653819338
 C -2.92192439711192 -10.18654100392171 -3.59937939410984
 C -2.40409540773317 -11.43125941680171 -3.00799419266997
 C -4.27608445336657 -7.27441215967851 -3.61301008565965
 C -1.56063234677485 -13.89506811268863 -1.95254309765021
 C -1.84362482146234 -16.30510639160299 -1.46308205554668
 C -3.07179778009439 -12.61884712082828 -3.31946937349397
 C -1.28547104062187 -11.49915987855977 -2.17271419544492
 C -2.66978079366718 -13.82907974860374 -2.80473294644168
 C -0.87501753112349 -12.70753771511788 -1.66024171841286
 C -0.10367986312907 -8.84322971287871 -4.38848899450301
 C -3.13360668230293 -16.18535520284043 -0.68885036194889
 C -5.40111846272027 -16.08652353101736 -0.72165516662788
 C -3.16105846158910 -15.94515091473705 0.69293627390075
 C -5.42469681329309 -15.83293411565093 0.67248088541701
 C -6.66074488997660 -16.15437811726153 -1.46777414441939
 C -7.69053633538943 -15.69166427361558 0.70409766511875
 H -2.30837303044831 -6.99096800057222 -2.84220028220579
 H -2.50720803712961 -8.32168883778757 -5.58750275618524
 H -2.50173744394427 -6.56700954473454 -5.34415181752339
 H -0.26813998803557 -6.73093686475154 -4.22739865727882
 H -0.24803357361689 -7.36058855416851 -5.89483166283951
 H -1.97188542936183 -9.08658471067843 -2.18844948481332
 H -1.21860685994103 -17.09241998298219 -1.03533780468637
 H -2.08589430676452 -16.57137797974835 -2.49525225090694
 H -3.92834528315480 -12.56619348307942 -3.97403072254831
 H -0.69939735089318 -10.62116797407213 -1.94358527996904
 H -0.42038377965490 -14.97604992391664 -0.69155229052655
 H -3.22562464867188 -14.71834328565438 -3.05159053593886
 H -0.00503308946843 -12.74800663429216 -1.01977274074047
 H -2.24935869696178 -15.89477160486179 1.27552768006643
 H -4.60958602137740 -8.93480859351271 -4.54855726098462
 H -8.66931969135080 -15.97032985653323 -1.10298213668409
 H 0.03124636541171 -10.67188400934241 -4.93631051339375
 H -9.71780443951147 -15.39306828855575 0.89128830624669
 H -8.77847281428507 -15.27677228074988 2.34135592862029
$end
$temperature
298.15
$end
$mult
 1
$end
$sigma
 1
$end
$pressure
1.00000
$end
$scale
1.00
$end
$msrrho
$end
$freq
7.80
11.26
13.63
23.45
36.96
42.83
58.22
63.89
72.50
75.01
98.05
105.19
119.98
134.72
136.96
139.88
154.24
163.68
208.50
225.57
239.02
239.99
260.47
276.39
298.48
312.70
320.98
346.68
354.55
363.91
376.57
395.41
398.30
411.99
418.72
442.03
469.67
481.99
482.89
489.27
504.54
516.53
536.27
551.08
553.20
571.10
581.54
602.16
610.19
623.12
642.19
643.93
650.95
658.72
661.73
691.04
701.35
709.83
715.48
731.07
767.97
794.03
811.62
837.64
844.04
851.66
859.37
878.49
888.92
910.05
923.11
925.57
932.71
935.71
946.25
968.24
991.60
1004.14
1036.52
1048.71
1071.79
1073.49
1105.64
1119.95
1125.57
1150.17
1162.23
1163.75
1172.36
1180.37
1190.27
1208.13
1217.78
1231.85
1240.85
1247.98
1252.57
1254.84
1270.89
1276.85
1284.87
1301.86
1304.90
1315.59
1322.06
1332.57
1333.22
1352.23
1360.10
1390.42
1411.50
1416.50
1435.66
1441.87
1446.99
1450.46
1461.08
1469.29
1507.79
1515.40
1553.89
1556.22
1595.28
1609.16
1625.61
1753.92
1780.00
1785.21
2614.68
2965.38
2970.80
2974.38
2992.79
2998.78
3002.73
3012.74
3040.95
3068.49
3086.43
3100.91
3121.52
3376.96
3441.86
3446.99
3467.67
3487.85
3555.53
$end
