
$molecule
 O 10.11751958732574 5.42746564476871 0.75240153457921
 O 9.94201565012466 0.66777070467737 -0.21977608573608
 O 10.17126539939605 5.61311545463384 -1.45278470778157
 O 6.80035979086866 6.15809939479956 -1.75836130493482
 O 7.31264830937956 5.69623598761585 0.36121738033478
 O 18.79526471241397 0.33043788880864 5.32826594364940
 N 10.57254239504214 2.73893623713347 0.42222803118614
 N 14.47969482889723 -0.91236851391942 3.93928149236490
 N 16.73250690835218 -1.61794862262043 5.06208125218039
 N 17.27455727518771 -4.12486341282927 6.12814553531061
 N 20.05797293575283 -1.22238857268193 6.38189206984667
 N 19.36466648035983 -3.42640838680403 6.80779878529908
 N 21.41231105220642 -2.72932554726635 7.51770040606863
 C 9.74928279685168 3.42522453409299 -0.55942138372556
 C 8.25665490047851 3.12265417693850 -0.32180697204956
 C 7.36028923586572 3.91881953440370 -1.26464576393550
 C 10.68139913942517 1.37475089982165 0.44016597838264
 C 11.70501710201911 0.83032241142867 1.35785518908750
 C 10.02048783467210 4.92697777449412 -0.48304948147782
 C 13.57346911364333 -0.37827986636664 3.07968746564490
 C 14.53995680642791 -2.29626131937203 4.31214888482620
 C 11.53559553138307 -0.48227854659290 1.80025807270574
 C 12.84050956235442 1.52595754498610 1.77953244470022
 C 12.43799456227759 -1.07824433163088 2.65019593121387
 C 13.75507009630073 0.93419908585484 2.61818266440546
 C 7.17397688876080 5.33770426862403 -0.77918931801633
 C 15.84514633486072 -2.59128297541410 4.99470929960286
 C 17.89664127151635 -1.87031979034459 5.65650738838359
 C 16.13599150726863 -3.85371255176451 5.54074485488942
 C 18.18567873720655 -3.14277965742754 6.20282859707275
 C 18.89175110359964 -0.79988209970201 5.73963090621118
 C 20.24843724605570 -2.48340609390082 6.88436935093148
 H 10.00968030480499 3.08736761394782 -1.57263581046670
 H 8.11792846718288 2.05259885441090 -0.47220959751940
 H 7.99130389755522 3.36469019505310 0.71071910924439
 H 6.36739182347991 3.46476913516286 -1.30753324648733
 H 7.76012119997928 3.94570924990123 -2.27820846322951
 H 11.30411099765950 3.27498712354686 0.86293892109976
 H 14.45125253761671 -2.95271336504371 3.43164159582328
 H 13.71594520483315 -2.55354870132771 4.99484818947743
 H 10.66595923876517 -1.02345137329175 1.45908104149538
 H 13.04669859684971 2.52756001705743 1.42706812861526
 H 15.33227394316427 -0.40058278934711 4.12450345474335
 H 12.26558818736249 -2.08926368301805 2.98443360382594
 H 14.63691539046311 1.47623774609085 2.92758660713895
 H 15.41847620207930 -4.66297374274634 5.49467853102114
 H 9.75321104315810 4.82802860779758 1.41982109139230
 H 20.78197617607531 -0.51947963702519 6.47985144219052
 H 6.71137683567312 7.06725214005210 -1.43078669744512
 H 22.18635179500081 -2.09253293742317 7.46189055607395
 H 21.57519006204992 -3.67682070824602 7.80969510176068
$end
$temperature
298.15
$end
$mult
 1
$end
$sigma
 1
$end
$pressure
1.00000
$end
$scale
1.00
$end
$msrrho
$end
$freq
9.25
12.31
17.63
20.41
31.73
35.78
44.72
48.11
50.29
63.02
79.07
92.83
103.16
119.44
128.03
132.58
137.49
138.29
178.43
180.01
202.98
221.13
234.93
246.37
271.87
297.41
314.51
319.23
327.26
352.23
370.59
377.49
378.32
404.85
425.41
432.30
460.31
475.72
482.68
486.34
488.57
503.84
511.06
517.11
524.81
549.61
564.82
585.10
588.43
607.58
617.26
639.43
641.05
648.11
649.76
661.74
666.74
685.70
702.46
706.68
723.80
761.49
801.55
803.66
826.95
848.56
868.15
873.96
876.00
887.20
900.53
904.34
918.59
948.18
961.81
991.37
1000.04
1007.49
1047.93
1070.35
1080.78
1094.72
1119.36
1120.87
1129.76
1137.40
1147.23
1151.89
1163.84
1166.41
1169.48
1173.14
1196.18
1210.84
1221.69
1224.02
1235.80
1240.45
1246.24
1268.54
1273.57
1284.82
1285.96
1319.76
1321.95
1336.41
1348.13
1350.32
1359.01
1379.82
1401.77
1409.66
1427.05
1434.79
1443.73
1458.86
1465.96
1468.16
1512.98
1523.27
1555.00
1556.46
1603.17
1610.94
1701.55
1748.93
1782.95
1800.10
2833.06
2878.03
2897.25
2971.01
2973.95
3011.84
3017.81
3049.82
3053.58
3081.31
3091.67
3102.33
3377.48
3395.72
3440.90
3444.88
3460.80
3490.58
3559.19
$end
