
$molecule
 O 4.90538461337378 2.03474415281525 -0.33178072064908
 O -0.07453546117169 -0.29808412737432 -1.24758702320476
 O 3.27392309797450 2.73288489468076 -1.68559458562876
 O 7.67655904445570 -2.08569319038801 -1.76147811529317
 O 7.09184493437743 -0.51180419313576 -3.20008965702689
 O 6.72878753448118 -3.11766298398635 0.50667856273366
 N 2.07398116240711 0.25675103127837 -1.60997931469000
 N 2.91371110708251 -3.94889720195895 3.12308462640409
 N 5.39300045724546 -3.00110736676609 2.99552763858978
 N 6.71939651122994 -1.66977637958975 5.04531348189748
 N 8.42822624160460 -1.92569839971770 1.40015522034214
 N 8.48885816419878 -1.19688314590657 3.63609064798365
 N 10.22817398606425 -0.72748173701283 2.24193020390862
 C 3.44018073924301 0.37628455118266 -1.18017639120245
 C 4.43519502638145 -0.32925599674563 -2.13603371810099
 C 5.60357913558942 -0.92415356939459 -1.35771567472207
 C 1.09348476514776 -0.42083909750609 -0.95086107388871
 C 1.58267020995050 -1.33917955206956 0.12484987151086
 C 3.82965266559916 1.84377246799998 -1.10482444641360
 C 2.50083773044431 -3.04652759843431 2.15078019060827
 C 3.47295742686150 -3.47837037310779 4.36630608980144
 C 1.32576115955703 -1.05569134583243 1.46035911750883
 C 2.27967244683856 -2.50116694804701 -0.19245729233562
 C 1.78596304738211 -1.88889310997983 2.46145285044727
 C 2.72550897436299 -3.34285023736353 0.80385130993681
 C 6.83648310779377 -1.15436822904274 -2.22078336926298
 C 4.84675911283693 -2.87537840954508 4.18645188121706
 C 6.59594226929785 -2.46184130289266 2.80017155287921
 C 5.53748238383365 -2.20558521526888 5.21639869367391
 C 7.27839351878445 -1.77228663556512 3.82921900142376
 C 7.20456627011733 -2.56390755572220 1.48470146807827
 C 9.02426142516722 -1.28054668136130 2.46017671399977
 H 3.53093884664254 -0.06736028406791 -0.18329019045508
 H 3.90083327900620 -1.11656503116730 -2.66768986984472
 H 4.81641164768257 0.37213449815928 -2.88137261543874
 H 5.30099559665860 -1.84712652176673 -0.85966717941277
 H 5.91721207817401 -0.21120301943344 -0.58674251223522
 H 1.76768814752181 0.92749137837309 -2.30475527052873
 H 3.54274911330861 -4.32602581492609 5.05774154858177
 H 2.80972976168603 -2.73930454746095 4.82151826342802
 H 0.76594380588739 -0.16772993292948 1.71479157746860
 H 2.46683349552234 -2.74644650963177 -1.22748381410016
 H 3.49042026976908 -4.67741793088184 2.71896981026099
 H 1.57086214820871 -1.63846690943148 3.48905690697335
 H 3.27023473277082 -4.23962899058173 0.54650402367416
 H 5.10870430848963 -2.10860366672786 6.20552578914193
 H 5.16538843641421 2.97057179756561 -0.34449753569708
 H 8.88804223409855 -1.95000555657323 0.49409458171187
 H 7.28885184198811 -2.60209687055727 -1.00645549460164
 H 10.64965520673314 -0.22380164420868 3.00182471929846
 H 10.64718824094304 -0.70184995800085 1.33015152112978
$end
$temperature
298.15
$end
$mult
 1
$end
$sigma
 1
$end
$pressure
1.00000
$end
$scale
1.00
$end
$msrrho
$end
$freq
9.93
17.20
24.73
27.55
37.07
42.92
51.22
57.02
64.15
81.69
84.88
102.07
111.39
126.16
137.32
139.36
149.59
158.18
179.84
187.53
202.41
220.70
241.06
266.64
278.45
304.92
335.20
343.05
349.39
367.53
369.57
382.50
402.80
406.69
426.82
443.22
484.61
490.24
491.25
499.29
507.78
553.57
559.62
570.22
583.60
597.14
602.72
607.60
615.92
628.05
645.69
647.93
654.83
655.41
685.72
689.53
694.09
708.58
716.88
724.58
749.42
761.89
789.27
810.67
822.22
834.45
856.51
869.40
876.09
887.89
902.43
915.85
917.37
939.10
972.42
992.99
1007.48
1025.94
1036.92
1069.12
1095.51
1105.90
1112.77
1122.10
1130.69
1137.96
1141.83
1163.49
1171.77
1174.08
1184.15
1194.60
1200.64
1202.11
1223.63
1248.68
1251.23
1262.27
1269.35
1272.96
1278.87
1284.07
1289.60
1298.78
1307.67
1333.99
1335.57
1345.99
1355.75
1383.44
1392.74
1406.11
1432.96
1436.75
1443.08
1444.93
1467.25
1479.65
1497.37
1515.13
1554.65
1568.56
1603.52
1615.08
1696.29
1741.51
1790.38
1803.53
2926.26
2940.10
2943.73
2966.16
2975.26
2983.31
2993.55
3008.29
3052.18
3074.96
3081.16
3087.64
3092.85
3341.36
3397.02
3397.92
3429.78
3492.55
3562.26
$end
