
$molecule
 O -2.83806795372693 -8.86711208376289 0.58060802123728
 O -1.86970396187465 -7.14205917890772 -3.13304746384823
 O -1.06230801497421 -7.95438028008695 1.57100440671395
 O -3.21122840575532 -2.85976005300316 0.42143325341436
 O -1.17676091153248 -2.13799891922746 -0.12322429182565
 O -6.87615845055044 -12.66437961225332 -1.70199698697435
 N -3.10336027795489 -7.06784538621979 -1.24813046255431
 N -7.64433045039130 -8.39152814454532 -5.54636694379890
 N -7.74780573779318 -11.31430507903269 -4.06314272391022
 N -7.26257175344254 -12.63038986159403 -6.46457677496672
 N -6.15629611666567 -14.36538663217358 -3.00346218199953
 N -6.31910981253431 -14.40834302346375 -5.34566995380363
 N -5.42482102765360 -16.18921144599362 -4.24305975533107
 C -1.97783622184273 -6.86501848854387 -0.37850768425537
 C -1.99623228309051 -5.47876113336972 0.28612664365381
 C -1.83282859474131 -4.37302133401884 -0.75829114999817
 C -2.95172636327774 -7.26309015250407 -2.58770197323897
 C -4.20038421011065 -7.58470988240583 -3.31647514627979
 C -1.88460342302006 -7.93727565432794 0.69664111708784
 C -6.50533869016525 -8.18294211558258 -4.79989220339782
 C -8.64670623978152 -9.37221527268589 -5.18643487222600
 C -5.24975572025712 -8.30129668918157 -2.74591270293315
 C -4.30906790758452 -7.19433544905786 -4.65095881696177
 C -6.38450484976563 -8.59952986905449 -3.47096782228810
 C -5.44081341869494 -7.48031929017285 -5.37767346351024
 C -2.00013538844558 -3.01069644935230 -0.13669309707146
 C -8.07966073407160 -10.76939069074159 -5.21864370177088
 C -7.16020846120491 -12.50707345200664 -4.08258594545250
 C -7.82359118815247 -11.44589403154519 -6.42136509577608
 C -6.91065065110091 -13.18930357042844 -5.29873103119835
 C -6.75496874519356 -13.11652013235186 -2.81387251316830
 C -5.96968271122828 -14.95502900456242 -4.22613196977046
 H -1.08381089885409 -6.94667597374888 -1.01377998527682
 H -2.94450306590178 -5.34514007794954 0.81111787136735
 H -1.18534743431733 -5.43489167757989 1.01412800821082
 H -2.59891862075664 -4.49190422740301 -1.52753417367932
 H -0.85088425873282 -4.42730418031172 -1.22704639091393
 H -4.00935366158361 -7.18539581436177 -0.82562978791385
 H -9.47527050356257 -9.28015110558413 -5.89231918437738
 H -9.01232305032300 -9.16042199998282 -4.17948055598912
 H -5.17381844404071 -8.67657683107981 -1.73532874037485
 H -3.48427023594077 -6.66355807082079 -5.10181505870378
 H -7.51182866941904 -8.26519968869982 -6.53956809634135
 H -7.16174454875802 -9.18291072896980 -3.00685004088464
 H -5.51484973400235 -7.16628117869250 -6.40971758885837
 H -8.09407592456499 -11.01575379339215 -7.37798923197735
 H -2.73944505525459 -9.54193328653410 1.27106145723854
 H -5.86357958009666 -14.84236168145260 -2.15811202349871
 H -3.29066175413368 -1.97707062192338 0.81551203656153
 H -5.20441366146277 -16.56632057607117 -5.14832634633157
 H -4.96035822172125 -16.56413412327496 -3.43543688204333
$end
$temperature
298.15
$end
$mult
 1
$end
$sigma
 1
$end
$pressure
1.00000
$end
$scale
1.00
$end
$msrrho
$end
$freq
6.29
9.45
15.42
16.74
22.27
28.76
32.53
37.26
45.68
53.18
72.92
80.30
88.54
105.77
131.01
136.03
140.74
158.43
188.42
201.85
223.01
248.94
263.70
269.44
271.86
289.80
313.09
316.20
353.54
373.31
379.48
393.62
399.57
415.28
423.40
433.15
458.79
473.29
482.13
489.28
492.47
524.28
537.72
541.26
558.42
564.97
571.31
582.90
598.71
608.73
617.87
634.27
641.85
651.43
652.48
660.99
690.39
693.40
708.71
716.49
729.43
768.29
786.98
800.89
810.19
852.09
856.94
862.01
881.32
893.01
907.80
920.37
936.54
936.99
959.34
971.00
994.59
1011.91
1044.51
1071.60
1072.04
1097.76
1108.84
1119.29
1121.43
1127.36
1144.62
1156.39
1162.71
1175.17
1178.41
1188.69
1209.56
1214.05
1231.51
1232.04
1243.90
1247.62
1250.55
1263.72
1272.64
1276.31
1280.04
1283.01
1305.93
1332.66
1334.93
1349.92
1358.26
1384.57
1402.51
1411.72
1432.24
1443.34
1445.44
1451.28
1467.99
1468.37
1502.11
1514.14
1552.83
1565.20
1600.15
1610.68
1705.15
1749.90
1791.03
1801.57
2897.66
2974.07
2979.77
2983.67
2986.82
3006.21
3024.09
3040.70
3065.26
3073.23
3097.81
3125.59
3377.15
3426.15
3443.89
3453.99
3476.29
3486.53
3553.95
$end
