
$molecule
 O 3.81901848474976 -2.34721378244544 5.09751403135733
 O 6.88820828622744 -3.24161286489915 2.30013754865755
 O 4.84149321369537 -1.15337710327854 6.67667279148912
 O 2.70916361851483 -1.65974469224424 2.53140194608044
 O 2.93420073274877 0.17517492745772 1.31839127357144
 O 15.92507002163604 0.54545255195793 9.53173409674020
 N 5.69878733957024 -1.61133481927833 3.26932220122288
 N 11.71640352613857 -0.07322459835137 4.97283188088659
 N 14.51063682797869 0.14258200711186 7.07903120058984
 N 15.65992127719198 1.28433776498339 4.81684371605308
 N 17.48050517478323 1.71260180557975 8.38260850998220
 N 17.40109401127300 2.11828696264016 6.07169710685384
 N 19.10532571931036 2.98140410940617 7.31146599111464
 C 5.44398051535441 -0.72883243530688 4.37570850815587
 C 4.70500279038214 0.56726953469967 3.97102088678432
 C 3.20431765956085 0.42094623462104 3.68374882466187
 C 6.88133480415000 -2.25067705701141 3.00025125265297
 C 8.11698804650139 -1.65419538945023 3.56562661767079
 C 4.69626798984443 -1.41474725514572 5.51736208769148
 C 10.53116424856193 -0.61729108253119 4.55330334170428
 C 12.67160701871019 -0.76248153808922 5.80734910820731
 C 9.05321256785690 -2.48344375140028 4.17519257723199
 C 8.41304542098499 -0.29802139054206 3.43081366446142
 C 10.23347057740173 -1.97807057516352 4.67744775443866
 C 9.59752198824990 0.20938174164749 3.91401344574497
 C 2.93957683608835 -0.34525745797946 2.39448463342151
 C 13.95027313937120 0.01875467254120 5.89150939505085
 C 15.64975280802919 0.82608690271992 7.16039016508691
 C 14.54317382217103 0.60046442664056 4.75799848501155
 C 16.24325447097770 1.41479329964480 6.01664152718400
 C 16.29567363738907 0.97384979635137 8.46742050634979
 C 17.97584002104382 2.24919403497399 7.22373616458261
 H 6.41354824219960 -0.43468266926162 4.79407737016872
 H 4.82766056378690 1.28339041759095 4.78537951475591
 H 5.19354393674515 0.96853428824131 3.08184032494946
 H 2.79595730037802 1.42344759010006 3.54405029135103
 H 2.69154886123747 -0.04403400201028 4.52813289571319
 H 4.90452315541323 -2.04755618591625 2.81784626326234
 H 12.89176757823291 -1.73647009362619 5.35527286723568
 H 12.30231478650640 -0.93240125317838 6.82905909818120
 H 8.83734727850908 -3.53775225844966 4.26047061557399
 H 7.72439247435261 0.35535490719702 2.91505663247257
 H 11.72814194516686 0.93285096994075 5.04849120609802
 H 10.92588359079054 -2.64553229348261 5.16431866402465
 H 9.82211596996023 1.25999261979598 3.79455006407143
 H 14.09134149176242 0.50152782916107 3.77961751200268
 H 3.42136533725035 -2.80355824656023 5.85709724492745
 H 17.96712327212417 1.85659093740699 9.26028258933485
 H 2.81640525015976 -1.97423159307496 3.44495029973603
 H 19.50708803093415 3.29028903522869 6.44366204699361
 H 19.68042633803552 2.95777002104089 8.13417825846379
$end
$temperature
298.15
$end
$mult
 1
$end
$sigma
 1
$end
$pressure
1.00000
$end
$scale
1.00
$end
$msrrho
$end
$freq
7.62
11.42
12.88
23.63
29.79
38.96
42.71
54.64
63.26
72.28
83.50
88.27
119.25
125.44
135.28
138.10
145.63
156.55
167.31
190.57
197.32
214.82
225.85
247.74
276.67
293.60
308.90
321.09
348.32
366.83
376.57
398.92
405.82
418.64
444.43
452.39
465.21
469.02
478.46
485.68
490.31
525.13
539.64
547.09
553.25
562.53
577.28
581.45
598.81
605.04
622.76
640.58
649.18
658.20
662.91
675.29
690.43
699.19
706.65
717.40
722.12
749.02
766.10
802.57
821.86
853.23
855.27
861.34
869.53
884.75
905.28
913.49
922.27
936.28
938.30
969.02
997.62
1004.58
1016.51
1071.73
1083.33
1092.91
1115.51
1121.90
1122.95
1125.79
1137.07
1157.15
1163.81
1167.72
1173.79
1201.67
1205.67
1222.43
1229.93
1235.09
1246.74
1251.47
1252.59
1258.24
1270.09
1278.60
1303.49
1310.14
1314.87
1332.64
1342.37
1348.05
1359.36
1386.28
1390.12
1411.64
1433.75
1445.24
1451.94
1457.74
1468.61
1469.51
1509.53
1516.82
1554.23
1561.31
1603.82
1611.20
1721.47
1752.83
1796.68
1805.92
2880.84
2927.85
2942.42
2978.98
2989.84
3000.84
3004.34
3055.58
3067.51
3083.60
3092.77
3108.53
3377.25
3377.26
3412.30
3430.59
3438.43
3488.46
3556.55
$end
