
$molecule
 O 8.39850911942987 6.00430181033314 4.43934648064858
 O 9.41300900090806 3.78034884408068 3.54315714432368
 O 6.29503905551590 6.69029825446040 4.30789621806425
 O 6.82762357680030 4.20493994354484 -0.25337955589167
 O 6.59069005297998 2.12749677603818 0.51699000693405
 O 8.94214673671809 -8.46048795588529 3.46491703137862
 N 7.18247305863741 3.55193164661728 3.38636906549747
 N 8.87951510399414 -2.40151746615219 4.95783722011853
 N 8.50674166848985 -5.87273872403018 4.60113452111315
 N 8.41624669030019 -5.76956868769877 7.37994617098747
 N 9.01562466759181 -9.30939182838780 5.55692887424826
 N 8.77193636599205 -8.04019777128848 7.51698908541415
 N 9.16294661637544 -10.27847904418104 7.66284140460518
 C 6.97086728507587 4.88576332030396 2.84735937078144
 C 5.58765526384453 5.04369497168213 2.21711633994168
 C 5.13991616018529 3.84639146889310 1.36863898826810
 C 8.41985618127910 3.04937371312510 3.59454138975467
 C 8.50202935676069 1.61742968019703 3.91031572815833
 C 7.17870413543749 5.96106244523572 3.95052051661315
 C 8.75585199240333 -1.09986101865114 4.56022556662653
 C 8.12531018835843 -3.49957629506486 4.40186769695200
 C 7.59871483375206 0.68017640644496 3.41022138775430
 C 9.55627162633647 1.17237064041661 4.71171399013934
 C 7.72588254821091 -0.65583554091634 3.72242123688772
 C 9.67634465819232 -0.15537872682745 5.03861512534867
 C 6.25208590290180 3.28106929693893 0.51819134883592
 C 8.30631171831750 -4.73427323838993 5.23632549403147
 C 8.65835719208597 -6.97406631391626 5.33232781240581
 C 8.26220701733149 -4.69839543930268 6.64018899697917
 C 8.61766899525998 -6.93448243259180 6.74813294301061
 C 8.87728302812409 -8.25285265487153 4.65062749528475
 C 8.96534099944374 -9.17167112903907 6.91880202467498
 H 7.75651494212155 5.05881755629460 2.09601381453295
 H 4.85828472235474 5.21534902354857 3.01078935826515
 H 5.61576224750543 5.94158147748724 1.60014000412203
 H 4.34119409659560 4.17203084124385 0.69990992570938
 H 4.74971317273523 3.03702193457078 1.98716599475595
 H 6.37754498281014 2.96754601767902 3.53548536302026
 H 8.41596478084473 -3.73550878018502 3.36831195217348
 H 7.06236804798765 -3.23232701144539 4.40687949214277
 H 6.82688889690207 0.98039978795669 2.71726624998185
 H 10.27094372145739 1.89549015109174 5.07407680778243
 H 9.77123052845799 -2.65097730273882 5.35890482798314
 H 7.03016317128541 -1.36035464739730 3.29617389649587
 H 10.48949765724950 -0.48722358708069 5.66838112673210
 H 8.09533732500122 -3.76951252013097 7.17000168065827
 H 8.97485084044313 5.26462007960954 4.07240919886580
 H 9.18052768518143 -10.21955842776589 5.14187556768005
 H 7.53716166858858 3.81327160026980 -0.78688340408654
 H 9.03881114349566 -10.18152282062576 8.65521787033718
 H 9.14648157197903 -11.19522032347847 7.25397315295326
$end
$temperature
298.15
$end
$mult
 1
$end
$sigma
 1
$end
$pressure
1.00000
$end
$scale
1.00
$end
$msrrho
$end
$freq
7.76
12.41
16.72
19.79
32.49
37.57
43.39
56.93
65.15
74.07
77.39
92.61
110.94
126.56
134.91
137.84
151.78
156.62
174.84
191.16
201.72
228.79
233.58
273.02
286.07
298.59
312.26
331.76
352.37
358.01
372.76
378.85
402.71
424.72
432.67
436.75
453.25
470.24
474.59
484.34
489.87
503.86
511.27
527.48
549.19
551.40
581.24
594.96
605.48
628.73
634.40
640.85
649.31
651.11
664.20
689.12
690.79
704.62
723.33
735.20
765.29
797.54
806.55
821.40
851.55
855.18
863.46
882.61
885.48
893.73
906.92
918.89
927.46
937.12
968.13
978.63
996.96
1009.44
1022.71
1071.53
1075.57
1115.33
1121.47
1130.78
1138.20
1142.20
1155.07
1158.41
1167.15
1167.65
1174.62
1199.79
1206.13
1227.71
1231.16
1247.39
1254.36
1258.17
1267.98
1270.12
1280.53
1296.87
1307.40
1309.94
1314.54
1340.71
1342.36
1356.27
1359.86
1392.50
1405.84
1411.11
1437.13
1445.87
1456.72
1457.28
1468.83
1474.12
1510.75
1516.90
1554.45
1558.22
1599.76
1610.72
1632.28
1753.38
1788.77
1792.42
2712.40
2879.34
2886.00
2929.65
2985.09
2993.74
3002.75
3019.58
3053.93
3072.72
3089.49
3099.96
3108.64
3377.31
3437.32
3447.10
3484.16
3490.34
3558.74
$end
