
$molecule
 O 3.40512457724211 -1.14101704159742 -1.21589207404276
 O 4.57076575985563 2.54371833129383 -0.74591413834582
 O 1.33868548037764 -1.04809361980069 -0.41615110771621
 O 0.05442605233714 0.75035861507335 1.26283476222688
 O -0.21608522143904 2.84008494370588 1.88423586807869
 O 11.75956054287831 2.75257047719585 -10.58020225519851
 N 3.29050754771320 1.33817845320018 -2.15604159897644
 N 7.54461524641126 3.98540131248390 -6.17246012058726
 N 9.53719108457281 3.66494888212102 -9.03158711332812
 N 8.80733045912229 6.32294125203560 -9.40632955224714
 N 11.91973166423594 4.82143466409546 -11.47393721211106
 N 10.50554406340065 6.61631553522333 -10.93278891242515
 N 12.20273686921829 6.92449628811343 -12.41746810416905
 C 2.32447493557030 1.01853818309172 -1.12588211925994
 C 0.91116285321391 1.55806657023771 -1.41734586728636
 C 0.41306136589439 2.56039861811382 -0.38030898933647
 C 4.33934861581504 2.19574344509359 -1.88685769911585
 C 5.15226310439207 2.59957887275156 -3.04631032989142
 C 2.30128112159468 -0.49405139323506 -0.88171220670642
 C 6.78283103858368 3.48949989880289 -5.15661712349742
 C 7.77966885063419 3.30251429147441 -7.42317230594877
 C 5.17174671445469 1.92529895567000 -4.26710612815896
 C 5.98124871698093 3.71541620830313 -2.89201729109645
 C 5.97328280792291 2.35573158365855 -5.30182482787001
 C 6.77288053232491 4.15612957027516 -3.92166271435681
 C 0.06883168153070 2.05404983735272 1.02217749726610
 C 8.52147493382410 4.19360050804091 -8.37663372441446
 C 10.19986129836641 4.44253502794975 -9.88326074888442
 C 8.16251612060686 5.53628285286508 -8.57930293830288
 C 9.84229913313709 5.80015386156698 -10.07893037209021
 C 11.32873571252155 3.87722248575269 -10.62814458862488
 C 11.50528570153952 6.12178711872455 -11.59096040753208
 H 2.72517784913123 1.47776027234137 -0.20613982324539
 H 0.92935549499421 2.06315249459648 -2.38650844442065
 H 0.21028999821793 0.72296674984162 -1.50389289922692
 H -0.50323418810338 3.03112645796311 -0.74737284780241
 H 1.14378549302005 3.36193005722623 -0.24924667100161
 H 2.98383388375195 1.24123395776007 -3.11167114252134
 H 6.81212736325871 3.04300629757953 -7.86986453252204
 H 8.36031332453983 2.37819737933000 -7.29545590114894
 H 4.58686667493147 1.02833584047430 -4.41716900686832
 H 5.98026365346824 4.22299182667438 -1.93963646911565
 H 8.24286430425834 4.66379644120383 -5.90808254246362
 H 5.98114804307799 1.79931529092126 -6.22517812803937
 H 7.40288054550354 5.02369955409321 -3.78855193041430
 H 7.32606881200469 5.97790167960834 -8.05299662842748
 H 4.07240607190636 -0.52181682045234 -1.56404103756528
 H 12.71445794011126 4.48903084859306 -12.00860069878936
 H 0.36320036460534 0.15390796214533 0.54924140581126
 H 11.84757176989711 7.85445812739918 -12.55289828194570
 H 12.88827323657461 6.56015499303087 -13.05369097633183
$end
$temperature
298.15
$end
$mult
 1
$end
$sigma
 1
$end
$pressure
1.00000
$end
$scale
1.00
$end
$msrrho
$end
$freq
6.80
11.08
14.79
23.23
25.67
32.11
35.62
45.11
55.68
73.60
81.57
84.90
112.67
131.69
133.46
140.77
144.15
165.65
180.33
188.29
206.80
221.80
250.96
279.38
283.33
312.18
317.92
338.79
353.05
365.96
370.35
389.45
402.42
418.15
431.22
459.62
468.44
477.56
483.98
487.65
488.95
524.97
528.07
536.30
547.93
564.94
569.88
579.02
581.59
600.67
605.66
633.38
641.21
645.52
649.79
663.60
689.60
690.88
705.18
711.82
734.65
765.43
801.47
803.16
822.52
852.08
855.49
867.40
882.69
885.11
900.35
906.05
922.50
936.46
968.56
979.77
996.57
1007.63
1041.73
1071.16
1090.85
1105.10
1114.28
1115.59
1121.71
1130.00
1136.03
1144.61
1157.22
1166.87
1168.94
1193.00
1205.03
1219.55
1226.08
1231.48
1244.69
1249.86
1259.67
1266.21
1270.37
1274.44
1283.22
1316.20
1328.76
1342.85
1346.08
1358.98
1361.07
1376.42
1393.27
1410.60
1437.36
1443.78
1447.04
1459.76
1469.48
1478.77
1512.44
1517.52
1554.81
1557.95
1601.72
1610.52
1706.10
1753.92
1764.64
1777.49
2860.60
2888.28
2921.05
2961.13
2968.20
2979.59
2992.83
3051.87
3062.38
3077.08
3103.54
3107.58
3204.51
3337.19
3377.05
3441.01
3452.49
3491.84
3560.81
$end
