
$molecule
 O 2.93657354788535 -0.84661949326200 2.25714377844490
 O 2.53328417477360 1.07270044048886 0.61238778363353
 O 3.28581036861343 -3.00222774721328 1.96479429766707
 O 0.75703995599591 -3.92040093236633 1.08548445304949
 O 0.22908874344661 -3.89158879259697 -1.06239618941812
 O 8.99220431573774 3.95283251478690 0.20632222546445
 N 3.64950193407055 -0.53280768125890 -0.50037213740568
 N 5.83981780523034 4.83650667250198 -3.27887532885396
 N 8.27309395333502 3.96054462634087 -2.55258149516802
 N 9.97105522160625 2.57677252205032 -4.26142700548721
 N 10.78502616452072 2.67803084854832 -0.31727821992951
 N 11.31706180947413 1.96698591558483 -2.49255055145650
 N 12.62953762554008 1.33323909620730 -0.74439303557475
 C 2.87721478350268 -1.66967115829951 -0.01159810075203
 C 3.22704362052139 -2.87528638354257 -0.89344759863084
 C 2.54368926360638 -4.19896096807960 -0.51822574581836
 C 3.33608220154895 0.76407213406307 -0.27412972520636
 C 4.01908684768693 1.77025223323537 -1.09508619238402
 C 3.07787426854724 -1.90272516057849 1.50713921451130
 C 5.28860472917075 3.80297697553599 -2.56605313194671
 C 6.79024946456336 4.60444638309306 -4.33763673657357
 C 4.59889233327233 1.49960353040052 -2.33490325634269
 C 4.06893742304192 3.08253862878207 -0.61240082707388
 C 5.21914786051713 2.49397970832762 -3.05811230850470
 C 4.69416239259409 4.07329250537341 -1.32538130075611
 C 1.06735354842821 -3.99333798692487 -0.21085831860917
 C 8.03544371360029 3.90099085469864 -3.84862257126104
 C 9.34895029891766 3.33486852294780 -2.08579384647502
 C 8.90548841693049 3.20189211085214 -4.70005981802579
 C 10.21927393915216 2.62070871827332 -2.94469355670212
 C 9.62763102839322 3.38814342117840 -0.64894384485169
 C 11.56535369875532 2.00688174523010 -1.22224707437580
 H 1.80691477828221 -1.42630123323222 -0.12153831089170
 H 2.94461088414933 -2.61743982302004 -1.91710581172006
 H 4.30842506969629 -3.03138141724181 -0.85823758787433
 H 3.04655368439549 -4.64736105640530 0.33768586596502
 H 2.61984607037568 -4.87403856361112 -1.37191555135290
 H 4.36984977959922 -0.74466983715692 -1.17140996326971
 H 7.06776041740935 5.57418655305612 -4.76275949890158
 H 6.32323132308133 4.01955159353833 -5.13601144129408
 H 4.54682291147738 0.51031602518770 -2.76852378109104
 H 3.61331887811601 3.29373289198161 0.34274633405005
 H 6.05522936324546 5.64063820717336 -2.70681422103713
 H 5.65395493182062 2.24647734089521 -4.01385871509814
 H 4.74023676960041 5.07694492840974 -0.93001994794796
 H 8.72803763002193 3.15014046650974 -5.76688648798575
 H 2.67365450462048 -0.01839985769117 1.72414755443623
 H 11.02324918990683 2.66805967156644 0.66817431998530
 H 1.54592114896268 -3.92803497746486 1.65758443902842
 H 12.94805792573331 1.45106242860830 0.20017570539727
 H 13.23831828654096 0.90839285328089 -1.42128573541664
$end
$temperature
298.15
$end
$mult
 1
$end
$sigma
 1
$end
$pressure
1.00000
$end
$scale
1.00
$end
$msrrho
$end
$freq
4.66
10.74
11.57
20.98
34.74
43.35
52.62
56.33
61.90
76.65
101.16
121.92
129.74
132.56
135.16
143.87
154.23
175.43
190.10
203.35
224.74
236.76
253.27
284.51
297.08
305.25
315.59
341.47
354.29
363.69
377.55
400.20
406.51
418.38
439.63
461.23
462.52
474.41
482.74
486.87
502.03
514.44
528.90
565.10
566.22
568.40
593.94
599.23
615.56
636.42
641.49
645.17
648.25
650.63
660.78
686.41
704.73
710.15
714.63
723.10
762.63
784.12
795.91
804.80
851.07
858.21
866.98
875.27
881.22
898.78
905.32
920.53
941.12
959.78
973.43
993.07
1004.94
1021.88
1043.94
1070.26
1076.38
1113.46
1119.34
1120.39
1133.90
1146.86
1162.10
1166.69
1175.95
1177.04
1190.67
1210.69
1214.04
1219.35
1236.04
1243.27
1246.68
1262.91
1270.39
1279.35
1285.85
1289.54
1311.18
1313.79
1331.74
1333.60
1347.88
1359.36
1361.95
1392.81
1409.66
1410.40
1437.45
1443.20
1454.35
1456.49
1468.41
1468.62
1507.07
1513.65
1554.63
1558.84
1596.26
1609.84
1621.59
1749.59
1752.30
1790.64
2503.24
2858.94
2939.73
2956.12
2965.74
2975.04
3000.86
3016.76
3046.48
3059.31
3085.96
3098.83
3104.64
3338.34
3377.07
3432.08
3463.94
3491.54
3560.53
$end
