
$molecule
 O -0.61285511561037 -8.81932331149894 -2.29995937543377
 O -0.72454306434281 -10.41509269220030 -0.02965901467508
 O -2.64893347757126 -8.97394791822892 -1.39706021504929
 O 3.00469587236629 -6.76255715107924 -1.25598232184705
 O 2.43817575773799 -4.66792176262285 -1.74497165985915
 O 2.11758761630818 -15.54234317661525 5.20141799449520
 N -1.18198296150120 -8.52074400484112 1.05598359330826
 N -1.95919892138459 -12.84210299591999 5.73974611895332
 N 0.61137874890147 -13.49644284483567 6.50015035616229
 N 2.08467628186435 -11.59417891627743 7.89012989107743
 N 4.00818161450720 -14.53501958175011 5.92256579482432
 N 4.05749713187408 -12.60157018884815 7.25573371879970
 N 6.00826325825866 -13.61939402163102 6.66854056977364
 C -0.97865016037061 -7.76223940311922 -0.16287772473699
 C 0.49047307061606 -7.34575534688232 -0.30105993513127
 C 0.68472274902048 -6.26985574558112 -1.36640719037484
 C -1.01906125664223 -9.86642599901929 1.02218434689967
 C -1.22729152082459 -10.59413879976154 2.28802856087973
 C -1.49794398125854 -8.63354597290479 -1.31904534906186
 C -1.65411453236765 -12.09320408484594 4.62705413955346
 C -1.49144029790328 -12.47155890444207 7.05422954995843
 C -1.07320679143214 -10.01364812952537 3.54443556784290
 C -1.57181510203417 -11.94574242207968 2.21897558188877
 C -1.27654556962531 -10.74809160439217 4.69410978657440
 C -1.78754133094450 -12.67798185515280 3.36064495015331
 C 2.11012894283821 -5.79231537594957 -1.47383477538332
 C 0.01539339309519 -12.51367260546041 7.15005772578537
 C 1.93850117706483 -13.54969819295007 6.53017664986074
 C 0.77380321906561 -11.56482188064300 7.85165079057236
 C 2.70178368080337 -12.58169615709282 7.22795852177132
 C 2.61790933633267 -14.63568098483333 5.81933121940174
 C 4.66175442768746 -13.55305902534933 6.61990401876998
 H -1.62385951210594 -6.87667866002936 -0.12355428200676
 H 0.82634362058446 -6.96440364301265 0.66633137434412
 H 1.08460083605350 -8.22454884377173 -0.54814468053101
 H 0.05425440781092 -5.39991348045350 -1.17373879769232
 H 0.41301757890928 -6.67692047013518 -2.34297008689731
 H -1.51805511535823 -8.05555547175185 1.88100625576433
 H -1.91596075357249 -13.18275409961755 7.76981763418823
 H -1.85950304829797 -11.47582467027114 7.31430972494770
 H -0.75437481440477 -8.98512742489203 3.64051572384030
 H -1.66778857786673 -12.39916142444050 1.24444196857534
 H -1.91851341213869 -13.83755217753828 5.57000712616384
 H -1.12947908045022 -10.26843212741394 5.64918138268450
 H -2.05686998798794 -13.72179084682331 3.29255264636016
 H 0.30111174381580 -10.75724572638099 8.39665197438767
 H -0.98415573380719 -9.43205657361461 -2.95268007319899
 H 4.53432356671781 -15.26480737954828 5.45518875025286
 H 3.90508262901975 -6.41859580038960 -1.36612360095431
 H 6.47882758380649 -12.84440099277541 7.10205408075788
 H 6.52356687479164 -14.21547313078968 6.04605999327066
$end
$temperature
298.15
$end
$mult
 1
$end
$sigma
 1
$end
$pressure
1.00000
$end
$scale
1.00
$end
$msrrho
$end
$freq
5.63
8.16
10.28
12.79
20.03
33.70
41.50
45.55
54.15
63.14
81.79
114.81
125.62
127.57
135.76
144.35
153.69
163.65
173.84
201.26
228.96
241.14
254.89
261.11
279.08
285.37
310.53
314.75
353.60
367.13
369.66
379.10
394.47
399.22
420.44
431.13
459.20
475.81
482.54
487.23
498.90
517.27
525.15
529.41
563.08
567.54
572.35
593.05
597.82
603.03
613.31
639.48
641.40
650.27
650.51
660.43
676.41
687.47
707.49
711.92
717.11
764.18
771.60
800.60
802.97
838.69
853.12
863.14
877.98
892.83
899.81
910.43
920.83
942.19
975.44
995.41
1003.61
1015.70
1056.71
1071.61
1079.67
1092.57
1109.84
1114.42
1119.22
1133.42
1145.79
1148.90
1162.96
1163.75
1172.25
1206.20
1219.44
1222.15
1223.07
1237.02
1243.69
1245.80
1255.47
1267.25
1271.59
1284.22
1285.64
1294.42
1308.89
1329.41
1344.03
1356.60
1359.02
1388.21
1400.19
1411.58
1434.57
1435.29
1443.93
1455.60
1468.34
1470.82
1504.80
1512.33
1554.17
1563.85
1601.22
1610.52
1677.96
1752.20
1767.86
1788.44
2921.49
2945.88
2967.97
2970.80
2982.45
2994.39
3029.93
3043.70
3064.47
3080.91
3097.83
3103.62
3377.01
3427.07
3449.81
3465.32
3486.35
3487.85
3555.78
$end
