
$molecule
 O -1.25836700128870 1.90174202281819 -7.40053608152937
 O -1.87253811966404 5.16342663538420 -3.64792183480003
 O -1.31494854088844 4.08848295514193 -7.69035791107201
 O 0.84955319231252 0.52879646449405 -2.93101726033362
 O 3.05857471622534 0.58138753922549 -3.24025611479131
 O -2.56120362905156 -1.05255741124405 -0.08689794956621
 N -0.32949896993131 4.25887483541285 -4.98863203744194
 N -4.83095647698565 -0.25247168336802 -5.43074204021531
 N -4.40295379832269 -1.16560385695396 -2.26242062214256
 N -7.02431365199630 -0.44807006527856 -1.68057854262931
 N -4.25940657313390 -0.38521371370297 1.24754141702833
 N -6.47363196958362 -0.07720290618857 0.52569658343124
 N -5.94188710271343 0.25940776979795 2.71442463288632
 C 0.17453953926100 3.33236709847854 -5.98212745199063
 C 0.69768089753306 2.02387986330497 -5.36563838878007
 C 1.68913600562707 2.30561811731384 -4.23078100217126
 C -1.55157760145715 4.25334045409160 -4.38073768331860
 C -2.40879540315237 3.06095148943278 -4.64771271743524
 C -0.88603248851677 3.14610456546964 -7.09184678566694
 C -4.04654505336118 0.83667578364613 -5.11218417939010
 C -4.87785855184780 -1.44448525170380 -4.61164049625223
 C -2.21193022682604 1.87608353573510 -3.94652843702932
 C -3.46627996741414 3.14285542966046 -5.54864323272108
 C -3.00382506723515 0.76924165947692 -4.18518453689972
 C -4.27060321305193 2.04765668779550 -5.77628236663936
 C 1.97290154649120 1.05533989312656 -3.42898669744144
 C -5.32884859066178 -1.14560499373415 -3.20321921557350
 C -4.75664895272737 -0.81236779621914 -1.03048092270354
 C -6.64725464936187 -0.78072421827818 -2.89196097298877
 C -6.08894412206705 -0.44410230350106 -0.72132781581500
 C -3.73413468383720 -0.78646437451640 0.01729535699117
 C -5.57426679860663 -0.05854824800556 1.45578461450722
 H 1.01153952916054 3.83801495404183 -6.47991756909299
 H -0.13073404188464 1.45044021430677 -4.94543456628683
 H 1.19906106576078 1.43625543785950 -6.13901324687586
 H 1.24533616488101 3.03399335769356 -3.54803665081057
 H 2.63108895888252 2.69857708010537 -4.61278266845384
 H 0.19669473053664 5.10779452190286 -4.83503905180525
 H -3.88081577947085 -1.89093535580667 -4.56716249867220
 H -5.56022289906107 -2.15210042173850 -5.08766743322036
 H -1.44567314018463 1.81669928821369 -3.18706230933061
 H -3.64894854673754 4.06716350491876 -6.07457161813630
 H -5.69416582616204 -0.01383872975074 -5.89575465398258
 H -2.82144566181800 -0.13089621441450 -3.62220223030465
 H -5.08738771315052 2.12053387956851 -6.47966455990581
 H -7.42217103272783 -0.76872934330635 -3.64847524365947
 H -0.92673289773286 1.23159003600033 -6.78829117458296
 H -3.59900310074575 -0.35186324348312 2.01603680394927
 H 1.03149754752590 -0.25805668318180 -2.39354575629824
 H -6.88260530749484 0.59410179536827 2.83099530689895
 H -5.25764074331433 0.48720994461331 3.41348681308377
$end
$temperature
298.15
$end
$mult
 1
$end
$sigma
 1
$end
$pressure
1.00000
$end
$scale
1.00
$end
$msrrho
$end
$freq
4.06
11.06
17.67
21.38
21.53
34.42
39.24
47.43
61.40
64.37
88.40
100.69
105.86
112.93
137.21
137.70
149.08
173.45
192.93
215.49
233.75
245.65
253.30
271.45
281.62
285.60
313.66
344.20
351.09
366.53
385.09
387.54
402.50
411.74
419.20
442.35
446.97
481.31
483.06
490.81
506.86
520.66
528.34
544.27
547.03
563.45
571.06
578.79
584.28
596.01
603.83
621.18
642.28
650.85
661.27
679.85
690.95
692.96
697.22
703.33
731.17
736.72
768.13
810.77
816.52
835.28
852.67
861.06
865.75
880.36
911.34
917.11
936.79
940.99
969.08
984.49
994.30
1008.09
1040.88
1068.35
1072.02
1096.05
1101.24
1107.33
1121.48
1127.00
1145.86
1152.79
1163.65
1179.21
1181.94
1201.90
1206.25
1220.74
1232.49
1240.34
1247.96
1259.36
1264.22
1273.03
1277.02
1280.57
1288.22
1301.92
1315.86
1332.33
1340.15
1342.52
1358.48
1376.47
1380.26
1412.08
1425.95
1444.45
1445.38
1451.19
1463.48
1468.24
1501.62
1514.82
1552.78
1562.84
1601.93
1610.66
1736.72
1746.99
1788.71
1803.82
2922.56
2967.43
2968.55
2975.72
2979.08
2989.43
3017.66
3042.73
3076.49
3083.73
3102.68
3121.97
3377.14
3424.64
3436.92
3451.14
3477.67
3485.31
3552.42
$end
