
$molecule
 O -0.07469557379549 7.46511895314185 -5.35350057955405
 O -2.98347759835961 4.41685741232843 -6.79345454447323
 O -0.18906624042564 7.41256496018036 -3.14202495246479
 O -1.08300843956504 6.43579028008911 -0.66971879561351
 O -3.08842698835521 6.31043491265043 0.25804449096602
 O 1.97435808031708 0.52815077652378 -6.26754466911455
 N -2.43561090440627 6.24352886859806 -5.62887183088881
 N 0.28597536562267 1.72293170438748 -1.97753427423813
 N 0.56393051550286 -0.13664442426479 -3.87855553198073
 N -0.84656276479114 -2.52891360058411 -3.91910461835386
 N 1.14585807549952 -1.34995312359546 -7.21495938948469
 N -0.23093067021152 -2.89935371549098 -6.10946863708420
 N 0.40752985678499 -3.28844134595472 -8.26115571971520
 C -2.21566611178772 6.95434287672067 -4.37907013737206
 C -2.78977516949141 6.26944959003024 -3.12899991599800
 C -2.95356990203628 7.24617585177376 -1.95037581545163
 C -2.40156726210262 4.87030085983007 -5.83132617270861
 C -1.64921048448663 4.05180643459543 -4.85830217256068
 C -0.72177961371062 7.27964288336150 -4.21143057698515
 C -0.35688301956551 2.43181196349646 -2.96302400696599
 C -0.13132979194467 0.38648946670696 -1.63326908778012
 C -2.30084800435702 2.95987210404706 -4.28735985823007
 C -0.32057774924976 4.29234872480034 -4.50922176314625
 C -1.67739782963004 2.17220384765248 -3.34541835846410
 C 0.31031907970164 3.49543095588736 -3.58221844076610
 C -2.39899521408982 6.62310310200590 -0.67095596333623
 C -0.12279161501802 -0.54018021039903 -2.82739312991685
 C 0.55061870201409 -0.90166662221969 -4.96522284377814
 C -0.82089609545629 -1.75779223190183 -2.85914961167737
 C -0.17531798137588 -2.11632730175043 -5.00345612501357
 C 1.29533406334811 -0.46140126663038 -6.14650894940006
 C 0.41254910044494 -2.50628104524335 -7.16094638332561
 H -2.70545002445664 7.93295145398073 -4.48582280036404
 H -3.75634529787120 5.83460860413182 -3.38594125197401
 H -2.13149374408633 5.44812925792000 -2.84091458434967
 H -4.00241828480273 7.49106992823585 -1.78754843985644
 H -2.40444092503924 8.17131229906406 -2.13438154797090
 H -3.08514844742391 6.67904748924522 -6.27307776704683
 H -1.13466780780100 0.41232324544090 -1.19559685914445
 H 0.54881102620727 0.00235438538001 -0.86713135808275
 H -3.31701523680455 2.74559255180559 -4.58368512326938
 H 0.24603976941000 5.06869144686797 -4.99787734070699
 H 1.28837385188731 1.84464645954615 -1.99835894463536
 H -2.22077162446658 1.34560036306497 -2.91614711591771
 H 1.34395730647145 3.68338067768340 -3.33450609917563
 H -1.37378522073627 -2.11189578317638 -1.99823404067452
 H -0.63732213809717 7.21042883047664 -6.10919050389589
 H 1.64058639118647 -1.09973083076349 -8.06372715505474
 H -0.64940130970525 6.77778299316689 -1.48021857119412
 H 0.70835742627196 -2.93232431781577 -9.15080302609750
 H -0.21503452521559 -4.07743169503517 -8.24166510572241
$end
$temperature
298.15
$end
$mult
 1
$end
$sigma
 1
$end
$pressure
1.00000
$end
$scale
1.00
$end
$msrrho
$end
$freq
5.43
7.20
16.17
18.24
25.17
45.90
53.28
59.24
66.50
94.24
99.74
103.52
122.86
129.42
136.07
139.82
154.80
168.50
181.01
231.72
240.26
254.71
264.31
281.97
288.04
289.35
315.26
327.83
353.63
357.85
380.34
396.08
401.62
419.33
440.48
451.97
469.19
480.25
488.46
501.69
514.33
518.61
537.80
567.84
574.39
589.18
594.05
599.15
610.21
629.39
636.58
640.76
648.43
658.20
673.93
685.50
693.17
702.34
709.81
715.95
734.37
762.53
771.17
787.62
808.91
834.04
852.27
868.44
870.87
875.60
905.77
920.17
932.24
945.26
970.48
984.55
995.57
1005.58
1043.98
1071.78
1072.33
1100.99
1111.94
1114.13
1119.74
1126.43
1149.44
1162.60
1179.13
1180.45
1187.86
1200.08
1205.47
1209.65
1234.03
1242.23
1252.16
1264.52
1267.70
1270.32
1271.10
1280.66
1288.17
1305.09
1324.69
1331.84
1341.06
1347.70
1354.12
1358.78
1389.23
1412.02
1434.26
1442.30
1453.28
1462.21
1467.92
1483.12
1505.18
1514.33
1554.33
1559.83
1601.44
1610.41
1722.69
1751.12
1776.35
1801.12
2892.48
2936.32
2956.99
2985.33
2993.93
3009.39
3023.23
3046.66
3086.92
3089.79
3104.75
3112.72
3225.04
3310.58
3377.72
3393.44
3433.53
3485.76
3552.87
$end
