
$molecule
 O 12.86685541226939 4.80927265129087 1.36712056077715
 O 13.39014802621329 4.39117669213001 -1.10423408990758
 O 11.17886878091458 5.88502942913866 2.30984277032926
 O 10.30990686254524 1.10714355404955 1.19071314803753
 O 8.34332569845031 1.36435598679429 0.21215141392507
 O 17.58131493090040 6.24239072505569 -11.98405872577382
 N 11.64162946604256 5.82338217361695 -1.14062121051541
 N 14.57151160237272 7.24062636382600 -6.64882758088505
 N 16.55976489122256 7.26423686782024 -9.51767916836242
 N 15.98972527887942 9.98669626818853 -9.47618425357351
 N 17.44716816525461 8.32748932959050 -12.84360192275463
 N 16.66541566396064 10.20284837725838 -11.66640226523862
 N 17.29903467532424 10.41910109463410 -13.84198940890076
 C 10.90963434492158 5.30018772067698 0.00486912683198
 C 10.48547216360570 3.83722753640774 -0.22808362628008
 C 9.51410406316876 3.36028945549339 0.85757926623034
 C 12.75040374979557 5.27372248005295 -1.68600676525978
 C 13.17764036480484 5.80147949266545 -2.98855627120264
 C 11.68737829257861 5.38167572187552 1.34401372571977
 C 14.13991846447011 6.72716435328628 -5.46335862903554
 C 15.87090729969455 6.98218007847500 -7.22487239384892
 C 14.50936739566423 5.60836683046500 -3.36361665092297
 C 12.32435105710722 6.44832435716337 -3.88687388520877
 C 14.98932260918531 6.06298595087483 -4.56876045301885
 C 12.79527471327811 6.89654944024709 -5.09695169010177
 C 9.30408656130045 1.86140753416669 0.72095756611871
 C 16.08810967331216 7.84710471219629 -8.43240390198803
 C 16.76221349343684 8.02176054785635 -10.59202887053352
 C 15.80639984453576 9.22312732694704 -8.42641869427030
 C 16.47269170690195 9.40932487922491 -10.58540976635031
 C 17.29056952546154 7.39883446147892 -11.80934423052696
 C 17.13435495772073 9.65717467023433 -12.74320332383350
 H 10.01663068418995 5.91908230197919 0.12924494082621
 H 10.00301682755629 3.75913365026706 -1.20529182361804
 H 11.37695070135937 3.20470318624286 -0.25138432213590
 H 8.55191525365326 3.85931013147242 0.74074037618749
 H 9.90815997782096 3.59418681050655 1.84946169696246
 H 11.20498428317454 6.58119920213200 -1.63838757876689
 H 15.99492078164189 5.93297507631634 -7.52654398895095
 H 16.63969499030951 7.22104184667279 -6.48050360935319
 H 15.16168568421594 5.08898659262188 -2.67835135022512
 H 11.27355554903425 6.57352299769096 -3.66614051510627
 H 13.85277265775057 7.51522521998477 -7.30127073057246
 H 16.02258708284483 5.89379114271087 -4.82377915749227
 H 12.12278255761147 7.38414307212299 -5.78847296647952
 H 15.42269467120835 9.71200048714970 -7.54013475584087
 H 13.16545496348010 4.51293026388250 0.44210439197053
 H 17.80203650298577 7.95116462460178 -13.71561684865750
 H 11.01720090435195 1.63087686404388 1.59192373567547
 H 17.80092681859034 10.08431071285269 -14.64435250281104
 H 17.14359237293040 11.40599275354437 -13.73506679128131
$end
$temperature
298.15
$end
$mult
 1
$end
$sigma
 1
$end
$pressure
1.00000
$end
$scale
1.00
$end
$msrrho
$end
$freq
6.63
12.16
15.62
20.21
25.71
31.30
41.78
51.82
60.97
64.44
84.12
92.54
96.44
124.43
133.06
136.40
139.80
161.41
181.72
193.65
197.48
223.59
243.10
257.27
292.10
300.21
315.47
333.90
355.14
366.54
372.99
378.77
401.32
418.98
429.98
440.63
455.80
461.36
478.21
482.60
488.17
504.09
509.93
523.44
546.23
556.66
580.58
582.84
607.13
609.28
640.88
642.23
650.06
655.51
666.33
690.96
700.94
705.20
724.74
739.92
765.95
788.41
802.91
822.98
847.69
855.20
862.73
883.69
893.00
903.14
913.73
918.59
936.76
941.13
968.20
994.54
997.95
1014.81
1044.25
1056.37
1069.36
1071.38
1106.62
1115.52
1122.60
1140.90
1146.99
1157.69
1170.22
1175.35
1206.40
1210.59
1221.69
1230.95
1235.29
1245.55
1248.97
1252.99
1255.92
1271.24
1278.08
1282.11
1305.99
1314.22
1325.82
1342.67
1342.96
1355.87
1361.08
1394.39
1411.10
1417.53
1440.37
1447.12
1457.98
1469.44
1469.77
1486.89
1513.16
1518.63
1553.89
1555.09
1598.17
1609.94
1625.89
1754.40
1780.34
1806.43
2562.54
2892.97
2925.88
2963.52
2972.27
2978.15
2987.26
3016.68
3051.60
3061.61
3077.07
3099.50
3113.89
3376.93
3440.09
3472.99
3479.15
3490.40
3559.19
$end
