
$molecule
 O -2.24239454023676 2.67238443350576 -8.27213863045071
 O 0.31877474468061 5.09896266270568 -4.73401651860390
 O -0.59660663308579 3.76600619183623 -9.26513437092071
 O -4.86703735513101 3.75954834403094 -7.94893777886019
 O -3.96580050599847 5.41041380136825 -9.15253197292195
 O 5.52042094597826 5.29050774526390 -11.80320615313019
 N 0.31647990690454 4.79496960342330 -6.95978802981274
 N 6.35194133893909 6.71808802062712 -5.99875403787985
 N 6.30968941660789 6.62756542748636 -9.40674476963093
 N 5.83987724008562 9.36661898943029 -9.33119009790538
 N 4.73409731520751 7.26116527803306 -12.58144135505181
 N 4.87484507819190 9.29872258277727 -11.42188659378691
 N 3.95275729760856 9.24420115852146 -13.50422382728485
 C -1.06435182027390 4.38173047928647 -7.00160000644469
 C -1.99066722982481 5.61821180525007 -6.95306343892636
 C -3.47325598079351 5.28094174089360 -6.79527199841569
 C 0.92844512997809 5.12137973755809 -5.79030986299361
 C 2.35180841324619 5.50805994091795 -5.90174875136864
 C -1.26743436168227 3.58835240024112 -8.28999440220659
 C 5.03499346438493 6.32238475123640 -6.00429248184851
 C 7.20297296094074 6.60704694860867 -7.16219197196813
 C 3.18837186431635 5.07782056740780 -6.92974509329498
 C 2.88669660823247 6.32832857196456 -4.90804972721253
 C 4.50973033471689 5.46879792977674 -6.97996307540832
 C 4.19718322454736 6.73940691520029 -4.96281807912341
 C -4.10258599565766 4.85161596062902 -8.10150272454312
 C 6.63968147025775 7.34675771882430 -8.35089369060997
 C 5.73990233330720 7.25147736591985 -10.43311638541826
 C 6.40312727688772 8.72962605754740 -8.33259433931329
 C 5.48279174865160 8.64427820106460 -10.40181040464025
 C 5.35794091413076 6.46963044578350 -11.61221655299324
 C 4.52295071974640 8.60880310058075 -12.45910561707292
 H -1.25553388650522 3.76098480308943 -6.11468956564508
 H -1.66393287667890 6.20958701146282 -6.09671613061973
 H -1.85014721266337 6.20659734233729 -7.86209832559245
 H -4.00150329322049 6.18555337552367 -6.48367406719606
 H -3.63805302228739 4.51731269247793 -6.03399391262258
 H 0.77701120626154 4.88943619972375 -7.85227557896116
 H 7.31613303866164 5.55474034719282 -7.43725980613455
 H 8.18592447163788 7.00608160153996 -6.90065306776653
 H 2.82251003597839 4.40583301017892 -7.69253175764116
 H 2.24314097237691 6.64390924922245 -4.10084475183789
 H 6.55330051796398 7.48831245145721 -5.37934351919003
 H 5.13016483429191 5.11521451349735 -7.78720303409778
 H 4.59391037707677 7.38952856843735 -4.19537167152557
 H 6.68254200604917 9.33872242294130 -7.48174777391056
 H -2.70521567688753 2.61394578056422 -7.42427983768493
 H 4.44754396315705 6.77431827079551 -13.42335010954519
 H -5.26570748368078 3.50079643425350 -8.79509180964557
 H 3.48180387336158 8.73097040990437 -14.22788523941744
 H 3.71161983034148 10.20933863763878 -13.36010130085045
$end
$temperature
298.15
$end
$mult
 1
$end
$sigma
 1
$end
$pressure
1.00000
$end
$scale
1.00
$end
$msrrho
$end
$freq
4.66
9.94
12.30
18.96
28.65
32.04
42.24
52.95
58.06
62.80
71.84
96.44
113.43
123.49
134.43
136.71
139.13
156.56
180.01
208.60
234.43
250.16
255.28
284.41
286.43
288.39
313.23
330.76
348.88
357.67
369.88
376.78
397.70
403.46
416.77
438.25
467.45
470.84
481.66
486.46
489.81
499.88
507.55
531.20
533.89
560.36
570.70
581.29
601.03
608.71
626.73
635.28
641.96
650.90
655.79
662.29
688.23
690.66
696.61
708.84
731.42
767.37
782.76
808.39
812.46
851.78
858.87
860.90
877.38
891.54
899.17
909.87
921.13
936.79
969.65
993.28
1002.92
1013.29
1035.35
1072.37
1078.14
1087.51
1105.09
1105.41
1111.38
1119.74
1142.75
1152.57
1160.20
1162.57
1176.77
1177.89
1194.04
1205.36
1217.20
1226.18
1231.43
1247.49
1263.52
1274.78
1281.96
1284.12
1285.01
1305.40
1319.07
1332.98
1335.52
1351.61
1359.06
1383.97
1398.40
1412.33
1432.43
1445.96
1446.06
1451.91
1455.59
1468.68
1504.91
1515.45
1553.63
1564.54
1600.81
1609.50
1694.28
1753.33
1789.63
1808.38
2890.28
2965.51
2971.51
2972.29
2992.25
3001.86
3003.92
3041.77
3065.84
3076.62
3097.58
3116.14
3376.94
3438.27
3440.39
3447.21
3466.72
3485.60
3552.73
$end
