
$molecule
 O -0.57578927098891 -5.34203858358202 -9.21108686524540
 O -1.24468481947934 -3.67165896944415 -7.06593757213979
 O 1.02675193050218 -5.13595605175637 -7.66812595795461
 O -2.58821245801574 -9.49075952242099 -6.43618317711254
 O -2.30022079458479 -8.11041659758407 -4.73428326623602
 O -3.46900369966910 -5.58327895333933 2.83142034430515
 N -1.18249854197592 -5.52780800342896 -5.83986665638986
 N -2.40102292972229 -0.99132833021883 -1.42308851343335
 N -3.56034290348642 -3.43834080588659 0.94334920941473
 N -5.83761897039120 -3.31893596004087 -0.64659055765762
 N -5.46800348865653 -6.28640201910175 2.04879392698999
 N -6.68753336858333 -5.21056810377039 0.35524891308878
 N -7.55239680762702 -7.05695478973668 1.37196841184934
 C -0.99194852894713 -6.29792764657795 -7.04707066829129
 C -2.32921157563801 -6.66026796474042 -7.71415015589037
 C -3.34145961232428 -7.20691561077272 -6.69451398832409
 C -1.33088030865730 -4.18796669174607 -5.95693259279025
 C -1.60081266819764 -3.41673142273756 -4.73027073678741
 C -0.08452281332428 -5.47365685636475 -7.97393277902176
 C -2.15526142364280 -1.81142832393688 -2.49274260978117
 C -2.59576242192364 -1.47909921069286 -0.08223391653681
 C -1.53043607589130 -3.94207141242396 -3.44036243093602
 C -1.94022088872831 -2.06970632608731 -4.87936916163973
 C -1.79996768813298 -3.15619656508477 -2.34063889135827
 C -2.21791989052875 -1.28318264653273 -3.78848182283121
 C -2.70732749840163 -8.29140585695423 -5.84765559934094
 C -3.71614346645498 -2.48360542473434 0.04605932967626
 C -4.52925510009435 -4.34057915465750 1.06815884574662
 C -4.87274352375924 -2.43658512868619 -0.74785015014520
 C -5.69202655816116 -4.29383988578679 0.26040990880823
 C -4.37963824632255 -5.40823453709547 2.06103026412353
 C -6.55501581030452 -6.15886042002172 1.22529289269179
 H -0.43607558159394 -7.20458577136953 -6.78011565058675
 H -2.74224363116739 -5.76194592493604 -8.17275370321751
 H -2.13664023443594 -7.38556003634117 -8.50662497654415
 H -4.21806279284304 -7.59551461338864 -7.21775386813578
 H -3.65986151996278 -6.40154870741413 -6.03172852995349
 H -1.32359133075158 -6.02535485608281 -4.97555246648568
 H -2.80912713307932 -0.62335582654502 0.56458974384397
 H -1.67925888401602 -1.94966463691446 0.28969294710042
 H -1.25115259501729 -4.97137730430442 -3.27223729192670
 H -1.98372222623514 -1.66350119447149 -5.87846633158361
 H -2.80875547149134 -0.09779939780253 -1.64696473601501
 H -1.73308734544354 -3.59073462211368 -1.35611230992050
 H -2.48462830026284 -0.24395368731976 -3.92164458656270
 H -5.01812775442696 -1.66342661071773 -1.49131818003204
 H 0.01701857933127 -4.77429710424518 -9.72682638335487
 H -5.42470657682399 -7.04271217640287 2.72255247883785
 H -2.93505514664487 -9.49734667815579 -7.33814323653178
 H -7.40729991929881 -7.91437124726105 1.87444922885647
 H -8.29332491370854 -7.01259382825892 0.69425187535233
$end
$temperature
298.15
$end
$mult
 1
$end
$sigma
 1
$end
$pressure
1.00000
$end
$scale
1.00
$end
$msrrho
$end
$freq
4.44
7.29
11.66
23.24
39.82
40.90
41.79
51.18
57.16
76.16
88.06
93.92
122.14
134.35
137.94
144.47
162.90
163.43
186.56
195.18
226.95
243.59
274.85
279.81
280.30
310.55
314.69
343.10
354.61
361.24
371.53
396.22
400.95
407.54
438.22
444.68
448.51
464.52
480.25
484.64
487.56
495.64
499.99
501.05
531.71
554.39
562.69
574.43
580.26
587.42
610.31
631.36
640.25
646.61
648.96
659.45
686.13
696.03
703.17
708.32
729.67
764.10
800.16
800.50
807.46
849.67
852.98
854.47
869.35
882.44
900.81
921.80
936.24
942.07
966.91
990.47
993.23
1007.91
1016.29
1062.07
1072.41
1107.57
1109.13
1115.16
1122.57
1126.96
1140.99
1150.12
1163.10
1164.33
1177.42
1180.43
1213.08
1216.63
1229.07
1232.44
1236.48
1246.01
1252.87
1269.71
1272.12
1285.67
1288.39
1297.52
1305.85
1328.20
1332.32
1355.34
1358.60
1386.93
1406.66
1412.16
1434.55
1443.57
1451.92
1466.41
1468.28
1475.38
1510.77
1514.60
1554.69
1562.65
1601.18
1610.89
1658.64
1753.23
1776.21
1788.96
2924.83
2939.96
2960.65
2973.19
2986.44
3012.51
3017.87
3049.82
3067.10
3082.63
3100.44
3109.83
3377.43
3452.48
3456.90
3464.38
3486.42
3492.72
3553.89
$end
