
$molecule
 O -0.51210458106355 5.62886666840120 -10.47363473511384
 O -1.41691094415316 3.58781529817971 -9.22577411736528
 O -1.52727811693794 7.55005430100302 -10.93606015556183
 O -2.20201437413063 9.09439274830686 -8.78015822727733
 O -0.18653012827547 8.70935786756729 -7.89545919899086
 O -11.20063764204032 1.67874654699305 -10.92587864588171
 N -3.21040440157622 4.89416186591498 -9.63675541348879
 N -5.54060337965640 -1.05033575088995 -10.49533848933199
 N -8.79489373897150 0.17196306846105 -11.24491199714714
 N -7.78062159886553 0.03331275229197 -13.84346880342413
 N -11.19178718586750 2.07808950649463 -13.14760326902253
 N -9.54083707859898 1.30588662318949 -14.63116666536448
 N -11.25835769677433 2.60626052925496 -15.40302870010390
 C -2.55709668158887 6.15161020007053 -9.28210468560453
 C -1.97543055002185 6.08269736751833 -7.85266605175242
 C -2.06935948677961 7.42941726928041 -7.11725672825426
 C -2.61439169880483 3.68774475669729 -9.51646857685372
 C -3.44722777994076 2.49560036938658 -9.76587864667970
 C -1.46685719114309 6.51397125411445 -10.33030689314583
 C -4.88435039218142 0.12707271412230 -10.22432903627770
 C -6.98649570645511 -1.16114609976271 -10.36437439009722
 C -4.83434707602559 2.52264650098803 -9.94177264323974
 C -2.79287416340589 1.25596057466441 -9.81739629450999
 C -5.54615246265135 1.36127131680992 -10.17025256254362
 C -3.49240309859449 0.09276944496634 -10.04573435300199
 C -1.36217980946230 8.48334198475561 -7.94332752877195
 C -7.68265110516332 -0.48591497772212 -11.52109304154907
 C -9.42280303129344 0.77032906678914 -12.26622885199614
 C -7.17806085651171 -0.54744837583900 -12.82792119909604
 C -8.91670382586896 0.70258231666385 -13.57835243289717
 C -10.65101776582282 1.51560989196391 -11.98927433348194
 C -10.63418190875911 1.95542582925812 -14.38682788291425
 H -3.32934713438847 6.92703171330708 -9.33807394411400
 H -2.52965604653908 5.33322353956137 -7.28223254602952
 H -0.93035617538650 5.76495143893925 -7.89079444774581
 H -1.57443104422443 7.34097628619358 -6.14882327535084
 H -3.11390459212999 7.71127178190819 -6.97182359234266
 H -4.17838646460211 4.95657961669005 -9.90558554321728
 H -7.34023426361962 -0.72475337757304 -9.42214269603033
 H -7.23139771042146 -2.22830631018223 -10.36504148505206
 H -5.38198552481614 3.45838252215294 -9.89236620417277
 H -1.71800280895204 1.22823859497930 -9.67661878887562
 H -5.02810948873279 -1.88950912377162 -10.26455608609313
 H -6.61846330852555 1.41594833565512 -10.30683379595027
 H -2.97423387927277 -0.85901671885616 -10.08934605104047
 H -6.25422359708923 -1.08067180894071 -13.03240074705589
 H -0.68660315260612 4.78809443641145 -9.93997745073239
 H -12.03301420800440 2.62075707532617 -13.01616370135994
 H -1.69448082732746 9.57145869926139 -9.46032387522884
 H -12.23257669622914 2.83042178389302 -15.30426172568293
 H -10.94244661976012 2.34178508514170 -16.32111149317046
$end
$temperature
298.15
$end
$mult
 1
$end
$sigma
 1
$end
$pressure
1.00000
$end
$scale
1.00
$end
$msrrho
$end
$freq
8.40
8.97
12.26
22.00
35.22
48.41
53.31
58.23
73.67
83.30
93.37
104.99
131.32
133.56
140.06
142.20
152.40
165.64
197.05
209.07
217.36
253.49
274.23
280.96
295.18
302.44
327.98
339.19
353.94
357.15
369.25
370.89
389.94
394.21
402.57
418.90
432.35
453.08
469.37
473.11
477.90
505.73
532.28
542.92
550.20
570.14
575.57
578.62
587.09
604.23
617.83
620.20
637.75
647.37
662.66
673.95
697.92
724.34
730.51
734.54
739.76
787.73
798.22
827.89
830.15
836.07
847.70
862.80
867.41
889.46
897.03
906.40
912.75
939.24
961.81
983.04
999.35
1008.29
1026.01
1044.40
1059.08
1066.51
1083.92
1112.67
1122.02
1128.94
1154.28
1154.81
1163.93
1179.97
1183.66
1189.66
1203.40
1221.54
1238.54
1247.01
1255.04
1258.25
1259.11
1272.49
1287.06
1290.92
1295.03
1310.39
1320.26
1326.86
1338.00
1341.82
1345.01
1387.27
1420.69
1429.31
1433.59
1434.96
1436.40
1442.14
1453.61
1487.49
1499.77
1510.78
1540.54
1564.61
1591.88
1601.26
1630.12
1765.85
1806.05
1823.30
2808.20
2978.87
3017.91
3019.76
3028.57
3033.47
3055.60
3072.83
3094.49
3094.90
3103.47
3120.85
3138.23
3490.95
3498.94
3510.26
3524.89
3535.31
3615.30
$end
