
$molecule
 O 2.75919945342491 -8.20058866277446 -7.46310298665975
 O 6.20546341146393 -5.71160255708730 -5.50095665891762
 O 1.98953772633330 -8.38342613865344 -5.38630091331637
 O 4.08827199839652 -6.55089514833709 -2.73614928083130
 O 3.45009433874286 -4.47766522589493 -2.23190979321838
 O 10.17588305205494 0.15891019874342 -7.09022988903198
 N 4.64747936717078 -6.53960831103213 -6.90534817604794
 N 9.07733353673259 -4.36215984180848 -11.03147836863892
 N 9.52221626366306 -1.35034762895027 -9.42528570852118
 N 7.23956711845395 -0.53107854553402 -10.80690958778364
 N 8.33866032909693 1.42089571160954 -7.44777046760521
 N 6.86389284308144 1.14096449479164 -9.25654037185742
 N 6.46227815923464 2.75813063523380 -7.68824436690993
 C 3.75446045447933 -6.80297848026300 -5.79683132995111
 C 3.01060771308280 -5.51180862147692 -5.38348496538425
 C 2.31728251162249 -5.62525131311322 -4.01688876479949
 C 5.84080515403637 -5.92366414984542 -6.64401304637834
 C 6.65534837427301 -5.55192354043945 -7.82690153792451
 C 2.75388534155363 -7.87805486006949 -6.16395614172021
 C 8.28945234570311 -4.71999446283221 -9.94897255676942
 C 9.92120850993424 -3.17436874620906 -10.95545269200702
 C 7.78927228263885 -4.76430110097508 -7.59769939416129
 C 6.36728228515152 -5.94083920062650 -9.13800757318848
 C 8.60040341825749 -4.35221538631733 -8.63491715245849
 C 7.17242806558630 -5.53267484000453 -10.18375603185294
 C 3.32620288333372 -5.46640405920244 -2.90031189689519
 C 9.12157097998937 -1.96692439214717 -10.52429100843548
 C 8.79108301173230 -0.31317777648366 -8.99868835465056
 C 7.97490258510016 -1.54574386988632 -11.21167168355786
 C 7.63375617941534 0.09943849144632 -9.68629039978304
 C 9.21133699079992 0.38218119883240 -7.78130662533217
 C 7.23307817725977 1.75085228171419 -8.17496850426115
 H 4.35879235501109 -7.15504768147540 -4.95172453289104
 H 3.74475800069598 -4.70239867203884 -5.35178097191340
 H 2.26898424450732 -5.26445804365401 -6.14807989374609
 H 1.81506181130223 -6.58951619480698 -3.92042361407273
 H 1.58067329415890 -4.82570968934475 -3.91966012411547
 H 4.23923975431809 -6.51314120586290 -7.82569974141129
 H 10.35332645062640 -3.02035043948887 -11.94885508196979
 H 10.73452966937482 -3.34028285962618 -10.24391779117457
 H 8.02142194477732 -4.47446407160679 -6.57851618349675
 H 5.51455798169367 -6.57567278519194 -9.35514348186114
 H 8.59934367987561 -4.45243288536477 -11.91964821644825
 H 9.46638529414434 -3.73756865620791 -8.42447447593161
 H 6.94074230022656 -5.83896987183871 -11.19859680722804
 H 7.65343937279070 -2.06013186173668 -12.11329011822986
 H 2.09131427363185 -8.89009477158802 -7.61361487493255
 H 8.56244710609093 1.92135740843303 -6.59988493906170
 H 4.76396213176505 -6.36943545237324 -2.06242226423794
 H 5.77529412556156 3.10680405975819 -8.33530083612502
 H 6.87835034771142 3.42364152155209 -7.06144382230790
$end
$temperature
298.15
$end
$mult
 1
$end
$sigma
 1
$end
$pressure
1.00000
$end
$scale
1.00
$end
$msrrho
$end
$freq
5.50
6.54
9.18
17.79
25.02
28.16
41.12
47.92
49.91
52.54
70.99
91.31
97.30
124.99
132.85
139.63
152.99
164.39
201.26
210.04
226.27
236.91
258.66
285.15
303.41
314.56
320.14
346.05
349.29
364.33
366.57
370.58
375.65
389.14
397.50
422.75
440.16
455.68
469.49
477.25
499.94
528.97
551.65
559.06
561.78
563.59
578.45
579.14
586.78
590.79
602.80
606.96
618.87
633.74
642.24
645.93
678.83
704.38
715.89
722.31
732.18
742.34
782.73
793.39
806.07
832.80
835.39
853.09
865.93
882.49
891.43
913.18
915.46
938.39
965.58
985.45
1006.13
1010.39
1023.84
1065.64
1075.46
1079.20
1096.77
1112.33
1116.87
1127.25
1140.17
1147.20
1154.75
1159.20
1173.14
1181.29
1184.18
1211.27
1225.21
1249.27
1257.72
1262.23
1269.79
1273.24
1275.42
1281.47
1283.93
1296.87
1309.59
1323.52
1327.40
1332.20
1339.33
1385.18
1396.24
1428.67
1430.61
1432.19
1443.07
1444.47
1453.28
1487.34
1494.74
1507.91
1540.59
1570.97
1592.82
1600.21
1708.59
1768.27
1800.65
1814.71
3012.04
3013.70
3022.02
3038.78
3045.62
3050.70
3076.55
3084.26
3093.25
3105.52
3114.17
3133.94
3467.51
3490.82
3511.80
3530.71
3545.90
3549.28
3617.02
$end
