
$molecule
 O -5.42195345329247 -3.18936408941425 0.10422419562396
 O -2.89846048922205 -5.08595638591589 -2.82032057361704
 O -5.95247428316644 -1.39974702921060 -1.12108380399256
 O -2.62279485375052 -3.09963482046733 -4.57957474520254
 O -3.81182125380613 -1.83256754491352 -5.95776512867101
 O -7.21001072013581 -5.82160668474688 -3.54987675666168
 N -4.96929201525114 -4.68294642005271 -1.95122343962408
 N -6.19863992787514 -10.55810239035667 -3.41236059400023
 N -7.18123521375081 -8.41521970504168 -4.77278158907578
 N -8.20765126277590 -8.55318374533346 -7.35555681214998
 N -8.21384302643755 -5.02180932061651 -5.40364716327500
 N -8.71487584572721 -6.29911780075164 -7.31320686306305
 N -9.14973033586335 -4.05430837274579 -7.28685579475552
 C -4.89700330360237 -3.25361880617871 -2.23047865074817
 C -5.64773864215306 -2.90152252902229 -3.51871792630845
 C -5.00706143586522 -3.51386058033836 -4.77222992336086
 C -3.97892153686502 -5.51066215339010 -2.43146755915170
 C -4.37489559567367 -6.92750973417020 -2.48522086032997
 C -5.48910917061151 -2.49733461646973 -1.03218542872712
 C -5.49443901045070 -9.41020873408532 -3.05855578742605
 C -6.48440263536866 -10.75208661631298 -4.82774079715082
 C -3.85488207754260 -7.71461462861609 -3.51789148994404
 C -5.35940765732386 -7.46509231486396 -1.64903785519437
 C -4.40629395089881 -8.94620035844420 -3.80663724815724
 C -5.89442513725431 -8.70670812632759 -1.91519022100369
 C -3.74850518856423 -2.73477987402334 -5.16860231890995
 C -7.14722115782303 -9.54126827214060 -5.46013462851851
 C -7.69053938584101 -7.32767211372835 -5.36832686816443
 C -7.67785270778965 -9.59955351199757 -6.76045775371093
 C -8.20614878991939 -7.39073909892640 -6.67736236866500
 C -7.66257498425668 -6.05401524031673 -4.65665322579480
 C -8.70315530084442 -5.17237233972728 -6.67272845679373
 H -3.83930278870576 -2.97014205018350 -2.30191197318984
 H -6.67640120183460 -3.26553725283440 -3.42929515133390
 H -5.68222765348603 -1.81219087307694 -3.61008397880358
 H -5.71211547350273 -3.42666091948251 -5.60229692254097
 H -4.78968551571462 -4.57121488643388 -4.61231079461177
 H -5.90642953680158 -5.06106119224938 -2.05456960676434
 H -7.13292638582835 -11.62858128890794 -4.92026914787786
 H -5.55503602943776 -10.97183894308845 -5.36386960999244
 H -3.05280358304484 -7.31516681727026 -4.12875579707910
 H -5.71866073015259 -6.89651591856225 -0.79824928212747
 H -7.05256935848539 -10.63472481485219 -2.86746209278021
 H -4.03364067151459 -9.51996817950212 -4.64643520635599
 H -6.68405712614306 -9.10734956459808 -1.28924309703235
 H -7.66763832268170 -10.53104159736784 -7.31924177800218
 H -5.04163701460598 -4.07292181277847 -0.07793744056076
 H -8.20854037129837 -4.11004320208947 -4.96855518152081
 H -2.69206613927792 -3.86381536946249 -3.94889154242853
 H -9.36896399734607 -3.23712418418708 -6.74732588895148
 H -9.64315975039652 -4.19916617450734 -8.15046907143481
$end
$temperature
298.15
$end
$mult
 1
$end
$sigma
 1
$end
$pressure
1.00000
$end
$scale
1.00
$end
$msrrho
$end
$freq
14.07
18.93
26.50
41.11
53.30
56.98
63.74
69.87
77.48
81.00
101.50
121.61
130.48
144.06
147.87
158.26
163.08
180.95
195.24
202.36
231.94
248.23
262.65
292.09
301.97
313.45
334.59
337.02
343.96
355.84
377.55
397.12
399.17
414.00
429.03
448.66
451.33
458.43
478.05
494.88
500.67
527.63
563.12
567.28
581.24
587.97
597.73
597.98
607.44
612.49
618.26
641.74
652.00
667.19
689.17
698.47
701.06
713.52
725.46
735.29
740.23
750.22
788.53
796.58
823.35
830.96
851.11
857.79
863.53
888.85
896.94
910.13
944.35
948.94
963.69
965.96
1002.49
1006.21
1017.31
1063.99
1066.25
1073.29
1083.35
1098.86
1114.75
1119.29
1121.19
1151.88
1160.01
1162.43
1164.03
1182.70
1187.49
1196.55
1209.86
1243.98
1256.18
1260.46
1263.88
1269.96
1275.68
1277.43
1281.95
1294.68
1301.30
1323.10
1332.99
1338.35
1339.51
1391.51
1401.04
1426.29
1437.06
1437.97
1440.82
1449.01
1455.01
1480.27
1486.51
1509.17
1535.44
1570.40
1589.11
1601.58
1685.84
1721.78
1807.27
1840.39
2997.25
3006.26
3013.39
3030.14
3031.56
3044.98
3065.91
3089.33
3100.57
3109.52
3111.26
3112.74
3123.39
3407.09
3437.49
3439.20
3483.27
3521.26
3629.14
$end
