
$molecule
 O -4.04274488406731 4.50158292818964 -3.86207970770093
 O -3.77162643003990 9.15546680708248 -5.49317675785962
 O -1.92119271272928 5.12534709577409 -3.62200378867978
 O -4.50541810593832 4.06898527315931 -8.97604038729308
 O -2.71602037818885 5.39588711979384 -9.02080512527164
 O 4.51421548695405 10.16644017903462 0.67522272180012
 N -2.47421689356786 7.63575442265041 -4.45189720584471
 N 0.93258205080942 13.04655679432336 -3.70957457770170
 N 3.37110035053072 11.53460608446533 -1.55800989548450
 N 4.53009767309236 10.99221610591390 -4.04052699915105
 N 5.96302202194854 9.16660040495954 -0.73730471063228
 N 6.02480340147896 9.52927358733963 -3.05811668353464
 N 7.47080764253561 8.04140761747483 -2.09117950514087
 C -3.33013728348671 6.56147352490025 -4.91406458332242
 C -3.03090730739958 6.24647640055588 -6.39402627453924
 C -3.94753540948589 5.16328381489761 -6.95893793446338
 C -2.75075254837909 8.90727969795085 -4.87318441996147
 C -1.75879470822832 9.94461330095431 -4.50767758105838
 C -3.01403391700334 5.34120391378034 -4.05563234407445
 C 0.03852976741786 12.01562333160803 -3.92329433869095
 C 1.77833309997208 13.06566224067000 -2.52423369477107
 C -0.72181082694573 9.75069496716757 -3.59243341345958
 C -1.88807198488173 11.19800870687144 -5.11903965560844
 C 0.16817317218987 10.76816228446773 -3.30170540957740
 C -1.00363672524271 12.21694846159730 -4.83999368410209
 C -3.63324042415722 4.91392612531614 -8.41858372744719
 C 2.93197870125192 12.10342099685931 -2.66713419507649
 C 4.39855233297475 10.68207145525764 -1.67135514307752
 C 3.52123877318975 11.82718523849813 -3.90935206441926
 C 4.98358729206075 10.40185260900209 -2.92074527431082
 C 4.90198062566092 10.03219661066173 -0.46114264428473
 C 6.46850836427028 8.95447537114800 -1.98657729000435
 H -4.37639667276635 6.87459660429788 -4.80556091583296
 H -3.16420480922905 7.16642287529837 -6.96879950647385
 H -1.98748705481298 5.93592281090383 -6.49404386338815
 H -5.00034931221915 5.44730237986430 -6.87782467378429
 H -3.82043984768982 4.21282677240201 -6.43242386013630
 H -1.54473630884211 7.35732722485617 -4.17207339982447
 H 1.21091115140242 12.82137050322629 -1.61735552925379
 H 2.16976334208992 14.08326700699660 -2.42090863468812
 H -0.60714362381660 8.80069390542358 -3.08155720892575
 H -2.69890226461461 11.35261649032161 -5.82274971879862
 H 0.58856654632281 13.95653694430306 -3.98410460692260
 H 0.96439148016494 10.58866058737996 -2.59060701490895
 H -1.10700797609290 13.18177820371895 -5.32491530716843
 H 3.14363070427020 12.30140938885835 -4.81049235719442
 H -4.88771372274771 4.82929670573321 -4.19829788462763
 H 6.33802316491083 8.67035691273331 0.05791909936651
 H -4.26441124252269 3.93113520474434 -9.90690738662245
 H 8.02714013681581 7.84637361796878 -1.27771337203015
 H 7.94971009276843 8.05431938868591 -2.97616856405684
$end
$temperature
298.15
$end
$mult
 1
$end
$sigma
 1
$end
$pressure
1.00000
$end
$scale
1.00
$end
$msrrho
$end
$freq
7.48
9.87
13.06
22.54
24.30
34.01
44.49
53.48
60.83
65.83
71.54
81.75
85.17
119.26
132.32
139.11
144.03
157.93
169.49
187.48
197.58
223.54
247.46
277.84
297.41
303.27
327.18
332.96
340.67
353.29
368.08
369.68
396.34
402.52
407.92
431.47
450.13
459.34
468.37
473.74
475.83
480.98
497.60
507.55
533.62
558.79
573.76
578.69
587.06
602.06
618.19
622.84
628.11
636.86
639.67
646.06
657.21
672.31
704.13
713.87
726.37
738.93
775.65
788.02
792.43
830.53
833.38
857.48
868.46
892.36
898.64
904.69
913.34
939.23
962.76
1005.41
1009.32
1014.18
1052.17
1057.72
1066.91
1080.45
1084.75
1096.05
1112.65
1115.94
1125.51
1138.01
1153.86
1155.13
1173.15
1189.42
1190.47
1205.78
1221.29
1226.43
1241.49
1249.60
1257.16
1266.68
1271.91
1285.80
1287.05
1287.88
1305.75
1326.47
1336.66
1339.97
1346.27
1384.23
1394.46
1423.08
1428.12
1431.13
1434.30
1441.76
1448.88
1488.09
1496.45
1510.40
1540.89
1570.89
1593.84
1602.12
1702.30
1765.57
1819.29
1827.45
2974.74
2991.93
3014.78
3015.62
3031.66
3038.29
3061.22
3095.54
3100.43
3104.57
3117.13
3135.34
3490.18
3491.73
3495.18
3509.60
3550.24
3607.54
3614.34
$end
