
$molecule
 O 1.54757420954184 1.83964716834200 -4.09032222381965
 O 3.96398265111400 0.20467227596962 -3.54015430631182
 O 1.02926872678512 3.60645303871654 -5.32881345643686
 O 2.68528687445685 -0.03344060297549 -7.83325504283328
 O 4.37948555230211 1.08108127023487 -8.75587267174834
 O 9.92109000653757 2.99162506122713 -6.58352635046453
 N 3.85661174716505 1.45698500054248 -5.41539661827559
 N 8.75492575276915 4.26869222508987 -2.32301230081760
 N 10.34143806269119 2.85311048255127 -3.78187848121207
 N 12.12497302883406 0.91368268742200 -2.88656727521858
 N 11.39918608124890 1.29896045823984 -6.84454919710316
 N 12.52424853897797 0.23944843581677 -5.06804261565017
 N 12.92107862672120 -0.40566436227529 -7.22708728553986
 C 3.26147695179694 2.77877657984839 -5.55316056390822
 C 3.26015693480233 3.26647508940688 -7.00597811218991
 C 2.49032569901525 2.33201319973786 -7.94921138779284
 C 4.41835350531411 1.14411530656318 -4.17051220692893
 C 5.54031791025805 1.97481345034877 -3.71961444806630
 C 1.82713239936885 2.78221679497273 -4.98022684515018
 C 7.70060913594398 3.47228102202346 -2.77551052741464
 C 9.79750027034846 3.58798710287723 -1.56008354499136
 C 5.88525221651895 1.94931135575581 -2.36268102478081
 C 6.30566951644048 2.74652445893969 -4.60338018940997
 C 6.94594406964799 2.69443037445506 -1.89063111994568
 C 7.36839640520172 3.49110564512565 -4.13580445674340
 C 3.29936193443458 1.08889469978209 -8.23336493666379
 C 10.57414012577801 2.68144062827035 -2.49180029951487
 C 10.97421190125218 2.05149657085799 -4.64313070757671
 C 11.47843194563690 1.70356786991756 -2.05284998531884
 C 11.87670937968847 1.06889333350222 -4.19899567957742
 C 10.68233835987574 2.20682589726266 -6.06652706536523
 C 12.26556120499762 0.37648393332591 -6.33000804689390
 H 3.84161502175552 3.48854201477335 -4.95003265381770
 H 2.79371907397174 4.25447148001742 -7.02371437462763
 H 4.29121155889887 3.35907601816897 -7.35686432019186
 H 2.34438104261982 2.84527521565408 -8.90280854534436
 H 1.51538227640013 2.06937084024610 -7.53626044802950
 H 3.19349718870129 0.72688276464249 -5.67105005750855
 H 9.35714746767226 3.01781852491664 -0.73894026288676
 H 10.45888603557042 4.34761509027233 -1.12997721599458
 H 5.29567329992896 1.34065399740590 -1.68568124937736
 H 6.08805733954950 2.72176296642302 -5.66527897969294
 H 9.19547550178549 4.73077536553462 -3.11793180984044
 H 7.18837708189522 2.67967983768289 -0.83435594356976
 H 7.98451009882714 4.05650250870624 -4.82620246686576
 H 11.67416860806676 1.56699254864417 -0.99319063601724
 H 2.27525661221147 1.22275359479057 -3.87276952987360
 H 11.24757414147466 1.35877933274003 -7.84104709311512
 H 3.24573446439548 -0.79735598604258 -8.04777673039007
 H 12.51301019880221 -0.53912295098796 -8.13541545898419
 H 13.39208326198721 -1.19649261557856 -6.82018325021400
$end
$temperature
298.15
$end
$mult
 1
$end
$sigma
 1
$end
$pressure
1.00000
$end
$scale
1.00
$end
$msrrho
$end
$freq
7.80
10.56
16.03
19.53
31.22
37.89
48.76
50.89
62.68
71.10
76.30
86.54
109.89
126.90
136.97
139.61
152.45
163.34
184.05
199.55
241.21
244.81
277.95
297.74
310.00
318.40
341.17
355.46
370.92
378.28
387.11
395.97
404.33
415.88
433.44
440.95
473.30
479.29
504.75
509.93
513.58
529.52
535.89
550.54
556.62
575.66
583.55
601.00
604.31
606.93
618.65
620.25
637.26
655.27
667.76
689.07
696.73
703.10
727.23
736.42
744.50
798.04
816.91
828.67
837.58
843.05
851.86
856.37
868.56
885.19
904.81
916.85
924.60
946.87
949.72
969.20
1004.52
1008.06
1015.89
1062.18
1067.51
1075.83
1083.71
1101.00
1112.01
1115.58
1120.11
1152.79
1155.95
1157.17
1158.99
1173.76
1189.61
1203.23
1214.73
1239.60
1243.78
1253.09
1257.05
1270.22
1271.97
1278.88
1286.62
1296.05
1319.26
1320.87
1328.87
1332.80
1341.31
1387.55
1395.91
1427.78
1428.87
1436.19
1439.36
1439.81
1443.05
1483.67
1487.40
1508.41
1540.02
1569.24
1585.90
1598.63
1701.23
1759.25
1809.97
1811.56
2994.06
3007.19
3026.89
3030.18
3046.58
3059.20
3073.31
3090.00
3107.77
3108.41
3118.22
3119.97
3395.07
3406.03
3409.56
3490.20
3509.10
3547.47
3613.83
$end
