
$molecule
 O 1.35974009538450 -0.32379438056860 -7.12553395981121
 O 2.68596355421817 1.24562659572689 -5.08469362576816
 O 1.05768546947010 1.78169524611588 -7.79388931107917
 O -0.77486017227841 1.44847557899197 -2.26100470914665
 O 0.69059809540899 3.11412372865162 -2.43929569414355
 O 9.49095840834618 2.01778621676636 0.67939643370521
 N 0.67072364514523 0.35212494555261 -4.60989236472374
 N 3.97461740119380 -1.13699968552574 0.69041932675819
 N 6.92175144092492 0.85602771166454 1.14516983208832
 N 5.03020260724036 2.52669583067387 2.34207918714984
 N 8.71591440136329 3.95922715093280 1.53031268273649
 N 6.54925585845783 4.26723010309629 2.38551577162050
 N 8.05904144589925 5.98772797546295 2.44043763442982
 C 0.07641373020126 1.09694953830882 -5.70222069362007
 C -0.05960544108139 2.59411277379486 -5.38543680188479
 C -0.96206303990939 2.85957602967254 -4.17215563595603
 C 1.98337803380618 0.62126884471456 -4.31268180677401
 C 2.47338541919113 0.10063555524240 -3.01425629346412
 C 0.91249859260600 0.92055980665745 -6.97080892819500
 C 3.52758993710352 -0.73483052703221 -0.55390002285462
 C 5.37754669549738 -0.99379020497828 1.05574509463694
 C 3.70585273789733 0.58091480155538 -2.55973850019636
 C 1.77636771913401 -0.81337584270954 -2.21852480254611
 C 4.22880585703467 0.18108897044267 -1.34688200385704
 C 2.29494252934046 -1.22645191433462 -1.00659517179555
 C -0.24810307133007 2.51870835956812 -2.88599145814441
 C 5.69861499528932 0.43584669017704 1.41675112210577
 C 7.21943181819990 2.12285516233211 1.46389348172364
 C 4.75568322565982 1.28062024890133 2.01965749552663
 C 6.26886407204044 2.97006935507578 2.06442810234096
 C 8.56439928305368 2.61818744434860 1.16992912843598
 C 7.73249655721921 4.71006122670719 2.10485907337825
 H -0.90846776015533 0.65701371133749 -5.90871509341472
 H 0.93315141802763 3.01422198909381 -5.20466143782258
 H -0.48052438588911 3.08804038854238 -6.26434219297969
 H -1.89475586910544 2.29666461537303 -4.24481706565210
 H -1.19055430604073 3.92748731659323 -4.13812689085575
 H 0.04389500912895 0.06803015150301 -3.87349869046459
 H 6.04237550053942 -1.32359804583661 0.24759575824487
 H 5.55289080292074 -1.63294757331556 1.92762714139955
 H 4.24627798761766 1.28860610867455 -3.17898577245716
 H 0.82968748781653 -1.22755126895726 -2.54944897401578
 H 3.54855579944928 -1.98935385144074 1.02785371105021
 H 5.17796865808598 0.58174970514802 -1.01506576760711
 H 1.74957889146336 -1.93883016965605 -0.39628778554511
 H 3.75395285942508 0.91800458867872 2.23112413247402
 H 1.92103765569813 -0.35380738821548 -7.91720796128780
 H 9.62905352129411 4.35496766259543 1.36054412631342
 H -0.27624206519413 1.29611438372693 -1.44052747400921
 H 7.26604374569500 6.56626963201999 2.66371814237571
 H 8.81089114750374 6.43070370809277 1.94200251156661
$end
$temperature
298.15
$end
$mult
 1
$end
$sigma
 1
$end
$pressure
1.00000
$end
$scale
1.00
$end
$msrrho
$end
$freq
6.67
10.01
13.55
20.12
28.93
39.55
46.33
54.20
57.29
72.87
91.75
98.59
109.76
132.28
135.84
138.70
152.43
158.35
173.10
207.63
212.97
238.68
271.21
293.17
302.37
313.16
332.63
340.80
357.45
369.94
374.88
390.22
395.57
401.21
416.97
444.41
450.30
466.54
476.12
485.91
487.85
492.26
513.15
534.91
544.77
550.89
574.36
579.16
591.82
594.86
605.16
610.98
618.84
627.62
643.64
655.08
671.70
701.71
707.78
721.66
728.75
739.17
790.55
798.16
819.04
829.81
833.04
843.89
867.79
889.56
891.47
913.31
928.44
939.68
955.11
962.96
1002.08
1010.41
1041.08
1044.84
1067.99
1071.56
1084.86
1110.78
1113.12
1123.39
1140.34
1150.78
1155.31
1164.69
1169.94
1179.64
1190.17
1199.26
1221.97
1230.75
1234.60
1253.36
1257.32
1271.78
1282.75
1285.58
1287.80
1290.42
1315.68
1326.81
1328.75
1333.07
1337.96
1381.52
1392.48
1428.01
1431.40
1432.89
1434.40
1441.91
1444.26
1489.58
1496.76
1510.58
1540.98
1569.62
1593.57
1602.44
1716.07
1765.67
1806.87
1818.85
2975.70
2982.65
3015.48
3026.36
3033.61
3060.70
3065.51
3093.40
3094.55
3105.76
3115.51
3137.12
3488.93
3491.88
3506.37
3526.16
3538.26
3559.15
3610.29
$end
