
$molecule
 O 2.85421377173371 3.36528638482914 -2.03141418907957
 O -0.59347310544134 4.30056799518293 1.12290075383803
 O 1.34251152442468 4.15806978728576 -3.46149216560149
 O 2.43686310778023 7.82092152285814 1.14643051802735
 O 3.12904751658802 8.59827767400851 -0.81822528598644
 O 3.15531460111132 5.71247349490815 2.60261961131132
 N 1.29184337759425 3.65335658041323 0.05605658371928
 N 2.82020430600740 2.09694147001540 6.05560632624704
 N 4.19984009657954 4.23447493183549 4.79480258648910
 N 5.90959799562363 5.60749839454802 6.51110984463552
 N 4.36167425624565 7.49555301139856 3.29661006418893
 N 5.73533731709051 7.51203272051413 5.20813726927195
 N 5.55966909782823 9.37872856327787 3.89384094186259
 C 0.91785555176519 4.42124773705231 -1.11396490194008
 C 1.15861489333603 5.93046957815243 -0.89982265982070
 C 2.64114351396000 6.25276947747282 -0.66106706895677
 C 0.49490222226464 3.75657572886265 1.16673986118131
 C 1.06470847893385 3.17914909204119 2.40721518450282
 C 1.69347018353446 3.96446456758767 -2.33120418032904
 C 2.21981103853988 2.40883565842667 4.83077845178884
 C 4.27640141016910 2.21977066007698 6.12785445303350
 C 2.14283738937000 2.29085048699406 2.42680038061919
 C 0.51593384439875 3.60155839819697 3.62109405423937
 C 2.70764670993247 1.89734236461483 3.62448606647664
 C 1.08126120191667 3.22014228422967 4.82131467917310
 C 2.77097325769232 7.67612815776412 -0.14442269741479
 C 4.70224174687436 3.65001006196848 5.86877571643478
 C 4.52548085760203 5.51144649801166 4.56477970956005
 C 5.56201897949219 4.35549365752909 6.72592759465377
 C 5.39245684899300 6.21229123729928 5.42653794616210
 C 3.94306835360876 6.18399788615822 3.41236381498156
 C 5.21878861731971 8.10079109745804 4.17422061703458
 H -0.15254724562997 4.27198555827137 -1.29937460355841
 H 0.79919892837688 6.47058402725820 -1.77899985825575
 H 0.56518894629463 6.24233398714302 -0.03656469819634
 H 3.20770125102973 6.16093335355611 -1.58951880117857
 H 3.05767356002705 5.56530025447248 0.07989174110181
 H 2.27516601065342 3.45972218136981 0.16973526248339
 H 4.73199742533013 1.55452888206731 5.38936965744757
 H 4.59442658262155 1.89765369958537 7.12299097069281
 H 2.54596372788346 1.89449773393281 1.50078369012784
 H -0.34081763392255 4.26638043178298 3.60303487907633
 H 2.39365983079477 2.63406199583981 6.80620637594760
 H 3.55251344973603 1.21883161882887 3.62072587626623
 H 0.67221687769305 3.58072751819495 5.75917636086661
 H 5.97711358101841 3.87580209414019 7.60795615748978
 H 3.30161690777780 3.12317593103923 -2.85917295736994
 H 3.98113401909653 8.02700886563952 2.52108739005076
 H 2.35291687554047 6.95063086272196 1.61057283479776
 H 6.04221021831645 9.87067256265098 4.62567823270373
 H 4.99396172445047 9.91354428043576 3.25949160907711
$end
$temperature
298.15
$end
$mult
 1
$end
$sigma
 1
$end
$pressure
1.00000
$end
$scale
1.00
$end
$msrrho
$end
$freq
13.04
21.46
25.62
27.09
34.65
46.24
55.35
59.91
70.15
82.01
93.52
114.01
117.23
133.14
148.76
150.51
159.04
167.22
178.39
195.84
227.71
234.81
245.17
283.06
303.10
314.97
328.41
338.55
355.40
371.71
376.24
386.82
398.16
413.32
435.23
446.70
450.91
453.12
460.62
481.89
496.77
522.47
562.07
565.16
569.11
581.89
598.29
601.80
609.54
610.92
624.43
634.41
643.47
649.63
655.96
681.33
704.35
708.37
709.23
737.88
747.12
757.35
789.48
792.33
800.43
831.85
845.22
856.06
865.67
895.63
900.43
912.94
936.65
943.56
949.54
972.81
1007.96
1013.92
1014.37
1060.24
1067.29
1069.42
1092.09
1114.61
1123.82
1125.88
1141.48
1158.97
1165.87
1169.93
1178.64
1181.74
1197.88
1212.98
1217.60
1239.69
1247.01
1249.19
1261.56
1270.34
1274.51
1280.00
1282.44
1294.35
1297.65
1320.56
1327.36
1328.01
1338.76
1385.39
1393.08
1429.36
1434.96
1436.58
1439.34
1444.44
1447.32
1481.71
1487.88
1504.55
1537.13
1577.18
1591.32
1599.67
1696.81
1715.39
1813.93
1826.70
3010.44
3020.19
3023.92
3031.39
3048.11
3056.32
3068.35
3086.65
3098.41
3099.56
3115.96
3117.51
3197.48
3426.39
3428.47
3516.61
3517.17
3545.56
3624.07
$end
