
$molecule
 O 1.28178688333446 -1.20693909388260 -6.41939662431275
 O -2.94504290264620 -1.07696811452152 -3.20419442143527
 O 0.99891842834621 -1.89187518640638 -4.31748693293547
 O 2.70881710430554 3.66267201193832 -6.92601284776937
 O 2.37205771705180 3.53373403178471 -4.73304035503380
 O -3.55057946655450 4.92846155890188 -11.49849712028638
 N -1.03687611447593 -0.13055185334479 -3.91924865234612
 N -5.33320915527980 1.93589242297916 -8.27614954287680
 N -5.34377951941385 2.84094417651914 -10.75348421668164
 N -7.36655362646734 2.25415181511726 -12.57964373928616
 N -4.72492172277883 5.19351042249773 -13.41011845821134
 N -6.60575804083023 3.91221897701499 -14.00132771981832
 N -5.87728440342907 5.58491418191565 -15.38228798355507
 C -0.16499419509805 0.09386768990377 -5.05376197523033
 C 0.69768121938353 1.35140757905461 -4.82002404251176
 C 1.33032556787575 1.86769715218419 -6.11216415169016
 C -2.39017605125788 -0.38456340217877 -4.03035038617359
 C -3.11836165928668 0.25171372245391 -5.15886610058815
 C 0.74742635017955 -1.11665617386739 -5.19496153655683
 C -4.60993862176092 1.34552078522560 -7.26493205643215
 C -6.08847008453097 1.12882451122855 -9.22376086850418
 C -4.19044183761424 -0.45070601256280 -5.71560389535804
 C -2.83738866222078 1.53619940967626 -5.63450807796601
 C -4.92628512375380 0.07809805683170 -6.75799590343088
 C -3.57149115406106 2.07774066659271 -6.67096315725789
 C 2.17993465927824 3.10032686046793 -5.82791932194259
 C -6.23002872954608 1.88946002606735 -10.51551124261098
 C -5.45292371618037 3.51744933300634 -11.90353912059980
 C -7.24190507377198 1.60085450217381 -11.44360783245251
 C -6.47374183237551 3.22884764108414 -12.82772093532487
 C -4.48103244610732 4.57377438132070 -12.18372137525859
 C -5.74716971286651 4.85009521768720 -14.24724092185565
 H -0.75734310319237 0.20970490258539 -5.96833745046173
 H 0.05933321381011 2.12951447366485 -4.39487398025335
 H 1.47812347081884 1.13498944883084 -4.08585947363154
 H 0.56072433405488 2.12948484802968 -6.84434903194339
 H 1.97373282791184 1.10852493152448 -6.56538400702545
 H -0.60913601067492 -0.70248155764198 -3.19630609688552
 H -7.07750505041865 0.88939722502868 -8.81599035144862
 H -5.56867706113056 0.17937666380521 -9.42185615066788
 H -4.43560506704209 -1.42933959159835 -5.31733458753707
 H -2.06213969542561 2.13104302284611 -5.16451188977463
 H -4.86524322846011 2.71371559006606 -8.73440449670133
 H -5.75456571806586 -0.48620062820842 -7.16921994296427
 H -3.35279456572576 3.07736733578317 -7.02999983049587
 H -7.96602613456497 0.81621395232420 -11.24385433437184
 H 1.86547047931871 -1.98358718563218 -6.45214947311459
 H -4.09851945046588 5.94811955074635 -13.65020331085784
 H 2.46838017545559 3.22089968568268 -7.75045001940008
 H -6.50633094093609 5.19179290031018 -16.06219197394357
 H -5.07423055270033 6.07505213501536 -15.73421908223855
$end
$temperature
298.15
$end
$mult
 1
$end
$sigma
 1
$end
$pressure
1.00000
$end
$scale
1.00
$end
$msrrho
$end
$freq
5.62
11.98
14.19
16.89
23.48
28.02
45.55
55.67
58.72
64.54
80.41
88.60
105.22
113.37
119.47
135.86
140.00
142.06
177.15
187.15
196.18
208.84
247.59
268.00
287.89
310.01
318.30
337.51
340.28
367.78
377.16
385.02
396.34
413.27
429.90
440.30
441.21
464.95
472.67
477.83
482.11
506.97
533.40
542.65
548.23
571.29
577.26
584.23
590.64
601.54
610.72
617.31
632.01
635.97
644.17
654.91
670.75
701.02
711.85
724.38
730.51
736.57
753.94
767.29
790.16
830.60
849.53
861.32
871.68
874.97
898.35
909.65
914.67
957.27
962.18
1003.69
1011.07
1012.94
1044.59
1065.17
1066.79
1084.84
1103.89
1110.12
1114.92
1117.50
1120.83
1140.34
1158.04
1159.12
1166.32
1188.07
1195.98
1202.67
1204.65
1236.46
1246.33
1248.74
1258.32
1272.29
1277.83
1283.10
1283.92
1293.50
1306.93
1328.19
1333.01
1339.34
1342.75
1388.53
1398.45
1424.36
1428.24
1431.70
1442.15
1446.04
1458.89
1486.90
1496.56
1509.54
1541.84
1565.71
1593.99
1600.88
1733.83
1763.31
1821.41
1839.89
2940.28
2997.61
3008.09
3012.28
3033.04
3039.61
3058.11
3089.63
3103.33
3110.26
3116.17
3122.48
3413.40
3429.72
3490.80
3510.75
3536.38
3615.91
3620.19
$end
