
$molecule
 O -0.92630210047372 8.22523093769911 0.87037562665524
 O 1.79340262685446 6.43929564262016 2.05288471521031
 O -1.48706015329648 6.25552360165117 -0.01119986326852
 O 3.18654435477841 4.40187392822890 1.21060770363099
 O 4.17698043576598 3.68321833493551 -0.63082814894987
 O 5.49507241559417 7.32632434256511 0.33909609614650
 N 1.63718694190287 7.92343683478502 0.35235075773920
 N 6.35477302778656 10.34579120672452 3.91062053349413
 N 6.89905678753945 7.98636539317979 2.74757651502490
 N 8.25288418056864 5.89601685181885 3.98704946334016
 N 6.30958571422328 5.22891784404794 0.52060486452587
 N 7.54675185948039 4.42525633157971 2.35174057730934
 N 6.75933434343456 2.98264764023504 0.74266622533780
 C 0.73106600858737 7.10433055121010 -0.42763017634135
 C 1.20877280058721 5.65151541639853 -0.59201497107077
 C 2.71556539534430 5.54924657496742 -0.86786654952338
 C 2.08406423654966 7.54178839430824 1.57925481207006
 C 3.02122673677396 8.45496187929265 2.24929005427187
 C -0.67679313425547 7.12011947415625 0.16887894086873
 C 5.18416437008408 9.77286749256926 3.43558382437958
 C 7.29374854447186 9.48368201534053 4.62139408299208
 C 3.45057422216997 8.11229834255718 3.53964224338987
 C 3.62103553611751 9.54969991664417 1.61406009191091
 C 4.49951317488632 8.77285033129048 4.14004731678022
 C 4.67749638248572 10.20861482192675 2.20379009651556
 C 3.40658899715700 4.44380860945926 -0.08340027497982
 C 7.48152064398466 8.14962425950482 3.92199320131529
 C 6.92899430202981 6.76836041439910 2.19447403289434
 C 8.18738463683628 7.09635546903066 4.52223448096878
 C 7.58755764807736 5.69546864425083 2.83248414665617
 C 6.18534166628284 6.53674784668378 0.95587395408175
 C 6.88119164597022 4.22800367254870 1.25187644399690
 H 0.65235448166484 7.57714750420602 -1.41620244374181
 H 0.94402347088826 5.08891610821378 0.30553590037648
 H 0.64591232310940 5.21140901759561 -1.41897385849221
 H 3.22780234015495 6.47455642732509 -0.58071944436069
 H 2.91067827880379 5.38256484960906 -1.92881465553329
 H 1.70870674232453 8.89008006082307 0.08062183681419
 H 6.93606841379259 9.30978874260019 5.64206323834274
 H 8.24447806590542 10.02187229304371 4.69165467241562
 H 2.96461526302748 7.28684214786775 4.04828389224956
 H 3.30727713109585 9.85630320035636 0.62208353317105
 H 6.82791847377222 10.85895369100066 3.17360688330362
 H 4.83780522565740 8.46732892028749 5.12261845080118
 H 5.17435765276282 11.01724429730727 1.67906786763438
 H 8.70480726727620 7.24497505641198 5.46603741878734
 H -1.82508458810339 8.17179395562698 1.23595698310734
 H 5.78754185389465 4.97368759439545 -0.30822225249163
 H 2.61145308221881 5.14372535520805 1.56916010897114
 H 6.99582076795300 2.24517537526464 1.38589597048852
 H 5.96289350540511 2.81935338604133 0.14231808072289
$end
$temperature
298.15
$end
$mult
 1
$end
$sigma
 1
$end
$pressure
1.00000
$end
$scale
1.00
$end
$msrrho
$end
$freq
17.36
37.01
38.67
41.52
45.19
52.33
57.05
65.68
77.63
87.14
106.93
127.99
131.32
137.00
155.19
169.35
184.20
201.85
212.32
224.87
238.10
264.84
276.99
301.32
305.57
322.50
326.16
337.93
345.65
357.49
379.93
398.36
405.62
416.79
434.84
441.73
461.75
465.10
480.20
501.42
514.67
519.05
549.75
553.22
567.72
590.49
600.81
610.85
614.77
628.02
635.83
639.23
648.31
656.54
665.96
686.75
694.50
698.42
717.84
727.63
737.58
788.57
791.97
808.48
821.82
823.56
854.09
858.73
864.92
887.56
892.34
910.36
937.31
952.52
957.12
963.25
1000.45
1021.22
1031.36
1065.38
1079.46
1084.85
1087.61
1123.43
1126.18
1137.90
1144.64
1160.02
1161.87
1172.02
1187.13
1195.06
1195.76
1199.55
1224.39
1248.82
1265.68
1269.55
1271.86
1276.91
1282.52
1283.29
1297.19
1298.49
1324.39
1324.80
1337.65
1338.64
1342.27
1394.58
1412.58
1430.85
1435.71
1439.20
1443.78
1444.77
1469.13
1486.75
1490.72
1504.75
1534.96
1565.65
1585.83
1597.42
1636.35
1725.47
1752.59
1816.30
2911.66
2978.84
3002.91
3004.31
3022.83
3039.41
3056.92
3068.55
3084.61
3097.36
3109.86
3112.49
3124.87
3448.86
3457.57
3467.45
3537.65
3545.39
3582.51
$end
