
$molecule
 O 4.97003221942582 6.90482720842290 2.59298922456113
 O 4.61053367791799 4.41345076275420 2.98351794850028
 O 3.88047706947520 8.26421905373596 1.20461271234873
 O 3.83943392825014 4.55834176038230 -2.12030893174876
 O 2.79743950366905 2.95227639011922 -0.99277639308450
 O -4.16848762348055 0.60656148154733 6.95284904243971
 N 2.73141753237073 5.14893647551176 1.99376674115727
 N 0.45442845388697 0.73144577349107 6.06576235851626
 N -1.47256121362738 0.08027180825292 7.71370455631334
 N -1.12505150465634 -1.39421590448184 10.05338022409270
 N -4.85881207031048 -0.53223138866955 8.77804968063962
 N -3.41567924389322 -1.53007762126307 10.34362108479110
 N -5.68156300894813 -1.63190800495464 10.64434073676137
 C 3.47208822981900 5.90855786357452 0.99207904696453
 C 2.54864686286458 6.33588258699115 -0.14839899823769
 C 1.87115131505838 5.15365136607608 -0.85062676641411
 C 3.38046943160303 4.34576636629184 2.86957282063779
 C 2.57040628617888 3.42733732255164 3.68234749031909
 C 4.13030268096261 7.16704984337002 1.62533911034422
 C 1.16965600783195 1.62649829008463 5.32020575234629
 C 0.91228804711769 0.27077085524219 7.36608357480437
 C 3.22515357425831 2.71559591430172 4.69708688289482
 C 1.20067299868427 3.20309876375113 3.48748010292458
 C 2.54629168745186 1.82857268187591 5.50384881567317
 C 0.51195685579889 2.31972738630855 4.28923581698393
 C 2.86896787422227 4.09960382864865 -1.31422539065178
 C -0.26747618624840 -0.22479785235148 8.16105939616686
 C -2.52478602401106 -0.34611279223488 8.42330717834577
 C -0.10440137654748 -0.96862916215089 9.33990507212387
 C -2.35646421205932 -1.08829504159119 9.60647333996596
 C -3.86651213611294 -0.02010424263015 7.94087164890039
 C -4.60408025867205 -1.24640259880660 9.91303791570637
 H 4.28456875173049 5.26746137470379 0.61971588827254
 H 1.78356146836991 7.01325896762434 0.24166106026047
 H 3.14683791363022 6.90623635876052 -0.86542195632517
 H 1.32447199927169 5.51944031774651 -1.72382799604493
 H 1.15917242496830 4.66173717844188 -0.18448251583841
 H 1.72658802858239 5.17206020514227 1.95137477385355
 H 1.39986414464278 1.08984932963909 7.91506351542607
 H 1.64821074797296 -0.53391825110221 7.24677221324331
 H 4.28851634277198 2.87475103701507 4.83930412742338
 H 0.66313861214318 3.71443631634123 2.69528304415603
 H -0.55737532719972 0.81009598820303 6.01331078137683
 H 3.08191742482192 1.28460162530320 6.27226231743623
 H -0.54708665429774 2.15035617611444 4.12955197862970
 H 0.88897202926490 -1.21861819527773 9.70129249803780
 H 4.99946556393407 5.90722224950471 2.79808802907567
 H -5.80888951198475 -0.32481756955032 8.50628267621165
 H 3.78120196993372 5.50275045744424 -2.31595601514009
 H -5.47831891454070 -2.31224865882901 11.35736319068977
 H -6.57358239227938 -1.70297508138505 10.18792659417261
$end
$temperature
298.15
$end
$mult
 1
$end
$sigma
 1
$end
$pressure
1.00000
$end
$scale
1.00
$end
$msrrho
$end
$freq
3.12
8.35
9.25
18.71
23.78
29.53
44.22
50.89
61.40
68.34
77.36
92.71
99.28
123.00
126.59
135.81
139.29
178.20
185.75
189.13
223.11
237.16
254.38
283.95
300.05
312.04
330.05
335.50
341.41
359.95
369.49
372.42
386.11
397.74
428.96
430.83
434.96
462.83
463.94
470.27
479.99
487.38
497.65
505.73
548.84
559.43
574.61
575.30
590.38
604.66
617.03
619.09
633.85
637.72
653.34
666.47
669.03
695.62
715.97
734.36
736.31
786.58
805.51
822.85
826.87
855.71
860.72
869.19
888.59
892.19
910.55
912.96
930.30
951.26
958.19
959.02
1005.55
1009.96
1011.15
1044.30
1066.83
1097.30
1108.04
1114.81
1121.12
1125.27
1139.63
1157.68
1158.68
1162.62
1174.44
1190.38
1201.40
1205.03
1232.09
1242.06
1244.11
1249.25
1258.87
1276.08
1286.05
1293.56
1307.04
1308.09
1331.59
1335.92
1341.96
1344.37
1346.79
1392.84
1408.92
1429.71
1434.89
1439.07
1442.45
1444.07
1462.48
1487.02
1502.72
1511.45
1541.72
1557.92
1589.63
1600.12
1621.92
1764.86
1811.67
1837.12
2690.28
2946.77
2967.23
2989.07
3019.27
3021.58
3042.14
3058.34
3089.93
3092.99
3111.34
3113.33
3124.89
3416.78
3490.60
3510.46
3538.56
3610.08
3615.59
$end
