
$molecule
 O 5.89208013075646 0.55475980292480 -1.50445073365709
 O 9.85654707115579 -0.46061847825771 -4.92497968027543
 O 6.62923322365259 -1.35534671639926 -2.38350458189602
 O 6.15444108385986 3.78522650603235 -3.36633201960209
 O 5.26077878574735 3.88454701201200 -5.40343833336076
 O 8.21385451193520 9.27719716823996 -7.68719039848575
 N 7.67112819006362 -0.08178475084650 -4.54355755640511
 N 9.90246173196448 5.93404947126980 -4.80724511338462
 N 10.26819897142792 8.24933820308290 -5.99700229483599
 N 12.40293668002752 9.96745291347457 -5.48340250545251
 N 9.38373002728828 11.20118252203433 -7.86410667655141
 N 11.44723168760634 11.60199561000504 -6.81151082094328
 N 10.51599071860017 13.20174308144322 -8.15733488883177
 C 6.72522650337925 0.65081717545351 -3.72565723828218
 C 5.39989174375776 0.87481253328086 -4.49045864016798
 C 4.61155673777403 2.07941252575330 -3.95394115432658
 C 8.96946943235227 0.34568545513478 -4.75089957545002
 C 9.19116791245681 1.81665128033027 -4.78667512994283
 C 6.43576832200531 -0.17632560016285 -2.48114368528743
 C 9.71740343700138 4.56863010663969 -4.82633824381232
 C 11.23595396999133 6.49429204962074 -4.64142896555809
 C 10.34125961052559 2.32983092126004 -4.18381302497462
 C 8.32510387342769 2.69467101013484 -5.44298096527082
 C 10.59754199691825 3.68791095134068 -4.18355548196556
 C 8.57763208914247 4.05308776943631 -5.46072772052392
 C 5.34356589133220 3.34655596464722 -4.33384376961317
 C 11.27346579994549 7.88330519823924 -5.22176523921123
 C 10.30897472954197 9.47803037234569 -6.52770703818275
 C 12.34178820195245 8.75772669258081 -4.96863982644009
 C 11.38517537821180 10.34821023952431 -6.27624655222315
 C 9.20148755053257 9.90286399705396 -7.38368524992104
 C 10.46622988120825 11.97776860161293 -7.56893236942826
 H 7.15691398493796 1.61238736066340 -3.42871583317923
 H 5.63655012213313 1.03770433772702 -5.54483318145028
 H 4.78323671036601 -0.02521713306242 -4.42396237455441
 H 4.49899285115176 2.01609962197776 -2.87087141127896
 H 3.62694246303344 2.09774040066630 -4.42450711606804
 H 7.62534282162692 -1.08752176652274 -4.40435904924069
 H 11.98438212985188 5.87048452696829 -5.15294696604025
 H 11.50227152475443 6.52801022186707 -3.57809511111426
 H 11.02781197311436 1.64658206521458 -3.69583231614470
 H 7.46120312518916 2.30679345153967 -5.97003365683445
 H 9.36538284123104 6.44648482532832 -5.50293735386247
 H 11.48052204128389 4.06443909586479 -3.68134807164106
 H 7.90064245359752 4.72321311928383 -5.97894005180753
 H 13.16364566686562 8.45246023880904 -4.32720561854575
 H 5.71043921899906 -0.01531571826556 -0.73876472053923
 H 8.65921611812863 11.54421388305537 -8.47799247314432
 H 6.65760736517140 4.55141552541951 -3.69509725301095
 H 11.21147279330049 13.81863948713506 -7.77214460954179
 H 9.65700991972716 13.62157486712290 -8.46567835771967
$end
$temperature
298.15
$end
$mult
 1
$end
$sigma
 1
$end
$pressure
1.00000
$end
$scale
1.00
$end
$msrrho
$end
$freq
9.60
10.29
21.47
25.14
31.06
44.53
50.70
57.60
61.35
69.95
87.55
94.20
95.57
114.56
134.67
138.89
143.79
160.99
174.58
185.98
199.33
231.85
253.87
288.60
308.77
314.30
325.52
340.77
342.03
369.55
378.77
384.90
397.96
406.74
415.56
426.76
449.49
470.41
472.75
483.31
505.63
530.31
548.44
555.32
574.56
577.34
582.30
591.27
595.27
600.88
614.44
617.86
636.12
640.60
654.41
669.19
702.71
711.74
720.75
728.04
736.24
737.03
754.06
791.37
807.04
834.03
851.70
860.47
869.40
874.22
898.17
906.45
919.93
958.06
960.20
990.48
1002.96
1011.90
1026.39
1067.03
1073.25
1103.73
1104.52
1114.30
1117.31
1121.58
1136.84
1149.83
1157.51
1159.36
1166.04
1177.76
1190.98
1201.17
1205.85
1244.45
1250.85
1257.45
1259.61
1271.87
1277.73
1283.07
1288.39
1304.02
1308.96
1324.30
1326.54
1331.93
1341.93
1385.54
1394.79
1426.24
1430.45
1433.24
1442.35
1445.36
1456.99
1487.47
1494.59
1511.29
1541.81
1566.12
1592.88
1600.59
1741.32
1766.55
1808.34
1818.58
2940.67
2992.30
3022.78
3028.69
3040.31
3051.96
3081.04
3088.84
3106.74
3109.79
3121.55
3123.45
3407.27
3426.95
3490.82
3510.04
3512.58
3540.65
3614.95
$end
