
$molecule
 O -0.86833304104919 -2.84090768134493 4.80443289801963
 O -2.18658365498672 -5.22225574932779 3.89854542878106
 O 0.99610117455570 -1.73701335181980 4.33046788222075
 O 0.89265477546220 -2.06380411982991 -1.14792078327106
 O 1.75338685961213 -0.26604314114113 -0.16415545328137
 O 2.05888018012211 -16.23751160737777 2.62453114268440
 N -0.75514130338772 -4.20739216015499 2.46758162606809
 N 1.94081687541304 -10.00467167305098 2.93841570083996
 N 2.45467508964490 -13.46686190238815 3.19781644634277
 N 5.11040249017884 -12.64362572837596 3.45457806639116
 N 4.29876611958683 -16.51582220392487 2.64955814021295
 N 5.84838801539313 -14.79547477425463 3.05325644343283
 N 6.57699071491462 -16.93437873543577 2.69518206046843
 C 0.49355562348547 -3.60063571989522 2.92465520319227
 C 1.22287611814191 -2.89247020628641 1.77804065086195
 C 0.41147743822294 -1.73042947305098 1.18598599423212
 C -1.17723245871023 -5.32210320010638 3.22344967399182
 C -0.35761316552496 -6.52813103431724 3.13082139683548
 C 0.23012290389662 -2.62750667204802 4.09548579545274
 C 1.13989531849723 -8.89511477037715 3.01327470430880
 C 1.62327828291226 -11.24815290745437 3.63251963565613
 C -0.54478512177497 -7.54324500307388 4.07935998670958
 C 0.58029255227504 -6.72503510703034 2.10718284266842
 C 0.19407334949030 -8.70489359683942 4.03295967096509
 C 1.31684368845513 -7.88642807302486 2.04884808270222
 C 1.08771238462055 -1.25201442609929 -0.09117474846936
 C 2.76803645904923 -12.21152969863252 3.46630254351180
 C 3.46440614400804 -14.33578119382832 3.06143154496310
 C 4.10423622188072 -11.80598284039471 3.59262375255238
 C 4.80597527065695 -13.92682017736356 3.19109731029182
 C 3.14715346863145 -15.73415603598374 2.76708145316215
 C 5.56647726416157 -16.03275220724131 2.79224054277986
 H 1.14592531801387 -4.39435426554440 3.31030938562345
 H 2.17228347409507 -2.50802736398241 2.15966866149728
 H 1.43627032983994 -3.62955352642706 0.99823696852722
 H 0.37281781398705 -0.90169610428940 1.89504751660107
 H -0.60666650938356 -2.05600566704478 0.95639469182690
 H -1.50662131720956 -3.51857046679938 2.48088789247167
 H 0.70347094273930 -11.70013567615050 3.23922555521940
 H 1.47930742290438 -11.03671479226809 4.69741737158170
 H -1.28144322115259 -7.39440337273755 4.86136438229337
 H 0.70392121797939 -5.96770626402552 1.34067311936266
 H 2.38676423246617 -10.14611802713217 2.04116675503190
 H 0.03502080673006 -9.46784882574404 4.78442417402499
 H 2.03770346542614 -8.03680465519316 1.25249266454936
 H 4.34535655003657 -10.76889423698048 3.80731952525775
 H -1.41436280133288 -3.61719767666315 4.55597052548227
 H 4.14187250062169 -17.49616216376670 2.46558303265617
 H 0.30713539064517 -2.80945405948519 -0.96458824437363
 H 7.49314978195135 -16.52685399599740 2.61190520249912
 H 6.41244256378616 -17.79359168829864 2.20167018459037
$end
$temperature
298.15
$end
$mult
 1
$end
$sigma
 1
$end
$pressure
1.00000
$end
$scale
1.00
$end
$msrrho
$end
$freq
7.62
11.05
13.66
18.47
23.95
32.84
36.83
56.10
66.07
70.48
75.83
83.88
109.76
118.28
124.72
133.34
142.60
147.15
168.26
182.54
194.71
209.28
254.78
274.99
291.76
302.18
322.75
340.69
365.22
375.00
377.52
395.95
407.07
420.85
426.92
443.18
456.42
461.17
469.54
477.63
497.43
515.73
526.05
536.69
544.60
556.68
578.33
584.46
600.05
603.88
606.09
618.15
640.72
645.83
649.73
674.75
694.25
705.96
722.20
728.90
739.59
767.32
782.82
793.36
826.68
837.90
853.08
863.98
870.14
897.70
902.05
914.15
924.51
938.41
964.82
967.85
1000.27
1006.52
1010.36
1058.54
1066.35
1085.09
1090.99
1093.01
1105.90
1111.85
1119.75
1133.51
1153.47
1155.08
1166.24
1183.51
1196.45
1222.68
1223.70
1235.09
1246.12
1248.96
1258.34
1263.57
1270.26
1275.62
1281.88
1291.67
1304.19
1331.22
1337.91
1339.17
1344.65
1379.12
1395.80
1430.82
1433.68
1436.92
1439.46
1443.21
1446.62
1487.07
1497.82
1511.37
1540.70
1558.64
1589.25
1600.22
1702.70
1767.93
1813.56
1846.53
2974.64
2991.80
3012.77
3015.76
3021.44
3052.05
3069.69
3092.63
3101.14
3113.59
3114.61
3129.98
3334.02
3398.18
3475.61
3490.51
3511.43
3616.79
3621.71
$end
