
$molecule
 O -0.49413835769859 -0.53604032780475 0.52289514984885
 O 1.53463068600615 -1.15302811367875 4.73442587623032
 O 0.87929720342056 -1.89814086670373 -0.58069701216119
 O 4.16986795015299 -1.09505035692768 3.88313432362725
 O 3.71454444539876 0.99763855805023 3.24852155619742
 O -0.07531006196234 -12.78617435580663 4.08247416796234
 N 1.29763038313043 -0.46430623098277 2.61545935067062
 N 0.67658561621765 -6.87972005215274 2.06331745055275
 N 0.65329416060324 -10.33724386385114 2.80051798003280
 N 0.99792308547758 -10.46964228278779 0.03248019551285
 N -0.03508304628769 -13.79975750906680 2.06658953025849
 N 0.48857502578867 -12.72338193013931 0.04474194231608
 N 0.02127802929526 -14.96441416729344 0.06329757846489
 C 1.77118389949759 -0.58355157065851 1.24388365094775
 C 3.07183517701525 -1.39126275956306 1.09048607413803
 C 4.30621256244910 -0.61240876400144 1.57270084457819
 C 1.34364512589752 -1.45553602505467 3.56988958891857
 C 1.14799444355469 -2.86611583648175 3.14301071086571
 C 0.68867271629263 -1.11011558351371 0.30443258106881
 C 0.83675449832302 -5.57093964754972 2.48504582946380
 C 1.20099160139647 -7.99054653737712 2.85161523117677
 C 2.00654137397881 -3.83312298643941 3.67246647203780
 C 0.10538247231859 -3.27337699542183 2.31000208510001
 C 1.87027955574309 -5.16693657734668 3.33744759174596
 C -0.04902969902623 -4.60679362715032 1.98483313543418
 C 4.05275158820951 -0.12632061918441 2.98270696190015
 C 0.99449322104606 -9.27399678592432 2.09384468257694
 C 0.48464263492729 -11.48818158010626 2.13593747457173
 C 1.16468717066004 -9.34934178748625 0.70372743355784
 C 0.65827857948236 -11.56079171158103 0.74072711443670
 C 0.10960837023468 -12.68274510364379 2.89321840717886
 C 0.15360722912727 -13.77831303372250 0.71575632645010
 H 1.94871953966252 0.44743669299990 0.90478702812665
 H 2.99178147089943 -2.32789831135760 1.64628033556454
 H 3.19653149766847 -1.63975990106287 0.03336069515999
 H 4.48880431577809 0.25023322228971 0.92922176207538
 H 5.17492009882282 -1.27269424152171 1.55590680570824
 H 1.51203336045988 0.43551736704141 3.03337999749474
 H 0.71037662088061 -8.05772175567184 3.83182232852026
 H 2.27392591421044 -7.84092676228642 3.01151785275340
 H 2.79992756950513 -3.51867710229900 4.34160078510983
 H -0.61073123511106 -2.54701293318185 1.94608138608373
 H -0.25256903422834 -7.06979366922218 1.70617195820362
 H 2.56549063865670 -5.88907204566326 3.74703992219778
 H -0.86379821320846 -4.91664492170170 1.33925193875577
 H 1.43980197037673 -8.46460556401200 0.13697774003647
 H -1.13907668310435 -0.87104899886675 -0.12160194193588
 H -0.27461464618236 -14.66053365122791 2.53667070104625
 H 3.75824489197233 -0.81109212038784 4.72344778086448
 H -0.03368160783244 -14.87911087196628 -0.93801326974406
 H -0.54031310994467 -15.68179040081079 0.48694690820330
$end
$temperature
298.15
$end
$mult
 1
$end
$sigma
 1
$end
$pressure
1.00000
$end
$scale
1.00
$end
$msrrho
$end
$freq
8.26
10.72
15.42
25.65
30.62
46.45
58.42
68.87
73.68
83.82
85.43
115.47
129.16
132.63
133.70
141.83
147.06
163.77
172.84
184.52
193.10
202.02
261.50
273.36
302.36
312.26
338.19
341.41
364.03
370.37
375.04
392.30
401.67
407.65
427.93
446.31
465.01
469.64
479.21
481.58
507.15
521.04
540.58
548.61
572.49
575.41
582.29
584.91
592.64
599.68
617.29
618.16
620.78
645.31
647.48
675.04
691.79
697.02
706.64
731.04
739.38
740.61
762.46
791.94
831.49
837.68
843.64
851.17
864.11
869.72
896.80
919.21
931.72
939.53
950.94
968.99
1001.21
1011.82
1032.81
1041.15
1067.39
1075.52
1093.73
1112.13
1117.03
1124.50
1148.34
1154.59
1158.58
1165.91
1175.89
1182.44
1194.10
1206.91
1222.51
1247.60
1256.90
1265.86
1269.63
1276.10
1280.24
1285.22
1293.40
1306.58
1319.25
1325.31
1332.98
1337.36
1338.19
1385.42
1390.86
1429.22
1432.93
1433.55
1438.80
1442.09
1448.11
1488.56
1494.22
1511.64
1541.03
1569.42
1594.59
1602.26
1704.85
1766.26
1795.20
1808.23
2968.11
2971.03
3013.84
3033.59
3034.97
3064.56
3074.41
3094.48
3102.03
3112.76
3126.77
3136.50
3450.50
3460.02
3462.69
3491.61
3508.61
3550.04
3613.06
$end
