
$molecule
 O 2.23303408684067 4.45102182987879 -3.73073983521847
 O 5.75791111414896 7.05889978163378 -5.55303983903629
 O 3.83932644680938 3.32606705498881 -2.66884923897131
 O 7.34905048635588 6.52394534415217 -3.40016790186885
 O 7.74090909977886 5.95080282840597 -1.30366107126984
 O 0.53991558541290 4.74943497837319 -14.20747464863225
 N 4.01941614004228 5.61215077357643 -5.30197856063199
 N 3.55691109437688 7.12261407108215 -11.50738734406399
 N 2.89439674350799 6.32327005573104 -13.90138521463607
 N 4.15027655670645 7.12410388161936 -16.25673546402253
 N 0.80348016970463 4.87071205479883 -16.44861943303345
 N 2.55084327540508 6.02685059379220 -17.51710206184553
 N 0.94449159806617 4.97312140380556 -18.75876816044347
 C 4.48747420278885 5.23819067519337 -3.96488622375384
 C 4.49108026135561 6.45040036430774 -3.00841140571921
 C 5.45842624712040 6.23117474470865 -1.84893699853853
 C 4.82015479749468 6.45177725815126 -6.05346049366888
 C 4.45068821550836 6.59380721942703 -7.46807490356068
 C 3.50884235138378 4.21756531900089 -3.38908026065022
 C 3.89020671892773 6.94327708868928 -10.19755199840266
 C 4.54023109963597 7.44103296860859 -12.52882787066524
 C 5.34801925867757 7.26934128351023 -8.30786822933338
 C 3.25191655173084 6.11566305331649 -8.01686824811260
 C 5.08175575814427 7.44404925331633 -9.64776378709529
 C 2.97358760654321 6.28916818611789 -9.35401170701456
 C 6.95834084300554 6.22197584236645 -2.17165237163334
 C 3.98943735033524 7.06185168402445 -13.87935710125652
 C 2.40486032050029 5.97355685958075 -15.09727049163360
 C 4.61382592501775 7.45929425448771 -15.07163321791209
 C 3.03371746143181 6.37421452436938 -16.29029901261251
 C 1.18945760257836 5.16096615423616 -15.13954059962476
 C 1.47810341678418 5.30077434664915 -17.55472188052104
 H 5.48883037696206 4.79228116047980 -4.02437690206660
 H 4.75301559947628 7.35926680074736 -3.55115065649463
 H 3.47986949972853 6.59440003531016 -2.61397976600497
 H 5.24457675672348 5.28229129269916 -1.34856598032711
 H 5.31894576411631 7.02086158359165 -1.10552841770077
 H 3.61234929459471 4.84307849060312 -5.81787025053819
 H 5.47436554530404 6.88921457661516 -12.34875066590388
 H 4.77703255765575 8.51206523151221 -12.50798056405771
 H 6.26794823497310 7.65393638147944 -7.88096767992756
 H 2.51956579357709 5.61923906287830 -7.38843135200830
 H 2.78614729661110 6.56412529363266 -11.86334400570907
 H 5.79035886709799 7.97561942498789 -10.27096488816934
 H 2.04167999789903 5.92248909485657 -9.76960536825607
 H 5.51401056479914 8.06665376276582 -15.04715941616300
 H 2.14607988712455 5.24611665156583 -4.28156785058663
 H -0.04108486485289 4.32551561986987 -16.54402813124082
 H 6.67197503518862 6.75943759219192 -4.07779955731386
 H 0.32331545082979 4.18588228943840 -18.81557056636389
 H 1.55288995607693 5.13458992287452 -19.54370840577812
$end
$temperature
298.15
$end
$mult
 1
$end
$sigma
 1
$end
$pressure
1.00000
$end
$scale
1.00
$end
$msrrho
$end
$freq
7.24
11.75
18.30
25.74
38.94
47.28
52.98
57.40
59.06
72.46
80.05
95.36
119.09
127.15
131.86
136.35
139.60
158.23
183.33
185.29
215.45
249.11
263.21
288.04
308.16
314.58
322.10
337.66
341.26
359.00
368.14
373.26
397.67
414.37
430.26
434.73
455.61
469.32
478.99
487.98
504.53
510.89
540.62
548.44
553.18
574.31
576.39
584.51
591.00
596.82
605.57
617.44
626.20
636.53
643.78
664.46
669.32
690.32
710.22
716.68
721.55
736.30
788.27
811.50
823.17
832.24
856.41
860.11
860.99
885.85
895.10
911.13
914.51
957.65
958.52
974.25
1002.09
1010.39
1024.39
1065.58
1066.29
1076.45
1085.66
1099.78
1108.10
1114.88
1126.32
1135.67
1151.66
1157.45
1169.12
1186.41
1190.08
1201.31
1223.85
1240.70
1248.33
1258.93
1259.52
1272.61
1276.01
1277.48
1285.85
1307.90
1318.03
1332.40
1333.15
1344.23
1344.94
1379.35
1397.10
1421.55
1429.75
1435.93
1442.60
1443.68
1472.10
1486.36
1503.75
1511.70
1541.70
1556.16
1590.71
1599.55
1682.53
1764.98
1800.29
1845.57
2949.79
2982.93
2987.62
3014.29
3019.42
3042.95
3072.96
3090.26
3096.36
3112.58
3113.12
3125.55
3217.33
3414.53
3475.91
3490.02
3511.51
3536.83
3617.01
$end
