
$molecule
 O 0.56026570122682 -1.79099982679994 1.34835626780681
 O 3.48050510840274 -2.44253131972224 0.30018084023370
 O 0.77082331828309 0.27796862698445 0.54562927049957
 O 1.60686754372182 2.28063132943953 2.34954368813677
 O 2.47632318150006 3.30101609475902 0.56637767486856
 O 6.43286655740434 -12.55780702289210 6.66942750425437
 N 2.92638096485348 -1.86647439657572 2.42190823725733
 N 5.89082547167471 -7.52990197002507 3.21377881471685
 N 6.86516458429557 -10.07782093080146 5.31753155966879
 N 9.36259393983002 -9.76819027296810 4.11030469195175
 N 8.51013759857878 -13.19799901029310 6.06160875562362
 N 9.99286616527822 -11.88070278560053 4.80050709626751
 N 10.60193710860128 -13.98689981575067 5.45441571708726
 C 2.50882350816095 -0.53381584809137 1.99545900420128
 C 3.60282241834389 0.22898919213155 1.21909545895778
 C 3.80752711795260 1.66508685846731 1.72662361086047
 C 3.51442486829868 -2.70448559194893 1.48486223181268
 C 4.12480325853648 -3.93992777021922 2.01989111680099
 C 1.19586185687032 -0.63434033062829 1.18965733574807
 C 5.32806830541454 -6.33523100657940 2.85529652684723
 C 6.13837783957989 -7.89424114533331 4.60586488256460
 C 4.00551205731846 -4.37549274793826 3.34315750937346
 C 4.84570875712205 -4.73546201108900 1.11702718270725
 C 4.59250466567632 -5.55483744855995 3.75942993747697
 C 5.43961960773243 -5.90889904462170 1.52119553475888
 C 2.58102622660229 2.51168181820306 1.46073398756762
 C 7.18628912109447 -8.97232390035294 4.66753786887757
 C 7.78639179256916 -11.04694756867536 5.37718511492942
 C 8.44626064392910 -8.82319861931089 4.07042007574587
 C 9.04535128923763 -10.90047225484425 4.76270492185124
 C 7.45704586708960 -12.28070709120427 6.09338518270170
 C 9.70060592267411 -12.97157609837759 5.43553168286459
 H 2.24265189213088 0.01310658458172 2.90873594863740
 H 4.54936515952141 -0.30559511374653 1.31994316710877
 H 3.34442432178559 0.24990252054978 0.15744663280720
 H 4.65089894458775 2.11166622617357 1.19651592372018
 H 4.01751568930152 1.65996140482754 2.79889329812588
 H 3.26986645343394 -1.92270464589687 3.36851676936939
 H 5.21733874865252 -8.26578106413890 5.06825916412591
 H 6.47864973021036 -7.01240838989896 5.16584483176570
 H 3.42919832335817 -3.80322513913820 4.06314374835294
 H 4.92865858541208 -4.40516340020678 0.08724127810936
 H 6.51110848071647 -7.95143029470694 2.53736231849670
 H 4.46705511663935 -5.87830050746045 4.78541314120253
 H 5.99510813723467 -6.51588852989245 0.81466099258632
 H 8.70735360356587 -7.90524891397684 3.55103830048833
 H 1.13995121897757 -2.41118757913390 1.83312244574743
 H 8.33376379340041 -14.07821505276609 6.52383351268155
 H 0.79703699909786 2.71952583766292 2.03922031481794
 H 10.52962310528919 -14.68355745820957 6.17439669448979
 H 11.52849332883378 -13.72764557546351 5.16005523240136
$end
$temperature
298.15
$end
$mult
 1
$end
$sigma
 1
$end
$pressure
1.00000
$end
$scale
1.00
$end
$msrrho
$end
$freq
2.69
11.17
15.60
18.86
31.45
37.65
40.25
47.19
62.91
70.64
79.54
85.50
102.97
111.94
126.07
133.10
141.90
145.08
181.05
187.71
200.20
239.01
266.30
275.35
298.52
305.53
330.70
334.06
349.33
358.99
368.00
382.92
393.09
400.66
417.62
426.91
437.79
454.91
464.39
469.75
478.54
482.81
524.29
540.05
544.54
556.69
562.72
576.81
578.70
582.92
587.94
603.73
618.76
635.85
641.13
654.60
677.52
700.81
706.77
723.87
731.47
741.30
784.84
808.08
826.36
834.55
839.78
856.25
868.90
889.18
894.73
911.94
913.43
940.00
972.20
977.04
998.26
1010.61
1023.30
1045.92
1066.43
1067.22
1069.85
1095.91
1110.76
1113.12
1126.54
1144.41
1154.57
1162.02
1171.09
1187.72
1192.76
1217.56
1226.36
1228.83
1245.20
1258.63
1260.20
1265.71
1273.35
1284.31
1286.25
1305.51
1308.13
1331.76
1339.50
1340.74
1345.11
1374.11
1384.51
1430.04
1433.44
1437.20
1443.84
1446.38
1449.62
1487.16
1500.23
1509.24
1540.73
1564.06
1592.77
1600.24
1724.93
1768.54
1823.36
1837.89
2962.40
2998.72
3010.80
3024.47
3036.55
3064.10
3066.94
3085.79
3095.79
3103.37
3118.60
3124.23
3426.68
3490.38
3494.83
3508.80
3511.27
3544.60
3616.56
$end
