
$molecule
 O 0.83763778071255 3.78777815641442 -6.90448705306095
 O -1.77157023280516 2.94870683047543 -2.39701992633301
 O -0.75217486801647 2.31336984297639 -6.38797065628246
 O 5.46629576675139 1.91646968763855 -6.35305264692945
 O 4.64834418843925 0.85614067617121 -4.58025933234825
 O 3.01252016803332 11.25913944029817 4.41976935064527
 N -0.07004636701634 2.38040357332730 -3.75124335934627
 N 2.41948036525615 7.35362555341830 -0.46994344126288
 N 2.85027770701902 9.96080589444069 1.87860722275381
 N 4.76946015226850 10.72344946119498 -0.00131822812907
 N 4.78840259856752 12.42550693494193 3.65899815400800
 N 5.70346587294778 12.20464379197623 1.50608732203003
 N 6.65129830643830 13.64366059456632 3.01306949033527
 C 0.89734908747017 2.87020171155136 -4.71204338476495
 C 2.09206397306072 1.90088419174574 -4.79632509565800
 C 3.21582307655520 2.43725107594906 -5.68395536689979
 C -0.64227969469205 3.17247421114038 -2.77439239144759
 C 0.19630941427532 4.25337999287205 -2.19120642207097
 C 0.21311547876438 2.94687583872936 -6.07033303798195
 C 1.63948291102340 6.33679002581459 -0.99296079498637
 C 1.82509290870505 8.41104231931652 0.34267977680711
 C -0.43954789411637 5.43714987884448 -1.81000640737938
 C 1.56242323957083 4.11175899908949 -1.93474099929884
 C 0.26794740413543 6.47512309289073 -1.23464742270065
 C 2.27476447220750 5.13765656146433 -1.34461531405606
 C 4.49807333528487 1.64193015144240 -5.46532866044975
 C 2.88001988713417 9.43391158517727 0.66705819573384
 C 3.77716253751889 10.88283407016431 2.17023251270015
 C 3.84690507070969 9.82360249755220 -0.27096276157356
 C 4.74847918059696 11.26958939566994 1.22716877709555
 C 3.76780931094876 11.48391129987894 3.50452526481472
 C 5.68895587887287 12.74091400471383 2.68430889622979
 H 1.24609199824108 3.86851418868077 -4.42467545110487
 H 2.47623028351303 1.74610437672650 -3.78486524463614
 H 1.75041774893787 0.93166698961428 -5.16819476866300
 H 3.43159463486817 3.48224622359699 -5.43947573169652
 H 2.94176896224310 2.39786902203112 -6.74110776498823
 H -0.75348040177231 1.75169554134953 -4.16458475270053
 H 1.39803713333563 8.01331945389378 1.27282762453844
 H 1.02423574214861 8.89347232370279 -0.22735820570291
 H -1.50599276537085 5.53570282576692 -1.98094650635962
 H 2.06314872759640 3.17703502564760 -2.16079222850844
 H 3.29348832682977 7.02031624058574 -0.07962669272914
 H -0.25194129042190 7.38643470433699 -0.96664644011815
 H 3.33364547976021 5.01701410212784 -1.14212264615369
 H 3.85886699028102 9.37885262584290 -1.26187162997126
 H 0.36357229489141 3.80054207934323 -7.75310107008986
 H 4.84330380113980 12.86198248164312 4.56774834030622
 H 5.21665273565838 2.56713283111788 -7.02166601335723
 H 6.46692767104344 14.28652088139039 3.76285878236521
 H 7.16711191044917 14.00110074077567 2.22630513941517
$end
$temperature
298.15
$end
$mult
 1
$end
$sigma
 1
$end
$pressure
1.00000
$end
$scale
1.00
$end
$msrrho
$end
$freq
8.43
10.27
10.88
13.78
22.71
30.02
39.71
52.58
60.62
67.73
73.70
76.03
89.37
114.08
118.93
133.07
141.89
149.42
175.56
183.88
191.66
199.58
244.26
266.19
281.74
302.46
321.44
338.11
340.41
371.86
372.38
380.39
397.00
415.78
422.85
442.01
453.50
462.51
475.85
481.00
485.16
510.71
531.18
542.86
545.71
573.85
581.14
582.38
588.65
599.91
614.80
621.21
631.59
637.48
644.54
653.70
675.69
703.72
713.17
723.15
735.55
738.40
754.65
779.84
790.30
830.76
837.69
863.02
868.87
869.97
897.41
908.01
913.89
939.48
969.06
1002.89
1007.45
1011.86
1050.83
1063.93
1067.29
1085.99
1093.36
1107.23
1112.08
1118.55
1120.77
1141.09
1154.44
1158.97
1165.32
1184.63
1196.50
1202.10
1222.77
1237.24
1243.73
1248.35
1257.12
1269.81
1279.13
1280.38
1286.70
1290.77
1299.88
1326.08
1333.53
1337.56
1339.54
1386.23
1398.33
1426.43
1429.50
1433.06
1438.41
1442.38
1456.65
1488.42
1494.05
1511.47
1541.33
1569.50
1594.06
1601.80
1737.68
1767.08
1822.18
1840.04
2969.73
3008.11
3009.30
3014.33
3031.52
3041.00
3057.67
3093.17
3099.74
3112.40
3116.26
3126.87
3427.08
3458.22
3491.30
3508.93
3535.75
3613.50
3619.52
$end
