
$molecule
 O 7.13012944642913 -0.25646527318483 -1.30315758023189
 O 4.84283080371569 0.25398242310882 -3.43303287171557
 O 5.46769771569734 -0.21111296288678 0.18092496938652
 O 2.10033227100769 4.77235329688170 -2.25417399932512
 O 1.76751896764559 3.22001667714730 -0.69282973162059
 O 10.47319038515295 4.58467192784384 -10.86777549255651
 N 6.25752282889144 1.84600571277366 -2.63134906456321
 N 8.59198707661728 0.94192333741775 -8.52801362221147
 N 9.22150501343050 2.02260831312467 -10.83685890988388
 N 9.07030410563024 0.70466362514621 -13.28856636597890
 N 10.78202661211087 4.35688680031940 -13.09391309325009
 N 10.12486032869018 2.47447821541993 -14.33980509343359
 N 11.20304851424651 4.21148615829368 -15.36824687294929
 C 5.75691188434342 1.69375684711117 -1.27358144549501
 C 4.26138674121744 2.00209823487473 -1.15525816718833
 C 3.93452443222634 3.37260134290488 -1.74534421817589
 C 5.80597606952529 0.97423323304398 -3.60333504836575
 C 6.55849678291979 1.01532317056269 -4.87883374645530
 C 6.06542314287601 0.30254028722124 -0.72191367447082
 C 7.88318492307389 0.95578508750432 -7.35125650383406
 C 8.10654359733475 0.20979831756898 -9.68767286276423
 C 6.33780248332294 -0.02548223966153 -5.78749442936220
 C 7.45296644380686 2.03224645847751 -5.23030933228379
 C 6.99390108730675 -0.06948111082965 -7.00046357261877
 C 8.10565835260085 2.00474287183643 -6.44554529098359
 C 2.49318808342700 3.74459754714518 -1.49055090060981
 C 8.66962050991788 0.82668938641767 -10.94090348668944
 C 9.70966605276182 2.58063199195259 -11.95187209747172
 C 8.59946006402778 0.17255890757510 -12.18076503083027
 C 9.63589585556274 1.92130509710743 -13.19224063187578
 C 10.32955610370109 3.90174363014686 -11.85430121856285
 C 10.66586679249905 3.64801178392634 -14.25447970133785
 H 6.32122948947233 2.39945681525875 -0.64737350891305
 H 3.68133462742528 1.23317620898537 -1.66898622401622
 H 3.98685146502172 1.97582718640208 -0.09741667424946
 H 4.12393621829236 3.39536182636786 -2.82113314425454
 H 4.55226058818138 4.15298606304401 -1.28840875634307
 H 7.23691904191554 2.08641792984406 -2.67955302853316
 H 7.00779249433228 0.24274676093454 -9.73282788921589
 H 8.40479995413116 -0.84377613880186 -9.62374147226387
 H 5.64078331929181 -0.81129192135364 -5.51623022510988
 H 7.62479026923923 2.86945770208443 -4.56169029188826
 H 9.01699407030237 1.82822278162616 -8.78831574132156
 H 6.82051801527261 -0.89959261434572 -7.67464980337821
 H 8.79188379908287 2.80043369368335 -6.71400617134686
 H 8.14516572591451 -0.81095966288380 -12.26013665636268
 H 7.25978962735366 -1.14267804327517 -0.92730261439584
 H 11.23681716431224 5.25832218567261 -13.08814141647528
 H 1.17354427358479 4.97853784558373 -2.05020000110498
 H 11.32414438712109 5.20850470365459 -15.39121175387660
 H 10.93213599803754 3.76641058123140 -16.22920553923755
$end
$temperature
298.15
$end
$mult
 1
$end
$sigma
 1
$end
$pressure
1.00000
$end
$scale
1.00
$end
$msrrho
$end
$freq
6.68
9.63
14.35
18.08
21.68
33.38
38.88
43.27
51.87
54.76
76.06
80.74
90.87
104.45
123.79
135.60
138.80
144.52
176.07
184.85
205.25
225.38
239.88
274.53
301.97
311.75
322.04
332.47
341.38
371.25
373.50
395.55
398.04
418.08
426.94
438.04
468.93
469.70
476.36
480.20
481.72
494.47
506.23
532.24
547.15
556.11
575.49
585.10
594.52
599.55
604.86
617.72
627.02
638.15
644.23
650.56
661.77
669.87
707.85
713.05
721.55
736.29
780.44
789.88
827.08
838.20
853.66
860.31
863.10
891.44
895.90
911.77
914.67
954.64
958.66
959.42
1001.53
1011.68
1036.96
1067.17
1074.90
1084.02
1107.08
1114.75
1124.04
1130.30
1134.36
1144.11
1157.96
1165.31
1174.61
1190.99
1196.95
1201.48
1219.15
1231.18
1240.96
1251.08
1258.63
1263.92
1275.41
1285.68
1297.13
1301.74
1306.11
1329.62
1336.76
1342.98
1350.87
1387.04
1394.22
1424.23
1428.84
1433.15
1442.16
1444.88
1451.82
1487.45
1498.72
1511.20
1541.75
1565.64
1593.33
1600.89
1727.77
1764.60
1813.30
1820.26
2944.04
2970.80
2990.41
3005.10
3039.29
3047.89
3076.24
3089.38
3096.72
3109.87
3110.29
3121.88
3412.20
3490.90
3504.53
3509.71
3551.55
3554.28
3614.57
$end
