
$molecule
 O 0.95311626004170 4.94906589655471 -3.36186133793830
 O 4.18742920372017 1.13248064381571 -5.05960147020471
 O 1.23155780430739 2.86395688388549 -2.62438975252391
 O -2.80787211294452 5.26531136880389 -6.62785266842236
 O -2.28389543979204 3.19115424995512 -7.24866474682211
 O 10.13938969736880 2.83125500007409 -7.44737216336222
 N 2.13511283234314 2.04865319068715 -5.06286422560028
 N 5.21556660957722 5.53516189689548 -9.55323091764913
 N 8.16582048194656 3.91403729930051 -9.20380235665596
 N 7.31733075121951 2.23789661067107 -11.26754138783403
 N 10.03332710606570 0.89274052754807 -8.60001213979022
 N 8.69471229922781 0.54766079118168 -10.50109291180564
 N 10.05683615769401 -1.12617157259073 -9.73731403204881
 C 1.37425861227896 3.28008686487099 -4.99952176760294
 C -0.01121306611662 3.07659411919727 -5.64273913979122
 C -0.78237590241803 4.38710842675372 -5.78821077647048
 C 3.44224511225237 1.98090239485211 -5.49996187275483
 C 3.85964881393176 2.94537701543173 -6.55353072599846
 C 1.19597903707592 3.64560132033663 -3.53175263031350
 C 4.80823912371486 4.66055991381774 -8.55316157945266
 C 6.63956010153734 5.66485873392144 -9.85696254687682
 C 5.15720635039035 3.45983975197242 -6.49676009247304
 C 3.04538557459299 3.28836601663040 -7.63487329432834
 C 5.62403030766380 4.32471048784912 -7.46725957649841
 C 3.51298592637737 4.13381020764408 -8.62374357096660
 C -2.02098770966890 4.18561107754957 -6.63185837623354
 C 7.25865413171208 4.30580398425126 -10.08291914412336
 C 8.65992567740322 2.67723655776555 -9.33660817035286
 C 6.84338347522556 3.45751355220202 -11.11852116560285
 C 8.22760342976592 1.82286675688132 -10.36892166222062
 C 9.65350724090282 2.21608984825691 -8.36610639967565
 C 9.55101532918079 0.13092856987258 -9.62341686559657
 H 1.91172075818341 4.08448604922496 -5.51393145250950
 H 0.13405515618198 2.63231499186335 -6.63075792642921
 H -0.58917626397246 2.36527019361820 -5.04699588321713
 H -0.16980677602327 5.14747918522087 -6.28240942500184
 H -1.08274383747505 4.79326664992280 -4.81981474805741
 H 1.97411266555482 1.44045199061196 -4.26488237047054
 H 7.15074635438083 6.16326328455536 -9.02924307867607
 H 6.72340824885232 6.29082341547686 -10.75005277304111
 H 5.79810197035502 3.17443206635166 -5.66992830890948
 H 2.05553223003535 2.85535101887558 -7.72753662158906
 H 4.64980507745359 5.45625532490668 -10.39042120319648
 H 6.63064110905901 4.71581836725100 -7.39198876068697
 H 2.88018886829093 4.38250525872792 -9.46925429976771
 H 6.10006338378646 3.78997881979828 -11.83806944538938
 H 0.83732877541501 5.13249007197883 -2.41437181639043
 H 10.71897767084687 0.51711245549715 -7.96112399307830
 H -3.58472652500783 5.09580074203678 -7.18586512975030
 H 9.53794572148585 -1.72128367979660 -10.36173749151678
 H 10.43654119600809 -1.56094659297813 -8.91466680431865
$end
$temperature
298.15
$end
$mult
 1
$end
$sigma
 1
$end
$pressure
1.00000
$end
$scale
1.00
$end
$msrrho
$end
$freq
7.29
9.49
11.71
13.78
15.71
29.18
42.76
50.53
55.75
60.63
78.61
82.28
102.13
107.29
129.32
135.48
143.32
161.73
175.25
186.88
224.17
238.00
256.08
276.05
284.73
306.04
323.55
346.37
348.07
365.93
379.21
379.97
398.09
407.00
416.94
446.76
471.56
475.99
485.48
495.09
500.70
526.73
532.23
556.02
572.28
579.93
584.54
594.50
601.81
618.12
620.04
625.67
637.04
640.40
643.65
645.90
679.90
704.37
716.59
723.64
730.50
735.50
743.33
773.82
797.49
832.23
836.04
838.38
866.44
868.47
899.77
902.62
914.36
939.00
966.58
1003.49
1010.85
1011.71
1058.39
1066.26
1074.59
1080.23
1108.72
1113.06
1117.76
1119.62
1137.78
1143.83
1154.95
1160.24
1168.41
1180.44
1200.68
1207.92
1226.03
1238.28
1248.35
1254.69
1258.14
1271.03
1276.40
1282.08
1293.90
1297.14
1301.72
1322.71
1327.05
1339.27
1348.27
1383.63
1397.80
1421.85
1428.82
1429.83
1443.07
1446.27
1459.08
1489.30
1491.40
1507.63
1540.20
1571.33
1592.92
1600.59
1736.76
1767.03
1815.35
1821.44
3010.28
3014.72
3016.69
3030.55
3048.15
3049.05
3057.94
3084.31
3097.05
3113.59
3115.25
3135.32
3429.79
3458.45
3491.21
3506.69
3537.42
3550.03
3610.65
$end
