
$molecule
 O 1.01490281896958 1.21644035801271 -5.26262385269169
 O -0.67504893429484 1.39647859038707 -7.77264112344920
 O -0.05434511320136 -0.73888471564616 -5.23560177805671
 O -5.09057313624008 1.41368181718575 -3.80797030315496
 O -3.64974744657364 3.01901223981261 -4.32341428834146
 O -2.59750759682861 11.58921062607991 -5.98431772455811
 N -1.25096450180508 2.51216401965168 -5.90129506336075
 N -0.96265667158139 7.21059648000967 -10.31374639883274
 N -1.43552392193326 9.91383787562468 -7.98683167908397
 N 1.35086273713519 9.72931844135729 -7.95201948997969
 N -0.52297219456881 12.02200502326435 -5.20808223290113
 N 1.45311521293634 11.14409635123457 -6.12761000732352
 N 1.54983562464620 12.50732926101859 -4.29090639319663
 C -1.37059817497379 1.27188368050650 -5.16613797430875
 C -2.53854796595209 0.39547919882132 -5.65400374782697
 C -3.83179596365781 1.19857214507718 -5.86157114023706
 C -0.96003695051861 2.45345465455412 -7.23415743752014
 C -0.98778278386588 3.74139414158447 -7.96998922386766
 C -0.07955850014313 0.46172943573329 -5.25468595918377
 C -1.00941777767831 6.07974095216860 -9.51933661183434
 C -1.61202975771175 8.44226243730773 -9.88684839198566
 C -1.22513115825256 4.98507571709696 -7.38072270085073
 C -0.75053782724871 3.69004842236725 -9.34942781035236
 C -1.23524386316029 6.14115727128299 -8.13979615784469
 C -0.75916516038773 4.83557924191762 -10.11517168462746
 C -4.17638220543312 1.97865915381003 -4.60677496650619
 C -0.77911172224858 9.17197391002093 -8.86177298507455
 C -0.70884083626984 10.57627448928427 -7.07675770115604
 C 0.62051082497548 9.08721488906834 -8.83900929701054
 C 0.69552699246586 10.48319190610129 -7.05204813688340
 C -1.40876117470167 11.40275520504870 -6.09322093919534
 C 0.83230295181701 11.87397428268577 -5.25766843518734
 H -1.50543083725747 1.53500566371813 -4.10949655062829
 H -2.25735314056150 -0.06824421845621 -6.60271549067103
 H -2.70034743040261 -0.39998613858554 -4.92223691683425
 H -4.64200819214593 0.52003067682856 -6.13742918225172
 H -3.68273218477603 1.91643667524415 -6.67149837902133
 H -1.73150672879137 3.30552064383446 -5.50437314097176
 H -2.61082369239057 8.25151276479307 -9.47424726927305
 H -1.72289376434994 9.07573098368927 -10.77340862318676
 H -1.39703749879652 5.06921433231007 -6.31317105232483
 H -0.55900728593150 2.72603443522492 -9.80847443383401
 H -1.05878606063838 7.02092788243992 -11.30223762367466
 H -1.41288880188501 7.09250890482754 -7.65451161827998
 H -0.57214159938472 4.78400747329609 -11.18251492901854
 H 1.14223725493156 8.47042063094472 -9.56482969468904
 H 1.79136182372116 0.64068863182142 -5.35476072879322
 H -0.95030515492156 12.58953617971073 -4.49077603968737
 H -5.44343850513301 0.57891159143522 -4.14310692166015
 H 1.14175721676444 13.30783283136105 -3.84134735761412
 H 2.53920375823634 12.54503855314763 -4.47144641119177
$end
$temperature
298.15
$end
$mult
 1
$end
$sigma
 1
$end
$pressure
1.00000
$end
$scale
1.00
$end
$msrrho
$end
$freq
2.41
10.19
14.32
22.04
25.01
34.51
45.67
53.22
59.43
70.44
76.37
93.84
110.27
125.01
133.04
139.99
154.97
166.17
185.02
201.20
209.25
229.99
273.40
288.34
302.06
311.52
339.59
341.46
349.46
367.61
370.48
396.46
402.68
408.46
430.91
438.68
443.95
459.98
466.64
473.82
476.31
482.76
500.30
508.22
534.02
551.96
573.97
579.16
583.17
590.92
600.72
610.78
618.64
633.17
641.72
657.70
671.72
705.02
711.28
720.98
728.42
738.64
790.99
792.62
803.41
830.51
833.67
855.79
868.05
888.80
890.72
913.87
932.81
939.19
962.03
973.30
995.75
1006.29
1009.76
1041.11
1067.17
1080.24
1086.21
1099.05
1112.68
1124.36
1129.85
1145.29
1155.20
1156.80
1170.11
1177.31
1191.25
1212.71
1221.65
1233.83
1245.20
1252.64
1257.09
1271.90
1282.81
1286.35
1287.99
1291.91
1298.40
1326.18
1331.25
1336.27
1339.50
1383.60
1394.49
1427.79
1431.01
1433.76
1441.65
1442.87
1449.71
1488.49
1496.16
1510.08
1540.92
1572.01
1594.21
1602.43
1702.68
1765.53
1801.79
1806.74
2973.87
2998.78
3014.51
3024.79
3031.64
3056.44
3063.22
3096.10
3099.60
3105.71
3116.60
3133.49
3487.50
3491.85
3508.87
3509.13
3557.30
3613.37
3614.19
$end
