
$molecule
 O -1.13503339751519 0.88305472206588 -2.05517940465309
 O 0.89795346093667 5.39629724620719 -0.42249598291940
 O -1.30679584806916 1.89629557070037 -0.07812882302506
 O 1.92626934193561 -1.30760620630744 -3.72958404966684
 O 2.92204455996105 0.59641514565028 -3.17501667959317
 O 1.74417946920827 10.44943214595363 -5.19489231239650
 N 1.08778552972156 3.15775599579412 -0.45749796766074
 N 3.63548823786263 4.76951375652493 -6.16088654526494
 N 3.32545305614603 8.16352921440589 -5.85633917585771
 N 5.89555932183568 8.10406028409014 -4.76872833633454
 N 3.45081076663840 11.20396731118210 -3.92483586596050
 N 5.51842426482469 10.11179746399403 -3.68834829588378
 N 5.11820534521476 12.06554756020176 -2.56564267122550
 C 0.82092038192896 1.95432760460684 -1.22021142764359
 C 1.69165020593060 0.80417422072045 -0.67192199791549
 C 1.58041258658652 -0.47919084995897 -1.49719187731578
 C 1.24338059562559 4.40838249254211 -1.03444159209679
 C 1.88218783307541 4.46827289945502 -2.37177640723298
 C -0.64893103765033 1.60334616518281 -1.03614116601966
 C 3.05538865770805 4.72324783701074 -4.89930290395875
 C 3.61443314633928 6.01544314320169 -6.92034536724651
 C 1.44713141339034 5.45159073494115 -3.26419786576682
 C 2.93531374573459 3.63205286706736 -2.74997723140312
 C 2.00943948364004 5.57179147676524 -4.52021652598716
 C 3.51349173642283 3.75527556198419 -3.99802951194858
 C 2.21212827671172 -0.31696929399180 -2.87340627067745
 C 4.15273182392532 7.15957877366611 -6.09362139047657
 C 3.76605223340708 9.15267575734133 -5.06871550082591
 C 5.44232093393751 7.14106073172013 -5.54411025453628
 C 5.05779868030950 9.12344014183757 -4.50970625111374
 C 2.86544505277556 10.26990450631538 -4.78304383188750
 C 4.71525379577250 11.09272237237593 -3.42564809568565
 H 1.03461959533315 2.11810938240084 -2.28092995760949
 H 2.72995252205788 1.14495991910973 -0.67641253916083
 H 1.40435108287534 0.60541647807283 0.36365629273801
 H 0.54106175203407 -0.79786139936697 -1.60793967187885
 H 2.11955614993239 -1.28538678567585 -0.99078721173779
 H 0.52793060684731 3.21631454205330 0.38883371835547
 H 2.59154350961412 6.24464169629746 -7.23079535181989
 H 4.22454595006006 5.85970865061324 -7.81519739228988
 H 0.64738410892525 6.11814334821783 -2.96054130662631
 H 3.32734215403073 2.90204198711663 -2.05170365461564
 H 4.53580295704061 4.30610612914311 -6.19370191308483
 H 1.64483388169032 6.33489006539620 -5.19622061324467
 H 4.32879213019315 3.09960021335224 -4.28326258992251
 H 6.11484982169340 6.31182842269494 -5.74618859374295
 H -2.07697228940328 0.70442758719974 -1.89530932600431
 H 2.86446279460039 11.98387527629998 -3.66566174915579
 H 1.32672106467826 -1.97622029645279 -3.37389617181838
 H 4.66246914496342 12.95982829702544 -2.60460368693876
 H 6.10571440862367 12.06476913322796 -2.37287570126507
$end
$temperature
298.15
$end
$mult
 1
$end
$sigma
 1
$end
$pressure
1.00000
$end
$scale
1.00
$end
$msrrho
$end
$freq
7.19
12.46
13.14
19.48
24.01
32.33
38.78
49.51
51.96
66.80
79.80
100.92
101.95
121.93
133.92
140.87
159.61
174.36
185.09
215.70
236.66
257.38
274.59
280.76
302.10
306.11
315.12
341.45
346.56
364.02
367.81
382.18
395.75
407.45
418.52
443.42
450.91
468.76
476.98
491.85
500.87
522.73
530.50
539.88
556.91
567.80
577.92
583.44
589.06
600.31
614.41
618.69
627.94
635.75
644.08
647.99
679.56
705.65
716.02
722.78
735.65
742.32
742.68
797.16
806.45
834.25
835.34
837.32
866.37
868.60
889.21
902.95
920.89
938.52
966.10
984.59
1003.62
1010.16
1024.98
1059.72
1065.78
1077.71
1096.08
1107.96
1112.45
1119.46
1127.44
1138.47
1155.14
1158.71
1164.05
1180.36
1181.14
1202.64
1217.64
1224.96
1248.47
1255.43
1257.95
1271.66
1275.77
1278.55
1292.84
1297.21
1319.09
1323.00
1329.71
1329.80
1338.70
1383.67
1398.12
1425.56
1428.16
1430.58
1442.43
1445.96
1451.53
1487.53
1491.52
1508.13
1540.36
1572.29
1592.22
1601.27
1734.96
1766.30
1817.43
1827.08
3013.69
3015.04
3025.83
3032.61
3045.86
3046.08
3056.89
3084.89
3105.22
3113.36
3124.77
3132.70
3427.29
3462.99
3491.94
3511.37
3537.52
3616.46
3617.76
$end
