
$molecule
 O -0.67841545379997 7.57480816568985 -2.68994733664447
 O -0.89252713094006 11.12789895542688 -5.22531508305042
 O -2.42529048477497 6.69298539305124 -3.75081590191598
 O 0.83389074148123 9.23045676757309 -8.86206559591263
 O 1.52216274257985 8.42453344528621 -6.90272130124554
 O 5.95418918221072 12.98112422180410 -11.65737747293981
 N 0.03271327588562 9.14650198748537 -4.62546519674523
 N 5.33136030614953 12.25949521118214 -6.15037292833146
 N 5.52633128929672 11.58652786743264 -9.18944072681894
 N 3.33157584893838 9.88456388407729 -9.13308714228632
 N 4.08754024196362 12.00688313002962 -12.47140991957101
 N 2.76054253470175 10.47347144982691 -11.28565095676348
 N 2.20426884379998 11.05206095222471 -13.42639898080553
 C -1.19153303085482 8.41994301034210 -4.87081016874773
 C -1.10868765598743 7.60436132162938 -6.17436282243195
 C -0.84568553441521 8.47750177153445 -7.40380387010103
 C 0.09866383734994 10.46446053237934 -4.97666963535821
 C 1.48003338493685 11.00556342529339 -5.07892018391431
 C -1.51215603680237 7.47427552752976 -3.72555607967985
 C 4.04389826164645 11.89434671730461 -5.71925920640344
 C 6.04157869992963 11.19035515169401 -6.87140167618292
 C 2.60104357439802 10.35789118926352 -4.55638415006601
 C 1.65953556336643 12.16609783592522 -5.83533017473885
 C 3.87314087822020 10.79876327094486 -4.86982085503267
 C 2.92841399572527 12.61411299914830 -6.15116690704829
 C 0.63269776932302 8.70076266081060 -7.68009438062195
 C 5.23744685225844 10.87530303041250 -8.10896422568545
 C 4.73972193010068 11.44499270882973 -10.26104890345649
 C 4.13225093693003 10.01031343223452 -8.09106205799182
 C 3.61504618496068 10.60047266404517 -10.23559418260570
 C 5.03568116491442 12.22229724053047 -11.46652873104384
 C 3.01481508422073 11.17447755648348 -12.34774116279692
 H -2.00986077014648 9.14994159980649 -4.93694171903122
 H -0.31239180767773 6.85950996575444 -6.08096387008711
 H -2.05715711612982 7.07423266647430 -6.29113242111624
 H -1.30784786642278 9.46291827640549 -7.29220932559875
 H -1.27853639830994 8.01693139791426 -8.29535227949954
 H 0.87381653184805 8.59393696753720 -4.72072328989744
 H 6.15325156827087 10.32098593034320 -6.22191461759416
 H 7.02667266143058 11.57088252420670 -7.14875732866295
 H 2.48866238597357 9.49770717018665 -3.90612688721228
 H 0.78400535480538 12.68423056041344 -6.21155347082957
 H 5.28004289701400 13.07500119738655 -6.75877352739876
 H 4.73827077848502 10.27941555302502 -4.47439399545927
 H 3.06238838051975 13.49242418713900 -6.77323387729516
 H 3.88196580807966 9.42239702784301 -7.21335779616722
 H -0.95621103933904 6.94951482920535 -2.00040228628530
 H 4.24530355803373 12.51347608317333 -13.33065129404810
 H 1.84335760407343 9.41450411115505 -9.00257304997272
 H 2.20365628702984 11.77709093027687 -14.12130564667493
 H 1.33131938471121 10.58555754431649 -13.24518940021689
$end
$temperature
298.15
$end
$mult
 1
$end
$sigma
 1
$end
$pressure
1.00000
$end
$scale
1.00
$end
$msrrho
$end
$freq
13.52
21.92
26.00
38.28
41.96
51.86
58.42
66.52
69.41
88.60
104.85
109.26
123.67
134.59
142.39
150.84
157.99
164.84
200.55
230.16
238.56
253.05
260.69
288.97
306.63
312.44
326.38
346.22
361.84
373.91
388.42
398.26
401.83
409.76
421.23
450.19
468.64
481.64
490.04
505.42
516.09
535.18
551.81
562.92
568.92
571.65
581.95
593.57
599.44
608.76
620.73
631.94
641.27
645.06
652.92
689.80
712.50
715.61
722.23
740.03
774.81
802.61
829.23
835.15
838.48
847.99
859.01
876.22
895.90
898.79
914.40
936.16
939.46
947.43
961.50
973.73
1007.37
1011.63
1043.49
1048.90
1064.33
1067.05
1103.74
1111.33
1116.34
1144.25
1146.59
1153.66
1154.73
1164.17
1166.81
1192.53
1209.83
1225.16
1235.63
1243.96
1247.08
1258.55
1267.51
1274.18
1278.49
1284.42
1289.74
1296.68
1318.65
1321.97
1331.31
1347.13
1355.04
1376.31
1410.46
1418.91
1428.91
1429.54
1441.82
1449.09
1451.22
1484.62
1485.82
1503.87
1543.31
1578.92
1591.41
1595.78
1715.28
1750.36
1770.87
1800.27
2460.35
2984.89
3016.75
3020.93
3037.16
3045.13
3052.81
3074.29
3101.35
3104.09
3106.33
3115.68
3118.44
3407.50
3489.29
3498.20
3511.36
3550.63
3617.79
$end
