
$molecule
 O 2.86049174063105 -1.65756057192656 2.30194170456398
 O 7.06027096823011 -3.28092392162970 4.32667419144159
 O 3.82315442586682 0.03757833133901 3.37327069968336
 O 8.46244956255526 -1.58463067966079 2.80856933807646
 O 8.47895707391534 -0.93750029254272 0.68447267668566
 O 2.20614185062351 -13.59252819645283 8.86587443617625
 N 4.94311282573666 -3.09046814628756 3.54633473521624
 N 4.45107767255728 -7.82001146103408 7.88981594702622
 N 2.84725042309432 -10.80838300631165 8.85745434558932
 N 3.05596683313508 -9.59951156538930 11.36594816448814
 N 2.14416354118895 -13.52480901835973 11.12127395082992
 N 2.56000468487702 -11.60151418253599 12.40627733652156
 N 2.10415292121187 -13.59270893666497 13.43713850325226
 C 5.20941191701782 -1.84921998853143 2.82165633132326
 C 5.61841690202314 -2.12831919004882 1.36502993828222
 C 7.02175413188481 -2.73804892049764 1.24086858523743
 C 5.89052880720491 -3.65551569191679 4.34611294603410
 C 5.44470293016040 -4.75963951389371 5.21767697132399
 C 3.91132552764404 -1.03536913208981 2.86566544642067
 C 4.75509292664792 -6.84788939244508 6.96894255938464
 C 3.33771960202212 -8.74522837551653 7.71465561787494
 C 4.18086094428945 -5.35581324219932 5.15978541075001
 C 6.36287787454137 -5.23726276482715 6.16511584272456
 C 3.83658074497884 -6.38226914148952 6.01761000498546
 C 6.02763150131493 -6.25512117437813 7.02758039487291
 C 8.07493851531158 -1.66509299407762 1.54815613960772
 C 3.13735075221385 -9.52570550365025 8.98657245273844
 C 2.64982779361355 -11.50894300438516 9.98169818231959
 C 3.23988627085400 -8.92611648609558 10.24985166199599
 C 2.75522583340949 -10.90505177683639 11.24966285818206
 C 2.32510482340035 -12.93172269065776 9.86971434039043
 C 2.26374632320878 -12.85843829133767 12.30562233580005
 H 5.99268041173136 -1.28982715560971 3.34601568133535
 H 4.88796474960312 -2.81131311355765 0.91779285681193
 H 5.58776010647580 -1.18755772133975 0.80713295582745
 H 7.17140710268100 -3.05297077569787 0.20603067211933
 H 7.12806287428210 -3.60412597997367 1.89440491255011
 H 3.97330406444232 -3.30492339219311 3.72145660602425
 H 3.52029425508087 -9.43860940555589 6.88311798183931
 H 2.42839584684694 -8.17514231371321 7.49735784653759
 H 3.44807139306085 -5.03235628424428 4.42716761012450
 H 7.34702984351877 -4.78422626656686 6.21083645785858
 H 5.25678331166968 -8.24346035848668 8.33247599061353
 H 2.84964898200513 -6.82143077873404 5.94226878718246
 H 6.74367875186506 -6.60911625524404 7.76114244656199
 H 3.48202364674189 -7.87101974332267 10.33836143511982
 H 3.09003510809648 -2.47112859503161 1.83248109307457
 H 1.93371637317716 -14.51224905045049 11.10829602241511
 H 8.02107956583110 -2.23902455137194 3.41161894705856
 H 1.58048587992339 -14.44842944026337 13.38595101358089
 H 2.00374708748474 -13.04625589622172 14.27613663360589
$end
$temperature
298.15
$end
$mult
 1
$end
$sigma
 1
$end
$pressure
1.00000
$end
$scale
1.00
$end
$msrrho
$end
$freq
6.38
9.16
15.97
24.47
32.15
39.67
47.69
56.23
70.36
72.97
82.96
93.40
106.00
123.51
133.34
143.49
150.22
152.65
178.33
183.05
192.57
217.05
259.17
272.66
292.79
308.09
326.53
338.48
359.50
365.16
370.13
370.95
394.30
397.68
424.98
433.04
452.34
460.51
468.71
470.35
476.76
485.90
506.20
538.09
542.22
553.96
576.55
585.57
600.01
603.30
617.76
619.05
634.09
640.20
655.14
675.30
697.21
708.12
722.83
730.75
739.27
752.57
783.52
814.73
826.36
833.42
837.70
867.80
872.45
887.08
889.75
913.15
935.50
938.60
967.04
967.67
1005.32
1010.37
1011.08
1058.16
1066.72
1070.45
1091.00
1094.76
1112.14
1117.44
1126.55
1151.59
1153.92
1168.99
1174.60
1188.19
1196.24
1220.66
1223.52
1224.52
1246.16
1254.18
1258.09
1271.25
1273.41
1286.37
1286.92
1302.38
1305.42
1331.08
1337.30
1338.73
1346.17
1391.31
1403.26
1430.23
1434.77
1438.06
1442.35
1443.01
1450.62
1487.55
1499.12
1511.49
1540.82
1563.88
1592.34
1600.83
1664.15
1767.20
1813.21
1854.12
2971.33
2996.19
3014.26
3015.33
3033.57
3039.71
3079.17
3092.72
3093.53
3104.50
3121.06
3125.83
3128.74
3473.83
3490.70
3509.04
3510.27
3597.20
3615.34
$end
