
$molecule
 O -2.24425808314157 0.23319388212958 -1.10075917522167
 O -4.65709550266670 1.89014777904344 -5.44594200988369
 O -2.41245091827336 2.32250307759450 -1.84145188710509
 O 2.01555696848720 -0.70313819994596 -4.70660973880305
 O 2.64125934701800 -0.04831134588595 -2.67863261082111
 O -1.29757277146142 -7.03885437765191 -9.06580164551064
 N -2.70385620286748 1.47901066545027 -4.41503717676813
 N -4.30757010175397 -4.35011831681155 -6.66377063935135
 N -3.95640665285216 -6.34984461579469 -8.30920757186362
 N -5.96526897049000 -8.07573525391076 -9.17580565642659
 N -2.11965849947940 -8.85045330130021 -10.13757388853487
 N -4.40125801216073 -9.41265345378716 -10.23353231276486
 N -2.85343724742513 -10.71116922973198 -11.30715200248391
 C -1.99507175707857 0.62617065161519 -3.48257555780143
 C -0.47960817303632 0.70268590726150 -3.76675874972995
 C 0.29758974545817 -0.39946576252027 -3.03929775996391
 C -3.81336071330390 1.07816185932705 -5.13518449846700
 C -3.89408987128426 -0.35140757838942 -5.53325549052490
 C -2.25491463581487 1.16198333373476 -2.06603697830739
 C -4.20867237988915 -3.02120088534534 -6.33321939604728
 C -5.54331436853550 -4.90544592911082 -7.19523817154519
 C -5.16232450838563 -0.93657909370589 -5.59020997452340
 C -2.78575057587252 -1.11297281925252 -5.91686374530446
 C -5.32395553022779 -2.25530832156679 -5.96555603915499
 C -2.93707647658528 -2.42807366467626 -6.30932256052420
 C 1.77310536387947 -0.36032360985674 -3.43276156067437
 C -5.22463360544719 -6.13195722395635 -8.01029474592763
 C -3.66710934099197 -7.43226014313839 -9.04191418793851
 C -6.22788467840048 -7.00871082224070 -8.45160655154904
 C -4.67640617455262 -8.30603194555187 -9.48518856570833
 C -2.26682301924954 -7.69148512894689 -9.37458428029382
 C -3.16053350573931 -9.64371800421873 -10.52616517746077
 H -2.34662551397486 -0.40835688825797 -3.57764767860105
 H -0.33503648972393 0.61014443664224 -4.84679177024151
 H -0.10832928166911 1.68581308212634 -3.46539789005468
 H -0.11333920678902 -1.38012808270240 -3.29693421584459
 H 0.23526267900948 -0.26318328733609 -1.95769793848146
 H -2.79519428807057 2.43553946416659 -4.08270719359520
 H -6.05547255366756 -4.16934097129805 -7.83227582781636
 H -6.22447547006977 -5.16805496528242 -6.37661193489779
 H -6.02485172524984 -0.33733189616531 -5.31953830637347
 H -1.80098832477998 -0.65877608746244 -5.95084869798466
 H -3.48951872981249 -4.74466669996322 -7.12197698749561
 H -6.31481512247038 -2.69293530360154 -5.97366717163339
 H -2.07355485812078 -3.00934348776537 -6.61364531761509
 H -7.26902204172602 -6.82611893822422 -8.20138352405605
 H -2.16832154507887 -0.67726325162014 -1.41434094036276
 H -1.17474857370231 -9.07391511692813 -10.41463761806844
 H 1.23165844573490 -0.94945132953314 -5.21406911838123
 H -3.60027958599784 -11.37671902753507 -11.41554817691079
 H -1.91777496173413 -11.07561977814209 -11.28085438459406
$end
$temperature
298.15
$end
$mult
 1
$end
$sigma
 1
$end
$pressure
1.00000
$end
$scale
1.00
$end
$msrrho
$end
$freq
9.31
11.59
12.92
22.58
26.20
28.06
36.76
53.20
54.39
57.20
77.07
85.47
93.39
113.54
120.75
136.25
139.14
159.54
160.47
184.07
195.16
201.27
253.78
275.81
291.04
311.21
322.36
339.57
342.43
367.80
377.76
384.02
397.81
412.81
419.47
428.99
436.50
448.56
449.89
469.49
470.89
482.39
504.52
531.38
548.86
573.41
575.81
591.13
598.48
602.19
614.86
617.82
637.38
643.04
655.00
668.97
683.63
702.38
707.12
717.70
732.36
736.12
755.38
783.04
789.17
830.15
852.63
860.48
873.93
877.44
898.31
910.40
913.74
958.35
958.90
998.13
1003.09
1010.74
1042.61
1053.90
1060.40
1066.63
1081.42
1104.97
1109.17
1114.95
1120.16
1125.33
1157.71
1158.21
1165.92
1190.24
1194.26
1201.01
1223.21
1227.62
1244.14
1246.85
1258.52
1264.81
1273.75
1278.40
1283.15
1288.72
1306.95
1328.86
1330.05
1333.72
1342.76
1388.93
1394.93
1428.13
1431.46
1440.03
1442.13
1444.68
1458.38
1486.73
1498.05
1511.37
1541.80
1563.35
1593.93
1600.18
1736.77
1763.90
1836.70
1847.97
2946.49
2990.33
2993.70
3010.82
3021.11
3046.44
3061.03
3089.82
3098.45
3110.65
3111.43
3123.82
3405.30
3422.14
3490.40
3510.90
3615.37
3616.15
3617.08
$end
