
$molecule
 O 0.34252018617522 8.39861807419560 -5.43935987569315
 O -2.02226404881306 12.32792438224471 -7.27363160039021
 O 1.04059238864429 10.16698240375684 -4.28090912094569
 O -2.37137455122378 9.78902868779123 -8.42999365180408
 O -1.39294000743906 7.93001431036435 -7.70389902905210
 O 0.74151168130438 17.54898742862904 1.16333801952050
 N -0.60741744795907 11.88011108604761 -5.58335449001821
 N -2.44077527345555 17.92390762687346 -4.30043331093865
 N -0.36488511580747 18.15982573451440 -1.39852243086635
 N 1.45333619041467 19.01734849714671 -3.33716275365803
 N 2.78303246830561 18.07485627472738 0.35665449884139
 N 3.19936807282775 18.80152741438036 -1.83914180696084
 N 4.93428298504722 18.53708434856961 -0.37025501465483
 C -0.37462613110410 10.57439177097558 -6.16223451500699
 C 0.40567621725744 10.72459058972268 -7.49270281652217
 C 0.05108468131061 9.63007553849234 -8.51048375514490
 C -1.46609942034620 12.70160376653823 -6.23709924990469
 C -1.69435416968817 14.04082968771947 -5.66121012533670
 C 0.40445608571988 9.69941133249135 -5.18244965256597
 C -2.20992750070182 16.62744657194097 -4.70258606135936
 C -2.22612682243978 18.33890239914292 -2.92159788871824
 C -1.17551872769138 14.46449891403442 -4.43415015019616
 C -2.48515269389953 14.93432259296253 -6.39712120570636
 C -1.42452162046165 15.73733659565204 -3.95854371614649
 C -2.73806555378092 16.20562289775222 -5.93266833747647
 C -1.31215326044256 9.03060537546072 -8.19362486311377
 C -0.75267189764711 18.47229925686861 -2.62265351829251
 C 0.94119363769560 18.27086056402087 -1.12192721980917
 C 0.16634772573096 18.90560758895416 -3.58897553415434
 C 1.86317706875953 18.69663529997117 -2.09705947870108
 C 1.40064985885140 17.92470864153004 0.22354767918288
 C 3.60475246371768 18.49369837513174 -0.64843401694549
 H -1.35738716857001 10.12533656952338 -6.33702834916214
 H 0.15993983132784 11.69861738057558 -7.91824547074959
 H 1.47959705938938 10.71603121092183 -7.29107423559346
 H 0.77885487865139 8.81716379807033 -8.46943467125421
 H 0.04684709270220 10.04750657555560 -9.51896085543835
 H -0.02820095941266 12.15347509832574 -4.80378646377750
 H -2.67850887613292 17.63454666648031 -2.21235406317818
 H -2.71112522643206 19.31269333094356 -2.79668277557955
 H -0.57236753301304 13.79660832102158 -3.82866590934033
 H -2.89525122023349 14.60707793874394 -7.34636198461053
 H -3.21625811663104 18.37946913369131 -4.76047710745304
 H -1.00522456743413 16.03824541176193 -3.00717038774582
 H -3.34604646587649 16.89098827755025 -6.51333421610642
 H -0.17071748136016 19.15454827060687 -4.59099779575595
 H -0.26809724469429 8.12607311800526 -6.15861975566448
 H 3.16248368524780 17.82775158096895 1.25907168892402
 H -2.20679623077024 10.75872367507264 -8.38583432515203
 H 5.22209974666051 18.61642211051672 0.58889817416643
 H 5.48489332771926 19.02979950303559 -1.05332050397948
$end
$temperature
298.15
$end
$mult
 1
$end
$sigma
 1
$end
$pressure
1.00000
$end
$scale
1.00
$end
$msrrho
$end
$freq
7.66
9.49
13.76
28.63
31.32
46.99
51.54
60.50
84.47
87.48
94.10
109.19
122.85
131.63
135.34
142.87
155.07
169.25
180.57
213.80
224.64
239.28
263.05
279.71
301.03
309.54
326.50
339.46
347.57
361.25
368.92
370.19
378.83
394.95
401.51
420.50
432.95
447.45
469.62
472.18
477.46
505.79
522.06
533.14
557.68
574.44
578.71
588.02
599.17
606.87
618.30
628.84
640.05
647.68
653.67
658.98
672.76
698.57
703.93
721.82
725.79
739.15
788.75
790.16
796.75
828.53
833.71
864.93
870.11
890.70
891.71
912.71
938.62
939.19
962.54
1002.53
1005.76
1009.21
1027.69
1066.55
1077.35
1083.95
1093.24
1106.80
1112.49
1114.72
1129.97
1139.71
1154.51
1154.74
1175.17
1184.82
1189.90
1213.21
1222.10
1241.19
1252.86
1257.83
1271.97
1274.53
1280.44
1287.12
1289.03
1295.86
1312.52
1326.78
1337.70
1341.22
1345.32
1386.79
1396.94
1428.81
1431.96
1434.39
1438.68
1442.26
1455.12
1487.71
1498.66
1510.24
1540.91
1566.49
1592.57
1601.14
1639.65
1766.69
1767.99
1817.83
2976.79
3017.72
3030.52
3033.13
3037.66
3061.67
3075.78
3094.61
3101.73
3104.98
3118.57
3138.02
3295.50
3329.42
3491.10
3496.55
3500.10
3510.51
3615.50
$end
