
$molecule
 O 4.54636123942500 1.27213304405751 -5.33481477464654
 O 1.88939649036672 1.60451352177939 -0.18476180537792
 O 3.06807260684711 2.83613765050921 -4.79294708721771
 O 2.31449025723037 0.26841149733962 -6.99158002148678
 O 0.74486667615391 -1.24496050851143 -6.59784381957599
 O -4.41882310679059 1.28593509952186 2.03024757790866
 N 2.92544675781631 1.66548245739742 -2.16863002089292
 N -3.33098257881876 2.22260383285937 -3.77870269600875
 N -4.53644880962309 2.32621833969149 -0.62678452947722
 N -4.53584426866999 5.10828704905036 -0.84880062987021
 N -4.34096872264473 3.40442534993840 2.80640066123098
 N -4.40679313642562 5.32207003068896 1.44863320178254
 N -4.21549522558262 5.53032926310839 3.71937456247741
 C 3.19508365368932 0.87885037270214 -3.36630097580743
 C 2.02273202328813 -0.00434713872328 -3.83219414046375
 C 2.43364932942842 -1.01151031677488 -4.92685159385392
 C 1.76339940544717 1.64968206281451 -1.39029597269862
 C 0.45269918088057 1.78597672467214 -2.05472188255061
 C 3.58685200572521 1.79815542483785 -4.53059224494753
 C -2.10173974775871 2.08674169730546 -3.15771079937612
 C -4.56438361166905 2.03089624615971 -3.02228493047923
 C -0.65868470912204 1.18264253402660 -1.45691715236452
 C 0.26513043200812 2.57147074723664 -3.19708450502736
 C -1.91772641921393 1.30833603171522 -2.00819509680204
 C -0.99511271235775 2.72066570381654 -3.73998473304291
 C 1.74197464536959 -0.68330109964294 -6.25512977548686
 C -4.58534010285288 2.92504987671291 -1.80493251574162
 C -4.48318788830650 3.10611773445720 0.45996386945944
 C -4.58473409723618 4.32317119236750 -1.90496392351594
 C -4.47583212454192 4.51007453286399 0.35396018320670
 C -4.41482319887067 2.46626872334208 1.77416024763811
 C -4.34001655998642 4.75437982094190 2.61068410460125
 H 4.04912906272206 0.22375268251395 -3.13537546507073
 H 1.64072921646009 -0.54575835522536 -2.96365547150693
 H 1.21508834563341 0.62873503782436 -4.20583893115475
 H 2.10455017643455 -2.01211485985537 -4.63969272371761
 H 3.51721967322629 -1.03889625827374 -5.06326693950188
 H 3.72134685040049 1.64939693100102 -1.53863769075031
 H -4.64751289186811 0.98722614091514 -2.70812347741841
 H -5.39543626761314 2.26330525069719 -3.69443783670350
 H -0.51563300133419 0.59915108528502 -0.55411046942865
 H 1.10668568785272 3.09456561790792 -3.63298427078648
 H -3.37352357408668 3.00982895098496 -4.41415599170357
 H -2.75814195863237 0.81931180008586 -1.53239282936626
 H -1.13699508925191 3.33899311849128 -4.61971703298105
 H -4.62421303463800 4.80557946900312 -2.87778343883965
 H 5.02590365456197 0.52637519722389 -4.94935590068933
 H -4.26292164093580 3.02177807907274 3.73742330220513
 H 3.10812100204296 0.68548994636340 -6.61767180832133
 H -4.47857029369697 5.14455306656453 4.60868991570333
 H -4.41280760054883 6.50525260123051 3.56797927847644
$end
$temperature
298.15
$end
$mult
 1
$end
$sigma
 1
$end
$pressure
1.00000
$end
$scale
1.00
$end
$msrrho
$end
$freq
8.19
12.19
13.65
20.56
22.94
40.03
48.92
49.62
57.67
77.10
83.62
101.62
115.43
126.19
134.76
142.23
151.75
161.49
183.79
209.91
231.29
236.95
239.93
266.03
286.72
305.28
319.07
342.41
348.29
362.64
367.16
381.06
394.63
402.22
419.71
439.00
448.34
463.93
468.83
477.21
495.24
520.26
529.36
530.81
556.56
561.58
578.54
588.39
590.46
597.43
608.45
619.15
631.05
643.85
661.86
675.12
683.00
699.04
720.72
724.28
730.53
743.26
788.69
789.02
805.23
828.62
835.31
837.31
866.60
871.78
903.30
912.48
919.34
938.32
964.81
975.44
997.96
1009.50
1020.24
1032.56
1059.15
1065.43
1075.37
1077.46
1089.81
1112.30
1117.90
1148.39
1154.64
1155.98
1157.95
1172.75
1178.74
1182.31
1225.42
1247.56
1253.65
1257.66
1262.53
1271.64
1274.75
1278.22
1287.14
1296.21
1312.96
1323.05
1332.73
1337.55
1339.26
1386.14
1407.38
1428.40
1431.59
1442.67
1445.27
1450.27
1453.85
1487.28
1490.82
1507.85
1540.13
1567.07
1589.00
1600.67
1725.25
1766.70
1828.82
1848.51
2941.05
3016.73
3024.84
3034.46
3049.48
3059.61
3065.96
3085.44
3103.80
3114.17
3135.62
3149.71
3445.60
3468.48
3491.61
3511.46
3521.78
3598.50
3616.66
$end
