
$molecule
 O 1.74964041183739 2.88655036959890 -0.94256325204407
 O 1.45258625614568 -1.87229325042068 -0.90036085243438
 O 3.95669360583738 2.90377334640409 -0.63590818303402
 O 3.31626396416003 -1.49066501370245 3.84516343703230
 O 2.68224715432328 0.58656420939623 3.36316018961157
 O 12.64353112411165 -0.32410490156867 -5.00830656940677
 N 1.73484480415543 0.21933118017712 -0.14965310337915
 N 6.37510952279428 -0.28870450325812 -4.63255718063972
 N 9.81904805405381 -0.60288535762557 -5.34744732851698
 N 8.86266833209745 -0.22510300306170 -7.94355018048600
 N 12.81661477733134 0.13017582635665 -7.21208238340577
 N 11.00439283644601 0.18724801175030 -8.70664555987342
 N 13.13112871637749 0.55867937467385 -9.46816007109122
 C 2.65891708619468 1.17519131691507 0.43933533958524
 C 4.01109299272098 0.57346230118489 0.85381718628991
 C 3.87621505626789 -0.69360769132304 1.69748028250143
 C 2.08627113167657 -0.83787545000713 -0.96398845910447
 C 3.21736745401067 -0.65231589494304 -1.91141683480000
 C 2.88566714046910 2.39478865225587 -0.44616640993435
 C 5.35496060459682 -0.43953891922660 -3.70756315733344
 C 7.61082343022264 -1.05511145759277 -4.49677802667689
 C 4.12189091027695 -1.70447495890535 -2.07130066596989
 C 3.35975644400061 0.48565898659515 -2.70693017267577
 C 5.18702497313713 -1.60138073406978 -2.94627218954716
 C 4.41207035094624 0.59090977036607 -3.59491631638975
 C 3.22765415000015 -0.43416469372159 3.03594898307689
 C 8.53345618228610 -0.71098088383585 -5.63390349755669
 C 10.65072261238844 -0.30976859116635 -6.35583222784629
 C 8.06189643570748 -0.52035867077041 -6.94093132175473
 C 10.17386429812225 -0.11781206870334 -7.66648885959492
 C 12.08016969444752 -0.18735220663384 -6.06814314126126
 C 12.26782517183357 0.30064014330783 -8.44930219711375
 H 2.15239133532243 1.56857727106097 1.33054914850117
 H 4.59861965995395 0.34870514363367 -0.03943262210799
 H 4.54908283208337 1.33756002340813 1.42112539768483
 H 4.85933953301580 -1.13637782914461 1.87458500907617
 H 3.27276416503094 -1.44754914502289 1.18304066953999
 H 0.98413757080035 -0.05148000984152 0.47451174413162
 H 7.37452997845583 -2.12384490466726 -4.53907331565273
 H 8.11135339832245 -0.84804892365675 -3.54141686390420
 H 3.98642889300894 -2.60722487885646 -1.48556326883815
 H 2.62326706141191 1.27777693642555 -2.65240514366338
 H 6.55243769553369 0.68177419500874 -4.86541639851065
 H 5.87976888230029 -2.42861012057589 -3.03799743604115
 H 4.51402630606108 1.47599038818789 -4.21349923790735
 H 7.00178667015740 -0.60977398068873 -7.15960076368559
 H 1.94503286048620 3.68350323394641 -1.46222347391177
 H 13.81428363121544 0.20917920811273 -7.07903863930870
 H 2.87513204570746 -1.28955955988493 4.68695960601409
 H 14.02259971373826 0.96568851822846 -9.24659707007250
 H 12.68669608843846 0.87527919584976 -10.31381761756592
$end
$temperature
298.15
$end
$mult
 1
$end
$sigma
 1
$end
$pressure
1.00000
$end
$scale
1.00
$end
$msrrho
$end
$freq
6.89
8.44
13.89
21.63
25.27
30.16
31.77
58.34
65.55
72.01
80.59
86.06
106.82
116.42
133.50
137.53
145.89
152.59
173.15
191.67
195.89
220.97
250.39
269.54
292.15
300.57
313.85
335.77
344.29
372.30
374.72
393.49
400.15
418.82
445.47
457.13
470.63
478.53
478.78
480.95
504.93
510.87
518.52
541.32
547.63
571.14
582.90
584.99
600.12
606.28
612.11
618.65
620.68
641.07
647.25
663.16
675.47
687.59
692.07
716.54
731.61
740.02
749.80
790.91
805.96
832.03
838.48
850.05
863.43
870.65
897.18
919.83
926.14
940.45
970.06
972.67
993.28
1005.85
1011.91
1063.07
1067.42
1094.37
1110.38
1112.34
1117.67
1129.21
1134.73
1146.89
1154.71
1158.34
1174.46
1184.47
1193.62
1221.37
1222.95
1235.06
1247.64
1256.98
1269.58
1275.12
1280.50
1287.20
1294.05
1315.58
1325.08
1333.59
1336.44
1337.47
1344.20
1384.20
1385.98
1414.62
1429.08
1432.56
1441.05
1442.29
1451.90
1488.50
1493.86
1511.50
1541.09
1570.54
1594.78
1602.29
1722.48
1766.08
1801.87
1805.41
2967.69
2997.51
3010.14
3019.61
3033.89
3047.14
3062.29
3094.24
3103.40
3110.00
3126.27
3136.40
3457.58
3466.58
3491.68
3508.74
3549.37
3551.28
3613.23
$end
