
$molecule
 O 1.62917560252712 2.65025625700736 -3.67309197684930
 O -2.85089373385107 4.72492408140304 -1.60295860095881
 O 0.70681320579581 4.65625198928627 -3.39585995229361
 O -0.91559922905509 -1.30654860315739 -5.05033203397556
 O 0.53262839607760 0.18605390916699 -4.27577109054862
 O -6.21679685434971 -1.18002618101309 -2.83963985653905
 N -1.80333795146127 3.73651548117398 -3.33079303953850
 N -3.02341900639376 -1.31417475476782 0.50950113952643
 N -5.55176829734629 -1.20226135303785 -0.07581982575954
 N -7.63096472475588 -0.68466955600402 1.70126591399653
 N -8.36553360286086 -0.76583710244826 -2.27119804371591
 N -9.12605479136207 -0.50442680085322 -0.05909190395026
 N -10.58131107395842 -0.26784727745080 -1.80900418446926
 C -0.77708581038154 2.79398778425421 -3.73236737957024
 C -0.94772076557739 2.39035728352916 -5.21811159680187
 C -1.45487278440907 0.96095410367975 -5.41044181626260
 C -2.41935158909552 3.70676400898318 -2.09581048706456
 C -2.56766108597099 2.37280178604302 -1.44378583436266
 C 0.59788583923888 3.47797960734522 -3.56730562473181
 C -2.89683861162712 -0.06417475390807 -0.12262919326341
 C -3.90477372698770 -1.33605874953495 1.67397970720422
 C -2.28230429380887 2.26224980243286 -0.08263555461810
 C -3.05070667909457 1.25788351590283 -2.12976373430646
 C -2.42918709637348 1.05235370373945 0.57231903449888
 C -3.21024944836111 0.04817705080051 -1.47910177113210
 C -0.50227998339703 -0.06346098370948 -4.85044480190519
 C -5.33671643871130 -1.13306201814276 1.22667527076309
 C -6.79558268247055 -0.98759130145546 -0.51627294170166
 C -6.39373678823669 -0.87528644901865 2.11243228680151
 C -7.85070470532095 -0.72526851724487 0.37548226066278
 C -7.02776927066253 -1.00194055224842 -1.95840627042383
 C -9.33480017835157 -0.53255998813939 -1.33640235968874
 H -0.81780085416951 1.91389218611157 -3.08286841785635
 H -1.65046612037386 3.08334991194841 -5.68600789520552
 H 0.01107938573270 2.48967491401034 -5.73535861403261
 H -1.58627885219688 0.74453227143003 -6.47434519126755
 H -2.42697838798311 0.81080199905241 -4.93409755002514
 H -1.57428654294462 4.69244256554733 -3.59214656359549
 H -3.60913324897262 -0.56118697682449 2.38531304130972
 H -3.79730114110802 -2.30802584649688 2.16756024937272
 H -1.93066398389963 3.13578933144088 0.45487188564896
 H -3.34973934607169 1.35531929212646 -3.16761169421543
 H -3.38479806076017 -1.98847869061978 -0.16514070059897
 H -2.18009167685532 0.97515266613072 1.62449213737465
 H -3.62138467222404 -0.80476124987422 -2.00763673151128
 H -6.21793393564124 -0.82745492920393 3.18328072910791
 H 1.36996931002635 1.71407157852333 -3.82746471000215
 H -8.58789219167217 -0.73456002535480 -3.25549582259335
 H -0.27930470108648 -1.93360882349304 -4.66691113052840
 H -11.30356374343072 -0.29156981329129 -1.10874042214971
 H -10.82697407582470 -0.59300378372519 -2.72710633833603
$end
$temperature
298.15
$end
$mult
 1
$end
$sigma
 1
$end
$pressure
1.00000
$end
$scale
1.00
$end
$msrrho
$end
$freq
7.84
11.33
17.51
20.48
22.68
38.52
49.55
61.07
65.24
70.86
83.45
100.83
129.13
139.52
140.93
147.79
156.62
168.00
184.93
213.84
237.28
245.14
278.50
289.68
291.03
311.96
340.06
349.59
361.78
365.31
379.84
386.03
396.00
413.79
436.72
438.63
471.43
475.66
477.33
498.71
503.41
512.39
536.61
556.12
573.44
583.19
601.56
602.90
616.78
617.45
628.47
637.08
642.65
655.38
667.65
673.44
693.01
698.01
709.09
726.43
736.35
747.56
800.20
813.61
832.37
839.84
845.44
857.33
868.82
874.11
898.94
901.45
916.86
949.91
970.96
979.75
1007.83
1008.20
1019.15
1067.15
1082.25
1084.30
1102.16
1111.38
1115.94
1126.09
1134.35
1148.91
1156.28
1159.94
1163.30
1175.07
1193.94
1201.74
1212.15
1241.68
1247.38
1256.81
1261.42
1267.04
1271.53
1277.46
1287.10
1298.46
1316.05
1319.73
1339.69
1340.41
1349.08
1386.68
1399.47
1408.58
1426.73
1435.30
1438.63
1441.09
1449.73
1484.88
1486.85
1508.86
1539.71
1577.30
1592.78
1600.85
1744.04
1753.66
1766.16
1832.67
3004.65
3020.80
3021.87
3026.93
3043.81
3044.74
3056.26
3089.86
3104.40
3107.42
3116.46
3119.87
3315.89
3400.12
3419.80
3491.88
3510.63
3538.43
3615.72
$end
