
$molecule
 O -2.48057610485677 -8.92529370512560 -10.31584956188521
 O -3.53657932247234 -6.71877188654201 -9.63733636571047
 O -1.03267521530291 -10.21702035259454 -9.22954699628055
 O -4.32927075148945 -5.86297182886396 -6.82747911664595
 O -2.48602317472106 -5.90595402324475 -5.59487320192769
 O -2.80628428528721 -2.64528755508457 -14.71785772521432
 N -1.75710425024467 -6.96740629319167 -8.26765954424009
 N -1.75680966097962 -0.62254958620683 -9.26477842780447
 N -1.69548392419225 -1.14776828618750 -12.55724834238048
 N 1.09073918102629 -1.03065200834507 -12.45707040257558
 N -0.70922184508187 -3.10782762362422 -15.41551409825953
 N 1.24375298311011 -2.34155327043423 -14.35432446271723
 N 1.39241293933317 -3.68932222964853 -16.19681186951767
 C -1.95222089023829 -8.38896454961468 -8.00595428970895
 C -3.33261140952514 -8.69360645139886 -7.39946846539150
 C -3.53466779288167 -8.00871312384884 -6.04120497248798
 C -2.60498522318755 -6.20646819117644 -8.99500815187001
 C -2.35675581802671 -4.75731170115508 -9.02203759403325
 C -1.76443029741242 -9.26709893566498 -9.27494339566058
 C -1.96615873054328 -1.98865980172791 -9.22792801448025
 C -1.92681075842304 0.11547669539484 -10.51401220755910
 C -3.00245601495172 -4.01029306970461 -10.01670643136278
 C -1.53760769520128 -4.08647453379844 -8.10598779842789
 C -2.81466128098912 -2.64923571238823 -10.12536575552935
 C -1.34855293691977 -2.72426840042414 -8.20584875137444
 C -3.38391076770232 -6.49817289416868 -6.12655892396457
 C -1.06622504233263 -0.49009656637458 -11.59754732159778
 C -0.94486433693437 -1.75963440245759 -13.48104606038893
 C 0.33378150962998 -0.43729131457417 -11.55730956183431
 C 0.46154724205361 -1.71006574714598 -13.43234929950781
 C -1.61949331822063 -2.50831332169913 -14.54224416359625
 C 0.64551572002181 -3.00535610851811 -15.29260152608041
 H -1.17032768544079 -8.68600873319813 -7.29763557967854
 H -4.12100839223611 -8.38941048032836 -8.09218014402359
 H -3.40814948868250 -9.77574598899350 -7.26378260878422
 H -2.80081858220199 -8.37604224486821 -5.32052235927934
 H -4.53658537551719 -8.23973930728045 -5.67095995566225
 H -1.07025879592291 -6.51005582263866 -7.68772870597711
 H -1.64406012033662 1.15348164293342 -10.31792425517080
 H -2.97544446022739 0.08631115235124 -10.82023222909451
 H -3.65152724654353 -4.52472292034143 -10.71664409272594
 H -1.06212171550556 -4.62062901128244 -7.29099672842397
 H -0.94083310066771 -0.32880503443889 -8.74167940358631
 H -3.31570882598453 -2.10361899127123 -10.91462621812527
 H -0.71626133842080 -2.21114688351925 -7.48915777690905
 H 0.84194071036396 0.10521181832717 -10.76474495840639
 H -3.01071207202743 -8.07205875052996 -10.15534596078617
 H -1.11602035917593 -3.66212060297597 -16.15497120676137
 H -4.89011505711399 -6.43937047418831 -7.36695351148613
 H 2.36867465300637 -3.44657996938223 -16.20237197553067
 H 0.97758152645523 -3.94139462301490 -17.07603752715444
$end
$temperature
298.15
$end
$mult
 1
$end
$sigma
 1
$end
$pressure
1.00000
$end
$scale
1.00
$end
$msrrho
$end
$freq
6.26
9.82
14.03
24.92
41.36
49.48
65.24
66.07
78.66
91.90
96.49
103.08
121.43
133.33
139.43
142.58
155.93
166.14
214.84
228.38
237.96
245.97
270.78
293.12
305.07
313.77
339.88
352.58
356.42
364.32
375.48
390.89
397.65
404.11
421.97
436.93
445.56
454.80
464.40
472.15
477.62
502.70
529.63
546.46
559.16
578.79
579.41
584.45
589.61
604.84
619.21
631.68
641.54
645.48
651.66
681.56
687.49
701.63
720.86
726.77
743.44
794.45
798.43
830.71
836.13
836.97
844.23
866.61
885.40
893.34
913.40
913.96
926.37
938.13
944.29
966.23
998.95
1008.96
1024.86
1031.29
1063.63
1065.68
1073.63
1089.34
1112.62
1128.49
1136.82
1154.48
1158.49
1175.63
1180.40
1186.10
1208.45
1226.17
1231.13
1252.14
1255.06
1258.13
1265.00
1272.68
1281.56
1297.03
1297.49
1316.13
1323.19
1327.42
1336.58
1337.81
1339.60
1389.38
1425.14
1428.95
1435.16
1436.50
1443.05
1445.46
1453.70
1486.62
1494.09
1507.11
1540.14
1563.64
1585.87
1599.54
1609.45
1767.70
1804.02
1816.18
2707.26
3012.54
3019.50
3022.21
3029.38
3053.03
3054.33
3063.32
3085.04
3100.21
3115.07
3117.46
3136.88
3466.11
3490.45
3512.81
3517.50
3580.76
3618.38
$end
