
$molecule
 O 0.86767167093758 3.40230598562803 2.08973732122413
 O 2.12659214438051 7.71446907233968 3.67915189741028
 O 1.83505507211478 3.22282236398415 4.08701693898687
 O 1.13823814273452 6.82993885935908 0.38548055326708
 O 3.03152808087777 7.26906842924540 -0.70505085848410
 O 2.47256514034747 11.37321498276118 12.56395450763940
 N 2.97729554012308 5.63535410128507 3.95239842236268
 N 4.59950648123578 8.48495317900580 9.48061016507456
 N 4.18116925458083 9.16343946754936 11.98741189451902
 N 5.58902939523567 8.10897427529666 14.15032216979807
 N 3.11038914742308 11.24408032081410 14.72686532787776
 N 4.62913832445897 9.66076300541973 15.57141159099934
 N 3.65044666990113 11.17653332267989 16.97954784390953
 C 2.31886123130267 5.16633137493291 2.74909934004725
 C 3.34801778451688 5.00364218812035 1.60885947462427
 C 2.71395436844203 5.06757722646466 0.21075108340029
 C 2.72440716232166 6.91652439694655 4.37819040893993
 C 3.25196939565461 7.25949363520841 5.71902404491241
 C 1.65915193384572 3.84140737489178 3.07132212937915
 C 4.15057759502646 8.04531671840650 8.25789758819726
 C 5.14031582235949 7.55354329510558 10.45841101237912
 C 4.17371584792119 6.47933502991158 6.42097512721056
 C 2.80785327909894 8.45568167868706 6.29850680659460
 C 4.62484055643739 6.86506083693405 7.66987663203535
 C 3.24274641032380 8.84456993863495 7.54583956569056
 C 2.33517801316939 6.49878047174782 -0.10474608482001
 C 5.00481828341657 8.14104199729410 11.83835085872507
 C 4.04740226883447 9.67900885927357 13.21580540157070
 C 5.70892892180039 7.61924865726410 12.93450416127653
 C 4.75269105353915 9.14994381456262 14.31191438874499
 C 3.14319534786743 10.81418188160836 13.39891427369854
 C 3.83282103530130 10.66930096163792 15.73183422916216
 H 1.55629552770644 5.90188769954554 2.46175166424910
 H 4.08420833340430 5.80571687493394 1.70781989520973
 H 3.87478573739274 4.05267559700905 1.72546444054289
 H 1.83258351443192 4.42715144031463 0.15815031450730
 H 3.44660204593492 4.73884850179226 -0.52853153307712
 H 3.17555164695716 4.91604438180601 4.63455257201276
 H 6.19575623683307 7.34735000648425 10.24293356401917
 H 4.59923002537583 6.59597449780441 10.42059780751591
 H 4.56865677919770 5.56750910638644 5.98510709078243
 H 2.10510947882521 9.07041836288633 5.74636463039091
 H 4.02959354660193 9.20567727602251 9.91579144256554
 H 5.35584077431560 6.25206468056604 8.18365347833884
 H 2.88855709183575 9.76884762345669 7.98856180364382
 H 6.38668873618299 6.78016905158673 12.80536921215287
 H 0.47539915997446 2.55242575671368 2.34965989078785
 H 2.48879321977328 12.01596820027007 14.91985972827447
 H 0.98460491413630 7.77987699194086 0.25119243131307
 H 3.31369849162894 12.11878827441774 17.06934926618126
 H 4.33293636401735 10.87197097309226 17.65349308423757
$end
$temperature
298.15
$end
$mult
 1
$end
$sigma
 1
$end
$pressure
1.00000
$end
$scale
1.00
$end
$msrrho
$end
$freq
4.54
7.81
9.86
17.69
25.92
36.08
42.40
45.49
48.71
55.31
70.66
86.81
90.35
127.66
134.81
137.50
144.60
150.09
179.39
186.00
210.00
219.02
269.43
271.65
308.80
316.82
320.41
340.11
349.62
372.31
372.65
382.00
394.92
398.32
414.46
438.55
441.70
470.19
472.66
477.67
483.21
506.73
544.34
549.23
567.55
573.94
574.86
577.34
587.47
593.05
604.69
618.08
631.08
633.46
642.76
658.61
669.47
703.34
714.55
718.84
734.01
736.38
787.15
794.47
824.42
829.67
853.42
860.71
869.30
890.77
895.74
913.93
916.16
957.92
960.45
990.75
1007.50
1012.05
1027.10
1067.29
1070.38
1093.75
1106.82
1114.47
1114.87
1124.80
1138.79
1144.41
1157.76
1159.49
1172.41
1177.47
1190.24
1200.05
1202.31
1235.94
1249.94
1258.19
1262.26
1269.41
1276.19
1286.60
1291.29
1305.33
1308.47
1329.14
1329.95
1340.63
1343.00
1387.08
1395.59
1428.19
1431.88
1435.03
1442.35
1445.71
1456.47
1487.69
1498.15
1510.91
1541.88
1567.23
1594.00
1600.97
1714.18
1765.89
1800.31
1817.46
2939.49
2991.19
2996.90
3021.86
3040.92
3049.17
3081.00
3088.69
3099.14
3105.52
3117.24
3118.92
3415.22
3481.87
3490.91
3509.47
3544.55
3545.34
3614.23
$end
