
$molecule
 O 0.35284086636336 -9.83751375733008 -2.31763046519733
 O -0.50632953226487 -7.36569699373183 2.30381375936932
 O 1.57008287883300 -10.16467981871348 -0.47792329057591
 O 0.93413161969559 -8.12716795038206 -4.56043845608727
 O 1.15953017896208 -6.02179970625474 -3.87822174693671
 O -1.64528238391496 -8.37917555141214 -2.86727182529326
 N 0.73599484915927 -7.68804954981727 0.47277189913274
 N -4.25345107458440 -4.53300878809846 -2.04954202465724
 N -4.18072672429356 -7.16356278892044 -2.60189609898189
 N -6.35592671563018 -8.88248448177050 -2.29203768091341
 N -2.62887148264059 -10.40146981355906 -2.63892699361665
 N -4.94867931684318 -10.72098275783576 -2.39636385922100
 N -3.53600988651860 -12.52356667268427 -2.44548189020197
 C 0.88331971149648 -7.91382515948593 -0.94976481717103
 C 2.21124076331133 -7.27831213916623 -1.41223950037798
 C 2.57731682542265 -7.64806318436868 -2.85347676563318
 C -0.34980545547297 -7.15051579489941 1.11720587923044
 C -1.31144218458243 -6.33758872562798 0.32503402649812
 C 0.95961351182369 -9.42882992669446 -1.20135320751606
 C -3.29995656284749 -5.09364297111031 -1.19929003032258
 C -5.53942296555684 -5.20011060074702 -2.19043889441649
 C -2.65839040461630 -6.44642550375819 0.68143585466107
 C -0.96564818241861 -5.49174051882558 -0.73200584821528
 C -3.64593084191516 -5.82780170915348 -0.06050562779594
 C -1.94791585842046 -4.87904691407836 -1.48678941704568
 C 1.49073208342201 -7.16865697979792 -3.80755955664409
 C -5.39322664287265 -6.69672148951163 -2.37489039190314
 C -4.02202927930422 -8.49456041334757 -2.61943241230840
 C -6.48564658135757 -7.57388452334462 -2.24489447378930
 C -5.11042609250569 -9.36858736631875 -2.44218977800755
 C -2.68018212197002 -9.02794430126882 -2.73479029476787
 C -3.74225456655064 -11.18545164294230 -2.47637410841849
 H 0.03899381338799 -7.47801594052214 -1.49099710252228
 H 2.12223259787513 -6.19216874322776 -1.33106412334781
 H 3.00559516413586 -7.60951270209344 -0.73870453914388
 H 2.74974796425151 -8.72179337577502 -2.95170559500272
 H 3.49735490098652 -7.12468732441145 -3.12499775522900
 H 1.24823475870690 -8.34847198003237 1.04758662190180
 H -6.04680725031974 -4.75851807027746 -3.05430677328257
 H -6.15915067618123 -5.00484182185643 -1.30862972264813
 H -2.92321030384447 -7.05291590567975 1.54085642458734
 H 0.07524258315291 -5.29608864092362 -0.96274525712550
 H -3.84751232422140 -4.33018796303418 -2.95713297766859
 H -4.68484650211171 -5.95163316896263 0.22092325787141
 H -1.67202526841615 -4.25364255321355 -2.32843402492350
 H -7.48887919838897 -7.18476046938535 -2.09622160864712
 H -0.34980729130814 -9.16796202607073 -2.64069729062263
 H -1.71142853232476 -10.82972582821552 -2.66498666626338
 H 1.22582651412605 -9.02007860693054 -4.32221492757385
 H -4.32598284241169 -13.06601095850980 -2.13881046135683
 H -2.62246653888646 -12.86915342518045 -2.20995644142709
$end
$temperature
298.15
$end
$mult
 1
$end
$sigma
 1
$end
$pressure
1.00000
$end
$scale
1.00
$end
$msrrho
$end
$freq
11.35
20.81
31.27
35.60
48.86
58.06
64.22
72.23
80.40
94.35
106.06
115.01
117.93
146.76
150.82
157.89
167.75
183.18
196.68
203.91
224.70
239.88
262.20
292.20
312.58
324.09
334.98
345.87
370.87
375.67
381.36
383.08
403.56
406.46
437.32
451.12
454.36
466.17
479.81
483.15
500.62
509.92
537.75
570.25
573.58
578.70
600.41
605.23
610.52
618.00
625.55
645.13
651.22
660.97
670.14
679.41
692.67
703.49
714.07
719.77
733.35
746.46
796.78
813.22
830.93
836.37
853.39
860.84
876.27
894.75
901.29
913.62
919.45
951.27
962.01
995.20
1004.44
1012.49
1015.00
1069.88
1078.30
1083.28
1093.98
1109.39
1118.59
1128.20
1131.75
1157.74
1158.96
1167.50
1182.10
1188.78
1195.90
1198.96
1219.76
1247.15
1254.91
1265.86
1272.66
1277.28
1286.76
1295.05
1297.41
1304.02
1316.47
1322.22
1324.43
1327.03
1338.11
1386.08
1400.58
1429.21
1432.85
1434.51
1437.35
1439.48
1447.16
1483.98
1488.99
1510.87
1534.73
1572.84
1592.00
1600.82
1670.98
1718.67
1809.69
1823.51
2628.70
3002.62
3022.82
3024.71
3025.34
3042.42
3053.09
3059.65
3090.02
3105.47
3109.00
3118.06
3121.28
3447.01
3453.00
3453.56
3509.98
3576.30
3615.37
$end
