
$molecule
 O -0.13604180448908 -10.06252332233787 0.34053946304084
 O -3.44844323954081 -12.04810604152890 -0.93184622435950
 O 0.32692965874047 -9.89391013801111 -1.82177105144236
 O -3.43556746629399 -6.62280085338866 -3.71194519472508
 O -1.41250157301157 -5.69887398984184 -3.80317096557603
 O -1.56754998618846 -10.11313485282833 2.57805484898613
 N -2.79744517072501 -10.05960908945705 -0.07111708112076
 N -5.50487909762728 -12.48464417325391 5.11180399183401
 N -2.74625147323159 -11.31113011481247 4.87252547574549
 N -1.25526699559695 -13.30739639931260 6.12188435986187
 N 0.27829867132657 -11.36696855170734 2.93143396191060
 N 0.49554878412541 -12.96028590500273 4.64973232778266
 N 2.20713107098338 -12.62082258706089 3.16608684893025
 C -1.98076120660865 -9.73642538374295 -1.22021418817335
 C -2.28772016582454 -8.30253018915757 -1.68470462545471
 C -1.61346190650823 -7.97132021338967 -3.02112624310313
 C -3.47828238725284 -11.24395503021210 -0.01972340325678
 C -4.19160736765447 -11.49568334602790 1.25968167106717
 C -0.48089585305168 -9.90935793271117 -0.93501407795231
 C -5.16450112870307 -12.14349388946316 3.79378669445536
 C -4.71917348369645 -11.80500912911313 6.15607332598476
 C -4.55668228521763 -10.48813459006744 2.15438041570202
 C -4.43348375818417 -12.82712189926301 1.60737573999825
 C -5.04958817424659 -10.80674832091373 3.40481906592440
 C -4.91504910936971 -13.15305330935754 2.86130346683315
 C -2.10515049477257 -6.64378403077339 -3.54852783014188
 C -3.25438466898740 -12.02768834954835 5.86311099647856
 C -1.51181033709392 -11.61516756743423 4.45167532339548
 C -2.48917888734375 -13.02597242906431 6.48638858182307
 C -0.75312076369909 -12.62450593524298 5.07731598798758
 C -0.98995274605523 -10.94261558225255 3.27260630046585
 C 0.96048091522885 -12.33965393765534 3.61072363683621
 H -2.23960108353099 -10.44858953749104 -2.01521183488366
 H -3.37195737086064 -8.21041390142852 -1.79254855284021
 H -1.96440689658817 -7.59148737774780 -0.91822403715627
 H -1.86286346057960 -8.73995973467621 -3.75760095407185
 H -0.52869532704199 -7.92763085926232 -2.91792659393993
 H -2.79207126813902 -9.43963700179314 0.72316453384485
 H -5.00901424648454 -12.22912863056236 7.11995676296208
 H -4.95430057203321 -10.73887173076541 6.14730540283838
 H -4.44246431315248 -9.44370976850812 1.88603672549615
 H -4.18768453056741 -13.60621997425083 0.89387071118332
 H -5.44143458728632 -13.49177410070273 5.24096344552861
 H -5.29168593134482 -10.01462394745648 4.10242446996618
 H -5.05182274444903 -14.19186479801392 3.14231547705439
 H -2.90008220533123 -13.59959621268438 7.31248608747330
 H -0.89327098595525 -10.02579748795158 0.98432360153542
 H 0.68949190983024 -10.95376907183523 2.10251240761919
 H -3.69623651323564 -5.75507697064811 -4.06129427704438
 H 2.46067277738470 -12.36442766279605 2.22839932441527
 H 2.61947678003058 -13.45513014749729 3.54743170022595
$end
$temperature
298.15
$end
$mult
 1
$end
$sigma
 1
$end
$pressure
1.00000
$end
$scale
1.00
$end
$msrrho
$end
$freq
11.15
13.84
22.25
24.77
36.37
45.30
51.86
65.11
65.82
77.88
85.65
98.41
115.38
124.76
148.04
151.76
157.00
166.27
181.32
192.35
224.69
242.87
253.86
282.92
309.92
328.05
341.64
361.72
367.34
371.15
374.57
381.90
403.24
409.33
415.86
423.61
446.32
458.94
465.34
483.77
504.45
530.79
550.42
566.35
574.56
590.01
595.63
603.59
609.77
613.96
616.30
625.66
640.59
654.05
684.37
694.46
701.18
706.65
714.03
735.17
741.47
765.90
791.41
799.20
804.22
831.46
844.27
859.34
867.16
890.08
894.81
906.25
911.87
940.25
974.18
1003.35
1007.01
1016.80
1042.91
1060.97
1062.35
1070.75
1078.51
1092.08
1116.71
1119.05
1127.33
1146.56
1157.36
1160.76
1165.91
1182.73
1210.35
1222.60
1225.50
1230.59
1244.18
1259.95
1267.55
1269.45
1275.44
1279.75
1282.25
1285.94
1292.47
1320.24
1323.72
1335.33
1338.19
1378.36
1398.84
1427.41
1427.95
1431.25
1439.32
1445.83
1463.00
1483.07
1485.75
1500.55
1536.18
1578.91
1590.74
1600.65
1687.83
1723.63
1806.30
1820.35
2990.73
3016.71
3026.44
3031.66
3045.20
3064.92
3080.87
3087.29
3097.59
3099.03
3105.18
3115.72
3125.54
3419.41
3447.09
3512.21
3521.79
3555.24
3618.39
$end
