
$molecule
 O 9.09152162647094 -0.58006962927095 0.37275721267361
 O 8.42456600073040 -2.95002908128432 -0.54068783032582
 O 8.22488183492047 0.40489834864887 2.17203082940239
 O 2.88441607140585 -2.66426310610832 0.70568817557956
 O 4.20085591347276 -1.02311242443660 -0.00697114295287
 O 10.65507533960589 -14.54298050362414 -0.05624568810882
 N 7.47710789913897 -2.77198877109863 1.49908779279804
 N 10.09879096848437 -8.61910182422394 1.83242257027885
 N 11.00192279042891 -11.90161848497427 0.97724309114112
 N 12.37744294036684 -11.71376816775951 3.40023472910969
 N 11.78719613452302 -15.33983445628304 1.72634884455036
 N 12.64674384418511 -14.00748728084594 3.46084479709488
 N 12.88221305784306 -16.28259516605592 3.53795841139469
 C 6.99644049985948 -1.42267310535538 1.20888654210406
 C 5.89639408491787 -1.04080016475019 2.19699015535355
 C 4.70265036698361 -1.99652899228918 2.13200500106418
 C 8.19423100410114 -3.44790697447960 0.56024653087992
 C 8.65745647744448 -4.79906496987335 0.92744387283739
 C 8.17590386838002 -0.42461356418492 1.30726728770937
 C 9.61995765209111 -7.37795520780045 1.47823645139796
 C 10.70709448853679 -9.51277258012858 0.85123014924952
 C 9.57165190320275 -5.42527358776836 0.07144831176301
 C 8.22440954117942 -5.49112945353663 2.06435199033360
 C 10.05412099177729 -6.68941686603874 0.33777264168097
 C 8.69791045818610 -6.75741091106713 2.33674443371443
 C 3.92607493539482 -1.82675881060044 0.83209613271525
 C 11.22513132873672 -10.73609058065644 1.55838158696200
 C 11.46993033938467 -12.99460216465981 1.59391522401291
 C 11.91611785410401 -10.65064096717095 2.77562602118797
 C 12.16370411066885 -12.90606970277903 2.81616575451759
 C 11.23713822586691 -14.29959548695662 0.97348220443652
 C 12.45128135391465 -15.16039959977336 2.90425921738451
 H 6.61942242933672 -1.41875990517522 0.17862113110031
 H 6.30894257324301 -1.03152587178432 3.20981078054259
 H 5.56466342324534 -0.02653968292294 1.96093537985694
 H 4.01905491800709 -1.80115219951224 2.96294058486648
 H 5.03169877812682 -3.03749798049032 2.20954406509283
 H 7.58038472057529 -3.01124893142041 2.47287542421136
 H 11.54122333545027 -8.99569138868208 0.36539692125959
 H 9.98509305391886 -9.81166838112750 0.08006890007023
 H 9.90160030729765 -4.89312569472966 -0.81415594504731
 H 7.49608343129425 -5.04791272286302 2.73583356976914
 H 9.51749632633906 -9.10864183388220 2.50165164286687
 H 10.76561430778963 -7.14122544208367 -0.34186738704745
 H 8.35548365542588 -7.28747105362506 3.21916585537987
 H 12.08616166365635 -9.68499550516940 3.24291864717085
 H 8.90537773798183 -1.37355710617133 -0.20301488493150
 H 11.64438825621838 -16.26788515249845 1.35515547202725
 H 2.76666736985765 -3.26339458487803 1.45362783709101
 H 13.53129083993192 -16.11113489091755 4.28766422985239
 H 13.02684896599718 -17.11483443485982 2.99411647391629
$end
$temperature
298.15
$end
$mult
 1
$end
$sigma
 1
$end
$pressure
1.00000
$end
$scale
1.00
$end
$msrrho
$end
$freq
6.72
10.15
17.35
18.08
33.11
35.34
40.53
55.21
64.04
75.89
83.06
90.12
102.38
124.29
133.14
138.15
144.09
176.93
190.75
195.67
214.74
237.95
268.74
280.86
294.34
307.93
321.18
328.42
341.82
364.55
371.97
372.99
395.22
403.80
413.96
437.48
450.48
465.92
474.03
479.88
484.44
489.27
502.39
510.62
542.54
543.83
564.37
577.32
586.52
604.39
614.75
619.52
628.17
635.22
649.66
656.71
676.33
696.40
722.66
737.03
739.75
774.49
789.30
815.73
824.95
825.42
838.14
864.98
868.80
890.31
893.61
911.42
935.76
939.17
944.15
969.03
1006.36
1011.60
1018.37
1056.03
1067.05
1078.77
1093.42
1111.94
1121.29
1123.63
1135.79
1144.74
1153.85
1162.16
1170.26
1182.76
1193.83
1209.74
1219.14
1223.13
1250.05
1253.37
1257.89
1272.17
1283.21
1283.87
1298.18
1304.19
1320.21
1330.47
1338.12
1339.28
1346.76
1389.10
1400.87
1421.61
1430.42
1435.44
1439.62
1442.79
1450.58
1488.01
1497.85
1511.76
1540.85
1564.76
1592.38
1601.07
1655.94
1767.47
1817.50
1835.56
2972.62
3006.32
3008.09
3014.02
3026.31
3035.01
3042.92
3058.23
3093.25
3093.63
3106.51
3114.64
3129.10
3467.80
3490.83
3509.41
3512.85
3614.21
3623.23
$end
