
$molecule
 O 3.96634068523147 -3.43532166278171 -1.77707065332551
 O 3.49573373361672 -5.23687401928261 0.41465262920097
 O 3.86963717483538 -1.24924628449452 -2.13687759121795
 O 5.28267794250701 1.69358018029161 1.16110834703404
 O 7.34266447004523 0.85964831552304 1.26367233790907
 O -6.06187491091438 -6.20945743445106 7.39251445081842
 N 3.98247659399620 -3.08169388344601 0.90611828090314
 N -1.80479204060500 -3.64142203788975 3.60847539343055
 N -4.61269153105679 -4.87416045800760 5.32353066449995
 N -5.69255570489315 -2.45202412703180 4.44924160903904
 N -7.57269847972906 -4.53299773545056 7.35335803007587
 N -7.44383069481519 -2.65858930456240 5.94161325934130
 N -9.15838765059293 -2.84600307822834 7.44546156900281
 C 3.48714005993124 -1.96033442621114 0.11122855959860
 C 4.06579826621531 -0.62579998705547 0.59171905425593
 C 5.58840853230523 -0.56764061785411 0.46475263639724
 C 3.13200170678606 -4.20278723173543 0.94753521652851
 C 1.85697196184530 -4.03654686023174 1.64528942659541
 C 3.79510385388805 -2.18110191338767 -1.38579033614952
 C -0.60140673051280 -3.82845259047427 2.97464927988229
 C -2.77121455714457 -4.72160271958234 3.77708402373972
 C 0.85216326827375 -4.99295725890081 1.44773447096023
 C 1.61939549810541 -2.98073708148781 2.53617935362121
 C -0.36240252998354 -4.89163025620372 2.09079942850929
 C 0.41134033520019 -2.87693021851083 3.18877576566612
 C 6.18053189309126 0.71420401879247 1.00382206646436
 C -4.03574622415101 -4.16193141282047 4.37169884396356
 C -5.74497311125789 -4.39104393440352 5.85081261190155
 C -4.58470559170122 -2.94670209807208 3.93820929768342
 C -6.29349481122848 -3.16927380970281 5.41509811735399
 C -6.40649864374661 -5.15898219421252 6.90683365433713
 C -8.03378323087131 -3.34417866890842 6.86876929833811
 H 2.39478006856380 -1.92079210494532 0.20848725210232
 H 3.62192306344916 0.17243872617437 -0.00854897780154
 H 3.77694581322202 -0.47184687893630 1.63450211668174
 H 5.88362922578372 -0.63186110607997 -0.58723601100522
 H 6.06841538576154 -1.39676294775375 0.99071469860928
 H 4.89367861789642 -3.38483705379493 0.56496140254412
 H -2.37703740953132 -5.51179795045161 4.42929200479703
 H -2.99465834257160 -5.15815323133313 2.79792519156558
 H 1.04452079482657 -5.81699429749777 0.76923243209915
 H 2.40418479710533 -2.25879901412282 2.73338700491413
 H -1.76726828199764 -3.01272023156752 4.40087318092493
 H -1.12396461700599 -5.64001164134658 1.91141121841426
 H 0.23305042335061 -2.06134631032157 3.88126846125788
 H -4.09597757469811 -2.37140856933248 3.15721621049489
 H 3.86268241364833 -4.13042640151007 -1.09265985191474
 H -8.06507401332883 -5.00922556967077 8.09515733357643
 H 5.74028311564416 2.48837234419563 1.48122153122610
 H -9.78135789301545 -3.48127180550802 7.91185872421498
 H -9.57896611976872 -2.08222016541777 6.94308098093252
$end
$temperature
298.15
$end
$mult
 1
$end
$sigma
 1
$end
$pressure
1.00000
$end
$scale
1.00
$end
$msrrho
$end
$freq
7.75
11.03
13.53
16.83
20.52
33.53
43.25
61.01
66.22
69.55
72.72
80.08
108.81
115.35
118.56
133.24
142.46
147.59
179.69
183.10
193.94
209.62
256.78
275.81
293.55
302.67
323.09
340.72
370.75
374.96
376.09
395.18
407.04
425.90
445.32
453.63
463.20
475.66
480.39
501.44
506.91
516.76
529.99
540.50
550.27
561.57
576.62
584.81
601.92
605.97
611.61
619.20
641.36
645.10
648.54
651.56
675.28
704.48
720.63
730.32
739.68
763.70
773.16
793.70
827.46
837.87
849.07
863.87
869.93
889.89
901.81
902.83
914.46
938.53
968.00
973.95
1001.28
1011.03
1022.35
1066.82
1081.61
1092.78
1095.15
1106.65
1111.93
1119.28
1131.69
1144.61
1153.70
1157.49
1168.64
1183.46
1207.91
1223.38
1235.55
1247.04
1251.95
1257.97
1263.67
1268.89
1270.26
1281.66
1286.40
1292.92
1303.96
1330.96
1338.63
1342.82
1350.07
1379.52
1394.48
1416.63
1430.60
1436.55
1439.03
1442.94
1447.78
1487.73
1496.61
1511.47
1540.79
1560.57
1589.41
1600.69
1700.93
1767.78
1807.71
1813.19
2973.66
2992.46
3013.61
3016.01
3030.47
3045.07
3061.65
3092.91
3101.35
3113.18
3116.24
3129.09
3338.02
3402.89
3472.41
3490.58
3509.98
3551.15
3614.96
$end
