
$molecule
 O -2.72719261926023 -4.83403611876399 1.72344828409566
 O -4.89359033993738 -2.67794383009203 4.08526303140016
 O -3.84640885329860 -6.32563781593770 0.49273788987865
 O -4.89366360084452 -2.52583828668096 -3.36408782665369
 O -2.71555008089954 -2.85481217452376 -3.07127263574439
 O -0.94424700552156 -6.78829701356717 2.10390021573348
 N -5.08209990417207 -3.33919832604866 1.96935110018050
 N -4.12581921906136 -8.91218877427592 5.15550820204069
 N -1.54274420921743 -8.25561962334911 4.48809979533008
 N 0.66379191692881 -8.98713455682029 6.03989932747762
 N 1.24280130671498 -6.95325153234047 2.60576427967248
 N 2.10155084356001 -8.01467588043260 4.51632993959918
 N 3.52129088773366 -7.00773025515097 3.02858725784940
 C -4.83867352280615 -4.17966018625735 0.81095874498393
 C -4.38298188494946 -3.27709629629846 -0.34941848108562
 C -4.20682999475944 -4.07643841876439 -1.64931884749045
 C -4.92731266708846 -3.61335609841502 3.30591429586583
 C -4.80930840466382 -5.01897587071311 3.76718730523283
 C -3.75468908369684 -5.24500907417852 1.01744663441620
 C -4.32834436069727 -7.60265709291791 4.73751833307829
 C -3.08559980177935 -9.23377322499153 6.11091277607317
 C -4.05443802183278 -5.22306382401929 4.92616998178762
 C -5.38977880811774 -6.12589879357745 3.14542346634976
 C -3.81770612258225 -6.49238858195165 5.41601213648921
 C -5.14763749082340 -7.40018269127300 3.62021636594095
 C -3.84067037432056 -3.11014064180163 -2.76545498942269
 C -1.68767330671519 -8.90010142550838 5.63039977261270
 C -0.29212200091331 -7.94589484643076 4.11023218469314
 C -0.56948711679427 -9.26303645392750 6.40235783265984
 C 0.82335743747793 -8.31359740733868 4.88640045499201
 C -0.09558639872455 -7.19812596881618 2.87623540735808
 C 2.26895835859026 -7.36308438617297 3.41044346337322
 H -5.76028205718865 -4.70217336712421 0.51712340972957
 H -5.13075002749401 -2.49269054392362 -0.50311494271907
 H -3.43637566538917 -2.79861195294445 -0.08224575173005
 H -5.12867017953733 -4.61281764353122 -1.88887295535569
 H -3.39749311897083 -4.80025162410441 -1.54031233909830
 H -5.02695651844538 -2.34419245782361 1.79773492716762
 H -3.15060230783005 -10.30717076574181 6.31969362386669
 H -3.27902708871210 -8.70694680405179 7.05206143166321
 H -3.63514062604272 -4.35998275628174 5.43173908251486
 H -6.04766195203125 -5.99981438628848 2.29372055284841
 H -4.15785809884293 -9.56997978668792 4.38590107273298
 H -3.21184309318969 -6.61553170505594 6.30516576385124
 H -5.58704946691850 -8.25680799272314 3.12085448448626
 H -0.69939008815115 -9.79830281079504 7.33882300404563
 H -2.07527506223874 -5.57957151335124 1.82887876093655
 H 1.43111874242069 -6.42392868752824 1.76626776640603
 H -5.74946447314517 -2.83611515380935 -3.04184697739886
 H 3.68977418195333 -6.78415282506632 2.06400066813920
 H 4.26010134223002 -7.47378175182979 3.52775971914374
$end
$temperature
298.15
$end
$mult
 1
$end
$sigma
 1
$end
$pressure
1.00000
$end
$scale
1.00
$end
$msrrho
$end
$freq
2.69
8.39
13.00
25.02
29.08
39.33
51.10
60.34
77.27
79.85
86.58
104.91
110.63
121.19
135.31
138.75
143.57
160.99
172.98
175.70
217.82
241.05
249.78
283.43
302.16
306.65
313.88
327.88
337.82
363.81
373.89
383.90
399.07
402.43
419.51
442.38
449.13
456.92
465.93
476.77
479.54
498.33
515.46
550.42
568.14
581.03
586.23
595.78
599.50
609.62
612.90
618.85
639.67
645.90
661.50
669.63
683.58
700.81
706.13
716.89
735.90
743.91
782.14
793.15
806.84
828.85
831.66
848.77
859.41
862.68
900.28
917.36
918.82
947.94
961.47
997.05
1003.39
1007.81
1044.11
1056.02
1068.18
1082.02
1097.06
1104.62
1121.87
1124.98
1130.65
1164.75
1168.51
1181.58
1190.19
1200.22
1201.92
1221.23
1239.62
1249.83
1259.41
1262.15
1275.94
1282.11
1287.02
1291.09
1298.38
1303.14
1326.15
1326.82
1331.20
1338.37
1339.12
1390.24
1393.31
1427.22
1432.71
1438.43
1439.12
1441.31
1460.57
1484.87
1495.69
1512.44
1536.72
1572.79
1594.82
1603.31
1706.44
1719.75
1788.40
1837.15
2966.20
2998.07
3010.50
3019.07
3022.48
3042.81
3069.45
3087.76
3103.51
3112.15
3122.39
3125.56
3137.06
3469.18
3479.42
3486.12
3512.10
3617.60
3621.92
$end
