
$molecule
 O 3.47651098110349 -0.24945368014986 -0.18260840149286
 O 1.97715581604471 1.35467633667039 -3.76989255034523
 O 5.51416289648345 0.64810260739415 -0.39194301429452
 O 2.07512714307912 5.42008413605042 -3.18897930137700
 O 1.94860514129784 4.37848694207926 -1.22916609440119
 O -6.26884138912591 4.83648715363123 1.46346782967013
 N 2.28545791074331 1.57822837419525 -1.52710794150072
 N -3.99461498462015 2.78096885500872 -2.12260533589008
 N -6.01081673552202 4.25221239124603 -1.31478825784741
 N -8.14584112261442 5.02460367897998 -2.93210048066571
 N -8.29106265368530 5.74943501668659 1.03809973993652
 N -9.26484426360937 5.88085186319772 -1.09801373645224
 N -10.35239940429664 6.75718914299320 0.71440507203591
 C 3.73106342174257 1.56523357157573 -1.71504486831699
 C 4.35855787120940 2.95952651154280 -1.61837234381193
 C 3.82295557880754 3.91590993474950 -2.68591995842720
 C 1.50287681265454 1.60418658129297 -2.67771108882924
 C 0.07540910253184 1.91243048122318 -2.47392137868721
 C 4.35507603101805 0.61408793918831 -0.68575280275960
 C -2.65695208725929 2.52483212318861 -2.27177941573326
 C -4.78505174227042 3.35824850992107 -3.19764821573832
 C -0.71843629993566 2.05359205233069 -3.61947762413208
 C -0.52915786560794 2.06644689851049 -1.21983418305838
 C -2.06159650088571 2.35153848979168 -3.53011047179528
 C -1.87076511492062 2.36469109473939 -1.11872607281437
 C 2.52839815022847 4.56898471396156 -2.26850140814605
 C -6.00230454372040 4.02904440866934 -2.61700582883401
 C -7.08439545995017 4.86142727528700 -0.79628601365476
 C -7.08348564411913 4.42109375140619 -3.42125254532416
 C -8.16381928608430 5.25681608796024 -1.60719961945831
 C -7.11290376434061 5.11273077881795 0.64442405143790
 C -9.29215407747761 6.09854427899213 0.17866054584669
 H 3.92933010696428 1.13580996147373 -2.70709684405987
 H 4.17202297742324 3.37912975531296 -0.62537005643603
 H 5.43837737074440 2.83958126364707 -1.73607980458944
 H 3.65072048169160 3.39936295736180 -3.63467379816241
 H 4.54112401877555 4.71753302652559 -2.87874529991261
 H 1.98520396556544 2.21631185989763 -0.79863095483601
 H -5.08996118219555 2.57809597690118 -3.90585220403925
 H -4.19494068344209 4.10152513068117 -3.75437119556136
 H -0.25433156806820 1.92260173920671 -4.59128131183872
 H 0.04929304832285 1.94617059388200 -0.31049190790334
 H -4.28230767007943 3.11612014063974 -1.20724786774624
 H -2.65222238871739 2.44278642541444 -4.43366851405733
 H -2.33146756322807 2.48043058340915 -0.14397106581652
 H -7.07201072717534 4.23206042189677 -4.49088418771817
 H 2.59529596702005 -0.04068107467101 -0.56700342933369
 H -8.36216555355931 5.96577041173093 2.02180156507181
 H 1.24430377766756 5.81624682411908 -2.87915630502228
 H -10.53769975262665 6.65344945697129 1.69624781335939
 H -11.14993654198794 6.82601924447640 0.10465608347577
$end
$temperature
298.15
$end
$mult
 1
$end
$sigma
 1
$end
$pressure
1.00000
$end
$scale
1.00
$end
$msrrho
$end
$freq
5.18
7.88
17.96
19.51
35.75
39.68
48.10
55.27
61.10
71.85
75.23
93.96
107.68
126.96
134.97
135.91
139.31
157.01
184.80
196.23
234.69
248.20
268.06
286.75
292.56
312.56
326.20
340.20
349.39
370.20
372.04
397.39
405.71
421.57
428.96
449.67
470.46
473.57
476.83
481.77
498.83
505.43
516.31
548.45
564.44
575.27
581.28
594.28
602.41
605.71
613.87
617.92
631.78
638.70
648.14
654.02
669.14
693.45
710.12
717.22
726.59
736.36
790.24
813.01
824.05
824.23
853.93
860.71
871.94
892.85
896.30
911.16
925.47
957.35
959.41
959.64
1004.59
1011.41
1047.41
1060.50
1066.88
1069.87
1095.23
1108.07
1114.68
1124.50
1132.98
1141.72
1153.40
1157.63
1168.66
1190.24
1194.27
1201.77
1203.93
1232.66
1237.04
1249.22
1258.69
1269.53
1275.91
1282.77
1286.17
1307.29
1329.15
1331.12
1340.42
1344.04
1344.46
1381.35
1393.31
1409.70
1429.35
1434.28
1442.55
1445.09
1450.90
1487.16
1500.44
1511.18
1541.80
1562.35
1592.19
1600.31
1714.15
1765.62
1789.81
1835.53
2942.78
2979.07
2989.99
3016.66
3023.87
3041.74
3055.19
3089.38
3102.98
3110.01
3114.67
3122.28
3325.59
3416.51
3456.99
3490.58
3510.33
3552.62
3615.39
$end
