
$molecule
 O 8.14731778979606 -1.09519478691107 5.84630625933710
 O 5.02407151477307 1.15074090279974 7.29429813395284
 O 7.25280569074191 -1.31627624772717 3.81408165164721
 O 8.75868255410221 0.81520623910737 2.49819477609252
 O 7.52908719364804 0.12260771789447 0.77759490694432
 O 5.54320161972238 5.87653083860338 15.56367831515405
 N 7.10897245342178 1.15847516214780 6.38609215598790
 N 7.91022085459904 4.75081402819303 11.65420626016681
 N 7.99422199944839 5.41004849468974 14.18617161799086
 N 10.32491769983911 5.97966079350745 15.60477638024478
 N 6.73343464204005 6.55534250253350 17.36013683383477
 N 9.08238143457310 6.62368910080661 17.44619424413485
 N 7.84925610921916 7.22411000682002 19.27732711399403
 C 6.60824520493226 0.59306479171225 5.13605138771155
 C 6.66771058393723 1.65948614192566 4.03093745509175
 C 6.38230643270801 1.12154474391858 2.62626858202873
 C 6.17560011036444 1.52551381691345 7.35417630765677
 C 6.70357064150723 2.35267174514860 8.45648540563687
 C 7.37642260738222 -0.70488759299484 4.83454858211324
 C 7.54314832581981 3.93424386284217 10.61946766139044
 C 9.24046772165318 4.70043501321556 12.23873031753303
 C 8.06397458745639 2.57306558991120 8.69398526262573
 C 5.76937888111756 2.93618554152447 9.32589529049781
 C 8.48281897477082 3.35281037125736 9.75458995206237
 C 6.17492492542140 3.71883876238531 10.38186806990623
 C 7.59355181179912 0.61364477876623 1.86924153664146
 C 9.18716171661063 5.23669698300368 13.64584479043371
 C 7.94232686814596 5.87171687689141 15.44174167271852
 C 10.35399012166318 5.52881397415963 14.36874804740254
 C 9.11472774688291 6.15728203429213 16.16503317923130
 C 6.62936150299154 6.07368432574181 16.05424342572979
 C 7.91936523952157 6.80463787360382 17.98791172331654
 H 5.56376760238409 0.29525197978711 5.30494756400579
 H 5.92506759193925 2.42372698341972 4.27748939312691
 H 7.64948570300872 2.14221034980995 4.04854193362670
 H 5.95561690769875 1.91739951269084 2.00835801482442
 H 5.65114806309407 0.31022456095597 2.64971610958732
 H 7.88780545007487 1.79159662151569 6.26447105562218
 H 9.94179792437171 5.29396628261563 11.63915023504843
 H 9.61323542325806 3.66570836195351 12.26036170212000
 H 8.81535720830102 2.11782191790402 8.05647982724634
 H 4.71430701501413 2.75903590727704 9.14756626342327
 H 7.19017257805717 4.94240791225828 12.34577250304415
 H 9.54296806144974 3.51262841577833 9.91050762410908
 H 5.44487208880825 4.16995764455296 11.04437999115782
 H 11.33203175446166 5.38781581132047 13.91759475192970
 H 8.02729793395464 -0.44773528213818 6.57875643193587
 H 5.85838564180980 6.69761382628946 17.84349119933412
 H 9.46233707147548 0.41547804651212 1.96118361880873
 H 7.00195326798387 7.65705763019787 19.59917486979654
 H 8.71428015225063 7.58079413061885 19.64738261203756
$end
$temperature
298.15
$end
$mult
 1
$end
$sigma
 1
$end
$pressure
1.00000
$end
$scale
1.00
$end
$msrrho
$end
$freq
6.94
9.49
14.79
20.36
25.24
31.02
42.03
50.39
56.21
57.84
71.37
92.06
99.82
129.51
130.92
135.50
138.97
161.69
184.18
196.13
225.23
248.53
278.62
289.37
309.25
316.08
339.32
351.58
361.29
370.58
372.23
378.47
397.92
403.31
438.61
448.17
469.50
469.61
473.45
481.68
502.33
505.42
534.20
549.42
561.29
571.59
575.37
577.31
590.05
602.95
607.45
617.78
632.08
641.70
646.09
657.05
668.86
685.95
701.19
709.65
717.62
736.33
785.86
792.47
822.77
828.19
854.38
860.44
866.47
888.63
893.33
895.72
913.78
958.54
958.71
981.24
1002.76
1011.00
1053.37
1063.16
1066.56
1071.18
1082.35
1107.14
1114.59
1121.20
1131.71
1143.11
1157.33
1167.94
1169.96
1182.56
1191.33
1201.70
1216.71
1241.55
1246.53
1257.02
1259.67
1267.81
1276.84
1281.98
1286.86
1307.23
1316.44
1331.26
1341.39
1343.18
1346.55
1374.73
1390.27
1419.09
1428.97
1432.45
1442.67
1444.92
1470.15
1486.79
1500.63
1511.50
1541.79
1562.13
1592.55
1599.87
1733.19
1766.13
1812.53
1835.32
2946.16
2979.42
2987.21
3017.56
3020.34
3042.10
3052.64
3089.30
3094.63
3107.60
3118.98
3120.50
3301.72
3412.81
3479.45
3490.26
3511.07
3554.47
3616.38
$end
