
$molecule
 O -4.43123027588418 -0.65726618091907 -8.89401364999971
 O 0.10577034383551 1.29682743330833 -9.21075775319465
 O -4.56293935406569 1.23071073135761 -10.07121951935843
 O -3.57217204857440 3.40785181302061 -4.93844338795559
 O -2.54568403430224 1.45052920383179 -4.69792319736415
 O 4.42171358488861 7.22735603256664 -8.99479129687772
 N -2.02656359611649 1.91768190314422 -9.58454538818340
 N 1.30023040019678 6.51570468186054 -12.65410518954581
 N 2.04075106066502 7.87014331221333 -10.42631278199451
 N 0.00583235070229 9.06882572790301 -8.94237886799363
 N 3.44577246128068 8.00767715819794 -7.11358350129634
 N 1.28957501538444 8.94124036005981 -7.02395732272123
 N 2.56981879183546 8.82474180762753 -5.13019125582423
 C -2.50576835293186 0.71558219782921 -8.92705576136690
 C -2.42397146539945 0.86276915745030 -7.39981850080028
 C -3.15975808172731 2.11582560507457 -6.92190540853629
 C -0.67520384492902 2.07205462033392 -9.73408516917388
 C -0.23727133426497 3.24746763372004 -10.52296277900628
 C -3.93108907129259 0.48054745955716 -9.37486986906370
 C 0.76348674149744 5.45530593603362 -11.93324184721398
 C 0.74069534348200 7.84775737331659 -12.44269830503164
 C -1.08086916589847 4.29569233639214 -10.89636793296928
 C 1.11592586987564 3.31778983266833 -10.87597165138700
 C -0.59209869257883 5.38488924461752 -11.59478104613884
 C 1.60933012924741 4.39661520086919 -11.57718405261032
 C -3.04477838313973 2.26528502022319 -5.41282575647660
 C 0.89005729051290 8.21499783371124 -10.98421816568290
 C 2.19173355448299 8.11543401315835 -9.12095506025372
 C -0.12210037109020 8.82247268150342 -10.23136481416796
 C 1.16460023288969 8.71156260044770 -8.36366339315978
 C 3.45054516030022 7.72995211859940 -8.48149877120751
 C 2.39653985207420 8.58152838944163 -6.45612161121359
 H -1.88518729107699 -0.14187527337449 -9.22391562102858
 H -2.85060213437397 -0.02439424356730 -6.92667166099008
 H -1.37066947326107 0.92842630201552 -7.11688894024616
 H -4.22249741530662 2.06841734186788 -7.17949714454419
 H -2.74354528411545 3.00633063336070 -7.40300728968433
 H -2.68325414289102 2.36920686528852 -10.20514358898349
 H -0.30351684369136 7.88113772068079 -12.76065111506185
 H 1.31164190351463 8.54192695303124 -13.06753813008170
 H -2.13138712715376 4.28251407915533 -10.62489601417286
 H 1.77348921624850 2.50776077996582 -10.57957861935340
 H 2.31042340874340 6.55117753709353 -12.54399538321236
 H -1.27125537297964 6.18425212726229 -11.86603983659893
 H 2.65990106946265 4.44347484896528 -11.84161591072988
 H -1.06178764904844 9.10681114255177 -10.69629811686438
 H -5.34553027832973 -0.76879514388096 -9.20303124735403
 H 4.29210184461604 7.76935747042187 -6.61719436092663
 H -3.94098039899540 3.98027335976711 -5.62329584180711
 H 3.24750998436729 8.27787360648318 -4.62889867095092
 H 1.72240287329849 9.05584565382294 -4.63883049956554
$end
$temperature
298.15
$end
$mult
 1
$end
$sigma
 1
$end
$pressure
1.00000
$end
$scale
1.00
$end
$msrrho
$end
$freq
3.16
7.67
10.35
17.55
20.85
31.29
35.27
39.93
49.75
55.27
65.27
87.17
88.93
114.75
131.83
135.27
143.76
158.58
191.43
199.23
206.74
237.72
255.15
285.76
290.64
309.50
320.21
345.56
365.21
369.81
380.81
390.69
396.71
405.36
421.57
434.71
444.40
449.89
467.60
474.35
481.29
499.03
520.89
540.76
548.16
560.52
575.20
577.90
596.65
600.77
612.70
620.74
630.68
639.50
641.65
653.86
675.01
689.51
703.61
733.03
742.17
746.39
775.39
787.13
798.58
832.72
844.76
852.36
864.14
890.60
900.37
914.41
921.53
946.50
959.63
971.28
1008.36
1011.04
1018.26
1056.92
1068.00
1078.17
1083.45
1101.91
1114.11
1118.87
1127.15
1140.94
1155.79
1164.27
1170.97
1177.99
1183.62
1193.02
1216.09
1229.39
1239.66
1248.27
1257.04
1258.29
1268.54
1279.90
1284.66
1294.11
1308.93
1320.13
1336.41
1339.73
1340.29
1387.75
1393.86
1424.95
1428.22
1436.32
1442.26
1445.83
1448.21
1488.24
1492.17
1503.02
1539.98
1573.62
1592.99
1600.59
1708.32
1765.92
1799.77
1839.02
2967.61
3006.50
3012.88
3030.10
3037.74
3051.27
3068.10
3087.70
3098.49
3105.64
3118.37
3120.26
3432.95
3487.86
3490.79
3508.35
3546.98
3612.66
3620.71
$end
