
$molecule
 O 5.90592749138529 7.67107843626543 1.95178705529323
 O 7.36894796077602 7.21499901965698 -0.09373748992018
 O 4.62286728956661 6.24630263853476 3.08110700986373
 O 1.35869999989320 5.04329295576616 -0.28325445067177
 O 3.37144935592624 4.90022034697705 -1.22364816469852
 O 16.77022988394691 7.05850902843531 -2.02513353246515
 N 6.87039006082999 5.20025929160392 0.76885399409059
 N 12.93299241173695 4.43071901520936 -1.27954526606864
 N 15.54711486790690 4.58990096927129 -1.29383935259318
 N 17.26724219501806 2.42205301234595 -0.95990629480054
 N 18.77830338655949 6.02406474410351 -1.98586857780810
 N 19.08932483967305 3.74966704603116 -1.47648882801706
 N 20.88357829980966 5.05757043778523 -2.02877723641428
 C 5.45760300285471 5.53576221413028 0.94000165814508
 C 4.66852741652319 4.24554936739579 1.17548610498129
 C 3.15571441643586 4.47079833242897 1.13917124923924
 C 7.71824962459729 6.05472048218698 0.15492022460427
 C 9.06554501116719 5.56143249056849 -0.17953410261607
 C 5.28949909600952 6.52710576924890 2.11998056967982
 C 11.67247058735790 4.78268524596116 -0.88140935416526
 C 13.60488201152590 3.25216297529011 -0.75816122001101
 C 9.49458511130433 4.24395142871021 0.01224204044234
 C 9.96504701831438 6.47993950219328 -0.74339008847284
 C 10.77399725721292 3.85476354916139 -0.33311756579362
 C 11.24157408463200 6.10367001662402 -1.09046416233737
 C 2.67551762871707 4.82496207817563 -0.24589704348094
 C 15.09065038532137 3.39516417681447 -0.96280336778746
 C 16.86770700332886 4.72354304990947 -1.46832374375472
 C 15.96610465665388 2.31114950628152 -0.79615110107408
 C 17.74148970450644 3.63351767739956 -1.30232743477842
 C 17.38982381619960 6.03771253228338 -1.84288074705138
 C 19.55214908532520 4.91497744282016 -1.80260308996036
 H 5.12312750274134 6.04149548984465 0.02364919421436
 H 4.94026165544744 3.51865026694626 0.40423457905191
 H 4.94188000589306 3.83542136522870 2.15189621954591
 H 2.85502654836992 5.26281006069239 1.82927137473060
 H 2.63327075135872 3.56125258685381 1.44757728609412
 H 7.15218038085118 4.26511257258129 1.01107556906132
 H 13.24334281316944 2.35157869970492 -1.26971318443877
 H 13.39655536114841 3.13194649805789 0.31557717492228
 H 8.82534932359288 3.49804061072500 0.42956891480759
 H 9.63469053947249 7.50087292629456 -0.90004155462302
 H 13.57468678767180 5.19671086426771 -1.46407816506361
 H 11.07363174424510 2.82408546811568 -0.18564946455205
 H 11.92727244036596 6.82195878008221 -1.52554587713078
 H 15.58485730016302 1.33148219013058 -0.52243440339626
 H 6.45739707577512 7.67176243310665 1.09897639584355
 H 19.19673326434606 6.90050058502643 -2.26216064753836
 H 1.09913596041992 5.27258133900965 -1.19066531054822
 H 21.44599113159358 4.28959403885074 -1.70263624118985
 H 21.28725845240169 5.97552844492046 -1.97051755140749
$end
$temperature
298.15
$end
$mult
 1
$end
$sigma
 1
$end
$pressure
1.00000
$end
$scale
1.00
$end
$msrrho
$end
$freq
5.29
8.48
15.88
18.93
33.57
38.73
43.78
54.35
61.40
72.15
81.68
93.10
119.17
135.01
137.27
140.95
145.03
168.31
185.62
199.73
238.38
246.92
258.07
274.25
290.43
301.63
310.01
332.52
337.92
347.46
369.11
372.58
393.03
397.74
417.41
448.10
463.61
467.32
473.10
478.53
482.46
504.74
505.64
528.84
549.28
553.99
576.15
588.40
597.00
605.11
617.52
627.14
633.45
636.73
645.94
656.86
669.21
696.26
716.35
736.40
738.15
783.92
799.09
824.19
826.96
853.88
860.48
863.87
884.59
887.20
900.93
903.66
913.49
957.62
959.36
981.63
1004.23
1011.23
1037.98
1066.68
1077.36
1107.76
1111.55
1114.57
1125.55
1128.27
1144.54
1154.70
1157.39
1175.54
1180.43
1190.39
1201.96
1206.05
1230.39
1234.39
1247.00
1258.58
1269.46
1276.67
1283.39
1287.58
1307.46
1331.14
1335.13
1342.08
1343.91
1346.35
1348.30
1390.40
1410.37
1414.31
1428.85
1433.09
1442.75
1445.26
1451.45
1486.95
1502.11
1511.34
1541.85
1560.15
1591.50
1599.97
1624.54
1766.30
1797.42
1808.62
2743.04
2942.35
2984.41
2988.35
3017.25
3024.77
3046.30
3053.24
3089.11
3091.74
3108.20
3119.13
3121.86
3418.50
3490.36
3510.89
3533.75
3551.91
3616.12
$end
