
$molecule
 O -1.26490839471116 9.83500589400655 -2.97155648833806
 O -2.99155543502626 6.95412380810628 -6.65365018788811
 O -3.17180992416674 8.85690025737268 -2.35828002109842
 O -1.01548433622190 8.50596590107206 -7.48398125477977
 O -0.58262466759783 10.67676569676105 -7.66102387286815
 O -5.75994654937447 2.37961572444163 -1.58452654493215
 N -3.74231787625537 8.02798268932502 -4.81327350005611
 N -8.13842514035555 3.38332794700296 -5.54839108105684
 N -6.60862569112520 1.68953340299321 -4.21643000297374
 N -5.25481612551644 -0.42713762879436 -5.42582178574163
 N -4.20870874516238 0.74178818605616 -1.70469195420809
 N -3.91927539704985 -0.68029391035412 -3.55500595328218
 N -2.61341874818067 -0.93919637114991 -1.69357213379831
 C -2.58898309643512 8.90030406787636 -4.69674282224818
 C -2.80935278194749 10.23437556513912 -5.43722592822715
 C -2.78141350924998 10.07638004938918 -6.96332740833597
 C -3.81940334124462 7.04987769350333 -5.74439216197413
 C -4.96372284444297 6.12121281337870 -5.64560071849183
 C -2.39296903152554 9.17480394931528 -3.21588443437569
 C -7.05983675972321 4.25248501370329 -5.60282389638418
 C -8.00608253506055 2.05966471122349 -6.14094459150191
 C -5.11365301596848 5.17969036561752 -6.67168027473320
 C -5.89178025971696 6.11586916608943 -4.59748846015206
 C -6.14399549748073 4.26282202544778 -6.66132645498294
 C -6.92263389632241 5.19995662868374 -4.57852832597825
 C -1.34745054320073 9.78336522068550 -7.41981914841978
 C -6.90671411573864 1.29030606312708 -5.44178121680478
 C -5.62369094624900 1.04656114107731 -3.57940575331543
 C -6.22303133531221 0.22266143024553 -6.03912661046984
 C -4.93437964710732 -0.02086930873838 -4.18522577207202
 C -5.26364644243621 1.48802023282069 -2.23209252918740
 C -3.59416798805922 -0.28178563074166 -2.36659569731274
 H -1.69890322528335 8.39222529504392 -5.08763754190669
 H -3.77413733323605 10.64647671363196 -5.12897595000064
 H -2.02473054212841 10.93372592000120 -5.13494412363096
 H -3.08193664759509 11.02453840568644 -7.41390539026547
 H -3.47152274566513 9.29602945320313 -7.28537329585356
 H -4.35771995585887 8.03161003369983 -4.01144574064731
 H -7.81307214934858 2.13804391612335 -7.21353784146134
 H -8.96382827463692 1.54439723410601 -6.00978567039595
 H -4.39857546887671 5.18042415723263 -7.48718775824339
 H -5.81025487774120 6.82102171501724 -3.77725106492200
 H -8.49647535378287 3.30677339601534 -4.60060940551167
 H -6.23007937694659 3.55248662626205 -7.47447651132369
 H -7.62948409840698 5.19774751561529 -3.75619076916881
 H -6.47550775376101 -0.10235888950782 -7.04435430452978
 H -1.18078223485906 10.00404319776010 -2.01853053717339
 H -3.92083391936625 0.99248325905576 -0.76997532601063
 H -1.75557230951597 7.88148530328570 -7.24000795409705
 H -2.14226987692815 -0.46083924273311 -0.94616145852515
 H -2.05213123820682 -1.54456980415491 -2.26926437032956
$end
$temperature
298.15
$end
$mult
 1
$end
$sigma
 1
$end
$pressure
1.00000
$end
$scale
1.00
$end
$msrrho
$end
$freq
0.81
5.33
11.00
22.32
24.45
41.43
48.11
54.15
61.87
74.35
82.41
96.15
130.16
134.08
136.80
141.90
154.90
162.39
189.24
202.58
236.15
245.83
275.88
286.68
309.69
324.60
341.06
346.60
352.15
368.55
373.19
386.14
395.55
404.87
430.73
441.01
454.23
468.72
473.99
480.12
505.65
516.47
541.47
561.14
565.02
574.76
590.15
599.21
600.43
610.85
619.25
635.27
637.55
642.03
667.12
680.92
699.17
709.02
723.07
727.78
738.15
783.02
792.76
797.01
825.53
828.44
849.65
859.02
864.61
885.82
891.88
911.30
945.91
949.01
967.80
975.65
1005.15
1008.33
1009.92
1067.63
1072.86
1087.60
1091.21
1114.23
1120.71
1130.01
1145.38
1156.44
1156.88
1167.85
1176.38
1182.87
1187.35
1198.62
1206.46
1247.84
1257.06
1262.13
1268.72
1271.78
1275.34
1285.38
1294.32
1303.50
1308.76
1321.36
1328.63
1336.90
1340.45
1396.18
1422.02
1428.64
1439.29
1441.38
1442.38
1445.41
1449.57
1487.75
1494.73
1506.68
1539.10
1568.54
1590.96
1600.80
1646.75
1763.80
1806.62
1809.02
2999.55
3006.20
3019.67
3032.27
3038.03
3043.22
3049.40
3077.63
3089.32
3098.91
3112.03
3113.02
3124.95
3441.81
3482.84
3491.04
3508.68
3546.18
3613.31
$end
