
$molecule
 O -3.42458311539109 9.10073233758665 0.32830995001011
 O 0.71532072330102 11.42168882208591 -0.97510965896626
 O -2.50071530823432 10.08649838156160 2.10096533567396
 O 1.90907205324368 7.11914196271310 -2.64673061553300
 O 0.28082167656761 6.09785390302271 -1.52656492352082
 O 0.48694199450065 12.98789068721457 6.03467094823931
 N -0.15428259127813 10.47763262696414 0.88292661397818
 N 3.88468119085010 14.75960743607729 3.46096184799781
 N 1.69271325116876 15.22296400595589 4.76383791339803
 N 0.17786469107282 17.55546129570215 4.65830531068910
 N -1.32721035633905 14.26783076378694 6.46412986299439
 N -1.54389205455648 16.51977517754852 5.81288724030137
 N -3.26237200594912 15.46646078766728 6.89569420979659
 C -1.16820772500053 9.78020844844146 0.11473547924215
 C -0.69642228586377 8.37957879241529 -0.30869758583802
 C 0.50530405225061 8.47126256087303 -1.24955764433993
 C 0.67056496424423 11.35942413550877 0.24481758588087
 C 1.51329081349742 12.20482925109985 1.12239238652402
 C -2.41499382819108 9.68783623861764 0.97078569136135
 C 3.08829326316369 13.92442540840245 2.66454629842969
 C 3.49682928197238 16.16711545564160 3.48427606000732
 C 2.10372060718805 13.33707936204420 0.55201978797289
 C 1.75006827055397 11.92699531753097 2.47160183844061
 C 2.87901412884349 14.19309115598476 1.30977858850753
 C 2.53455304494982 12.77249001228861 3.23135243320208
 C 0.86318395176647 7.10432383087164 -1.80334527058323
 C 2.14070051220173 16.30171890671910 4.14443448677121
 C 0.47642836202479 15.27821557762825 5.31455179794863
 C 1.37084379236561 17.47331729579819 4.10400920447192
 C -0.29650716107079 16.45178391765411 5.26225109416997
 C -0.04912328373632 14.06842275903719 5.94359744544220
 C -2.00459843643978 15.45124905325117 6.38159992918674
 H -1.39958917860218 10.36607300487347 -0.78664310916704
 H -0.42695961158620 7.79618393246210 0.57543719542594
 H -1.51872240073934 7.86736952606694 -0.81461182024881
 H 1.37563508622618 8.87309193598287 -0.72470280328501
 H 0.29118065345750 9.14703663154600 -2.08239674128170
 H -0.36826801277071 10.59852863800961 1.86388923436187
 H 3.47400842749526 16.57049353491628 2.46907089439204
 H 4.25305021963351 16.72009663299124 4.05149699446999
 H 1.93477200346807 13.53828366049969 -0.50046585975991
 H 1.32665460753329 11.04324896470413 2.93617588844623
 H 3.87331714752723 14.41362762876143 4.41984984028444
 H 3.32630805392164 15.06674133308963 0.84961912799959
 H 2.68776580959895 12.56941595384463 4.28532914167175
 H 1.74401079066620 18.36311576733731 3.60502765518958
 H -4.19729405682024 9.04883448643192 0.91468323348529
 H -1.76082582202352 13.45869746912885 6.88459585595120
 H 2.27750101396955 8.00209578932280 -2.78455225532605
 H -3.65836526703016 16.38583813879409 6.99743796942090
 H -3.50527493753718 14.78593630354365 7.59346391607168
$end
$temperature
298.15
$end
$mult
 1
$end
$sigma
 1
$end
$pressure
1.00000
$end
$scale
1.00
$end
$msrrho
$end
$freq
5.40
8.15
16.56
20.30
32.15
44.05
46.30
49.20
59.50
70.80
81.88
87.05
99.56
108.75
130.26
137.52
139.78
158.27
181.06
198.13
218.51
237.12
254.21
282.88
301.02
312.22
336.22
340.87
361.88
368.76
371.53
394.02
397.80
411.94
419.97
447.44
457.49
464.34
466.79
472.05
477.68
503.44
519.73
541.60
548.63
558.89
571.39
574.09
591.10
600.76
606.73
617.51
625.05
637.72
646.35
656.00
667.92
695.81
711.38
716.14
736.42
773.44
786.69
800.15
832.81
838.83
855.50
859.03
870.04
896.07
909.17
913.82
946.79
949.69
959.52
972.01
1008.00
1010.28
1046.58
1065.40
1066.98
1084.24
1087.71
1101.82
1115.24
1119.96
1132.90
1141.61
1159.10
1159.94
1169.19
1175.21
1179.76
1201.71
1202.73
1235.25
1248.39
1253.03
1257.17
1259.34
1272.54
1279.77
1287.07
1289.77
1302.50
1319.04
1325.28
1339.91
1340.46
1389.68
1399.85
1422.08
1427.45
1436.76
1439.56
1442.88
1453.02
1486.08
1487.63
1508.23
1539.73
1576.35
1590.98
1599.41
1694.23
1758.33
1806.00
1831.67
2965.44
3007.12
3020.49
3032.09
3043.75
3044.34
3060.86
3089.29
3104.11
3106.28
3116.44
3118.28
3406.65
3476.58
3490.53
3511.06
3548.65
3610.06
3616.21
$end
