
$molecule
 O 3.39182317665964 6.13948383167278 -1.04162439163734
 O 2.15517311898044 7.03172471194143 2.24552355951680
 O 4.24523238660866 4.10992455414385 -1.35303418270139
 O 0.74269378598587 7.51377338659492 -0.08354800397496
 O -0.78497017485206 6.03261222131206 0.59322704119788
 O 7.69218420649685 3.25253039220490 5.58249828422252
 N 2.01165451263712 5.04495176184679 1.21680810966764
 N 8.40647732870694 5.89439072978525 1.68165338884184
 N 8.52241822193085 5.67694537936897 4.33067363485057
 N 8.68188161748786 7.91667173681250 5.98494123363439
 N 7.51355198586864 4.37554994535318 7.53372631512272
 N 7.98824744845837 6.66300578699773 7.79963237414206
 N 7.24697253853168 5.43064075819336 9.57979371948509
 C 2.28216157139346 4.27987481115372 0.00778763886272
 C 1.01164524221360 4.19507593815815 -0.86837435015002
 C 0.47750194514413 5.54345588897962 -1.38027952244639
 C 2.74248296799233 6.10060243170132 1.71826947760416
 C 4.21801766944130 6.01052175740644 1.68080838953009
 C 3.42494590597560 4.82330096516932 -0.84263487579930
 C 7.01807663724873 5.97328437459301 1.71965042039866
 C 9.17956934994118 6.91577180321127 2.37624893800407
 C 4.94825096005078 7.20185128698183 1.71133333729439
 C 4.90914739597791 4.79589417494823 1.68671150190855
 C 6.32929169677960 7.19113126733080 1.71477582295974
 C 6.28909803168877 4.77744689118182 1.70525661262487
 C 0.05584551641585 6.38883937347825 -0.19414200318252
 C 8.88352437644281 6.85920522947760 3.85842725298582
 C 8.22520894889864 5.59610477936423 5.63230218261317
 C 8.96470119905902 7.97709606719451 4.69926813781545
 C 8.29832647361183 6.72414573279686 6.47148004490539
 C 7.80339938330506 4.30274458169253 6.17015259868771
 C 7.61375265004152 5.51809010358026 8.27384983377140
 H 2.56098211025913 3.25051013795373 0.27531785206094
 H 1.23588343171079 3.54965147638838 -1.72176049223772
 H 0.22513515521466 3.71599095489524 -0.27782313573744
 H -0.40538461483284 5.34626084160098 -1.99268066572263
 H 1.21646573751091 6.07286866068756 -1.98110991120715
 H 1.02372945785605 5.17163982199291 1.40409531780866
 H 8.96536497632850 7.90537955957290 1.96657621036394
 H 10.23928829175521 6.70094877575408 2.20004179851747
 H 4.40954992093547 8.14316419479818 1.72318146627654
 H 4.36332059173108 3.85956488637794 1.70959021873288
 H 8.71935815096506 4.97289667443517 1.97665557288350
 H 6.86742930418502 8.13141743149424 1.72156494458491
 H 6.81900739734915 3.83167375058930 1.72359223766630
 H 9.26673513366615 8.94357022195389 4.30595790527064
 H 4.14095537963383 6.40079455848964 -1.60192865126790
 H 7.19120987911138 3.51789918316574 7.95778413768679
 H 0.65933184233013 7.86881750184627 0.82411226081392
 H 7.51350207877218 6.22382486926363 10.13868108329700
 H 7.27093270040995 4.53110384412091 10.02624632942067
$end
$temperature
298.15
$end
$mult
 1
$end
$sigma
 1
$end
$pressure
1.00000
$end
$scale
1.00
$end
$msrrho
$end
$freq
6.10
7.07
12.56
26.02
33.16
46.88
51.69
62.49
73.72
87.24
94.07
114.35
133.44
136.38
144.05
150.84
157.01
168.12
191.50
202.80
238.63
251.38
263.64
269.20
297.73
311.18
329.29
343.88
360.83
367.44
377.45
388.88
395.52
414.53
427.45
453.96
469.32
476.83
478.36
503.88
514.59
527.77
547.25
558.25
571.04
573.52
574.87
580.24
600.79
608.44
617.40
629.79
638.96
651.36
670.33
681.75
692.57
707.83
714.44
732.02
735.14
739.20
750.87
800.39
826.23
832.64
843.79
844.47
848.65
863.83
898.57
908.22
913.61
940.87
947.83
968.60
1001.84
1009.78
1012.03
1060.42
1067.22
1085.81
1092.19
1104.26
1113.98
1121.06
1144.70
1156.38
1156.78
1164.49
1171.95
1177.00
1201.49
1209.26
1247.09
1254.02
1257.14
1265.62
1269.38
1275.36
1281.62
1291.96
1298.19
1315.34
1320.57
1330.17
1331.18
1337.69
1339.87
1383.82
1394.03
1427.75
1436.84
1439.04
1441.28
1446.90
1447.97
1487.12
1491.72
1505.79
1539.48
1572.82
1591.88
1601.43
1691.97
1763.73
1781.38
1803.59
2970.50
3004.87
3018.28
3034.81
3047.30
3047.86
3086.44
3088.53
3106.01
3109.82
3118.81
3121.85
3432.67
3453.94
3471.49
3491.62
3510.55
3547.75
3615.57
$end
