
$molecule
 O -3.45300078066179 -8.69085282334507 -4.51661321472674
 O -1.29681384644154 -13.34824153699152 -3.86133323442541
 O -4.78099368064804 -10.38605228386310 -5.02924377988255
 O -1.35766824100547 -10.09344747559548 -6.70934743621741
 O -0.80690053850808 -8.26357178460168 -5.56819103203607
 O 1.88189686630398 -19.10463780275625 -5.14464160958652
 N -2.58312739822441 -11.98962132880655 -5.15989524446402
 N -2.74447624376021 -17.44001789439705 -8.53274935084494
 N 0.18020677615379 -18.66530608942621 -7.39446643098615
 N 1.39863618506380 -17.56074944829286 -9.64917374730471
 N 3.60410834158349 -18.26887181500858 -6.34173229437423
 N 3.43303562538359 -17.49587187125480 -8.55513401003127
 N 5.43499111077696 -17.38569849098580 -7.45306484418586
 C -2.72691109722723 -11.01792320227402 -4.06023379223808
 C -1.38924047423703 -10.51427671014234 -3.50979746730400
 C -0.28961740307869 -10.36110956506555 -4.56988023610987
 C -1.98458623198041 -13.21142548264903 -4.85269665465935
 C -2.19980953554902 -14.28068261659424 -5.84519997174897
 C -3.73645937368486 -9.98150384300669 -4.59778307076289
 C -2.51942727722906 -16.41973606129724 -7.63050059235203
 C -1.99057768939272 -18.68707736886198 -8.44897556297656
 C -1.81178030551119 -15.57944681691504 -5.49069617960849
 C -2.74925380145809 -14.06892915029346 -7.11511292413806
 C -1.97529764844468 -16.63833051301627 -6.35807782858755
 C -2.90583505840695 -15.12057669924455 -7.99375400035318
 C -0.81151137058746 -9.46241008000055 -5.67141009118403
 C -0.50560386369843 -18.41359205839848 -8.49685648835862
 C 1.48630347934041 -18.37250537848623 -7.40019641598831
 C 0.11578223939530 -17.85707699200540 -9.62312904111360
 C 2.10609437085475 -17.81124003372154 -8.53323682497597
 C 2.26463750307280 -18.63428308623445 -6.18869487968749
 C 4.12187508748980 -17.73106508095350 -7.48337239880300
 H -3.26035041714483 -11.51554053538772 -3.23457617294057
 H -1.55361403336168 -9.55356247470232 -3.01209316538051
 H -1.03759067482691 -11.22321560131454 -2.75740419592819
 H 0.00473688893402 -11.33921521913206 -4.95261638450431
 H 0.57671622126685 -9.88212058649663 -4.11078238433970
 H -3.46444126770165 -12.06785246481934 -5.66015641818632
 H -2.30233906377017 -19.31041667021759 -9.29189934259007
 H -2.23544562250418 -19.20524011463772 -7.51827197445257
 H -1.37921362826226 -15.74204713997780 -4.50947976931890
 H -3.03614183882484 -13.07243729901387 -7.43348894728893
 H -2.88292446553577 -17.11933422218040 -9.48289543473350
 H -1.66539698835634 -17.62989579912609 -6.05381081588942
 H -3.32518509429391 -14.94669946030524 -8.97899720071583
 H -0.45760575515526 -17.64993096870330 -10.52255687762992
 H -2.51334351050132 -8.43312782422479 -4.51224374153302
 H 4.18794156704250 -18.40628548849594 -5.52947755694144
 H -1.54535120270171 -11.03415653990479 -6.49187286325485
 H 5.83181418993448 -17.17755875311872 -8.35395618839861
 H 6.03532097008386 -17.83035345372022 -6.78162591599114
$end
$temperature
298.15
$end
$mult
 1
$end
$sigma
 1
$end
$pressure
1.00000
$end
$scale
1.00
$end
$msrrho
$end
$freq
6.21
9.49
12.66
23.07
33.92
43.43
48.97
53.21
60.95
76.65
91.76
101.68
120.21
130.14
133.35
140.09
149.52
172.65
207.93
219.67
231.35
253.18
262.31
299.05
301.32
308.41
335.12
348.24
353.22
368.03
374.56
386.73
398.76
407.05
417.30
433.72
451.36
463.23
469.16
477.28
480.77
496.20
528.90
554.88
558.68
564.89
579.01
580.88
588.69
598.00
604.91
619.50
626.90
640.93
645.89
675.19
681.91
711.15
720.92
723.66
743.03
744.91
793.37
798.25
815.59
832.00
836.40
865.83
868.31
891.97
895.16
914.54
921.31
938.23
950.29
966.02
997.25
1004.25
1009.93
1044.30
1063.88
1065.36
1075.68
1089.82
1110.52
1112.61
1128.04
1144.37
1154.38
1160.13
1169.00
1180.48
1183.89
1218.14
1225.84
1238.56
1250.13
1257.74
1263.83
1272.73
1277.86
1281.55
1285.44
1297.58
1302.64
1323.52
1335.61
1337.72
1339.58
1380.13
1392.02
1428.76
1433.85
1442.01
1443.04
1444.54
1457.40
1487.19
1494.36
1507.69
1540.12
1565.79
1589.71
1599.86
1724.00
1768.22
1789.78
1798.30
2941.22
3017.69
3019.41
3040.53
3050.86
3059.20
3076.31
3085.35
3097.76
3109.99
3115.32
3136.02
3306.55
3420.00
3460.53
3471.14
3490.58
3511.16
3616.43
$end
