
$molecule
 O -0.11403941813991 -6.75374806721168 -6.77774370247628
 O -1.89934276240766 -9.59952356047140 -3.41830172036850
 O 0.13250758727401 -5.24517755953640 -5.15426853507331
 O 3.31260815814872 -8.95923623152824 -4.12242729661322
 O 3.48257833372918 -8.19594136508453 -2.03925118170981
 O -5.73432113817833 -15.12135651150535 -2.22360877805783
 N -1.62220499608556 -8.25230486600791 -5.24043959577285
 N -6.78546315257458 -11.60708998992073 -6.99101726841641
 N -6.31373783362001 -14.21166955590369 -4.86669164083016
 N -4.87192154920731 -15.43155720767204 -6.92124411421880
 N -4.18839062841867 -16.51858172349559 -3.09291017244934
 N -3.73245521387124 -16.73335648752274 -5.38898762562839
 N -2.61667729482791 -18.03236909523890 -3.87088940999846
 C -0.62098253194314 -7.44191522472237 -4.53885956940925
 C 0.61820640552350 -8.28254341078046 -4.18155087037346
 C 1.62758712897355 -7.45549309874066 -3.38030178390325
 C -2.27908505372899 -9.24152606533276 -4.51226359117899
 C -3.44815649308975 -9.83198586818551 -5.19750629851365
 C -0.17464821548465 -6.34617150292707 -5.50277513147256
 C -5.68092629179676 -11.05781267172217 -6.36792552733533
 C -7.47106240348124 -12.75330317121096 -6.40149527762017
 C -4.33922974933617 -10.58878224100353 -4.42713558535839
 C -3.69142338411143 -9.69987743947354 -6.56863935009284
 C -5.44761807693897 -11.18333750403944 -4.99244212840694
 C -4.78985231494153 -10.30404025269450 -7.14601510677840
 C 2.88940826651660 -8.23048116338057 -3.08061934501780
 C -6.49828474933310 -13.87764582653277 -6.13291117427735
 C -5.40806177540770 -15.16176326568705 -4.60515718043185
 C -5.76901909479519 -14.49674086017457 -7.15708579316538
 C -4.67351750769013 -15.77744360480094 -5.63681766197107
 C -5.18137619977113 -15.54338421492929 -3.21036848374962
 C -3.52119628595896 -17.05861573182272 -4.15280395923527
 H -1.04842108381334 -6.99655012924814 -3.63087771224191
 H 0.30677333019407 -9.14378455495799 -3.58832192948426
 H 1.07839943696753 -8.65109316977298 -5.10279419943268
 H 1.19795842740316 -7.12098816083506 -2.43371591177126
 H 1.92878203189151 -6.56717784042239 -3.94410033489719
 H -2.24690031878692 -7.69395209995165 -5.80877521778487
 H -8.24561836600271 -13.06478358709851 -7.10825736987242
 H -7.94960109857323 -12.45693458754113 -5.46437286557210
 H -4.14462681849445 -10.69792676319510 -3.36574144409819
 H -3.00188964609366 -9.14637584546953 -7.19788732953540
 H -6.69005281175349 -11.67406004356701 -7.99671503261520
 H -6.12014740732885 -11.75936926015059 -4.36978627952195
 H -4.96559610046792 -10.20692611920027 -8.21219903657417
 H -5.92531931027592 -14.21208973798656 -8.19405515351107
 H -0.36249688002742 -7.69049828214535 -6.86036669047961
 H -3.99345205880155 -16.82983042407839 -2.15234633690593
 H 4.13555440153233 -9.41035535920370 -3.87255722969186
 H -2.21882651170037 -18.06442163049176 -2.94888404798088
 H -2.00710298086913 -18.26559806542895 -4.63689901816530
$end
$temperature
298.15
$end
$mult
 1
$end
$sigma
 1
$end
$pressure
1.00000
$end
$scale
1.00
$end
$msrrho
$end
$freq
6.99
8.86
11.72
16.01
22.04
31.30
45.84
48.59
52.15
58.19
81.17
85.64
93.87
122.33
132.29
137.96
144.82
159.56
173.98
210.71
223.70
235.82
248.16
282.93
295.57
307.31
325.36
345.69
347.68
360.77
372.81
377.40
388.46
400.74
416.34
434.83
447.79
472.83
476.75
479.87
495.47
530.32
536.71
556.66
557.76
578.41
583.61
590.50
593.35
603.88
607.44
616.04
619.68
637.97
645.02
654.88
674.23
679.81
713.58
721.55
723.98
743.10
774.41
795.18
796.08
833.68
836.38
863.22
866.82
894.94
898.30
903.69
914.89
938.51
965.63
993.16
1003.93
1010.35
1038.01
1065.90
1070.68
1076.25
1079.36
1087.12
1112.71
1116.91
1126.14
1144.77
1154.48
1154.70
1167.69
1181.01
1214.00
1225.88
1228.27
1235.85
1241.86
1257.69
1263.05
1269.01
1272.74
1279.54
1281.01
1288.31
1297.41
1323.53
1335.55
1339.68
1340.53
1373.79
1389.88
1423.95
1428.97
1433.13
1443.37
1444.38
1452.33
1488.11
1494.09
1507.68
1540.26
1567.46
1590.76
1599.75
1736.51
1768.62
1818.17
1836.50
2978.67
3016.49
3017.05
3030.74
3048.85
3057.75
3075.05
3084.70
3093.79
3106.10
3115.06
3135.93
3466.03
3470.02
3490.48
3509.31
3514.33
3553.98
3614.02
$end
