
$molecule
 O -0.05118666212711 1.49377363232762 -1.83388805305530
 O 2.25082194399719 -1.00541479281033 2.12723587937692
 O -0.81221849613935 1.03680610278202 0.20979958077987
 O 0.35017985397858 -0.86092485595212 -5.19431362353385
 O 1.49959094577852 -1.91974420080024 -3.61941031622301
 O 10.65273594697659 0.97601549877869 -6.28650964861777
 N 0.82406919795650 -1.14001548123290 0.39630486432410
 N 6.51962295408990 -1.92571068363471 -2.53225170743923
 N 9.23650382334206 -0.64050673721860 -4.40046581748060
 N 9.97607596198886 -3.33201171176060 -4.31007460756611
 N 11.84339328769201 -0.84551130549671 -6.88341157794205
 N 11.55510303952121 -2.98707709267546 -5.96145191340791
 N 13.09395512829303 -2.65199294240308 -7.62363545907447
 C 0.51151956426455 -0.63420249763353 -0.92596653812315
 C -0.44517534201385 -1.61811148893679 -1.63220123642326
 C -0.74102048972514 -1.23556639345393 -3.08369967572965
 C 2.10190659369820 -1.13902627223232 0.93161930893258
 C 3.23374897032713 -1.35390707187453 -0.00328231373737
 C -0.18288735266115 0.70992785060716 -0.75630010440771
 C 5.44913951338394 -1.69174503502817 -1.68276129222041
 C 7.58652908733809 -0.93901129483053 -2.66833820012836
 C 4.43745985094566 -0.69745714750587 0.26290418102930
 C 3.16943950197652 -2.22651391173458 -1.09269232762492
 C 5.53217723925592 -0.85211664577162 -0.56652438964269
 C 4.26086650810438 -2.39468720210572 -1.92042015247493
 C 0.49131079997165 -1.37879548744160 -3.96667218054455
 C 8.65621497222092 -1.49012018784444 -3.57114378672387
 C 10.20099827148128 -1.12107891122850 -5.19681131213472
 C 9.03462423773653 -2.84026052240444 -3.53205907393234
 C 10.57617616880862 -2.47721290935053 -5.15644731170755
 C 10.86105699839666 -0.20322249373776 -6.12537251399702
 C 12.14406039323090 -2.17175240150032 -6.77537444575864
 H 1.42610014574008 -0.50858777555081 -1.51357844476335
 H 0.02159732634162 -2.60590323957675 -1.60939036119572
 H -1.37852768791518 -1.67142623775178 -1.06605822187044
 H -1.12431940328947 -0.21508337009192 -3.16049184232248
 H -1.50631844859260 -1.90507625136842 -3.48755248768953
 H 0.13878322588143 -0.86128976431748 1.09347879878220
 H 8.02077642518129 -0.74276532024348 -1.68236961684885
 H 7.21147280728692 0.00916983048621 -3.07649561861930
 H 4.49924092769757 -0.04758943700275 1.12907283684427
 H 2.26692411001282 -2.79608077643595 -1.27991878433980
 H 6.22885867371047 -2.29528846368653 -3.43046379648061
 H 6.44795455882084 -0.32009371646057 -0.34000827086089
 H 4.19906572461901 -3.07016522759610 -2.76635999862850
 H 8.54584650211025 -3.52590797506912 -2.84606332246202
 H -0.49578869305722 2.34150178014908 -1.66515562507215
 H 12.32226145529703 -0.26505774759581 -7.55642395136252
 H -0.50323516265044 -0.43562234935977 -5.34876270583145
 H 13.43300989106170 -3.56822830205607 -7.38132400335460
 H 13.76875320966161 -2.00657406234635 -7.99485981872123
$end
$temperature
298.15
$end
$mult
 1
$end
$sigma
 1
$end
$pressure
1.00000
$end
$scale
1.00
$end
$msrrho
$end
$freq
7.03
11.74
18.64
21.86
29.64
31.77
39.90
50.55
59.82
69.29
73.11
86.69
100.62
118.87
133.47
137.89
148.70
164.44
186.57
190.52
200.18
231.22
261.14
286.67
298.43
302.11
317.67
327.71
342.24
371.33
373.03
379.68
396.46
416.62
421.97
444.47
455.07
465.25
478.14
488.30
497.97
512.79
530.16
539.86
547.72
573.02
578.12
583.26
590.42
601.02
615.56
621.05
629.02
635.75
645.91
652.93
676.11
704.42
713.17
725.84
738.19
742.78
753.95
790.96
807.93
832.10
837.92
864.20
868.44
870.16
889.31
899.20
921.37
939.86
969.34
984.28
1003.95
1012.43
1024.94
1059.53
1067.80
1094.78
1096.34
1107.93
1112.38
1118.25
1127.02
1138.81
1155.04
1158.69
1161.76
1181.31
1184.43
1202.78
1218.12
1222.18
1246.10
1253.24
1256.46
1270.11
1277.53
1280.07
1288.83
1298.24
1319.83
1327.14
1329.59
1334.54
1336.77
1385.96
1398.26
1425.34
1429.03
1433.18
1438.99
1441.63
1451.40
1489.11
1493.38
1511.77
1541.08
1571.28
1593.81
1603.10
1735.29
1765.16
1817.78
1826.15
2966.27
3013.32
3015.23
3026.09
3033.39
3045.63
3056.99
3094.93
3107.14
3110.72
3124.07
3126.29
3426.08
3455.76
3492.04
3507.45
3537.05
3611.58
3617.40
$end
