
$molecule
 O -5.16581540751924 2.05486818235738 -6.62325258306879
 O -5.99808834030901 6.90230982863586 -5.66053650131382
 O -7.32396232148750 2.52896979875082 -6.88739351547152
 O -1.94591347517888 5.00698218799910 -4.43127844033171
 O -3.05155551294824 3.48890679888388 -5.61308349748839
 O -16.16609072687371 5.10226814704725 -7.74569431617313
 N -7.14981592234365 4.99052309490476 -5.95001343211531
 N -11.67816185234015 9.51652346706213 -6.75961721425126
 N -14.45049990512121 7.22826374192524 -6.90701483102047
 N -14.37152217863494 7.71562914042824 -4.15834935777551
 N -16.69184556873681 4.73461931808821 -5.58186424822642
 N -15.85990954502673 5.98920692376411 -3.77772977790614
 N -17.35582861644406 4.29642194463857 -3.40460277097040
 C -5.94098295586072 4.19585723825918 -5.86212775463100
 C -5.50049625360266 4.01528992405119 -4.38874317609210
 C -4.27480553857396 4.86622789015623 -4.05641423746925
 C -7.06020798132536 6.34547725928709 -5.90853770873906
 C -8.31185457330903 7.10294347227101 -6.15058499887115
 C -6.22589654192647 2.84003944916101 -6.51809524035120
 C -10.58085627984314 8.69304992921469 -6.59459754113530
 C -12.89947677370613 9.01297582208393 -7.37236598603946
 C -9.56512432251829 6.51889447157241 -6.34823885705622
 C -8.21626751937753 8.50040652207573 -6.17082899558616
 C -10.68702801646578 7.29793594260888 -6.56472788735677
 C -9.32708934195360 9.28596695994476 -6.38802762239369
 C -3.05633810581963 4.37356885353945 -4.78397151852234
 C -13.70055081511139 8.18849011579549 -6.39478733733164
 C -15.17511992800653 6.49390617629162 -6.05234117689892
 C -13.66883661593940 8.42810818036579 -5.01347714573261
 C -15.13702485887135 6.73361500320712 -4.66574752207218
 C -16.01459740754111 5.42348062294296 -6.59106916334384
 C -16.59084765618110 5.03356313135143 -4.25475073914695
 H -5.14534187437901 4.70189976601478 -6.42561050064997
 H -6.33004940971416 4.30301829151901 -3.73941197467447
 H -5.27175364174492 2.96350447925017 -4.19342351242467
 H -4.06406905939668 4.85533887418703 -2.98427227447704
 H -4.44182393831161 5.90839430400452 -4.34799377418257
 H -7.96446174882937 4.50409405347980 -6.29791910067426
 H -12.68649620668027 8.41225257963703 -8.26560204717158
 H -13.49246043122112 9.88179655450030 -7.67729931170185
 H -9.68454713778124 5.44102194809999 -6.32742390523313
 H -7.24542038493566 8.95775534479224 -6.01296049343842
 H -11.44568981650582 10.46285415431018 -7.02887562991791
 H -11.64689273805281 6.81730724525092 -6.70530611126404
 H -9.24083335321167 10.36726890757119 -6.40020610615183
 H -13.04336244115393 9.21921881833407 -4.61046468166244
 H -4.33148670537611 2.47742552408539 -6.30691650815224
 H -17.29989567988956 3.99185970492983 -5.89469643594861
 H -1.19479863261215 4.66298645416110 -4.94323008768679
 H -17.10726010898417 4.40083861681408 -2.43483762545374
 H -17.64443683231129 3.37996584039773 -3.69880582427278
$end
$temperature
298.15
$end
$mult
 1
$end
$sigma
 1
$end
$pressure
1.00000
$end
$scale
1.00
$end
$msrrho
$end
$freq
3.96
9.40
14.05
27.90
35.36
45.71
50.17
53.67
69.77
79.35
89.04
91.72
132.23
138.74
147.95
157.81
160.24
164.95
189.30
212.52
241.33
242.00
269.34
290.07
298.04
301.11
323.48
340.33
349.67
366.39
374.44
385.13
396.44
400.84
414.28
425.66
456.41
472.64
476.77
480.97
484.03
507.49
510.64
533.69
553.27
573.30
578.56
589.53
604.31
618.21
618.48
625.43
631.93
639.79
656.29
656.89
671.16
702.66
706.36
720.50
726.57
738.72
788.68
791.82
826.37
830.25
833.61
856.86
868.02
883.77
890.59
913.80
926.59
939.35
962.35
983.87
1007.00
1010.36
1015.45
1067.58
1084.06
1084.92
1093.86
1112.74
1120.34
1132.27
1137.42
1148.11
1155.17
1159.89
1177.40
1190.97
1194.47
1209.85
1221.70
1233.74
1248.93
1252.34
1257.00
1271.62
1279.18
1287.34
1289.09
1303.48
1326.19
1336.27
1336.49
1339.94
1349.25
1384.00
1396.53
1398.93
1427.95
1431.00
1433.54
1441.86
1454.66
1489.12
1496.83
1509.99
1541.00
1571.15
1594.28
1602.32
1683.24
1752.52
1766.24
1816.70
2974.59
2979.34
3011.17
3015.17
3023.23
3043.20
3057.08
3095.79
3100.02
3104.44
3117.14
3133.57
3249.40
3477.93
3488.83
3491.65
3507.58
3542.09
3611.70
$end
