
$molecule
 O -7.94871047390481 -4.24907448955144 -5.14054244288718
 O -4.35995969472760 -5.27536077476297 -6.66280828348952
 O -9.32433522390147 -5.95063823116853 -4.75082963234392
 O -6.13513214137947 -3.44773854552023 -2.92930342187552
 O -5.01427574214094 -4.73662722343668 -1.50796163454752
 O -8.22460801222862 -7.77106602721501 -6.93209989130601
 N -5.73632265744142 -5.69950480932111 -4.93847540038902
 N -4.97135512417332 -11.61750471692205 -7.38703885149060
 N -7.61072171865782 -10.44528744631663 -7.61376774462617
 N -9.41714757372990 -12.39104643599620 -6.77581563902615
 N -10.14528070590187 -8.49347193300839 -5.98452164030527
 N -10.79683198183921 -10.75458435820885 -5.88053948715924
 N -12.08130460862474 -9.13603288523282 -4.89461792029950
 C -6.95909904700374 -6.35300795305761 -4.53299934595722
 C -6.97967816759150 -6.68567024552831 -3.02640011219105
 C -7.20382804063677 -5.46630528093905 -2.11833008223405
 C -4.99110688458417 -6.09747485811378 -6.03693107220638
 C -4.96659677066690 -7.54993587781532 -6.35464217485504
 C -8.19786609942820 -5.52897649377631 -4.84262733905095
 C -4.94726170753486 -10.25295293770063 -7.06696463590433
 C -5.99094483060769 -12.05436112118108 -8.34909997891387
 C -4.96802842650171 -7.93069405921275 -7.69893366125291
 C -4.87597252804460 -8.53661250232915 -5.37264699160023
 C -4.96297256418246 -9.26444666726862 -8.05537638414480
 C -4.85665942153999 -9.87555024037433 -5.72457880122929
 C -6.00192974450137 -4.52739358948381 -2.14507140071148
 C -7.35719110076015 -11.73280296841067 -7.78816618492454
 C -8.74231634339409 -10.11067306892304 -6.98926746220323
 C -8.28030501364188 -12.70126160901525 -7.36930469397508
 C -9.65676832818818 -11.08703302796024 -6.55284143682440
 C -8.96377381665899 -8.70133032265384 -6.68238003472744
 C -10.99318245614848 -9.49893924040128 -5.62167045799942
 H -7.05217205135612 -7.29336605665702 -5.08872132664322
 H -7.78513832519705 -7.40394105887093 -2.85245783817446
 H -6.03004262417537 -7.15731493881509 -2.76414065448133
 H -7.30315761739898 -5.82260800492170 -1.09040810276555
 H -8.12076145019163 -4.94116003615974 -2.39477345356480
 H -5.72444548873282 -4.69073752123953 -4.84532162206244
 H -5.86647325014842 -13.12843957352851 -8.50694534628189
 H -5.83576735941046 -11.53642002582624 -9.29809518584589
 H -4.99738370429061 -7.16085739043668 -8.46162960882052
 H -4.80196768200932 -8.25608463638877 -4.32741842500117
 H -5.04272930921462 -12.17706367227070 -6.54077435462358
 H -4.99688110922823 -9.54167760573387 -9.10194286044233
 H -4.79464337709019 -10.63787056601910 -4.95485998899890
 H -8.08306557573208 -13.75786878744277 -7.52805565239090
 H -8.77832053300158 -3.80981117683247 -5.39123253601947
 H -10.29510307298525 -7.54529282874238 -5.65833371740281
 H -6.95079520048611 -3.43018871211384 -3.45345380708666
 H -12.78848787477021 -9.84673827220424 -4.81346204593367
 H -12.39161444463566 -8.18185919474839 -4.94272123284390
$end
$temperature
298.15
$end
$mult
 1
$end
$sigma
 1
$end
$pressure
1.00000
$end
$scale
1.00
$end
$msrrho
$end
$freq
16.26
20.38
33.42
41.78
43.62
57.51
63.16
65.15
79.52
90.64
98.16
107.67
122.44
126.84
141.01
150.08
156.47
158.84
174.14
214.87
226.87
242.09
247.24
293.40
302.73
314.83
331.92
350.79
374.49
377.05
379.63
396.65
411.27
426.05
436.45
440.89
446.98
465.96
479.04
490.28
501.54
522.50
536.50
550.02
565.61
574.31
582.24
594.24
602.20
605.96
620.21
630.08
644.90
652.56
687.92
688.87
696.53
704.00
712.33
718.43
733.50
740.02
772.14
804.44
818.50
834.05
837.91
851.82
865.46
875.54
897.74
908.16
913.01
932.72
942.93
974.81
1003.63
1009.73
1014.14
1054.20
1060.82
1069.60
1076.34
1111.33
1113.02
1121.36
1127.00
1141.70
1156.50
1161.18
1162.54
1176.10
1199.46
1207.24
1224.23
1234.49
1243.29
1259.51
1262.20
1264.59
1266.18
1275.60
1289.45
1292.89
1306.85
1316.21
1319.67
1326.33
1339.83
1383.14
1395.41
1428.97
1431.50
1433.59
1441.72
1445.27
1447.32
1484.82
1485.78
1502.72
1539.19
1574.02
1590.87
1594.95
1738.70
1741.85
1772.04
1833.09
3015.55
3025.13
3026.47
3027.69
3056.54
3058.90
3061.56
3085.58
3094.29
3109.06
3114.09
3125.17
3422.13
3441.76
3475.80
3512.44
3540.08
3559.46
3618.54
$end
