
$molecule
 O -1.57213713349667 -9.03357748416863 -3.57771175251656
 O -3.12751550570960 -8.57517554363694 -8.48650952642264
 O 0.13392400639258 -8.63754997931179 -4.95486031929299
 O -3.87033027699040 -11.15132741143271 -8.47093102293879
 O -3.42057952140518 -13.00053336195264 -7.32662156253882
 O -2.13045593798771 -4.01158966536530 -14.31929001824730
 N -1.40168456441594 -8.23594342472496 -7.06161455489967
 N 1.27666819895767 -7.04024396959503 -12.79485486382408
 N 0.43486891178941 -4.52468341772380 -13.18614012359565
 N 1.56921215072149 -2.43610717025598 -11.72677047066976
 N -2.06512712520266 -1.94244066936470 -13.41629906539105
 N -0.27944775669160 -1.10861473027699 -12.13355177643520
 N -2.13177423052035 0.18416122793620 -12.49885608047038
 C -2.10953532088535 -8.58471707603508 -5.84162745444090
 C -2.98602893870261 -9.84590164854574 -5.96179531478563
 C -2.27487432262024 -11.00812996786737 -6.66715844005270
 C -1.95093520383714 -8.26301494024442 -8.29992324060837
 C -1.05344184857440 -7.90710424317263 -9.41961826671880
 C -1.04760903698121 -8.75297708350044 -4.76863270185362
 C 0.52136710708369 -7.27654046252005 -11.65891766381940
 C 2.29032617733531 -5.99352226526018 -12.77778263881477
 C 0.23131903861826 -7.37832334839783 -9.26460529934302
 C -1.53748857738956 -8.11146439141756 -10.71973209722088
 C 1.01062711060251 -7.06975126711374 -10.36341849462518
 C -0.76601356696415 -7.80970315028350 -11.81922757325137
 C -3.25061710847553 -11.82933988864785 -7.51670461712734
 C 1.62026647509317 -4.64861773271325 -12.60996576532334
 C -0.20296355510533 -3.35844378098518 -13.04100651627732
 C 2.18243782013357 -3.59252139742426 -11.88190093451954
 C 0.36194197505698 -2.30161284450916 -12.30138876844008
 C -1.51938895207663 -3.20379532793319 -13.66111105313569
 C -1.44342554220428 -0.97239814502620 -12.68475864582815
 H -2.75769180029971 -7.75037519257025 -5.53557021186261
 H -3.28191785015597 -10.14437284763421 -4.95319071218895
 H -3.89567977974341 -9.57536073935444 -6.50119251309667
 H -1.80388975337432 -11.67484614741950 -5.94258440010544
 H -1.49663810800264 -10.62887942266529 -7.33461226190680
 H -0.40445279063049 -8.11741951245552 -6.94434213480713
 H 2.81227619770395 -6.03059498000090 -13.74008057353360
 H 3.02257613449829 -6.17861216017956 -11.98921355260498
 H 0.63739288977856 -7.18697737911725 -8.27676121265932
 H -2.53643508516186 -8.51376084936057 -10.84731853714837
 H 0.68805693776384 -6.93986556445832 -13.61724982260951
 H 2.00180317584452 -6.66251986184263 -10.20493079967786
 H -1.15184933462705 -7.97365195461145 -12.81914857362341
 H 3.15633128056655 -3.70084103740100 -11.41317830604912
 H -0.86037331564376 -9.13746849689030 -2.92431155266513
 H -2.98494187804427 -1.78320417463912 -13.80107649545155
 H -3.63333318607540 -10.18945526115293 -8.52030867484404
 H -2.85503867919130 0.42400338293451 -13.15342541814376
 H -1.58002400082412 0.94120976039219 -12.13148262359768
$end
$temperature
298.15
$end
$mult
 1
$end
$sigma
 1
$end
$pressure
1.00000
$end
$scale
1.00
$end
$msrrho
$end
$freq
4.68
7.08
10.05
19.44
27.74
41.30
48.44
51.41
64.18
76.52
87.88
90.41
123.99
131.38
135.57
145.51
164.45
191.67
197.92
221.71
242.64
255.14
267.97
285.21
300.60
311.47
342.18
347.52
365.29
368.83
375.40
393.00
403.71
411.40
429.24
431.52
450.91
459.07
473.17
477.38
500.95
515.39
545.46
558.56
572.12
575.84
593.27
598.84
606.95
613.74
618.06
633.76
639.42
649.81
669.61
677.80
680.87
699.69
721.48
735.52
739.90
752.97
788.82
797.37
815.11
829.77
846.49
852.34
863.68
887.71
891.11
913.48
926.42
946.72
951.25
969.06
1006.21
1009.83
1014.02
1053.86
1067.10
1085.13
1105.81
1113.85
1125.79
1129.62
1146.56
1155.98
1163.67
1168.13
1173.30
1177.83
1195.03
1213.45
1223.15
1240.50
1248.12
1257.17
1260.47
1268.54
1269.95
1281.76
1286.60
1297.01
1314.06
1320.74
1338.26
1340.32
1342.13
1395.43
1416.84
1428.09
1436.78
1442.15
1445.84
1447.10
1463.79
1487.19
1494.03
1504.47
1539.73
1568.71
1591.57
1600.56
1654.55
1766.16
1804.80
1819.31
2958.20
3006.97
3025.17
3040.50
3051.72
3059.90
3070.22
3088.71
3098.15
3107.38
3120.42
3122.30
3142.69
3438.17
3476.03
3490.74
3510.51
3544.11
3615.56
$end
