
$molecule
 O 3.42045894489081 6.54761221911830 -0.79859733042928
 O 2.40268845660126 6.58027039427589 2.69806710566376
 O 4.24568714232744 4.65505747383809 -1.62508761620160
 O 0.85926607384877 7.64303180095817 0.65882672517914
 O -0.63780088910903 6.03095143354359 1.03977110366691
 O 7.44360692505782 10.01995406952426 5.42750690337124
 N 2.16914229636946 4.91989355870352 1.20947537979582
 N 8.58484624390935 5.65873425690095 1.45632627386775
 N 8.56144393160855 7.72996091234764 4.13839146407971
 N 8.80171686739905 5.43900820469924 5.71422215015098
 N 7.17789305512994 8.78016434502205 7.29545120586960
 N 7.84807281802283 6.53757581780137 7.50997187068049
 N 6.90632450761013 7.62897442522103 9.28829748472034
 C 2.35207596099273 4.48615282666584 -0.16878124202621
 C 1.02971728505605 4.62930401251245 -0.95613570475256
 C 0.48659041738849 6.06334545596203 -1.07272984659244
 C 2.94224285729799 5.81987321449235 1.91086948105334
 C 4.41099113059093 5.75340509531042 1.74851713306862
 C 3.45526561810066 5.22275401748714 -0.92105905617783
 C 7.20510092362463 5.72118422882050 1.58884717694953
 C 9.42568642699346 6.60415782338504 2.18637225192314
 C 5.15494515761319 6.90961801033727 2.00273675293811
 C 5.08598713826719 4.57424409972179 1.42416527301212
 C 6.53196496293495 6.90637273176269 1.90735191558852
 C 6.46474452584796 4.55694527465295 1.34685994823259
 C 0.15370765083206 6.57918739803310 0.31380884893503
 C 9.06786201162540 6.60841862745971 3.65388674909462
 C 8.16318924485580 7.72545645188133 5.41639925050273
 C 9.18672668225756 5.46445605621666 4.45512237141766
 C 8.27365994787738 6.57032575917161 6.21377770452015
 C 7.58740670565022 8.95110221474700 5.97117695566105
 C 7.31585831277860 7.61538470987709 7.99164908549549
 H 2.62693579506496 3.42160730943720 -0.18732685693285
 H 1.19097987769856 4.22308783084131 -1.95819794209098
 H 0.27298551215053 4.01525241307827 -0.45890046538917
 H -0.43615160820831 6.02819729604721 -1.65649070801114
 H 1.19440606135043 6.72868489405653 -1.56622030710581
 H 1.19680141095885 4.98828001532898 1.48735334308804
 H 9.29395005690174 7.60965115302610 1.77820977370761
 H 10.46450492949534 6.29681889998990 2.03500552037278
 H 4.62902247057691 7.81943401328711 2.27033913808456
 H 4.53155083818628 3.65675379510609 1.26183600858538
 H 8.93986531179443 4.71064159115642 1.49535677561501
 H 7.08230244062988 7.81829822172473 2.10110875194912
 H 6.98367631296829 3.63545559599025 1.10536964041800
 H 9.60482394001326 4.54794758839852 4.04773690710839
 H 4.14421160028240 6.94111183866694 -1.31333940858549
 H 6.77563692334311 9.59505023567162 7.73536093874811
 H 0.83546519227790 7.76055235851767 1.62948492514360
 H 6.83002522051578 6.71529804937939 9.70374764724773
 H 6.21563537977803 8.30600797980186 9.56110154877330
$end
$temperature
298.15
$end
$mult
 1
$end
$sigma
 1
$end
$pressure
1.00000
$end
$scale
1.00
$end
$msrrho
$end
$freq
8.03
12.25
16.44
27.19
32.56
50.04
52.12
68.26
81.53
88.03
101.14
114.91
132.40
135.15
142.59
149.14
157.53
170.33
193.67
208.44
234.13
250.08
257.62
266.76
296.41
305.43
326.63
347.60
356.82
372.49
379.17
385.50
399.37
415.88
428.61
458.50
473.58
476.66
485.58
500.16
528.19
531.83
547.85
556.89
568.82
572.84
577.21
579.84
593.86
604.03
611.97
620.01
632.83
644.09
665.05
679.85
687.48
708.46
718.36
724.00
731.77
742.19
744.10
800.16
825.58
835.32
837.09
843.65
844.41
866.49
900.38
908.12
914.16
938.80
941.09
966.31
1000.83
1010.52
1012.49
1060.40
1066.48
1075.47
1091.95
1104.60
1113.04
1121.19
1144.34
1155.01
1156.08
1164.61
1173.33
1180.88
1201.60
1225.70
1247.83
1254.95
1258.04
1266.55
1272.04
1275.35
1279.60
1295.93
1298.15
1315.41
1323.14
1330.20
1331.55
1337.94
1339.28
1383.61
1385.73
1428.62
1432.00
1436.83
1442.86
1445.84
1448.12
1489.15
1492.50
1507.79
1540.20
1571.27
1591.78
1600.82
1693.86
1766.86
1781.06
1802.95
2969.56
3016.32
3018.08
3034.73
3047.62
3048.50
3084.80
3087.13
3099.67
3114.69
3116.32
3134.42
3456.45
3462.68
3469.83
3491.34
3507.14
3546.16
3611.22
$end
