
$molecule
 O 2.65142697311800 -3.31450056602999 -6.13247021363152
 O -0.18517403436373 -3.52236534324573 -6.24203681158388
 O 4.18499786929548 -1.88384062890408 -6.85034413360912
 O 3.22180787893755 3.13081464699195 -6.32852510569317
 O 1.30278488562801 3.36606421850622 -5.23597266302134
 O -1.56461354229626 -2.57705033923362 -18.10673602208669
 N 0.68386814229249 -1.43614363920239 -6.20115323162119
 N -2.12950918273173 -1.53673903653997 -11.98412392174311
 N -2.43598195288045 -2.21616711124351 -15.40994724267532
 N -4.79591119441304 -0.76131276845435 -15.07707893358989
 N -3.36506200134031 -1.40381836136742 -18.79735340473086
 N -4.98781935503932 -0.49078213915044 -17.36323377950870
 N -5.19738313934957 -0.25565633391947 -19.62940422818330
 C 1.94968011587460 -1.06361280386341 -6.81945215970340
 C 2.45337454225218 0.26528933054264 -6.24233473813645
 C 1.53456129325660 1.42922637778051 -6.62504667929043
 C -0.03242445466258 -2.46896093469304 -6.83656201103859
 C -0.55196688399208 -2.20015479330258 -8.17718458452097
 C 3.04090690086249 -2.14129691703459 -6.59966589141013
 C -1.58906474093288 -1.79662148501751 -10.75052717403411
 C -2.19096787609253 -2.54620909610497 -13.03614078917724
 C -0.92935768306791 -3.28732437274913 -8.97732165076043
 C -0.73282063563988 -0.90255672878471 -8.67442071392538
 C -1.43199813604403 -3.09668672740024 -10.24594554523473
 C -1.24526605474141 -0.70260997740331 -9.93670954704671
 C 1.98740496809729 2.73536834943638 -5.98229666631886
 C -2.94417890373064 -1.98489237478823 -14.21231040158269
 C -3.10394373554417 -1.73088063094053 -16.46429495874979
 C -4.12938047859182 -1.25266945108147 -14.05363557219455
 C -4.29516687364550 -0.99700568456265 -16.30277138958579
 C -2.56587487021673 -1.97397116388930 -17.80369107892223
 C -4.50980784948093 -0.70514575447518 -18.54803725694393
 H 1.80648782417193 -0.96905172505064 -7.90285820594197
 H 2.50957025100848 0.18453951131612 -5.15304523802389
 H 3.46522028193334 0.43714924448953 -6.62125045122841
 H 0.51521956496176 1.22418950584663 -6.29069060887290
 H 1.52835007182661 1.55960275845328 -7.71102324343759
 H 0.83236084776043 -1.69968306913768 -5.22778410679093
 H -2.71712737263072 -3.42808018505559 -12.65551683311629
 H -1.18576036102159 -2.85045419373519 -13.35572676138264
 H -0.80758967462598 -4.29023304419027 -8.58282378208505
 H -0.49832452387772 -0.05039753600462 -8.04706702950427
 H -1.95490861167685 -0.60296059186511 -12.33298049781914
 H -1.70607955635363 -3.95583057917173 -10.84500500426599
 H -1.39447242314485 0.30394407470846 -10.31223625812940
 H -4.53082619921822 -1.06605471986154 -13.06179461772320
 H 1.68629469869802 -3.45546536429783 -6.02499588732791
 H -3.05365864376155 -1.55523285621168 -19.74583493750034
 H 3.67980448496198 2.53017067477399 -6.93094685800263
 H -4.70652996675328 -0.13500115352782 -20.49743214482510
 H -5.91938268309087 0.41185548869508 -19.41591503380246
$end
$temperature
298.15
$end
$mult
 1
$end
$sigma
 1
$end
$pressure
1.00000
$end
$scale
1.00
$end
$msrrho
$end
$freq
7.08
10.53
14.45
21.61
25.10
28.60
45.19
57.58
66.13
70.32
75.72
86.33
102.91
111.55
131.22
134.14
136.94
146.55
170.70
192.19
194.08
212.45
251.23
272.90
299.55
301.48
323.16
341.10
350.54
368.07
374.05
383.15
398.95
419.92
424.70
446.97
455.45
461.63
470.09
477.62
494.45
500.75
521.25
537.79
552.17
572.33
578.64
585.04
594.63
604.72
608.59
618.25
631.97
646.70
648.39
674.99
678.95
707.09
716.54
724.09
737.78
746.51
787.35
793.86
826.13
838.11
856.83
864.13
870.53
895.76
900.62
912.64
932.18
938.70
963.02
968.24
1000.81
1010.60
1042.08
1063.63
1066.50
1084.58
1087.93
1092.81
1105.04
1111.83
1119.55
1135.85
1151.67
1153.52
1159.88
1182.55
1195.61
1223.57
1232.39
1241.98
1247.83
1251.01
1258.18
1261.49
1269.98
1281.63
1287.01
1293.28
1304.47
1331.19
1338.31
1339.01
1342.80
1382.98
1394.87
1430.70
1436.41
1437.78
1439.82
1443.10
1453.65
1487.26
1497.25
1511.46
1540.65
1559.39
1589.54
1600.36
1698.24
1767.88
1807.34
1840.07
2973.99
2998.03
3012.81
3012.90
3019.89
3045.07
3060.12
3092.98
3102.97
3113.91
3124.48
3129.96
3329.92
3398.64
3474.63
3490.55
3510.99
3611.49
3616.25
$end
