
$molecule
 O 1.07583434859598 5.21106499137737 -5.24680535622609
 O 4.17578864331177 2.64348480285099 -5.08165656278356
 O 0.24925506886153 4.98125306842980 -3.19047718673046
 O 0.67293600274506 5.75608734048374 -0.55899238205433
 O 2.43798296527002 6.43709677597275 0.60601333072705
 O 11.83248651928028 9.22409398651692 -11.83447844910448
 N 3.51530745118127 4.72754209655053 -4.47318748550949
 N 9.20629235067303 5.83549070386873 -7.28022575039983
 N 11.04569115646287 7.95974329258419 -9.39637902290883
 N 13.12533515022443 7.14079139213037 -7.72290866630550
 N 13.98911769054792 8.95275500822451 -11.22589634751835
 N 14.68902608688983 7.94360786683941 -9.22203919378774
 N 16.23594906814341 8.77401766351492 -10.68917695846896
 C 2.47701305277089 4.18079770693276 -3.60907867367039
 C 2.78316374052716 4.35044210752860 -2.11982439689095
 C 2.80688532114794 5.82703709135332 -1.67859845590172
 C 4.41635675610826 3.83175274610264 -5.04341407755764
 C 5.63032218909214 4.43297491404910 -5.62786445406144
 C 1.14501603855323 4.83015776865821 -3.98060792048136
 C 8.00420064832010 5.40832959275864 -6.76914573113964
 C 9.36753934546710 7.16352751429946 -7.86343066694607
 C 5.82225209539639 5.80528118337710 -5.81592137375192
 C 6.64756142010395 3.55486600536159 -6.03011309263110
 C 6.98792136543840 6.29045038739656 -6.37658398177829
 C 7.81486869109535 4.02881093098589 -6.58309841538499
 C 1.96083964156343 6.04310583809328 -0.41783971061008
 C 10.81086559972655 7.36723122317863 -8.23877202224001
 C 12.32573296662005 8.16064007852164 -9.73468382135685
 C 11.86098480215086 6.95838944562926 -7.40448506670635
 C 13.37894232531838 7.75070537494164 -8.89429573850075
 C 12.61573604841565 8.81802366862500 -11.00988831466755
 C 14.94445844132148 8.52373257112385 -10.35172464869818
 H 2.39548610714997 3.11021868460734 -3.84807630274369
 H 2.01048790619352 3.80772373596856 -1.56777745542336
 H 3.74256317727119 3.87944717018895 -1.89644450372198
 H 2.40383533130777 6.47337118249331 -2.46254518029934
 H 3.82575763779511 6.15116737596468 -1.46053127957726
 H 3.89519270877416 5.61009246265614 -4.15993692786777
 H 9.07794116493646 7.91672706124410 -7.12273661187173
 H 8.73627471003082 7.28916016237104 -8.75289958825984
 H 5.04699138852675 6.51378952333575 -5.54233176456779
 H 6.49806443405575 2.48938353136567 -5.89360019527544
 H 9.72581148015948 5.11914476967405 -7.77198204284267
 H 7.10245751933110 7.35861074603266 -6.51232403712465
 H 8.59781501358676 3.34106782115172 -6.88342331363136
 H 11.65136081344713 6.46783870000163 -6.45836074760778
 H 1.93734840676915 5.04178989112885 -5.68203691811982
 H 14.25092217720624 9.41726790707393 -12.08332805963151
 H 0.41050768756310 5.48065197065594 -1.46551227578163
 H 16.46163875094123 8.92311320793945 -11.65654446552574
 H 16.91453959365111 8.28243995787686 -10.13212673608950
$end
$temperature
298.15
$end
$mult
 1
$end
$sigma
 1
$end
$pressure
1.00000
$end
$scale
1.00
$end
$msrrho
$end
$freq
6.65
8.98
17.47
20.26
29.82
39.76
46.55
56.80
64.32
72.42
81.77
94.77
119.14
122.35
133.19
138.55
146.60
162.53
175.04
193.45
204.49
233.98
262.54
277.04
291.02
304.92
338.32
339.02
352.11
368.73
371.33
398.30
401.90
420.15
427.70
455.11
458.05
469.68
477.59
483.55
492.13
508.06
540.88
552.85
564.31
577.75
579.76
586.54
599.90
604.43
618.18
625.78
637.68
644.22
654.80
667.17
675.17
685.07
706.58
722.32
733.12
739.57
786.04
803.84
827.58
831.39
838.16
867.65
876.94
889.80
913.28
913.53
923.50
939.16
949.76
968.59
998.84
1004.33
1010.64
1066.45
1069.09
1084.30
1093.44
1094.55
1104.76
1112.02
1125.55
1138.95
1153.75
1157.14
1167.74
1185.68
1196.91
1218.89
1222.97
1225.01
1248.05
1258.17
1261.78
1263.38
1272.50
1277.84
1286.24
1298.32
1301.91
1330.27
1331.25
1338.81
1345.08
1375.43
1389.47
1430.25
1434.18
1440.24
1443.02
1446.42
1450.95
1487.27
1497.53
1511.30
1540.85
1565.16
1592.38
1600.62
1731.01
1767.48
1794.20
1831.03
2968.11
2972.10
3010.44
3022.29
3028.66
3055.16
3067.15
3093.09
3096.77
3103.92
3119.28
3126.89
3316.49
3399.59
3471.07
3487.28
3490.55
3511.01
3616.25
$end
