
$molecule
 O -4.61112506169652 -5.31712266083358 -3.92380355619636
 O -0.67106917557511 -3.72498072127112 -6.00616997560714
 O -3.36700057808628 -5.51977994561247 -2.08851226972868
 O -4.24932335221934 -2.33263671925962 -3.93147569491256
 O -3.69146847234315 -1.33003281533729 -2.02489922895417
 O -1.72693113807431 -7.01315506669841 -12.37998585486988
 N -2.81153608323403 -4.12509946347690 -5.33351259471122
 N -3.62393174075011 -2.72476809594442 -11.55650739958039
 N -3.98770999888653 -5.29438063190576 -12.13339889439603
 N -6.45250532426216 -6.55372035779446 -11.79234147421760
 N -3.11054465047838 -8.78728294005670 -12.17986089847169
 N -5.43752940676892 -8.62938007038776 -11.88054749549346
 N -4.42312870405503 -10.67987386389465 -11.92647109417492
 C -2.31031869907687 -4.66292898308945 -4.06388956949945
 C -1.48615349695419 -3.64962843704955 -3.24777017855819
 C -1.91125800916314 -2.18190111424055 -3.38560363074506
 C -1.84657918411490 -3.80014921370914 -6.29334716712953
 C -2.37936278897501 -3.52605498583813 -7.63948240440841
 C -3.46932606996287 -5.19742609514407 -3.23827124414485
 C -3.25263676027489 -3.01660818632614 -10.25579897906233
 C -4.95329208532449 -3.09418717045860 -12.02166056828533
 C -3.73507568698250 -3.31630921251544 -7.91075569334801
 C -1.46288750246103 -3.44966629938221 -8.69778722951833
 C -4.16855561164957 -3.05902654817963 -9.19684318495903
 C -1.88903767933870 -3.20364705643865 -9.98329424594357
 C -3.36733183290428 -1.90610443860174 -3.02206046838249
 C -5.10496391001908 -4.59893254169928 -11.99568772107555
 C -4.08239148527991 -6.62818787086880 -12.09997169932259
 C -6.33877052761174 -5.24140129816183 -11.82780050355747
 C -5.32307079759599 -7.27024065947288 -11.92489069193773
 C -2.85684057078545 -7.41575671944292 -12.23563403587846
 C -4.35324428263856 -9.32579860688385 -12.01010295734589
 H -1.66000879893328 -5.52747050259577 -4.27003549224718
 H -1.54178595958333 -3.95270222656786 -2.19806760892519
 H -0.44329690356666 -3.71991871758122 -3.56363412913295
 H -1.73403869520498 -1.84356662132312 -4.40943445473654
 H -1.28692150293226 -1.58694078347270 -2.71577532579463
 H -3.58494866205939 -4.66964595919954 -5.69586698669135
 H -5.05272950303682 -2.72887229812345 -13.04961572527989
 H -5.72117175215416 -2.60630243255789 -11.41704536263285
 H -4.46387627392968 -3.33075872882250 -7.10722732606134
 H -0.40992256621945 -3.59989562469430 -8.48609376846726
 H -2.92017007151662 -3.03409694402699 -12.22055469444384
 H -5.22396856303549 -2.88980361202198 -9.37207117653148
 H -1.17457980974847 -3.15883012234253 -10.79760310925555
 H -7.25214437923077 -4.66412890845318 -11.71664896381117
 H -5.30634405412181 -5.62235201434723 -3.31697152922127
 H -2.29909888350248 -9.38417275544220 -12.24901340487657
 H -3.80304857591250 -2.86357818449476 -4.64069870162249
 H -3.68219617394606 -11.22582889842736 -12.32908875405193
 H -5.35495420389359 -11.05287187548116 -11.99859388178458
$end
$temperature
298.15
$end
$mult
 1
$end
$sigma
 1
$end
$pressure
1.00000
$end
$scale
1.00
$end
$msrrho
$end
$freq
4.70
8.58
10.44
21.28
35.28
40.47
49.87
50.72
58.30
80.46
82.43
84.58
122.60
129.70
134.18
137.67
159.71
189.62
212.61
220.63
241.71
255.53
269.34
296.77
303.46
312.82
318.17
344.04
366.61
369.92
373.20
394.52
406.99
419.55
429.17
450.97
470.84
477.47
479.64
503.35
511.62
514.03
557.49
562.54
571.79
575.92
577.56
599.58
600.28
610.64
617.77
620.11
638.98
661.17
666.46
679.01
706.03
706.47
722.61
731.74
737.47
744.77
782.27
793.39
808.38
830.38
848.24
860.48
865.10
890.83
893.36
910.04
913.70
947.67
951.31
967.90
998.66
1005.95
1009.58
1058.37
1066.99
1083.03
1088.17
1113.84
1124.04
1124.82
1141.26
1145.84
1156.25
1167.16
1175.02
1177.36
1190.64
1209.07
1222.37
1237.67
1251.23
1257.21
1259.93
1268.16
1270.44
1285.59
1289.17
1295.33
1311.52
1321.22
1339.67
1340.42
1342.71
1364.53
1396.30
1427.86
1437.35
1441.74
1442.93
1445.53
1452.62
1487.07
1492.66
1505.68
1539.33
1568.36
1590.44
1600.42
1731.10
1765.45
1812.78
1829.99
2942.60
3006.13
3026.54
3030.17
3046.54
3061.30
3064.49
3089.35
3102.33
3107.18
3118.63
3119.88
3123.48
3444.08
3467.31
3490.53
3510.12
3540.27
3615.13
$end
