
$molecule
 O -1.62132969876063 3.79914497140795 -8.96769074960349
 O 1.56125405686448 4.96760749258913 -5.98815063836223
 O -1.58348485106371 1.75151028760490 -8.09520175035943
 O -1.24677543932660 1.75369584744958 -3.00340009900962
 O -1.71573616022397 3.75646162828168 -2.15146231575718
 O 2.20449019493214 9.26191114862663 -11.75143154711874
 N -0.46891834450047 4.96005268098928 -6.96645209655709
 N 1.18393410728613 11.15352356318046 -7.50507103214952
 N 3.00302354202029 10.60865231436609 -9.36654835407159
 N 5.74315954153415 10.65649656293130 -8.84763020808510
 N 4.37437175450301 8.77831533640114 -12.14892073682033
 N 6.15982481844228 9.44818642719545 -10.77403943826987
 N 6.56920874996898 8.26521827040864 -12.69042098787950
 C -0.59811066309464 3.52838752190518 -6.82039047270805
 C -1.35176350384037 3.13950454879809 -5.53514921958432
 C -0.61055065456871 3.63786176598837 -4.28954213683983
 C 0.67633172622211 5.58066290684974 -6.56496594163973
 C 0.76178560487840 7.03471607292177 -6.84129517665601
 C -1.30791255369816 2.91699148061381 -8.01318916882360
 C 1.09507494622312 9.78551064931938 -7.27746186494949
 C 2.47583737636958 11.80566852457359 -7.34402808152313
 C 1.74798821247766 7.75661978232912 -6.16145956362994
 C -0.05832644427632 7.71376345909648 -7.74716653210383
 C 1.91074695698066 9.11281122619959 -6.36145924725713
 C 0.10538632566758 9.06765328987063 -7.96145886536598
 C -1.24905194440499 3.09292338195310 -3.03562790808956
 C 3.49019438767355 11.19192733594441 -8.28372359695856
 C 3.87386220276784 10.02914956557424 -10.20065537874431
 C 4.86924099403318 11.21458527155743 -8.03481656860708
 C 5.25758320986150 10.04642649227105 -9.94226385803468
 C 3.35459197316708 9.35726782137979 -11.39171385517578
 C 5.69766453216419 8.84187919771393 -11.82010665620002
 H 0.41450749923851 3.10214824028082 -6.77544869396149
 H -2.35983097812721 3.56304007899812 -5.55981697898343
 H -1.43621685857808 2.04997396068662 -5.50979304200076
 H -0.62162837037332 4.72767431968727 -4.24288851353359
 H 0.42957400961225 3.30270790307780 -4.32234274629153
 H -1.20108960109103 5.45247760787582 -7.45039309269188
 H 2.81020564634821 11.73839703930195 -6.30573719341325
 H 2.33913619539145 12.86578281579721 -7.58377147218447
 H 2.38928250953981 7.22893681432084 -5.46354585752525
 H -0.81683039370679 7.18381780237054 -8.31398352896847
 H 0.77982499565103 11.39694934888388 -8.40478247647859
 H 2.67938182409564 9.64210269480875 -5.81158416688502
 H -0.52567218946793 9.58341788306012 -8.67698198910111
 H 5.26242376489898 11.69974402094786 -7.14601700165631
 H -2.06561620380923 3.33039479384113 -9.69355889362851
 H 4.07890623751477 8.30719833385360 -12.99154926799384
 H -1.66263823310732 1.45646068443261 -2.17787084547527
 H 6.22919290625870 7.53470088202011 -13.29077574511140
 H 7.49960128342044 8.15086694947399 -12.32364144715829
$end
$temperature
298.15
$end
$mult
 1
$end
$sigma
 1
$end
$pressure
1.00000
$end
$scale
1.00
$end
$msrrho
$end
$freq
5.54
6.12
12.38
14.44
21.95
27.09
32.13
44.10
50.94
59.75
65.74
78.50
89.74
111.51
132.03
135.39
139.72
153.56
180.52
195.75
230.03
236.23
251.80
279.12
294.86
309.95
321.06
342.93
347.30
351.00
370.16
373.78
391.86
399.27
408.51
417.09
432.32
460.90
474.20
483.42
505.74
516.80
528.57
557.86
561.52
568.58
574.51
583.96
600.31
601.24
610.90
619.60
629.45
638.85
643.84
667.07
679.77
693.64
701.47
716.31
723.98
738.33
787.12
794.02
797.70
828.24
848.92
858.30
864.71
892.52
899.42
911.79
941.87
948.81
951.91
968.68
1008.88
1010.78
1041.48
1068.28
1068.80
1087.42
1103.27
1114.33
1120.36
1130.27
1141.43
1153.75
1157.17
1161.81
1173.26
1178.35
1192.82
1206.79
1229.59
1235.15
1256.72
1260.30
1263.68
1269.89
1271.40
1283.42
1284.73
1293.43
1295.97
1321.13
1331.08
1333.31
1339.97
1391.66
1401.33
1427.74
1430.15
1437.93
1441.20
1446.00
1452.85
1488.49
1494.05
1506.58
1539.07
1572.79
1593.18
1601.90
1696.59
1762.86
1806.39
1816.26
2972.82
3005.72
3021.10
3030.45
3040.83
3053.55
3076.24
3088.87
3095.25
3109.31
3110.87
3123.71
3442.89
3491.76
3507.40
3540.33
3546.38
3556.31
3611.63
$end
