
$molecule
 O -5.92629179896313 6.22780659040835 -7.33167649434878
 O -2.93568872153006 6.00630475461212 -9.48460926540219
 O -6.09263057561742 5.96563393060626 -5.12656877751952
 O -2.23241809435019 7.98045910308904 -2.53258441220873
 O -1.72531218304318 5.82380115369040 -2.70375388562136
 O -2.78975646552031 1.61862640971108 -14.48965860955387
 N -3.30239413552676 5.88615908445833 -7.27263760311267
 N -2.39469972274153 -0.31755356842777 -8.83794849171047
 N -1.94832211121403 0.22896583875365 -12.14153795288484
 N 0.79691116204659 0.23141369864549 -11.63971634787712
 N -0.63789237221927 2.18852158048424 -14.86658586834352
 N 1.17041755258073 1.51780401347421 -13.52303459443980
 N 1.53824188658949 2.78721342958439 -15.39195004352085
 C -4.06700423383969 5.24022152916041 -6.22115728992575
 C -3.36550742952057 5.32361359509319 -4.86147826799659
 C -3.13655645427042 6.76485964149861 -4.40173846316138
 C -3.05701389841429 5.30318639984426 -8.50490211717038
 C -2.90012130382698 3.82735226024208 -8.54445066443793
 C -5.46495623309288 5.84566015283440 -6.14428525930525
 C -2.55517101921180 1.05964957682774 -8.79026124569193
 C -2.42251397815516 -1.00829229791398 -10.12495100726751
 C -3.39489104685138 3.14213575409980 -9.65718361577608
 C -2.21045743771667 3.11149750734928 -7.56271537723880
 C -3.24835035516017 1.77399442819285 -9.77413260231756
 C -2.03747471810718 1.74586506787199 -7.68432103045865
 C -2.29610777446977 6.78114403081144 -3.13200061356215
 C -1.43875592586015 -0.38287654404944 -11.08548274780498
 C -1.09657442925551 0.85517302706312 -12.96249531413526
 C -0.05814008287105 -0.37681159485517 -10.84391199752054
 C 0.28872509764934 0.86588894068700 -12.71087773139729
 C -1.63867543229901 1.55048594283957 -14.13050219731914
 C 0.68679108447982 2.15165955793132 -14.54355774657432
 H -4.20003156131003 4.18204089411090 -6.48400529562539
 H -3.97641673534195 4.80190357799712 -4.12045480481671
 H -2.40133926034731 4.81411627380544 -4.92524495736263
 H -4.08654852991980 7.27294159971154 -4.21692373398346
 H -2.59304220388627 7.33005205572205 -5.16528098640000
 H -3.51209036336501 6.87101060019848 -7.39040751707358
 H -3.42806550935811 -0.95697135347243 -10.55045363053709
 H -2.17438714224748 -2.05635230591340 -9.93405133758431
 H -3.90819105034391 3.70178218852446 -10.43120215100813
 H -1.76728377015645 3.63345982211729 -6.72182121675548
 H -1.64950780485278 -0.64695704462704 -8.23575029052272
 H -3.65165906151588 1.26820226963880 -10.64209002701076
 H -1.48791155782753 1.19869113842362 -6.92574764718192
 H 0.35081674383628 -0.88219370280190 -9.97324360015753
 H -6.82417850225654 6.58643187759510 -7.23639552246598
 H -0.95069348080070 2.68242592091684 -15.68974423976739
 H -2.75399023658832 8.66586710920374 -2.96955431067908
 H 2.46585152212738 2.91553240154628 -15.02287346792056
 H 1.17439365451724 3.52922168272430 -15.96360362755345
$end
$temperature
298.15
$end
$mult
 1
$end
$sigma
 1
$end
$pressure
1.00000
$end
$scale
1.00
$end
$msrrho
$end
$freq
7.37
12.59
12.70
17.20
20.20
23.46
33.76
40.02
50.70
65.54
80.57
86.26
100.38
108.24
127.01
134.93
142.98
161.11
186.83
191.93
228.32
233.25
248.25
281.65
299.03
306.82
332.63
347.83
362.05
369.99
378.01
381.48
397.55
405.98
437.89
446.92
447.98
475.28
482.42
495.16
502.51
521.73
531.55
542.82
546.87
556.89
570.09
579.38
594.09
600.56
614.75
618.70
620.68
634.72
643.75
663.93
678.95
688.97
698.91
722.44
727.08
743.38
752.52
773.61
797.25
831.74
835.74
838.05
866.51
867.88
900.33
914.34
917.51
938.82
963.76
968.70
1004.31
1011.26
1016.62
1062.86
1066.22
1074.98
1089.60
1112.83
1114.18
1118.72
1134.62
1143.89
1154.89
1163.89
1174.89
1180.77
1193.03
1206.47
1225.91
1241.48
1254.26
1258.02
1259.28
1271.38
1273.99
1277.61
1287.18
1295.49
1299.37
1322.90
1328.69
1339.23
1347.27
1384.63
1388.84
1418.81
1428.72
1429.95
1442.99
1443.73
1445.96
1488.92
1491.74
1507.70
1540.15
1569.81
1592.14
1600.68
1736.76
1766.98
1802.60
1834.94
2981.32
3010.53
3016.92
3034.54
3042.10
3049.52
3064.41
3084.90
3098.72
3113.52
3115.50
3135.82
3460.45
3462.34
3491.31
3507.55
3546.54
3611.77
3619.86
$end
