
$molecule
 O 5.19164166177933 1.42527235507928 -1.88719473980458
 O 3.42244274705587 -0.41432874640769 -1.74208144072419
 O 5.63861089211380 3.03288208871444 -0.41509927580208
 O 1.52948679092784 5.58209302240264 -0.54333680941129
 O 0.97623345603002 3.43368593255004 -0.35822699762286
 O 1.46610639196431 -9.70989098551314 -0.90564087647489
 N 3.59412432603272 0.43592644484543 0.33237549505780
 N 2.81489119721808 -5.85750539422076 1.44652993129017
 N 1.67424221703014 -8.21505914289628 1.51242437109895
 N 0.92274685938987 -9.54543863613490 3.84369430881132
 N 0.69475727485263 -11.46094342527235 0.29553842690460
 N 0.41079089546215 -11.44641396359198 2.62969039070301
 N -0.05598197181284 -13.33720655293583 1.42880087225030
 C 3.58055216546417 1.81743607649814 -0.14451192568039
 C 3.30782627477013 2.74574802029349 1.04161506802321
 C 3.05227916043570 4.19020987049355 0.60712752204198
 C 3.41982695084726 -0.59844330074011 -0.51915935576223
 C 3.25317019167145 -1.94085843329057 0.06461233116950
 C 4.92951987231985 2.15442272533730 -0.83029925444767
 C 2.92277354910633 -4.56259404438589 1.01659378896321
 C 2.21339159325816 -6.19433266989008 2.72641302521490
 C 3.07044248234514 -2.18795102954676 1.42900367134731
 C 3.26699662690155 -3.03350667807385 -0.81611755673227
 C 2.91199796111447 -3.47548608322944 1.90350423790079
 C 3.11137836453185 -4.31979315451115 -0.35439093825165
 C 1.75038148275149 4.32796357687860 -0.14147784935350
 C 1.73685826200033 -7.62317405051244 2.69188211634770
 C 1.23948407884176 -9.48067519443567 1.47506792225862
 C 1.35587664800286 -8.30274929017407 3.85906240749521
 C 0.85821233044735 -10.15798923139958 2.64769717615256
 C 1.17035220887263 -10.15382094486811 0.17814686307336
 C 0.34279505796664 -12.04001496051908 1.48013132254997
 H 2.78714109526267 1.89860312908101 -0.90010358404055
 H 2.43406865169994 2.37593164888665 1.58634796298514
 H 4.17068467319494 2.72586883732860 1.71350552460471
 H 3.86217180564454 4.56491530499077 -0.02342670090790
 H 3.00026917567154 4.84209064324954 1.48331590647627
 H 3.67797253776070 0.29127232991475 1.32463371337644
 H 1.35935836993500 -5.53352072003835 2.93729929539164
 H 2.94274934002393 -6.06339861292139 3.53530848652218
 H 3.04053680604010 -1.36858326831666 2.14044686173269
 H 3.40442619552199 -2.84535337229445 -1.87521724974862
 H 2.61287838413116 -6.54840529364952 0.72893601152218
 H 2.78283628915683 -3.63754889044321 2.96693431150733
 H 3.12785191851551 -5.15682969288194 -1.04324805536686
 H 1.40980004965896 -7.81082574000155 4.82607845644124
 H 4.49212578991253 0.70175376566280 -2.02056502966856
 H 0.64135740544371 -11.98444669151507 -0.56623379318254
 H 0.68608045002283 5.61923750436390 -1.02355639712602
 H -0.40810594639637 -13.69946176530556 0.56057753907990
 H -0.48860599088697 -13.67328131664936 2.27283051180790
$end
$temperature
298.15
$end
$mult
 1
$end
$sigma
 1
$end
$pressure
1.00000
$end
$scale
1.00
$end
$msrrho
$end
$freq
6.27
9.88
14.81
21.51
31.32
40.30
44.06
54.27
61.16
68.32
82.18
93.32
124.56
135.03
137.42
142.24
150.20
163.55
185.38
199.07
238.64
248.88
254.16
274.23
289.93
301.61
310.11
330.89
340.43
344.96
369.44
372.08
393.12
397.61
419.88
445.07
462.25
470.07
473.73
478.33
484.53
504.91
505.41
528.77
549.29
559.39
576.29
588.59
596.97
605.00
617.57
627.23
634.14
636.36
645.99
656.73
669.28
696.68
716.70
736.38
738.00
784.45
799.00
823.73
827.47
853.91
860.51
863.91
882.74
888.06
899.62
903.05
913.35
958.17
959.23
981.88
1004.34
1011.31
1037.91
1066.74
1077.04
1107.25
1111.40
1114.55
1125.22
1128.26
1144.28
1154.74
1157.40
1174.73
1179.97
1190.73
1202.14
1205.75
1229.77
1233.89
1247.34
1258.53
1270.27
1276.48
1282.93
1287.24
1307.34
1330.80
1334.46
1341.82
1343.75
1346.07
1348.04
1390.22
1410.64
1414.37
1428.81
1433.11
1442.77
1445.17
1451.46
1487.01
1501.53
1511.30
1541.83
1560.76
1591.64
1599.97
1625.76
1766.31
1797.36
1808.58
2748.44
2943.61
2986.72
2988.46
3017.52
3024.71
3046.34
3053.29
3089.11
3092.19
3108.12
3119.05
3121.71
3415.46
3490.38
3510.73
3533.86
3551.98
3615.92
$end
