
$molecule
 O -5.84963456418024 -2.55591567259987 1.10243106824814
 O -4.43619396482510 -4.67953789781151 1.26035472376577
 O -6.72479396970792 -1.63947382360234 -0.73037116653012
 O -6.01975980465033 -5.52383328199307 -3.78211036528517
 O -4.00872332690507 -6.22653625467488 -3.15703961531854
 O -9.35154266332385 -9.23547936681425 4.14564489261552
 N -5.40600348996019 -4.74763099478420 -0.76786948604931
 N -5.94714184539577 -10.85877391303159 1.19410501586423
 N -8.54125667343139 -10.45774541383271 1.70077766581948
 N -10.39252328428215 -10.37390733545261 -0.38321458666560
 N -11.31307461294514 -8.68820060389865 3.16894349703152
 N -11.88659317896827 -9.21887935831631 0.95103055142145
 N -13.33891413366698 -8.02846812008402 2.25852602212583
 C -5.06791022378438 -3.35347017196340 -1.02937547348264
 C -5.21013642751543 -3.01184948900737 -2.51156462637548
 C -4.30977321575209 -3.86020895058843 -3.41893579110613
 C -4.98950596793535 -5.34491416600142 0.37657358240202
 C -5.24643851270177 -6.78495182595803 0.51668384289316
 C -5.98445864352666 -2.41756497802092 -0.19237042834662
 C -5.74075705162957 -9.51208755985593 0.93809574889582
 C -6.89602863142356 -11.59418791081556 0.36787915280014
 C -5.59059935727565 -7.61990079407353 -0.55153554719558
 C -5.11858991702441 -7.34620663974631 1.79537538466503
 C -5.82939612657735 -8.96468772108387 -0.34738899850959
 C -5.36346211020565 -8.68456377489272 2.00560775952767
 C -4.73099873159709 -5.31794385934262 -3.43801580906381
 C -8.27214529448553 -10.98500196984084 0.51681899303671
 C -9.73474201663787 -9.87628035296710 1.86117920376502
 C -9.21134451977334 -10.94228421234171 -0.52157365629302
 C -10.67106721748296 -9.82393626236417 0.81087357701528
 C -10.04503587883072 -9.27180311044038 3.15703959157864
 C -12.15958338372473 -8.68371050027070 2.09830277063140
 H -4.03296342696581 -3.19889999654656 -0.69312419722885
 H -6.25919220255858 -3.11955443714771 -2.80728384326375
 H -4.95041359653872 -1.95736529082491 -2.63536058721808
 H -3.27023588932355 -3.81043316299993 -3.08875900626522
 H -4.36795125642093 -3.47454763498283 -4.44032260925608
 H -6.03479505464542 -5.21881411983442 -1.39738917961385
 H -6.90499310096715 -12.62969079051983 0.72446344854671
 H -6.57324678669946 -11.59936908875012 -0.67556068859407
 H -5.64922413406744 -7.23013674977115 -1.56109596437574
 H -4.83702171049540 -6.70350490070470 2.62213528153227
 H -6.14523422421872 -11.01845878355874 2.17785078765186
 H -6.08423355877690 -9.58754816009590 -1.19608959543629
 H -5.27676834626809 -9.10699609123355 3.00045815500597
 H -8.98580193282407 -11.38079812193914 -1.48941186271741
 H -5.21543683635893 -3.31693491599308 1.32900650399460
 H -11.57473538835652 -8.23107125501489 4.03035437312565
 H -6.48674303479059 -4.72158267741445 -4.05246099977237
 H -13.69230940521842 -7.89324432343517 3.18900983366589
 H -14.01484037436296 -8.20560821279033 1.53457565633172
$end
$temperature
298.15
$end
$mult
 1
$end
$sigma
 1
$end
$pressure
1.00000
$end
$scale
1.00
$end
$msrrho
$end
$freq
5.01
8.58
10.06
24.29
28.44
42.74
44.82
51.50
71.21
73.73
86.11
98.36
120.32
129.82
134.70
139.62
157.47
176.21
211.21
233.01
237.99
250.56
276.02
288.78
290.69
310.70
339.05
344.55
364.50
367.45
371.53
377.80
384.48
393.90
409.38
427.98
448.41
464.81
467.55
475.98
479.07
495.08
502.82
515.69
558.44
574.43
575.28
586.42
599.49
610.74
617.64
630.82
638.57
644.92
663.75
670.07
682.36
699.63
722.17
737.07
739.42
792.44
794.27
829.69
830.58
846.99
857.17
864.01
879.84
892.69
899.42
912.46
921.60
937.91
947.33
969.22
1006.90
1009.60
1024.36
1040.56
1066.86
1083.65
1090.92
1102.36
1113.79
1123.68
1141.59
1151.78
1156.23
1169.35
1176.82
1178.80
1200.48
1211.30
1222.37
1230.74
1244.04
1257.01
1258.86
1269.36
1284.31
1292.85
1296.70
1304.30
1320.50
1330.88
1340.29
1340.80
1347.22
1394.50
1403.24
1427.80
1430.59
1436.81
1441.81
1446.12
1462.46
1486.93
1491.86
1504.70
1539.55
1567.51
1588.23
1600.53
1623.90
1765.45
1811.65
1831.62
2730.13
2975.33
3008.02
3011.69
3019.72
3047.64
3048.36
3060.53
3089.02
3106.56
3118.18
3120.51
3130.28
3440.76
3490.73
3511.27
3533.43
3600.63
3616.42
$end
