
$molecule
 O -0.01970829240045 9.40445146544741 -3.87556088833356
 O -1.50361576157873 10.79681466184556 -6.14583133064041
 O -2.17118159750916 9.67880731264508 -3.36372046648754
 O -0.97869346304737 8.55439094413667 -8.97863449988697
 O -2.73983484232474 7.29983569723257 -8.44873306604348
 O -4.03680801425775 18.39957209427478 -10.40647444032762
 N -2.68575864257034 8.88817714544493 -6.03323854680814
 N -6.15804157810795 12.39226078932057 -10.18381182037303
 N -4.88306198235710 15.69876539743469 -10.80576313378629
 N -3.47072190592972 14.25466170844097 -12.73465357482474
 N -2.42820208869486 18.07576217632443 -11.95585078924773
 N -2.10802678619967 16.07513985511843 -13.14547878344289
 N -0.77489841119894 17.88782690997146 -13.57002363841807
 C -1.62813278445577 8.27866993237252 -5.25040347228968
 C -0.38302306628239 7.97455040602159 -6.09622357609186
 C -0.68174199669202 6.98649390166345 -7.23397947686108
 C -2.47518767958624 10.15175277655437 -6.50491839602011
 C -3.48522381614963 10.68902197930295 -7.44829416413841
 C -1.32622377149811 9.22329764679878 -4.08030685087775
 C -5.27900856928095 11.87384618802276 -9.25088391235178
 C -6.32971567552922 13.83149149557534 -10.32158398565917
 C -3.35414903999461 12.03221337729908 -7.81818697510373
 C -4.52833776165302 9.94282627434321 -8.00526887481397
 C -4.23066905609661 12.62367782008366 -8.70507365936500
 C -5.41062557271509 10.52497839356290 -8.89355014593008
 C -1.58821028676632 7.60641926658682 -8.26913160792036
 C -5.18236500164034 14.44278267240452 -11.08786815382961
 C -3.86971116267845 16.25479912429816 -11.48321794818950
 C -4.47038868176698 13.72640676409649 -12.06069821564431
 C -3.15210043285523 15.53029214036175 -12.45362723434029
 C -3.51485127184117 17.64388735894050 -11.19128445638177
 C -1.78501108762772 17.29850376617571 -12.87393934896508
 H -2.03087362189528 7.35564478410768 -4.81339869029371
 H 0.00802463685414 8.90732590423568 -6.50936422256794
 H 0.38120320712210 7.54186514398788 -5.44656049342725
 H -1.15713225700977 6.08249526915169 -6.84744192785332
 H 0.25850618091848 6.71855850730022 -7.72100124973996
 H -3.38124336778425 8.28357258372435 -6.43899269467154
 H -6.42010483656206 14.32503207010499 -9.34570637330814
 H -7.25929214346075 13.99706908086206 -10.87654381446501
 H -2.54126967261632 12.61038271625087 -7.39188207807306
 H -4.65483610554057 8.89404997810608 -7.76226382953331
 H -7.01577629495412 11.86602352406587 -10.28001815906574
 H -4.09794485480393 13.66331214724324 -8.97608055051469
 H -6.21312335224880 9.93655562947392 -9.32564657364124
 H -4.72979009514143 12.69434236500329 -12.27782995819700
 H 0.09280338119627 10.04882856429322 -3.15790809957669
 H -2.14531504482924 19.03349472061518 -11.80765851131820
 H -1.60698002638197 8.95365065055283 -9.60281797629783
 H -0.19688399328914 17.23967270670650 -14.07897807097783
 H -0.30806665353981 18.67418621057457 -13.15343528833007
$end
$temperature
298.15
$end
$mult
 1
$end
$sigma
 1
$end
$pressure
1.00000
$end
$scale
1.00
$end
$msrrho
$end
$freq
5.89
10.57
14.96
24.38
33.04
39.22
48.61
57.77
60.41
80.42
87.39
95.75
109.75
132.11
138.52
142.08
156.07
160.39
178.30
207.37
214.80
236.52
270.16
296.66
299.93
309.94
330.81
340.84
366.51
369.40
374.59
387.57
396.43
402.27
404.60
419.84
444.99
461.61
473.89
476.24
485.23
495.83
511.86
534.72
544.31
563.69
574.01
578.91
581.27
591.40
600.18
608.96
618.32
626.75
642.48
654.95
671.16
701.86
709.81
720.82
729.26
738.68
791.76
798.09
824.33
829.32
832.89
844.96
868.02
888.87
892.43
913.39
929.98
939.49
956.48
962.79
1002.12
1010.35
1035.70
1045.66
1067.75
1071.07
1086.01
1112.87
1122.14
1127.98
1138.83
1151.37
1155.42
1160.82
1173.08
1181.72
1190.24
1209.14
1221.78
1233.69
1253.76
1257.14
1267.33
1271.73
1275.55
1283.48
1286.73
1288.42
1310.68
1326.41
1333.00
1333.53
1337.71
1382.33
1396.28
1427.71
1431.43
1433.86
1434.04
1441.82
1448.32
1489.41
1496.84
1510.18
1541.17
1570.24
1593.52
1602.56
1699.32
1765.98
1788.63
1814.76
2974.52
2989.96
3014.92
3027.32
3035.69
3062.00
3069.69
3095.35
3099.38
3113.24
3118.29
3134.32
3489.40
3491.94
3507.03
3534.55
3548.40
3554.88
3611.02
$end
