
$molecule
 O -2.52428295603462 -11.50230057810560 -3.98782643867794
 O 0.05435855025327 -12.57669761342737 -3.66424144550582
 O -3.72861770519931 -9.84683541599838 -3.17488824701271
 O -4.09281958799923 -7.16427323148258 -3.67648136835270
 O -3.14850374745864 -5.31377856131008 -2.88588732866683
 O -2.64009788689016 -9.82203097506267 0.11197905682236
 N -0.17297356934870 -10.36491078519053 -3.27683561432299
 N 0.12982512473803 -12.46923167340904 2.73424006840205
 N -2.31659018425604 -12.03994640321557 1.84375382281853
 N -4.32467593369971 -13.96556893044317 1.79001052922229
 N -4.58209773453048 -10.72598604364057 -0.60563644749710
 N -5.44527731769979 -12.78465048313896 0.14057019428365
 N -6.46646741539299 -11.63799646024723 -1.56789654242083
 C -1.37393769365459 -9.72511876305407 -2.75582657878467
 C -1.34057578499646 -8.21675091858391 -3.05569736947331
 C -2.26694829835131 -7.40759320297055 -2.12657906920880
 C 0.06574908136230 -11.68033053713499 -2.83358178600303
 C 0.24790105620006 -11.88276380844199 -1.39988234688856
 C -2.64007184647467 -10.36868377352216 -3.33189907368676
 C 0.23669339993326 -12.32112133456964 1.36084676814115
 C -0.88843367055655 -13.38105133635757 3.24841412891033
 C 0.02423729793488 -13.16675199594174 -0.88167626651481
 C 0.58187287532707 -10.84549140993490 -0.51702716264395
 C 0.02090676771547 -13.38900077335550 0.47746012123071
 C 0.58987869681920 -11.06551685255254 0.84256715322628
 C -3.20742092495580 -6.50826145371664 -2.92542149314866
 C -2.20904362496063 -13.15861105538874 2.53756949883815
 C -3.40063358380324 -11.88173104954348 1.07698366845553
 C -3.24528637894307 -14.10522231683955 2.53140973750022
 C -4.40260030323840 -12.86977950131916 1.01177959280551
 C -3.46357789154121 -10.71440738728537 0.20651377713791
 C -5.47784752222397 -11.75546136463462 -0.65078599621019
 H -1.41037666994361 -9.87763531573138 -1.67088504490745
 H -0.30968885725725 -7.87882276288956 -2.92706886310562
 H -1.60931888511649 -8.05350798802222 -4.10365767515162
 H -1.67667269890020 -6.77579489458051 -1.46091469490589
 H -2.87006795170909 -8.07595156083140 -1.50809321546823
 H -0.17227550895532 -10.35865671731442 -4.29553799644402
 H -0.98624737200049 -13.19199209944153 4.32203458856840
 H -0.56353751410628 -14.41813961192072 3.11981615193770
 H -0.18778464780910 -13.97701907001773 -1.57073423616688
 H 0.83376439426339 -9.86653886619632 -0.90912694191988
 H 0.06621545648102 -11.56543564030088 3.19191486219266
 H -0.19100443834179 -14.38011507997028 0.85946375910094
 H 0.81706879374847 -10.25374199403260 1.52434998354486
 H -3.17817758032461 -15.00277782351089 3.13954903839905
 H -1.62396222274289 -11.90199399554089 -4.03697204090138
 H -4.63570073790030 -9.99249197251036 -1.30232071607718
 H -4.04811999043647 -8.13801710972130 -3.56468521309926
 H -6.29632288747417 -11.04493796268344 -2.36299278582231
 H -6.99501096968709 -12.47876054506423 -1.73010250247593
$end
$temperature
298.15
$end
$mult
 1
$end
$sigma
 1
$end
$pressure
1.00000
$end
$scale
1.00
$end
$msrrho
$end
$freq
7.67
21.44
36.68
40.50
57.40
61.18
63.47
73.70
81.03
92.90
110.14
118.30
139.65
147.31
155.29
160.39
172.77
178.28
189.33
224.96
241.06
247.55
274.91
291.06
313.15
315.19
330.46
339.27
342.00
375.65
381.66
399.25
404.19
420.02
435.59
452.64
475.81
488.00
493.28
506.61
512.09
529.10
563.35
567.02
575.43
599.81
603.05
615.29
618.76
625.67
646.20
654.10
666.10
674.19
675.05
682.40
687.02
708.89
718.66
731.89
736.02
743.93
797.25
806.86
826.73
834.55
854.11
859.92
861.00
890.22
903.89
915.02
926.80
952.78
963.03
994.92
999.91
1016.90
1049.54
1073.96
1074.58
1075.75
1091.78
1103.25
1114.65
1120.56
1124.19
1144.51
1156.27
1162.63
1169.52
1182.14
1187.63
1201.89
1232.17
1248.94
1255.37
1258.76
1269.44
1272.79
1278.04
1284.78
1288.40
1295.48
1316.18
1322.70
1333.82
1336.48
1339.84
1379.12
1395.69
1429.89
1437.70
1440.13
1441.92
1442.63
1461.62
1485.84
1487.03
1506.92
1535.42
1561.73
1583.80
1597.22
1686.43
1716.96
1725.79
1828.23
3009.48
3012.20
3022.83
3029.59
3039.90
3050.52
3072.39
3088.87
3105.65
3111.97
3117.67
3125.50
3242.06
3353.33
3402.98
3451.31
3455.25
3499.06
3605.02
$end
