
$molecule
 O 4.33370379470416 2.69476620192951 0.38758713328991
 O 5.14268911831821 0.30465289654408 0.53364736607244
 O 5.31248688387401 4.60396057773578 0.97390395261653
 O 10.45693838174582 2.58893687715861 0.47117411343404
 O 9.35365887579719 1.63095157666920 2.14686778392456
 O 10.62543566124220 -6.09898534435364 6.46541902436776
 N 6.48316301063851 1.46200462749671 1.94413911268999
 N 6.68941032557350 -4.41232733424954 4.48960342443924
 N 8.06564606316888 -6.50091220035040 5.27664101785528
 N 7.07001335790764 -9.10315999509826 5.36354232721526
 N 10.68354880605681 -8.29861637551882 6.97722054200143
 N 8.96915660395311 -9.82525216306374 6.46847602346995
 N 10.83149492676500 -10.52619156956379 7.59797690795442
 C 6.65402214053181 2.64187105157247 1.10392731567540
 C 7.31576722737262 2.29585448491392 -0.24301196618504
 C 8.51810064706761 1.34700237694610 -0.09263757282408
 C 5.88989473167748 0.32355939979686 1.52210480634486
 C 6.13637734086044 -0.88986053559947 2.31974819579355
 C 5.33436347828660 3.41230910728940 0.82618553861216
 C 6.50148016875207 -3.28367900439912 3.73814476297372
 C 6.10867601359136 -5.69012688906570 4.11087710112499
 C 5.25678247775652 -1.96707768209298 2.15163323466822
 C 7.21318492550303 -1.03531041737505 3.20474326579111
 C 5.42141985478708 -3.14195936594888 2.85374783792348
 C 7.39297690001037 -2.21010313752770 3.90199943155147
 C 9.46812610411131 1.84813425038252 0.96590940927843
 C 6.88678018603679 -6.80321254845019 4.76236189065406
 C 8.76653613467233 -7.48943401185642 5.84603984380712
 C 6.39578638125527 -8.11699887077978 4.81134758825944
 C 8.26986348792785 -8.80478103461834 5.89354469337641
 C 10.07126277176046 -7.17188547005177 6.42595614478429
 C 10.12697877796834 -9.54484611163859 6.97719296982227
 H 7.30198155444256 3.32370825609898 1.66558190075233
 H 6.58698410116803 1.81882691209736 -0.90314979006190
 H 7.63979300619561 3.22991913133032 -0.70905526244972
 H 9.03833449001004 1.27231178330901 -1.04865071234585
 H 8.16717982987065 0.35700066204919 0.20568808747491
 H 7.16374585229817 1.39428937876571 2.68784904240086
 H 6.13932802735111 -5.81921430419023 3.01867977311470
 H 5.05781707751567 -5.73669592466353 4.42179965284515
 H 4.42683446647046 -1.85814893879740 1.46189051791082
 H 7.93647597169042 -0.23677743460459 3.33037140182653
 H 7.60367407910616 -4.51344951178393 4.92161597316059
 H 4.71182723712006 -3.94958217427762 2.72103064330386
 H 8.23256255502768 -2.31807167625086 4.57956413114020
 H 5.42590851696870 -8.35936243964416 4.38644759848029
 H 4.56112303338810 1.69794478143882 0.35590140440260
 H 11.58137119163658 -8.13894988454076 7.41073060123725
 H 11.02417876112322 2.90076683348121 1.19619678381602
 H 11.82340738052639 -10.41181556049965 7.70779702699360
 H 10.49686430839766 -11.45743525613799 7.41540900519657
$end
$temperature
298.15
$end
$mult
 1
$end
$sigma
 1
$end
$pressure
1.00000
$end
$scale
1.00
$end
$msrrho
$end
$freq
8.08
11.40
20.03
26.27
32.39
43.27
46.59
53.77
72.24
83.77
90.55
103.01
116.57
127.06
135.17
137.46
139.16
163.21
183.56
186.90
201.35
254.76
272.13
295.02
308.47
313.64
335.83
337.27
343.16
369.76
374.07
397.60
401.64
416.22
422.73
431.66
468.19
471.93
479.08
486.11
505.51
533.10
548.55
558.34
565.25
571.73
576.19
594.13
604.33
610.32
617.46
633.18
641.90
647.69
666.96
670.93
699.71
715.78
723.95
736.36
741.36
786.69
798.48
824.85
831.94
852.84
860.54
865.57
889.33
896.01
910.54
925.42
937.24
957.78
959.46
969.08
999.70
1005.66
1011.25
1047.99
1066.78
1084.38
1108.27
1114.69
1122.54
1127.80
1157.65
1159.76
1167.51
1177.45
1184.00
1190.52
1201.98
1218.94
1244.26
1249.17
1258.66
1263.87
1270.39
1275.65
1285.77
1293.45
1306.75
1316.54
1331.23
1335.69
1340.33
1343.76
1347.81
1391.81
1426.11
1431.25
1435.20
1437.32
1442.52
1444.73
1448.82
1487.01
1501.13
1511.22
1541.78
1559.14
1588.70
1600.18
1618.94
1765.36
1782.50
1812.26
2626.96
2943.75
2990.17
3020.26
3028.51
3036.94
3057.94
3074.51
3089.55
3104.54
3111.97
3115.84
3123.87
3417.49
3490.63
3500.48
3510.73
3542.02
3615.87
$end
