
$molecule
 O 2.15656452126780 6.13633309349745 0.12014043189029
 O 3.28765577910809 9.62182408872799 -2.75857861998897
 O 3.04754557434301 4.73888110492745 -1.36844114804611
 O 5.47682527287850 9.07027928634775 -4.26795744572071
 O 7.18334575169387 7.65464277832528 -4.33248753541342
 O 5.01153810102130 14.32878242609341 6.27817639012103
 N 3.34754537479844 8.18467192162621 -1.00762123114711
 N 5.60322085243607 13.53083842824919 1.69184348457373
 N 5.58764276048884 15.25709916570111 3.64754803181420
 N 6.38117321652519 17.91980920381233 3.43177881828937
 N 5.50593952345613 16.38850234586187 7.06563655415506
 N 6.18890116590112 18.19303563634886 5.72065906015821
 N 6.03710741677664 18.44576770267069 7.98895428655772
 C 3.00713926265324 7.08595473455730 -1.90936166538914
 C 4.01555869267209 6.82969640703166 -3.04692508098597
 C 5.47119222491562 7.20090937363153 -2.72824824711342
 C 3.54214948356473 9.42961195953798 -1.57489345522073
 C 4.05659493297303 10.47466307337370 -0.68389616582730
 C 2.75876242486048 5.84944098722826 -1.04160911407025
 C 5.07389190554214 12.56451813226292 0.89136580837621
 C 5.76321978024967 14.90948987200431 1.26241393961813
 C 4.49501127453676 11.67148379806863 -1.26970270293953
 C 4.13175598972581 10.34475781484468 0.71084426404076
 C 5.00469961148781 12.69718053208876 -0.50564821917894
 C 4.62950215333973 11.36812667988947 1.48495195699086
 C 6.13259563883109 7.98818624370996 -3.86400764055055
 C 5.88487951313037 15.79292487563332 2.47721401423154
 C 5.68405293907785 16.03789344748359 4.73066699092419
 C 6.28262223018390 17.13516631249345 2.37996203838316
 C 6.08467520456259 17.38271611038216 4.62916741528768
 C 5.36381806293765 15.45873500073999 6.03499311183473
 C 5.90074904305613 17.68144169666820 6.87592017451147
 H 2.04274537914577 7.33916064198735 -2.37210053601056
 H 3.95710332763482 5.76667514366853 -3.29677246138293
 H 3.67919909990110 7.38710019141282 -3.92406128061575
 H 6.07115991663107 6.30795001125853 -2.54473443947500
 H 5.53321557045513 7.83061567731924 -1.83677209120494
 H 3.96924141297615 7.94085485898539 -0.24887173451403
 H 4.89686827232848 15.22909199841493 0.66513282056115
 H 6.65668265080419 15.01077343432815 0.63383925969093
 H 4.43679797829225 11.77294772967435 -2.34803395771802
 H 3.77593979011466 9.44193004847174 1.19665114252159
 H 5.43984389817243 13.44288452512518 2.69073989475362
 H 5.35543080676891 13.60174068142710 -0.98692739794257
 H 4.67888097220247 11.26322663763499 2.56297695648829
 H 6.52503924375412 17.57029230642595 1.41472480855747
 H 1.97169110498962 7.08644060006932 0.20533631473089
 H 5.31614106364677 16.04246225807421 7.99507487796895
 H 4.63727430088090 9.26436166668735 -3.78707097710057
 H 5.54285182441918 18.18157643404390 8.82241932669317
 H 6.14205470790185 19.43032092121445 7.81025797383301
$end
$temperature
298.15
$end
$mult
 1
$end
$sigma
 1
$end
$pressure
1.00000
$end
$scale
1.00
$end
$msrrho
$end
$freq
7.92
11.46
19.05
22.77
32.59
47.30
51.78
53.93
68.09
80.03
88.28
92.54
114.60
124.60
136.19
139.38
159.59
180.58
185.37
190.28
217.34
243.26
261.98
289.49
306.84
320.01
324.22
337.98
340.72
366.71
373.29
397.59
407.30
419.82
426.46
437.59
455.96
468.19
471.70
478.81
481.91
504.50
539.89
547.80
550.58
576.26
580.52
588.47
600.68
604.75
616.53
617.39
636.07
644.60
654.82
661.39
668.95
696.01
714.92
717.07
723.23
736.31
787.78
812.92
822.75
826.13
853.73
860.58
868.68
894.67
901.72
910.12
924.93
957.36
958.41
962.03
1001.06
1009.03
1010.30
1066.18
1066.26
1072.02
1105.12
1109.62
1114.88
1120.93
1127.28
1149.96
1157.42
1163.53
1172.52
1184.66
1189.79
1201.34
1221.06
1231.59
1246.27
1258.98
1261.26
1270.77
1275.80
1279.47
1285.56
1288.80
1308.21
1332.99
1343.67
1345.03
1346.55
1375.13
1397.54
1429.75
1436.67
1442.58
1442.63
1443.31
1459.40
1486.24
1504.57
1511.78
1541.67
1554.85
1590.07
1599.49
1671.25
1764.97
1819.70
1844.51
2950.33
2976.10
2987.55
3023.56
3031.41
3054.44
3064.90
3090.51
3096.62
3112.75
3112.91
3126.29
3230.64
3416.85
3483.74
3490.11
3511.92
3530.12
3617.49
$end
