
$molecule
 O -5.89774005342498 3.24725524133186 -5.72700498172600
 O -6.84456138823663 3.90360454948126 -1.43445303435832
 O -4.17609285731334 1.89564704817846 -5.31600680666429
 O -2.17973272745314 3.05024024031629 -0.70762157758738
 O -2.98883090918343 4.14954027539567 -2.45557536545486
 O -14.54509823997297 0.18363406340935 -7.15160716619019
 N -6.89664327154291 2.71412706350205 -3.36799883340103
 N -12.98900804533921 2.26771255960404 -1.37394508327408
 N -14.06232398192166 0.64055421892810 -4.37343350016451
 N -13.30312483817085 -1.59738818987575 -2.88526651022598
 N -14.03572633367703 -1.99258330471095 -6.83592267253776
 N -13.42818921670040 -2.93050831894747 -4.76861940383287
 N -13.58399169193895 -4.25600856838321 -6.62809151829571
 C -5.43766394205277 2.74864193838189 -3.44070904391454
 C -4.81511002343301 1.68400826501811 -2.52639225108512
 C -3.28230059423329 1.77181699634069 -2.44021107985055
 C -7.48380618632662 3.24676947516029 -2.22793326408909
 C -8.93082529836950 2.97926111566365 -2.08182802182432
 C -5.07634914460419 2.57455562940222 -4.91588079895589
 C -11.66458240021748 2.52750829066616 -1.64932399538335
 C -13.95954934274313 2.08298115365502 -2.44348426537185
 C -9.74116526315796 2.47795047106654 -3.10410572147032
 C -9.51614090531705 3.26575581472091 -0.84131126836822
 C -11.08856047077849 2.25212309122138 -2.89630708882338
 C -10.85661847193327 3.03874798930209 -0.62194694489948
 C -2.81714187885730 3.11170590633668 -1.88646457717894
 C -13.81104818035438 0.72191164035786 -3.07851567369709
 C -13.94234396186856 -0.56423453658027 -4.94693758368556
 C -13.42927639759722 -0.40659368393396 -2.33898673790422
 C -13.56094778149918 -1.69602471996505 -4.20150577280169
 C -14.21129636376516 -0.68385832962964 -6.38028379983747
 C -13.66238048996486 -3.03411854161346 -6.03794950441659
 H -5.12200410126159 3.74994033072495 -3.11925447678113
 H -5.24128754998374 1.80486631509061 -1.52652506032572
 H -5.08625147322934 0.69013629082018 -2.89524001316022
 H -2.85441156151395 1.66669315795704 -3.43991439690060
 H -2.91573993783442 0.94925757070428 -1.82045290775814
 H -7.30943382003991 1.86191474180733 -3.72218275537070
 H -13.86292986719162 2.85692632852957 -3.21509263526689
 H -14.95537653107096 2.16574480834282 -1.99564298337073
 H -9.32566686209957 2.27645901481459 -4.08603215385681
 H -8.89052893899102 3.66735070609971 -0.05151661774723
 H -13.35117487979857 2.74072808745377 -0.55786129359993
 H -11.69190470410151 1.86201461575777 -3.70593124384369
 H -11.29901403477407 3.25500106519120 0.34447289834047
 H -13.21592358904919 -0.31786865829287 -1.27774139083880
 H -6.58833787053737 3.70453786025452 -5.21440235230797
 H -14.22477895187097 -2.14079787276260 -7.81659183904806
 H -2.10983035583142 2.15854983661823 -0.34358645908353
 H -13.12047317347473 -4.95503002348475 -6.07200810941319
 H -13.44281414539018 -4.30012501942560 -7.62179236239981
$end
$temperature
298.15
$end
$mult
 1
$end
$sigma
 1
$end
$pressure
1.00000
$end
$scale
1.00
$end
$msrrho
$end
$freq
8.05
9.53
11.95
12.88
25.66
31.13
46.24
49.70
57.69
64.15
78.80
86.09
98.40
132.72
140.05
154.74
160.75
171.13
187.30
203.68
219.58
245.04
259.23
268.80
300.55
302.65
313.71
340.33
349.30
366.30
373.18
386.74
396.36
407.79
425.02
441.06
443.93
456.96
467.29
473.23
478.66
485.36
507.43
528.65
534.08
565.68
573.40
577.36
584.65
587.89
597.08
616.67
617.83
634.34
645.01
655.74
672.05
700.71
708.44
716.90
726.10
739.29
783.57
791.35
805.70
830.01
833.55
855.26
867.79
883.53
893.76
913.30
915.92
939.25
962.26
989.28
1005.21
1009.20
1029.87
1060.33
1066.80
1075.28
1080.41
1084.58
1105.43
1112.53
1120.02
1125.77
1140.40
1154.72
1169.83
1189.95
1192.88
1198.17
1221.06
1222.95
1242.41
1250.06
1256.66
1259.12
1272.12
1287.02
1287.53
1292.61
1302.81
1326.63
1337.56
1340.10
1342.34
1377.36
1385.85
1428.51
1431.41
1434.29
1435.77
1442.21
1452.65
1488.00
1497.34
1510.23
1540.90
1568.22
1592.76
1601.19
1733.59
1766.75
1821.07
1831.25
2977.05
2998.04
3016.11
3017.86
3020.25
3045.28
3060.18
3094.70
3100.70
3102.15
3117.87
3136.35
3480.00
3491.02
3494.89
3497.69
3509.56
3614.30
3621.81
$end
