
$molecule
 O -1.84463237531577 -3.30267410063708 -6.49506886635494
 O -0.61559181555864 -7.10971321477524 -8.36357048584867
 O -2.95794651621028 -3.46238291944941 -4.56323154587551
 O -1.12560803747221 -7.67579619774033 -2.30159194685809
 O 0.43421777675478 -6.09118588946432 -2.11772063488875
 O 2.57230555694168 -12.58600457557411 -4.55555090850970
 N -1.82308270841762 -5.75069611310743 -7.06703176203705
 N 3.61973457868588 -6.62508158897571 -3.62758643534627
 N 2.94911445343114 -9.99735887155496 -3.39434487687136
 N 0.94463377746963 -9.14803140896374 -1.65254580575299
 N 0.57198917747014 -12.70650401056039 -3.51603720821878
 N -0.29124277552703 -11.04473731885859 -2.09658699962356
 N -1.53195797432905 -12.90670462292252 -2.56894462684150
 C -2.49453629527081 -5.49140940532046 -5.78649143893186
 C -2.04760424603863 -6.37570398870056 -4.60091438372480
 C -1.53427659482262 -5.59711927623688 -3.37889801349629
 C -0.65384500274691 -6.47896064163911 -7.32812687923995
 C 0.48086759021255 -6.43071520099673 -6.38656528997258
 C -2.44906769232727 -3.96723852030684 -5.52121256432157
 C 2.61379453664780 -6.58574395835412 -4.57703666113576
 C 4.14909121768932 -7.90680104029745 -3.17082879599033
 C 1.31402566982985 -7.55652163597167 -6.35171516190048
 C 0.79881836480255 -5.33776072826861 -5.57289172192188
 C 2.36772815891609 -7.63949911852825 -5.46544460230020
 C 1.84783405283123 -5.41517399363690 -4.68029364833389
 C -0.63909692158365 -6.47046166686200 -2.52423043450640
 C 3.02590472937851 -8.83377419819960 -2.76839524156640
 C 1.88527375071295 -10.76775437082649 -3.14025294010185
 C 2.03657237448957 -8.43399950208533 -1.86310768866023
 C 0.84908557532405 -10.32842027800047 -2.29553316856633
 C 1.77575540944757 -12.06163887459275 -3.81667196429626
 C -0.39122554870735 -12.18746734895789 -2.70333944537985
 H -3.55906497628264 -5.69171731988475 -5.96932483216754
 H -2.89072493034190 -6.99606450499590 -4.28620253533595
 H -1.26745733286607 -7.05833543828623 -4.94272070475981
 H -2.37479795311881 -5.24771414546330 -2.77455615164407
 H -0.94731590618633 -4.72504848173155 -3.66627882352484
 H -2.49093972405219 -5.98877709061898 -7.79335546520713
 H 4.81123299483188 -7.70015630733942 -2.32498948141152
 H 4.73454841908128 -8.37432689759270 -3.96715753596158
 H 1.10100791355920 -8.38209641997372 -7.02180105173062
 H 0.22925826256260 -4.41939202262469 -5.64910250115402
 H 3.46592898900873 -5.96739007708813 -2.87235327326266
 H 2.98125675866750 -8.53111084344565 -5.44959157051651
 H 2.06831183935376 -4.57691276151982 -4.02953042854447
 H 2.11981175865134 -7.49252455047491 -1.33207993762878
 H -1.54888220722388 -3.98479545109502 -7.15543801871018
 H 0.42891666184268 -13.59288095917926 -3.97825685140076
 H -0.42324165838887 -8.24952022922562 -1.84565510728302
 H -2.14222976183369 -12.59868947204276 -1.83107158033490
 H -1.51916439399544 -13.88844644703108 -2.77935600206088
$end
$temperature
298.15
$end
$mult
 1
$end
$sigma
 1
$end
$pressure
1.00000
$end
$scale
1.00
$end
$msrrho
$end
$freq
11.71
22.93
30.28
44.73
50.07
59.90
67.19
81.05
88.67
104.48
107.47
126.33
130.21
134.52
152.44
163.67
163.98
190.16
199.31
221.77
238.55
243.39
273.13
288.74
303.74
313.84
336.73
348.02
357.65
372.54
384.00
396.10
402.91
405.73
435.03
444.69
457.00
469.17
479.56
506.29
525.72
532.52
553.44
563.38
569.77
579.93
585.91
603.56
605.48
615.36
619.99
646.19
654.43
669.08
679.11
692.93
705.71
722.39
726.73
731.07
743.12
774.66
797.27
807.33
824.48
834.14
836.38
846.43
858.52
889.10
903.49
915.27
928.36
940.42
963.90
992.16
999.46
1008.57
1028.42
1050.51
1057.46
1064.77
1075.34
1101.21
1110.61
1121.66
1137.81
1153.95
1161.41
1173.59
1179.93
1208.03
1225.30
1236.89
1244.56
1254.45
1257.88
1259.28
1266.14
1270.90
1278.57
1287.11
1294.31
1313.99
1320.03
1322.38
1333.86
1342.58
1345.65
1386.90
1399.53
1428.40
1431.02
1434.32
1441.46
1446.47
1463.00
1485.86
1492.00
1503.45
1543.00
1564.64
1588.22
1595.67
1722.80
1767.39
1771.64
1833.16
2764.56
2978.23
3015.43
3035.36
3036.40
3046.41
3066.88
3086.60
3112.84
3115.09
3121.50
3132.20
3135.82
3144.53
3443.98
3464.93
3489.38
3514.29
3620.70
$end
