
$molecule
 O -4.36412305660680 3.60765432631185 -5.72162893247459
 O -1.26609982055252 4.86855033097724 -1.43273107376260
 O -3.12473459028702 2.56171929374260 -4.20416707978467
 O -2.72467137345954 3.34817489966430 -7.92147070937236
 O -1.21670577702156 1.76560653456802 -7.49910914285311
 O -3.63085448680212 8.78654352680645 3.25453221557166
 N -1.57843427078912 4.64673548182694 -3.64665199007381
 N -3.88712680513428 10.58234122830654 -2.44551120470520
 N -3.41133570752883 10.36808209796648 0.88855684283371
 N -0.95037503003921 11.61853219045366 0.47936190780529
 N -1.46804085786545 9.24999826716073 3.70836736773482
 N -0.10864112117118 10.65733996977336 2.40546770143008
 N 0.72303302506165 9.70114455304365 4.31168916162943
 C -2.49294845250005 4.81187490409696 -4.76040373790552
 C -1.71749086874216 5.10989079505697 -6.05844267926409
 C -0.86241254097863 3.93577570434985 -6.54213898153142
 C -1.68402507542705 5.35002756310331 -2.46230265487214
 C -2.28046446957119 6.71392765919396 -2.51958453924338
 C -3.34406143802880 3.53475209019409 -4.85811405210849
 C -3.35550840604667 9.29879186828552 -2.42517533422380
 C -4.30250032206263 11.20697006331900 -1.19028173381450
 C -3.13278061615103 7.09615578602986 -1.48049574920929
 C -1.96046715442846 7.64878612697346 -3.50545479483660
 C -3.68562356668038 8.36113846509894 -1.44054312270386
 C -2.48860744309332 8.92613390710119 -3.45934941678356
 C -1.60288746613174 2.88743847121603 -7.34397627970995
 C -3.19150012143090 11.13002946828876 -0.17003220313392
 C -2.40499792895072 10.21290586577272 1.75692079996576
 C -1.95345710340478 11.75796387179765 -0.36263679009192
 C -1.15707047483835 10.83143718934833 1.55004452729301
 C -2.62039914952916 9.36100851340920 2.92740810550430
 C -0.29156061351546 9.87879115646695 3.42447886228076
 H -3.16452343083316 5.65650244060610 -4.55824880622388
 H -2.41794783028201 5.41504886979090 -6.84019656400236
 H -1.05874917449850 5.95742334759927 -5.85474627496958
 H -0.36532671555090 3.43692104187623 -5.70701009599999
 H -0.07681531036380 4.31098821180443 -7.20560986315094
 H -1.34398032330113 3.67385276965622 -3.46562040008417
 H -5.18917828153322 10.70017256948527 -0.80083081961117
 H -4.56130767428074 12.24522460595478 -1.41686811766277
 H -3.36262137683575 6.37862694804874 -0.70078425727670
 H -1.25587717279925 7.39198475494608 -4.28902163095998
 H -3.35039951526314 11.21422195421259 -3.02855412822293
 H -4.35072844550849 8.62537815288329 -0.62839031085681
 H -2.22035395281453 9.65203611562855 -4.21989524108339
 H -1.78399667433347 12.38594545996708 -1.23315270562850
 H -4.33999244834839 4.37864128854335 -6.30446490494346
 H -1.55459562577682 8.67322229237829 4.53256649156551
 H -3.14301686690034 2.61280921489493 -8.40000168934973
 H 1.62188550623517 10.00227723695189 3.97321003337150
 H 0.71201239673147 8.87762955510202 4.88751499552679
$end
$temperature
298.15
$end
$mult
 1
$end
$sigma
 1
$end
$pressure
1.00000
$end
$scale
1.00
$end
$msrrho
$end
$freq
6.71
10.58
12.86
13.45
25.70
33.49
33.71
47.06
50.11
64.87
77.97
101.66
111.95
132.61
135.54
142.78
155.79
164.36
167.13
197.97
233.45
245.20
277.09
283.29
305.86
324.67
347.57
348.45
365.04
377.80
379.40
397.41
404.17
407.73
417.41
423.26
447.38
475.51
483.46
489.18
498.54
522.40
525.83
532.26
555.23
567.79
578.97
580.26
594.57
600.68
613.55
620.03
629.88
638.48
644.69
647.18
679.54
691.73
702.79
722.91
728.22
743.43
745.95
796.18
812.02
832.20
836.06
838.40
866.42
873.13
898.10
910.76
913.70
938.97
952.02
967.06
980.91
1004.60
1011.52
1065.34
1066.24
1073.79
1096.27
1108.08
1112.92
1118.69
1133.46
1148.15
1153.58
1154.77
1165.58
1180.23
1189.30
1203.29
1226.34
1248.78
1252.69
1257.93
1259.81
1263.79
1270.86
1276.49
1293.01
1297.56
1318.55
1322.28
1326.01
1338.35
1339.61
1383.59
1395.55
1417.74
1428.94
1429.29
1443.36
1446.25
1455.58
1489.12
1491.49
1507.37
1540.31
1570.58
1593.22
1600.05
1740.27
1767.83
1821.90
1841.48
2985.71
3014.09
3017.42
3027.69
3049.97
3051.40
3055.13
3083.83
3095.49
3110.57
3116.34
3136.16
3420.53
3457.85
3490.91
3507.25
3542.23
3607.19
3611.31
$end
