
$molecule
 O -1.56614360223959 2.44461628184984 -4.34742841473023
 O 0.82401083320927 1.74861415205298 -7.41493743321953
 O -0.56389488631897 2.52785343266143 -2.36246606441170
 O 1.58824375120835 6.82559095000525 -0.93393703809666
 O 0.72881596238955 7.42956201436670 -2.89829959362832
 O 5.11821583124323 -3.05047845543306 -8.91129431381238
 N 0.55577664985589 3.17354241307719 -5.69891624897284
 N 6.53003873685234 0.94077116937320 -4.67956369351850
 N 6.53787812273728 -1.12894744046792 -7.34770980143910
 N 7.77296287667519 0.92981177395575 -8.77051278991210
 N 5.63735974848548 -1.86090845645342 -10.75868513425541
 N 6.96041729709999 0.08190967454225 -10.76107445339252
 N 6.15477160123665 -0.76042282134899 -12.73124809392452
 C 0.65100180122013 3.34936843040801 -4.26546017706237
 C 0.70625510696218 4.85059146793700 -3.91851129376161
 C 1.11763387956384 5.09065747664412 -2.46716240055118
 C 1.28374269840104 2.23738528413416 -6.40490719996830
 C 2.64765701968815 1.91910435392501 -5.90527759315382
 C -0.53853270597454 2.72133829088447 -3.54882749153864
 C 5.24598423970216 1.23287736075913 -5.12065058814972
 C 7.23301454658924 -0.21938229674169 -5.22350605268682
 C 3.10192749824543 0.60279545412045 -6.01453625340211
 C 3.51793549125759 2.89507927097427 -5.41388175818498
 C 4.37467277249194 0.25261215716681 -5.60815675233203
 C 4.80176666509062 2.55773723692744 -5.02805141063707
 C 1.11272675527860 6.56845932770001 -2.15554514471834
 C 7.22667336633015 -0.18155894087778 -6.73340661125401
 C 6.44980748362071 -1.06151744217814 -8.68153806347381
 C 7.84605143745089 0.84578454018554 -7.45824833657568
 C 7.06275753391692 -0.02010930407209 -9.40420261199176
 C 5.68001473589789 -2.09052856765882 -9.38176051682321
 C 6.25652220120856 -0.81429394999631 -11.37635891291215
 H 1.55751491800608 2.85688676747256 -3.89464025537525
 H 1.42865675408192 5.32653876797444 -4.58655613140882
 H -0.26710250879938 5.31088730297722 -4.10875586500831
 H 2.11635341371458 4.69490794173163 -2.26503841546961
 H 0.42903572405181 4.60073964805128 -1.77313448818526
 H -0.38493674151974 3.26567321967049 -6.06546472040908
 H 6.75043901078534 -1.13834199191751 -4.88095053397885
 H 8.25396085056550 -0.19094728775284 -4.83202979763984
 H 2.43447300443309 -0.14998384969140 -6.41905500279945
 H 3.20295326854882 3.93236880068315 -5.37485987587828
 H 7.12132506618632 1.76232352053242 -4.63111562190273
 H 4.69610086330990 -0.77744816358699 -5.69461365248388
 H 5.47758080231363 3.32343762815349 -4.66177235836747
 H 8.41168396345636 1.61843426573775 -6.94455733956552
 H -2.28566420056631 2.05362143283891 -3.82441299638903
 H 5.12121873990914 -2.54098363672250 -11.29764953092800
 H 1.55405408958867 7.78287385192566 -0.77347310348749
 H 6.43991510235576 0.11909728189768 -13.12919160027904
 H 5.37443743015034 -1.21937933827418 -13.16747546795336
$end
$temperature
298.15
$end
$mult
 1
$end
$sigma
 1
$end
$pressure
1.00000
$end
$scale
1.00
$end
$msrrho
$end
$freq
7.45
11.50
12.91
14.83
18.88
26.66
34.68
49.82
50.71
60.94
81.25
88.86
103.59
112.41
125.13
134.71
142.84
161.21
177.70
191.31
226.13
240.03
259.16
278.69
284.82
306.48
327.42
346.99
349.18
366.13
378.87
381.37
398.50
409.14
441.52
448.00
471.32
475.84
484.55
495.18
499.71
528.35
531.98
556.73
565.91
575.24
579.93
594.53
599.02
607.45
619.94
624.98
629.36
635.64
643.60
647.81
680.14
702.49
720.63
723.26
723.51
731.81
743.42
766.64
797.41
831.93
835.96
838.46
863.34
866.50
900.42
904.91
914.86
938.95
966.54
1003.65
1008.77
1011.50
1059.09
1066.16
1074.53
1077.97
1111.01
1112.89
1117.59
1120.10
1141.17
1144.58
1154.90
1161.43
1168.95
1180.40
1207.40
1226.03
1228.81
1244.23
1254.72
1256.79
1258.21
1271.34
1276.19
1281.37
1294.73
1297.70
1299.63
1322.78
1327.77
1339.24
1348.83
1384.22
1395.46
1417.71
1428.73
1429.83
1443.02
1446.13
1461.96
1489.15
1491.59
1507.59
1540.24
1570.84
1592.67
1600.57
1735.01
1767.19
1797.94
1813.16
3007.62
3017.15
3021.03
3030.28
3043.12
3049.82
3055.17
3084.36
3095.98
3109.60
3115.30
3135.87
3459.85
3463.96
3491.24
3507.14
3544.22
3552.26
3611.21
$end
