
$molecule
 O 4.48007210360711 6.61128459659583 1.13948304022923
 O 2.96827394371568 5.54515852014343 -1.00481295274377
 O 5.80875067636882 5.12600117529224 0.14130454771033
 O 2.73542816483949 0.42160530381464 2.85288693405146
 O 1.74119663612012 2.26117605933924 2.10137847720821
 O -9.20738379009813 4.31400103071587 -1.05105128948237
 N 2.44444076910439 4.84059220029470 1.07514818667125
 N -3.31634727135990 6.47865424673889 -1.30220148457886
 N -6.77013446264981 5.80695854041446 -0.99780410838328
 N -6.90937465110738 8.39882654660796 -2.02806969877447
 N -10.22096023226280 6.09084180478688 -2.00412077352869
 N -9.15396409361557 8.12397964877990 -2.50252424534543
 N -11.38617634692923 7.86337290108648 -2.93890872941536
 C 3.79593418172487 4.33166794249898 1.21981840919410
 C 3.99458455318419 2.99079602469032 0.48463168942905
 C 4.01781238782430 1.78217689126902 1.41968154134067
 C 2.11463233204027 5.33208277396967 -0.16214857883186
 C 0.67724531224384 5.61606686988901 -0.38446323203049
 C 4.78872834189328 5.38423613232634 0.72053070199426
 C -2.01227622710991 6.15704619514698 -0.96587383713020
 C -4.43096728201672 6.04283969416601 -0.46624234881048
 C -0.28330517600940 5.62111185823229 0.62843785614295
 C 0.27358453479802 5.90791581780038 -1.69280767871131
 C -1.61069034853629 5.89113483208713 0.34753805510061
 C -1.04735359134071 6.17168203242639 -1.98345207571541
 C 2.71061070028242 1.54796115563056 2.13684752379979
 C -5.71254146054612 6.59885182426941 -1.02461564359826
 C -7.91866231134589 6.29947265504743 -1.48077976704380
 C -5.79154840708450 7.89937844067161 -1.54391905691766
 C -7.99438978470783 7.60538570807402 -2.00116505499023
 C -9.10678740224087 5.44574640581248 -1.46164526497463
 C -10.20267307256447 7.36559461187615 -2.48958250412635
 H 3.99207159571611 4.21875910740389 2.29431807393932
 H 3.20058607049265 2.86755080742863 -0.25538990954729
 H 4.94645163036845 3.02734466894603 -0.05298612679950
 H 4.79523731794894 1.89019570782057 2.18227378411873
 H 4.24977806140766 0.87388750161963 0.85627007290516
 H 1.74617073594523 4.31592635106895 1.58446747414725
 H -4.28818529859745 6.42688744440868 0.54939017458033
 H -4.49488183406800 4.94756574623077 -0.41698273538211
 H 0.00162051842351 5.42919954700286 1.65717670926144
 H 1.02124420962563 5.91770042974173 -2.47862307685463
 H -3.50979344270073 6.35777992518391 -2.28971410079012
 H -2.33031140862758 5.89584453113911 1.15702468914168
 H -1.35132508655067 6.39358899521903 -3.00092252040277
 H -4.91172252890341 8.53592288003129 -1.56265318911419
 H 5.11824604460793 7.23503587768427 0.75766912268717
 H -11.07749990365884 5.55643415054743 -2.00067223833021
 H 1.87968884623353 0.30364640675754 3.29732783994804
 H -12.09251935351006 7.21510440267142 -3.23950604443504
 H -11.29916790036172 8.71475107861667 -3.46859563680418
$end
$temperature
298.15
$end
$mult
 1
$end
$sigma
 1
$end
$pressure
1.00000
$end
$scale
1.00
$end
$msrrho
$end
$freq
7.00
8.98
14.02
21.35
21.96
28.04
36.28
50.12
60.64
69.24
85.85
88.29
105.95
126.45
133.24
134.37
146.10
165.35
179.18
190.04
192.55
234.13
254.72
278.63
291.61
304.11
330.76
341.17
354.90
369.71
373.80
397.01
408.04
418.13
441.96
460.83
465.67
477.08
481.17
482.18
494.17
504.03
512.33
523.87
544.95
549.92
573.20
584.78
594.92
596.17
604.40
616.57
619.16
638.09
643.75
650.33
659.88
675.59
708.93
712.22
730.31
739.56
788.77
801.91
829.93
832.25
838.03
850.72
869.09
889.00
892.61
913.81
934.17
939.66
944.93
969.45
1004.10
1011.93
1043.82
1050.73
1067.48
1083.87
1094.78
1112.29
1121.43
1133.90
1137.61
1147.40
1154.69
1157.41
1167.41
1175.83
1186.95
1218.25
1222.48
1232.26
1240.66
1251.86
1256.86
1269.73
1272.02
1284.53
1293.12
1295.59
1329.49
1336.83
1338.59
1344.27
1346.18
1383.24
1388.02
1416.87
1429.35
1433.68
1439.95
1441.97
1442.01
1488.63
1494.47
1511.72
1541.04
1572.66
1594.28
1602.46
1709.24
1765.74
1795.77
1803.82
2967.51
2985.60
3011.38
3012.38
3026.68
3035.65
3060.80
3094.51
3099.64
3106.02
3116.69
3123.50
3458.97
3489.95
3491.73
3508.33
3548.67
3564.06
3612.74
$end
