
$molecule
 O -0.59476679213074 12.15613606469512 -9.44578757803132
 O 2.78704556864521 13.04507132901598 -6.09549538832083
 O 0.58615808814693 10.27116550889112 -9.40123780247417
 O -2.80285159067834 12.09223641002003 -7.68599359400534
 O -3.31994735432153 11.45357933077730 -5.63653162583351
 O -1.29617818457411 14.87171809771698 -7.61362173352782
 N 1.32308567892060 13.23121178438159 -7.82475653065719
 N 1.36687140659051 19.28387532574116 -6.12811588757869
 N -1.09685070772140 17.59722226857200 -6.70016538274954
 N -2.72818953838483 18.26163055881529 -4.54095033692687
 N -3.06038636355900 14.62691304142072 -6.23284956821406
 N -3.71432518339321 16.17539307694251 -4.59339006971425
 N -4.70949410380316 14.10338295778118 -4.71940490522110
 C 0.90540638179299 11.85561610940572 -7.61040293856652
 C -0.10095267158540 11.83674013400327 -6.43327804298893
 C -1.19128369113047 10.74439776113641 -6.49193477576940
 C 2.15890092165625 13.75598482190374 -6.85470073127895
 C 2.15684256337471 15.23303034114137 -6.79588026299120
 C 0.31680310218049 11.32533883696691 -8.90161493649350
 C 1.71572755611281 17.95712922304436 -6.39217743424565
 C 0.05542344743049 19.71967243284717 -6.63073620463228
 C 1.70217122747941 16.03734025405000 -7.84416280466596
 C 2.50301926789459 15.83354814631335 -5.58187999848831
 C 1.49884611196462 17.38791370509337 -7.65068135268618
 C 2.28636685797013 17.18236487788954 -5.37787920463988
 C -2.54068961862360 11.43038865985173 -6.55256514476348
 C -1.01605863542131 18.78450979677767 -6.11779179470309
 C -1.96906867832046 16.71310185004964 -6.20107490483858
 C -1.83673512163711 19.10073564304375 -5.02594942010391
 C -2.80974479187826 17.04729009266930 -5.11606704544251
 C -2.03175489901076 15.37188925250960 -6.77575953220592
 C -3.81157710713263 15.00981485012875 -5.15937770659301
 H 1.78731651362611 11.25351695613889 -7.36685268168682
 H 0.47466511271278 11.73204146027665 -5.51130082661253
 H -0.58409772540535 12.81751508526963 -6.39931015602129
 H -1.16406191769747 10.12579229892168 -5.59377324933888
 H -1.06733432132945 10.09503091073079 -7.36020470683140
 H 0.56429753518159 13.83542217971879 -8.12626276304880
 H 0.06982473833009 19.71898358797523 -7.72286052545202
 H -0.10889005420300 20.74131519866644 -6.27966847145900
 H 1.48930687803224 15.60429662104414 -8.81478516760488
 H 2.89121404173119 15.21161258617835 -4.78251178569316
 H 1.44311553310366 19.48495204808940 -5.13466311325096
 H 1.11059655887848 17.99002095975144 -8.46224826907610
 H 2.50725735598527 17.63339924315150 -4.41633642830920
 H -1.76771494049729 20.07451099265178 -4.54866681553275
 H -0.87080337454502 11.80091920195299 -10.30749928073288
 H -3.21344944292943 13.71090426173193 -6.63316947053412
 H -2.04286735374984 12.20150691077849 -8.29339319333314
 H -5.12072804089926 14.30127372390458 -3.82326988028015
 H -4.56168324354753 13.13483422939296 -4.96135757598148
$end
$temperature
298.15
$end
$mult
 1
$end
$sigma
 1
$end
$pressure
1.00000
$end
$scale
1.00
$end
$msrrho
$end
$freq
18.41
28.60
30.50
36.10
50.28
63.42
64.76
71.17
81.47
94.05
100.36
112.98
129.89
139.75
147.94
152.43
160.03
166.70
178.74
220.68
239.47
244.38
247.85
286.61
313.09
319.06
333.25
347.42
371.22
372.61
380.65
406.32
409.85
428.30
436.93
454.68
470.14
484.00
486.72
500.25
526.32
527.50
549.94
566.34
569.45
590.55
596.73
600.51
605.38
615.88
629.54
639.73
655.00
657.51
664.96
686.08
705.93
712.24
718.69
739.04
739.86
754.80
780.56
800.36
802.26
829.80
843.03
864.56
867.48
895.99
905.77
910.97
926.01
941.56
972.40
979.13
1007.00
1018.02
1020.44
1049.29
1069.24
1078.98
1080.01
1097.01
1115.14
1118.70
1123.98
1143.43
1149.71
1159.44
1165.63
1180.02
1199.57
1223.55
1228.28
1239.04
1248.42
1257.35
1263.88
1266.96
1269.97
1273.90
1276.40
1287.43
1294.92
1321.92
1328.93
1335.70
1343.54
1382.88
1391.91
1428.48
1432.90
1438.16
1441.59
1449.06
1453.29
1485.00
1486.94
1498.14
1536.41
1576.34
1590.23
1599.29
1702.75
1728.41
1791.48
1822.58
3027.83
3027.92
3032.61
3040.63
3059.57
3059.60
3074.08
3083.82
3099.06
3112.41
3115.50
3130.63
3382.03
3428.76
3437.94
3472.91
3488.49
3533.78
3596.63
$end
