
$molecule
 O -7.97019378222995 -7.40333489614977 -2.78026921277156
 O -6.75175314724063 -5.65768122953206 1.41929294628341
 O -7.35864705715514 -5.36197821560944 -3.40820374865602
 O -5.01885831141972 -7.19916355120754 -3.95613345205292
 O -3.99712832244203 -5.44169359709013 -4.85676014489416
 O -8.67151269384379 -9.64980380128876 -0.78019014608901
 N -7.09174499339469 -7.09176382183907 -0.29087495980242
 N -9.13202391279676 -10.85959697542954 4.35417326906491
 N -10.01830779818419 -10.80993711286952 1.43561362264513
 N -12.59890783169579 -9.88705153594823 1.93269709850841
 N -10.51768492448575 -8.42243899935441 -1.20369387849591
 N -12.49272376088199 -8.51068311486447 0.07253635616380
 N -12.31713953160588 -7.04202670281843 -1.67324159964988
 C -6.64562496802219 -6.10460814325818 -1.24815114525437
 C -5.11182881591233 -6.21795422451402 -1.41769597621170
 C -4.54647649726476 -5.33055157290882 -2.52761662849120
 C -7.03986270748366 -6.77786983987057 1.03433735703800
 C -7.43300495754579 -7.87853646535749 1.95387081059456
 C -7.35214157800424 -6.23124198841736 -2.57803339279506
 C -8.47217724394769 -9.87308436699589 3.60394283093859
 C -9.84950876873988 -11.88355539443871 3.57078839018236
 C -7.17035375618384 -9.22157427315601 1.68495670145399
 C -8.11741636544936 -7.54176234425709 3.12372800959510
 C -7.67122099724629 -10.21117162049071 2.51052594221944
 C -8.64154644214897 -8.52745329980061 3.93965360228180
 C -4.49145887131626 -5.96780517655713 -3.89880777833454
 C -10.67302304229660 -11.16324070729044 2.53260928820433
 C -10.60720784820372 -9.93482439842460 0.61290229730048
 C -11.97914700288644 -10.70637437736339 2.75935567190437
 C -11.90288673374099 -9.44853893073501 0.86925605371401
 C -9.82174232601627 -9.38927810738108 -0.48826244234154
 C -11.79360940735603 -8.03297097103660 -0.90802339690677
 H -6.87603251643802 -5.10857631762872 -0.84559033395393
 H -4.67374184531641 -5.92341221651383 -0.46069128087191
 H -4.85122244605836 -7.26391312460751 -1.59626254282917
 H -3.52043757624586 -5.03814616123254 -2.28731759098132
 H -5.12225314861501 -4.40593629653972 -2.62674214557717
 H -7.31314663057803 -8.02338819018642 -0.61610513869882
 H -10.46517015400828 -12.45908730355866 4.26527131847429
 H -9.12549485220248 -12.54643091259916 3.09249015424918
 H -6.58453506798041 -9.50120999225778 0.81725370305826
 H -8.27606990234262 -6.49434579309943 3.35619713609452
 H -9.77149906489432 -10.42622602642608 5.01574597462309
 H -7.48621282441109 -11.25049299124021 2.27104023531233
 H -9.22070876271682 -8.26004438066570 4.81717020532108
 H -12.53090390540392 -11.02673637956937 3.63872564337591
 H -8.26081514516463 -7.43712418654066 -3.70582260380272
 H -9.98561834583730 -7.94905107353712 -1.92193074588420
 H -4.92834856997548 -7.52550857349154 -4.86626193457831
 H -13.30616729482389 -6.89890836150645 -1.55966993463915
 H -11.92683854971954 -6.86953696251156 -2.58207746403610
$end
$temperature
298.15
$end
$mult
 1
$end
$sigma
 1
$end
$pressure
1.00000
$end
$scale
1.00
$end
$msrrho
$end
$freq
11.45
17.21
22.65
28.73
30.61
38.35
52.11
61.65
76.39
78.73
86.34
94.15
106.69
131.86
144.43
147.70
157.82
163.27
188.62
224.70
242.80
251.29
276.74
280.51
308.93
318.34
337.78
342.81
347.88
349.87
376.53
385.59
395.28
404.76
418.18
447.01
460.09
471.86
479.26
480.94
507.37
528.03
534.28
560.10
563.86
571.35
575.56
582.39
590.66
593.87
603.65
610.96
623.89
643.45
648.61
659.77
690.12
708.06
713.77
723.41
739.68
757.23
785.85
802.44
806.17
837.66
841.35
853.74
865.25
879.72
894.57
899.98
915.27
939.28
972.67
983.45
1005.69
1011.39
1038.45
1044.70
1066.73
1072.17
1096.96
1114.97
1119.00
1131.48
1141.03
1147.35
1158.12
1160.27
1167.45
1174.73
1183.73
1213.33
1227.48
1242.31
1251.31
1260.87
1264.93
1268.37
1272.97
1277.68
1281.30
1289.75
1314.90
1318.24
1321.21
1332.56
1336.76
1376.04
1396.58
1416.50
1425.07
1430.10
1439.30
1445.86
1460.10
1483.53
1484.80
1498.87
1536.31
1578.22
1589.63
1598.17
1711.14
1732.79
1796.76
1811.65
2986.72
3020.04
3030.07
3030.69
3043.23
3059.13
3064.68
3086.76
3098.01
3115.31
3117.58
3133.13
3422.19
3469.54
3474.04
3515.62
3554.60
3556.16
3621.86
$end
