
$molecule
 O -6.22187630830951 6.84368706870715 -12.44631697801692
 O -3.04412187102109 4.60202461163650 -12.26961676112361
 O -6.61170946822814 4.66327674639007 -12.60789897176977
 O -4.19300976879747 4.23287208718946 -8.25035647640276
 O -3.66655570110847 6.10593343590345 -7.16939712901288
 O -6.56140196082481 -4.50627896774807 -9.14480123234214
 N -4.73142470500998 3.97400296269758 -10.85605244539457
 N -3.03639845343882 -1.61730777031806 -13.53108081071065
 N -5.29918152759416 -3.48556333503604 -11.49553406295980
 N -6.99678740090163 -2.91054812909549 -13.63714567757668
 N -8.54860156240637 -4.36741663170508 -10.20639925527775
 N -8.82984992602910 -3.59281429836388 -12.40723929403118
 N -10.65041814442475 -4.22162472503445 -11.17160656791956
 C -5.25076179312141 5.34727306547007 -10.77390348569527
 C -4.18977171965158 6.41743946612794 -10.49109165155088
 C -3.10515188549285 5.98304239527772 -9.49389960706965
 C -3.74442902519261 3.71775338936473 -11.82481873041689
 C -3.59493864834750 2.30250044558596 -12.19999163400993
 C -6.08115491661809 5.57845863489292 -12.05042812865994
 C -3.21034263070261 -0.34322558373006 -13.04940965885351
 C -3.34600281330012 -2.78976671577177 -12.72659462945527
 C -4.19073949858989 1.23839094099042 -11.51405229233052
 C -2.79146205985168 2.01639859804527 -13.31390580605197
 C -4.00470114139792 -0.06537991789931 -11.92777375023157
 C -2.60556859417570 0.72086235786026 -13.73830115798087
 C -3.68055034393328 5.46322849138308 -8.17879685425536
 C -4.83754508779623 -3.00568887638911 -12.63696172132119
 C -6.62042256704430 -3.68839093836802 -11.40546701838983
 C -5.69672086634779 -2.71883501758308 -13.70723719265884
 C -7.48116511308849 -3.39847757124214 -12.48135250511383
 C -7.16144808286878 -4.21343959820694 -10.15140345518629
 C -9.30707491343267 -4.06097741643686 -11.29823354078129
 H -5.97762876173875 5.34062994819046 -9.94901274506947
 H -3.69275351357519 6.70458091517988 -11.42076374512179
 H -4.70419322852185 7.29821037261004 -10.09123571044146
 H -2.48073994736384 6.84936694218762 -9.26673851527391
 H -2.47752561772724 5.21358560827187 -9.94753244835173
 H -5.51454558926282 3.33332343020255 -10.94305557535782
 H -2.92997463699718 -2.70485842735288 -11.71513108664688
 H -2.88346790071085 -3.65201277453585 -13.21811005939755
 H -4.79400595157630 1.42163724559940 -10.63130576548178
 H -2.32280334075418 2.83949304833404 -13.84214562688344
 H -2.27181773441770 -1.73368473834650 -14.18026512902297
 H -4.47839564490110 -0.86904468921590 -11.37880548843994
 H -1.99069538917198 0.51029649057388 -14.60659313733395
 H -5.29972940257381 -2.31617129904229 -14.63450040550812
 H -5.69912010658694 7.48394457133880 -11.94467210414116
 H -8.98238883537606 -4.70811206265267 -9.36072888154090
 H -4.21896290240797 3.90236379599637 -9.18793487795572
 H -10.99501677814259 -4.85940480654481 -10.47621735034619
 H -11.15694521924958 -4.17674277535353 -12.03993586512780
$end
$temperature
298.15
$end
$mult
 1
$end
$sigma
 1
$end
$pressure
1.00000
$end
$scale
1.00
$end
$msrrho
$end
$freq
8.12
9.45
12.73
20.41
31.13
46.39
53.15
54.47
68.61
75.37
84.80
91.41
130.33
134.24
139.79
142.64
154.55
174.68
203.28
209.11
224.76
262.68
275.08
293.49
302.43
320.29
339.25
345.89
357.35
362.13
368.68
393.11
399.78
404.44
428.39
443.21
446.52
454.77
464.06
472.07
477.54
504.74
508.26
534.08
564.55
574.31
577.51
584.21
593.65
593.91
610.95
618.45
631.41
649.70
665.62
672.81
706.57
718.55
723.55
726.25
739.28
762.39
793.21
794.96
811.38
828.03
834.30
861.58
867.41
888.46
895.37
912.64
933.72
939.02
947.71
962.08
1000.23
1008.42
1011.66
1036.20
1061.35
1066.53
1079.47
1084.77
1112.57
1125.34
1131.88
1154.65
1157.33
1167.62
1177.35
1190.46
1199.07
1221.47
1226.03
1230.98
1251.59
1257.29
1258.94
1267.94
1272.48
1286.91
1288.24
1290.99
1304.90
1326.92
1332.80
1338.15
1345.54
1388.64
1391.33
1428.81
1432.19
1434.87
1441.97
1442.17
1459.25
1487.51
1498.83
1510.42
1540.54
1564.38
1591.09
1601.26
1732.14
1766.49
1821.55
1827.31
2972.92
2979.21
3005.82
3018.69
3036.46
3052.16
3070.15
3076.24
3094.86
3102.82
3104.20
3119.22
3136.90
3439.95
3491.07
3501.81
3510.34
3597.78
3615.44
$end
