
$molecule
 O 0.02169429832756 7.41666548982464 0.02129276581489
 O -1.12932568684822 3.05836382206110 -0.29082512845245
 O 1.93830696743022 6.87525819395668 1.01480570022097
 O 4.68660380756167 3.84210970861125 -2.17132621468905
 O 3.90982891984190 2.55362766185668 -0.53480058617205
 O -7.65597773911407 0.53694611188656 -9.85334461594424
 N -0.25132079217224 5.00503322137031 -1.02650352785027
 N -4.81451340589792 3.95565691332315 -5.42008743685520
 N -6.90467047661103 2.30681268415211 -7.73877232346725
 N -8.10277218755411 4.82890201486693 -7.78004807970599
 N -9.00910013443525 2.15181603605763 -10.66243412958459
 N -9.27551004961066 4.27539074073895 -9.69230779438851
 N -10.46757785293403 3.71138890949459 -11.56312490451862
 C 0.54288821297737 5.09637261209778 0.19199143467373
 C 1.77418063426932 4.18872240633992 0.12003076949115
 C 2.66795301900388 4.53973720326921 -1.07030010193051
 C -1.13837456935781 3.95798315446680 -1.10931483985905
 C -2.06697330457541 3.98977981253321 -2.26295561935652
 C 0.93020126374907 6.53460720169222 0.45837982709963
 C -3.90865482955859 3.90568366335230 -4.37892356574979
 C -5.67582150075332 2.81858666590241 -5.72949496768948
 C -3.13287432250061 3.08388157369420 -2.25430173862920
 C -1.93052131014520 4.85051350246685 -3.35629837594442
 C -4.04775319801225 3.04094579556750 -3.28659842047698
 C -2.83626103340622 4.81032960146999 -4.39723333374273
 C 3.80104592065675 3.53357153965379 -1.20628239312131
 C -6.64252866781382 3.21294243706966 -6.81328642836842
 C -7.77740515422495 2.64305804736851 -8.69766212431834
 C -7.24809934448484 4.47746541863245 -6.84222825777471
 C -8.38559968582167 3.91271794094466 -8.72270467719767
 C -8.08975282786515 1.65771661996350 -9.73369449559778
 C -9.54995119504230 3.40290001525528 -10.60871796071478
 H -0.07798406051147 4.76399298125216 1.03951206792831
 H 2.34240924089341 4.28943135678761 1.04760086807343
 H 1.43980593634601 3.15239626078298 0.03386115763639
 H 3.09511568270351 5.54021818580106 -0.95539465660540
 H 2.08538625631748 4.52844898963441 -1.99742781523803
 H -0.48775967141287 5.88009687013569 -1.46882915256689
 H -6.23884142449470 2.54152294152610 -4.83214589374677
 H -5.09155303639149 1.94794970250213 -6.05554052817853
 H -3.23239948363252 2.40890999371193 -1.41095006231661
 H -1.09998762831997 5.54676089899215 -3.41084624602655
 H -4.44665809510604 4.39939307739841 -6.25321558389612
 H -4.86562100697160 2.33266782844516 -3.24274764531207
 H -2.72137213405980 5.47981218159763 -5.24326151221092
 H -7.01705382743988 5.21316503750871 -6.07728538232173
 H 0.31561097174952 8.31167190418717 0.25931163967386
 H -9.27941571309057 1.50780592370199 -11.39151200565810
 H 4.49098674006632 4.66994796871881 -2.62795828171304
 H -10.44770024919966 3.20242930351639 -12.42906749102123
 H -10.69515027252314 4.69017687387780 -11.61669593170304
$end
$temperature
298.15
$end
$mult
 1
$end
$sigma
 1
$end
$pressure
1.00000
$end
$scale
1.00
$end
$msrrho
$end
$freq
6.90
9.18
16.37
19.57
20.34
31.45
35.86
40.52
54.76
67.35
74.79
80.55
94.38
109.18
129.28
133.18
133.94
145.20
176.47
190.98
198.67
221.72
228.06
273.31
301.23
311.14
324.79
335.37
341.07
369.20
371.62
392.22
396.99
407.55
422.10
436.13
445.24
463.34
468.97
475.97
478.00
479.63
511.73
528.63
542.36
544.08
567.15
577.89
583.23
591.30
604.49
617.44
618.58
633.83
639.81
654.25
659.13
675.27
705.14
723.37
738.01
739.16
776.76
789.40
810.92
826.51
837.71
862.58
869.10
892.93
902.72
912.21
920.97
939.29
958.68
968.50
1006.66
1011.61
1017.10
1058.89
1067.03
1080.76
1094.39
1104.43
1112.04
1121.42
1127.39
1140.47
1154.27
1164.17
1172.19
1180.64
1189.34
1195.78
1222.91
1237.87
1245.51
1251.07
1257.39
1259.76
1272.09
1283.69
1283.78
1289.87
1297.43
1328.93
1336.18
1337.82
1343.92
1376.11
1391.51
1423.01
1429.92
1434.87
1438.37
1442.45
1443.27
1488.07
1496.67
1511.49
1541.13
1568.89
1593.71
1601.60
1717.40
1767.16
1806.17
1840.71
2938.60
2970.27
3005.31
3014.87
3032.93
3038.99
3070.04
3093.46
3093.95
3106.15
3112.58
3127.33
3463.13
3491.14
3509.71
3515.53
3545.30
3614.43
3625.30
$end
