
$molecule
 O 3.21670602244072 3.84024306857032 0.98408494266215
 O 7.32386085093093 6.44396782970386 1.81528971594686
 O 2.60080399382278 5.74475970193780 1.95323130977269
 O 8.49453623459289 5.24007093200106 -0.45228462432597
 O 6.88603198264210 3.81920371531907 -1.03489420552700
 O 16.03098047265548 -1.53273735900165 3.56527786450887
 N 5.80684870858815 4.78001746316644 1.58189795149689
 N 10.65426646936305 1.61501243221910 4.31964140341226
 N 13.79400745692606 0.00956592116941 4.45207110109494
 N 12.94668923029817 -0.47005206043084 7.06918709811643
 N 16.08432463075799 -2.53309009679151 5.58759202676955
 N 14.60556418467095 -2.05355528924799 7.34968493120283
 N 16.27334191791056 -3.59417503463906 7.63928560333806
 C 4.80665575030257 5.65758839624891 1.00076995335252
 C 4.90479562167087 5.76348193482415 -0.53320525913210
 C 6.31592107845581 6.13862956181158 -0.98798088706610
 C 7.01890027149483 5.26851835678861 1.97904865493791
 C 7.93309209802661 4.28280255628987 2.59304418537046
 C 3.42553451657756 5.10628590367053 1.37581661682794
 C 9.79647983923850 2.51093551839102 3.71714964232988
 C 12.09653618062893 1.68470673979870 4.10745837239675
 C 9.28012164665245 4.63922919061402 2.72028481157871
 C 7.52655534879844 3.02916977052971 3.06239771295065
 C 10.20377317385449 3.77365878237309 3.26840867529009
 C 8.44139206231733 2.15903209072001 3.61788525503156
 C 7.24737927672507 4.94522030702252 -0.82170067518698
 C 12.77405632418818 0.66305377363492 4.98026348265039
 C 14.41337924487191 -0.89124304244888 5.22603565684315
 C 12.35517577849026 0.41599499226251 6.29559408406392
 C 13.99064300422838 -1.13698785188637 6.54646470335629
 C 15.54874975907431 -1.62738980974205 4.66855916585659
 C 15.60734097106725 -2.70681417430917 6.85371577959743
 H 4.93348310311527 6.64779206793788 1.45298722974963
 H 4.63272797267095 4.80804540856849 -0.99419046170133
 H 4.18877732331453 6.51844485116973 -0.86603931641036
 H 6.68581390652013 7.01277936527219 -0.44992135306755
 H 6.30075379765924 6.37104137663447 -2.05661221945917
 H 5.69593370292550 3.78614821948412 1.45568295443590
 H 12.45092898616744 2.68327891656036 4.38412222810128
 H 12.35737764318454 1.50231319038888 3.05660809846905
 H 9.59487512040044 5.61556916575851 2.36756363171795
 H 6.48393433493015 2.73285653324844 3.01387821253766
 H 10.30718909391346 0.66347446069843 4.32738167124890
 H 11.23932250357189 4.08044763435815 3.34548137301216
 H 8.11665801536514 1.19143661256887 3.98537763004213
 H 11.51223876160372 0.95862487159011 6.71359607409490
 H 3.93541468334331 3.46246522017646 0.45725986183776
 H 16.88465388955209 -3.05747399858072 5.26532994795877
 H 8.56256122944803 6.12409323854170 -0.05245343608370
 H 16.81219754870831 -4.31649231312956 7.19521534567363
 H 15.78638828136309 -3.84501404185504 8.48350547833487
$end
$temperature
298.15
$end
$mult
 1
$end
$sigma
 1
$end
$pressure
1.00000
$end
$scale
1.00
$end
$msrrho
$end
$freq
7.62
9.92
15.80
24.58
28.68
31.29
53.65
58.80
64.04
81.01
87.47
106.26
115.77
127.57
133.22
142.23
144.55
167.86
179.42
191.80
200.42
236.97
262.16
274.33
299.81
300.42
321.81
327.17
340.12
352.89
370.69
372.01
388.05
395.32
411.27
438.02
457.57
471.49
477.89
478.79
479.15
484.69
492.53
511.04
543.49
546.58
565.23
567.35
581.88
585.88
604.30
614.77
618.50
637.89
642.03
654.62
661.01
675.23
702.93
717.04
723.97
739.19
788.34
816.81
824.88
837.85
839.60
867.66
872.24
893.02
897.39
909.74
927.61
939.12
943.58
968.49
1005.96
1011.59
1031.19
1037.87
1067.09
1067.79
1095.04
1096.37
1104.62
1112.09
1125.66
1144.44
1149.78
1154.28
1168.91
1182.99
1199.27
1217.75
1223.02
1227.35
1235.13
1246.81
1252.25
1257.56
1272.27
1284.32
1294.29
1300.39
1314.61
1329.96
1337.61
1338.91
1339.00
1389.66
1403.17
1420.73
1430.10
1435.41
1438.77
1442.49
1451.80
1488.10
1497.27
1511.48
1540.99
1567.59
1593.19
1601.68
1678.29
1766.95
1798.10
1846.48
2970.97
3009.77
3013.32
3018.70
3020.75
3049.61
3064.73
3093.65
3096.07
3108.20
3111.11
3127.59
3465.38
3491.25
3509.43
3516.28
3526.12
3581.96
3614.17
$end
