
$molecule
 O 5.91611946732148 -3.16981128825780 -3.63374317747646
 O 8.32155544605656 -2.98389299668598 -2.02938430065825
 O 4.11537475958479 -1.94150859031769 -4.02065700375845
 O 4.48483268302432 2.52291526883808 -4.93998753357851
 O 3.19791788870321 3.15350660414183 -3.23727236492917
 O 3.68913309261487 -1.50966454756268 8.94991338742553
 N 7.31244919537698 -1.07408252098873 -2.69767912215575
 N 6.89909024775455 -0.49281123620276 3.67844767173740
 N 5.64047066407177 -1.02622283980259 6.91950104518765
 N 7.59228836007912 0.87353002780157 7.53452095116234
 N 4.73068609187752 0.01375372856146 10.24949872346773
 N 6.64295096283735 1.22181341599108 9.61161004542724
 N 5.67978455452095 1.59376294157377 11.65368590021115
 C 5.86920061472096 -0.87789336024775 -2.78554718219791
 C 5.57201924019833 0.46712163575760 -3.46651133934723
 C 4.14366240328513 0.94510800720296 -3.19422703944147
 C 7.75557971809438 -1.95658032764307 -1.69795060010979
 C 7.50779108465991 -1.55931835936900 -0.31084073919572
 C 5.21056377221736 -2.05184757478888 -3.54459518943707
 C 7.07786436977082 -0.88920964872392 2.37631745736552
 C 6.59046558073965 -1.43972867068879 4.74450477288504
 C 7.60375576419320 -2.53069388380456 0.69404187362592
 C 7.22382569505843 -0.23582007092540 0.05360433200363
 C 7.38708396474952 -2.20966919164798 2.01675187672244
 C 7.01489740156540 0.09473321955073 1.37396450544483
 C 3.88204128252181 2.31938606711104 -3.76274454274832
 C 6.59879203252182 -0.71582238137790 6.06425430255353
 C 5.64459874490725 -0.39617246174585 8.10120299771850
 C 7.57607418113991 0.23826828712086 6.38150319989759
 C 6.62466646897635 0.56499518625165 8.41592330450590
 C 4.59547769624178 -0.72070444800870 9.06896458700210
 C 5.71847893172609 0.92823598142098 10.46999240016699
 H 5.45386221978281 -0.87778743781396 -1.76979386190776
 H 6.28341099439764 1.20321481149682 -3.08148310354956
 H 5.73226069370820 0.37751657743310 -4.54385168361789
 H 3.93010747351485 0.97330003621837 -2.12329213659982
 H 3.42752600491434 0.26349035122710 -3.66216698621535
 H 7.68934694829009 -1.37344293481694 -3.59535951165366
 H 7.35415923147797 -2.22458397126144 4.75833669117808
 H 5.61058815970185 -1.91009218013314 4.58996043070141
 H 7.84284006467956 -3.55006877380432 0.41101626727443
 H 7.19769976518653 0.53682746864241 -0.70685344300269
 H 6.42841403633069 0.39688886995917 3.78492876837428
 H 7.45945756476862 -2.98298132016509 2.77104628707236
 H 6.80484023463663 1.12156333391936 1.65302566356051
 H 8.35635096550764 0.48332171726241 5.66675580785210
 H 6.78125835192017 -3.18598953519238 -3.17380093483008
 H 4.02345201544037 -0.15522409435058 10.95003231506141
 H 4.25065092727254 3.40779530075515 -5.26468931354717
 H 6.51750367028630 2.10840307937641 11.86807337657726
 H 5.19376031704785 1.17366572868527 12.42597816780261
$end
$temperature
298.15
$end
$mult
 1
$end
$sigma
 1
$end
$pressure
1.00000
$end
$scale
1.00
$end
$msrrho
$end
$freq
6.72
11.18
12.72
15.36
21.94
27.19
44.33
57.40
64.17
70.41
78.74
93.94
102.47
112.00
131.96
134.65
137.23
147.21
170.78
192.46
196.85
210.65
264.19
280.05
300.34
304.26
322.61
326.04
341.52
370.49
374.59
379.72
396.77
419.18
430.56
453.71
462.68
475.23
479.48
501.10
503.09
518.33
538.84
540.12
554.39
568.71
576.37
585.82
601.10
603.94
612.79
619.13
627.99
646.81
651.66
667.65
675.23
703.87
717.84
724.32
738.51
755.83
772.25
793.85
827.38
837.92
851.01
863.97
870.16
882.82
901.74
903.78
914.85
938.61
967.88
1000.22
1010.40
1010.98
1065.75
1066.79
1075.33
1080.91
1093.70
1106.82
1111.91
1118.16
1122.68
1147.24
1153.79
1154.86
1160.26
1182.94
1216.88
1223.24
1224.47
1246.19
1248.53
1257.89
1266.25
1270.26
1273.24
1281.59
1286.36
1292.55
1303.60
1330.99
1338.64
1342.88
1345.88
1379.52
1394.20
1420.87
1430.56
1436.37
1439.05
1442.97
1459.22
1487.67
1496.75
1511.39
1540.81
1560.56
1589.53
1600.68
1701.85
1767.84
1806.86
1813.93
2973.05
2991.48
3012.70
3020.97
3028.76
3049.64
3060.27
3093.02
3102.01
3113.19
3116.10
3129.22
3359.47
3406.53
3473.14
3490.66
3510.23
3553.00
3615.24
$end
