
$molecule
 O -5.83614927396562 0.75849778268685 -8.73568019543005
 O -5.97533605165279 -1.78660922481023 -8.25472068584625
 O -5.33635404593649 2.42178167220935 -7.34685371006385
 O -2.87069195873616 0.64124262805510 -2.94758540595030
 O -4.00134606988499 2.54518435412473 -2.77539467993664
 O -2.81420231220444 -1.73389619227896 -4.21720732534137
 N -4.63096525603179 -0.87236817755381 -6.68829180883322
 N -2.01378751071498 -6.54144771688836 -6.46460787843218
 N -2.02847139634370 -4.48906432576508 -4.20389217436594
 N -2.95248470268594 -6.00461017124474 -2.05705819168787
 N -3.65200222610738 -2.03276390422236 -2.14117318647393
 N -3.80070946446200 -4.10866459579686 -1.04418740663497
 N -4.54806842904043 -2.20484201307163 -0.01875754932890
 C -5.57322291201301 0.21242970944592 -6.41326641106528
 C -5.28625783292514 0.81152431682576 -5.03857480011302
 C -3.91623642657275 1.50767347555785 -4.93636731848450
 C -4.99124271094668 -1.87809092549671 -7.52029371285879
 C -4.13807513930624 -3.07952126701872 -7.43328088668124
 C -5.55224185185274 1.26030318562356 -7.55562898883436
 C -2.68236874071887 -5.38748308708843 -6.87238817465927
 C -1.10030847556657 -6.41892283989199 -5.32176925619676
 C -2.77965711331645 -2.99639133071047 -7.12026902650349
 C -4.72894817991716 -4.33620180837599 -7.58360091505535
 C -2.05015460926668 -4.14019808081753 -6.87121173088839
 C -4.01272923675749 -5.48194879937262 -7.29381334623002
 C -3.59609925819795 1.65117184179050 -3.45889608656702
 C -1.81992563612398 -5.79462965392415 -4.14771089412440
 C -2.72624927597173 -3.92093917179029 -3.21123927298396
 C -2.31353807150836 -6.54874246340829 -3.07090475798549
 C -3.16439661636927 -4.67668401815992 -2.10387614858382
 C -3.03123024330294 -2.50049657063102 -3.28158569128493
 C -3.99591907728727 -2.82636917571187 -1.08026198655694
 H -6.58705287585754 -0.21803020202870 -6.41313062424306
 H -6.06746888089179 1.53915047639307 -4.80444787882597
 H -5.34014229282602 0.00564441347319 -4.29829699247231
 H -3.97086095984182 2.49794697538810 -5.39012468410963
 H -3.14390475234237 0.92519333128735 -5.44251372201403
 H -3.93345737403925 -1.05992083172576 -5.97973470750577
 H -0.24472018259498 -5.80305569906136 -5.60897747029006
 H -0.74553885932927 -7.42285722186060 -5.07682241461286
 H -2.29099243455391 -2.03047387755726 -7.06505351223636
 H -5.77217030878584 -4.39704657956484 -7.87291823015682
 H -2.65994423451414 -7.31276974168019 -6.32755616420996
 H -1.00277019562727 -4.05600770877671 -6.61300051008954
 H -4.48974267802992 -6.45430717063836 -7.35281662324155
 H -2.15842928291223 -7.62337760025349 -3.03409887943150
 H -6.00102678653647 -0.23434123022333 -8.69582541033474
 H -3.81376514715427 -1.03327654854943 -2.08974367305073
 H -2.64547057569335 -0.05323707837929 -3.61116650343562
 H -4.92859033854750 -2.79609479978999 0.69844933949333
 H -4.87732773420416 -1.26020635868403 -0.09460473525466
$end
$temperature
298.15
$end
$mult
 1
$end
$sigma
 1
$end
$pressure
1.00000
$end
$scale
1.00
$end
$msrrho
$end
$freq
16.28
21.53
27.74
41.56
56.05
64.55
68.87
72.92
79.60
102.43
111.83
120.50
128.62
142.82
152.44
156.67
167.37
173.70
184.20
198.36
226.48
238.14
244.22
259.91
287.73
314.68
322.88
329.68
357.43
365.71
377.47
383.05
404.86
410.39
435.38
440.62
454.74
473.14
486.42
496.30
507.65
525.65
550.52
569.08
577.33
590.41
598.58
605.87
608.81
630.93
637.19
642.49
656.68
668.12
685.58
697.01
706.28
721.05
728.46
743.15
749.03
788.41
795.27
801.56
832.88
842.38
850.81
854.91
868.11
894.87
897.78
910.80
936.54
940.59
961.62
970.50
1003.31
1005.89
1011.79
1052.52
1060.45
1066.64
1107.37
1115.23
1125.62
1139.15
1152.74
1161.45
1167.57
1171.53
1177.38
1184.40
1217.52
1224.41
1233.98
1242.07
1249.01
1259.67
1270.25
1276.11
1280.06
1280.32
1291.06
1296.68
1321.35
1324.93
1329.30
1336.41
1344.39
1383.08
1408.44
1426.51
1432.02
1436.20
1438.76
1447.65
1453.23
1477.58
1488.33
1501.37
1535.74
1575.16
1590.78
1600.57
1658.37
1677.78
1817.44
1825.92
2875.93
2945.74
3004.79
3026.44
3035.99
3049.40
3058.82
3079.50
3087.86
3101.26
3114.66
3118.32
3137.65
3246.08
3437.24
3439.01
3470.23
3525.43
3635.08
$end
