
$molecule
 O 2.37403462597622 5.34165056420752 -7.63223079735181
 O 4.21583964581528 6.88475321349737 -7.86261021968459
 O 2.44191175476670 3.57205985860891 -6.27577665774416
 O 0.25160689438337 7.16781006709092 -7.06818850792686
 O -0.54641276821327 8.28389881281944 -5.32328930100650
 O 6.35989030375658 3.58173232903677 -5.40856342770262
 N 4.76304205352179 5.86963162244246 -5.90599883590877
 N 10.17896135936958 4.99542399789290 -8.87655084531997
 N 8.43519340874452 3.04095580239529 -7.28091008736553
 N 7.73709951222340 1.47342664995548 -9.47567652386399
 N 4.97949567307921 2.29869688290797 -6.64807053630179
 N 5.56691930603430 1.29908097861589 -8.69569738693912
 N 3.39656481710149 1.23923546730592 -7.94164116105989
 C 3.39126641187896 5.62208494058020 -5.47092380486355
 C 2.62237878574188 6.93129936569255 -5.24335193688342
 C 1.14917349013147 6.65350636140328 -4.88438787804514
 C 5.08585790202239 6.42328107863937 -7.08654148936800
 C 6.49776612343972 6.36232811473849 -7.47066279517927
 C 2.68136054975691 4.73597352553483 -6.52111072384491
 C 9.01485183183307 5.59248266355850 -8.39697524024727
 C 10.52642015201971 3.69820545818054 -8.26106773898176
 C 7.52393440948761 6.06219740308735 -6.56472116663702
 C 6.80442722431818 6.43172817168184 -8.83734487811687
 C 8.76884725605728 5.68877695501407 -7.02175707100121
 C 8.05023994532757 6.05969985355290 -9.29764040693667
 C 0.19413054562486 7.45793148273289 -5.76875060515171
 C 9.28251006839035 2.84193824292319 -8.27955515165452
 C 7.21084112638125 2.50898472209628 -7.38482803545141
 C 8.92649059178738 2.02719321101192 -9.36484803339239
 C 6.83732262532014 1.74394965492423 -8.51027501304477
 C 6.21524293326200 2.84789341123360 -6.37562812633727
 C 4.68367153006526 1.61343773277533 -7.79396185405654
 H 3.45781874045743 5.05244770392303 -4.53729061256286
 H 3.10641740827977 7.48895682914146 -4.43827431042950
 H 2.67903994232874 7.54653296453452 -6.14439385782591
 H 0.94813346213499 6.92158000960903 -3.84596512568493
 H 0.91340445724054 5.59366260110324 -5.01068174017624
 H 5.46358069849233 5.30521607192716 -5.43392794169403
 H 10.86458893455828 3.86235846074634 -7.23601399331551
 H 11.33961492059911 3.26450930361716 -8.84653698531573
 H 7.33915663324985 6.08417491895411 -5.49743884478164
 H 6.02389711985027 6.71052060654748 -9.53630381729326
 H 10.14612557150930 4.90132433719438 -9.88834240299489
 H 9.53382095005090 5.40099431534202 -6.31240041884707
 H 8.25972706961767 6.05377480228291 -10.36161703774679
 H 9.63810467818760 1.82884542972961 -10.16159400513324
 H 3.11058229319007 6.14203517611615 -7.80353396105824
 H 4.21992167885808 2.54182984957418 -6.02212735895845
 H 0.87905167282616 6.45968977817700 -7.31239328005770
 H 3.14980266407926 0.91419283477042 -8.86145210286243
 H 2.69851901505572 1.76563741046914 -7.43716196588031
$end
$temperature
298.15
$end
$mult
 1
$end
$sigma
 1
$end
$pressure
1.00000
$end
$scale
1.00
$end
$msrrho
$end
$freq
26.17
30.15
35.87
48.80
62.74
68.81
73.33
81.00
96.11
101.92
122.38
128.57
142.53
147.31
164.15
168.04
180.81
198.86
220.19
239.04
252.15
267.43
286.59
295.47
321.44
329.22
345.80
353.51
375.50
391.69
394.49
408.36
423.29
429.11
457.78
469.84
480.36
483.40
504.48
515.20
526.50
540.77
549.99
568.66
580.95
591.59
599.98
604.66
614.59
622.57
630.63
639.17
650.30
667.95
692.76
697.41
702.14
713.91
737.92
741.57
762.23
789.92
802.32
809.50
826.65
841.32
862.17
865.61
893.41
900.60
910.57
920.66
939.41
970.86
991.81
1000.99
1017.60
1026.90
1038.09
1057.06
1065.58
1077.15
1081.57
1099.19
1117.40
1125.91
1135.13
1148.18
1158.01
1160.48
1176.69
1179.35
1201.06
1225.87
1247.39
1250.03
1257.96
1265.80
1269.39
1274.04
1277.51
1278.96
1290.95
1292.01
1322.19
1330.76
1334.91
1337.18
1382.93
1413.24
1426.51
1429.42
1436.66
1441.85
1442.74
1444.55
1462.33
1467.15
1483.82
1494.75
1497.66
1535.63
1565.76
1587.16
1597.26
1702.97
1731.37
1828.79
1893.41
3014.98
3024.97
3032.73
3035.60
3058.80
3067.22
3068.21
3085.35
3104.25
3119.23
3120.88
3136.35
3400.49
3415.16
3427.33
3439.80
3473.31
3591.41
$end
