
$molecule
 O 5.93677020977742 5.14272837406580 -1.96006147362711
 O 9.25267795959814 7.24594802359186 1.13673567747752
 O 4.87975671640035 6.29909139575770 -0.37962802456602
 O 10.68102974486222 3.97437409371506 -1.81116139101891
 O 8.56957843242487 4.43655720139289 -2.31292706850970
 O 10.61879093692295 13.39780355232854 8.28631176494248
 N 7.04724804934563 6.79888598692367 1.04706396546976
 N 7.33667917222318 11.42392505289966 5.51723532832902
 N 7.94041635930829 12.53467655746751 7.82175462877292
 N 6.06414731989959 13.27995894995646 9.74412764600566
 N 9.92362113576185 14.37662193852452 10.19953040195783
 N 7.70219160763850 14.35973935386791 10.96893905926788
 N 9.31917513081974 15.46142947351831 12.15617678157008
 C 7.23052728357788 5.92728398827626 -0.09655329076645
 C 7.73921175731291 4.53362724044479 0.34564097559800
 C 9.21752955933707 4.33994579819980 0.00812927405995
 C 8.11962497818048 7.47813618743373 1.53875887105042
 C 7.84033788753482 8.48138243327792 2.59131924847387
 C 5.88546494823011 5.81758149102157 -0.82235295421581
 C 7.48377853088928 10.42679251448357 4.58343762920187
 C 6.27275471775877 11.37618173304995 6.50786547948396
 C 6.59670842979992 8.65528490429362 3.20366754426066
 C 8.90392674158007 9.30102855483724 2.99395029791437
 C 6.41444521900109 9.61462960684708 4.18249441712034
 C 8.73357591392162 10.26063278663102 3.96642086986739
 C 9.43024091963176 4.26224234202886 -1.47684646994066
 C 6.66814640282606 12.19703965950549 7.70701275505292
 C 8.29828448893341 13.25219778586170 8.89403750640039
 C 5.73248060243479 12.57815995883409 8.68118867500931
 C 7.35668204412343 13.63101703451461 9.86802215187975
 C 9.70150491446281 13.64065689872123 9.03411450399325
 C 8.94589378829168 14.69757782774147 11.09589410483391
 H 7.96091100324460 6.38686811895928 -0.77664754667860
 H 7.59637568680303 4.43728245518635 1.42402573612064
 H 7.15289169074525 3.74891013119789 -0.14138149153793
 H 9.61157585115440 3.42693104975113 0.46106394650016
 H 9.80999127223969 5.17841806613439 0.38918518947871
 H 6.09534491807724 7.09465608273695 1.21497227638109
 H 6.08803589949563 10.33943050404384 6.82727319851742
 H 5.33935395058087 11.76367252610931 6.08173760946926
 H 5.75202294331345 8.03312102031770 2.92723308540008
 H 9.87117101085041 9.16552140487595 2.52202781663009
 H 8.20422150258878 11.78445255557834 5.90572942638255
 H 5.43579492695918 9.73551874318913 4.63151306623245
 H 9.56217989999346 10.89207358547065 4.26722576745907
 H 4.68763671367360 12.29820950244977 8.58128330432108
 H 6.84841610763578 4.85082186722468 -2.20168241788909
 H 10.87263965429802 14.69011036929053 10.34278636035337
 H 10.76594520460359 3.95560626332410 -2.77912327355054
 H 10.28408491426382 15.45557270333159 12.43572518358646
 H 8.63325694668577 15.51353335078842 12.89067887748292
$end
$temperature
298.15
$end
$mult
 1
$end
$sigma
 1
$end
$pressure
1.00000
$end
$scale
1.00
$end
$msrrho
$end
$freq
7.34
8.92
18.63
23.61
36.50
43.40
51.24
54.05
67.68
78.53
89.98
92.03
124.95
134.40
135.74
140.80
157.42
161.82
184.94
199.34
224.98
243.31
263.36
283.91
298.13
310.22
321.44
339.83
363.01
369.81
372.12
386.07
397.05
407.80
411.20
444.70
454.58
472.67
476.46
478.45
483.61
505.84
507.90
548.84
555.05
574.48
579.23
591.75
605.25
617.63
618.56
626.04
635.42
639.83
656.04
657.93
669.75
702.17
706.37
717.89
721.54
736.38
786.64
816.84
829.09
831.38
854.13
860.90
869.38
888.29
892.56
914.03
927.79
958.27
959.95
984.22
1006.90
1011.86
1015.68
1067.17
1084.45
1092.15
1107.08
1114.56
1120.75
1131.54
1137.42
1148.16
1157.78
1160.15
1175.79
1190.21
1195.53
1202.18
1209.82
1234.94
1248.40
1250.55
1258.33
1276.55
1278.87
1287.46
1301.44
1306.86
1329.56
1336.31
1341.14
1343.19
1349.26
1387.42
1395.45
1397.67
1428.14
1431.94
1442.26
1445.49
1454.96
1487.55
1498.82
1510.96
1541.81
1566.64
1594.08
1600.98
1683.63
1752.34
1765.63
1815.92
2940.33
2976.13
2990.91
3010.05
3023.00
3042.82
3056.95
3089.00
3100.75
3105.38
3117.63
3119.45
3249.72
3415.21
3475.60
3491.00
3509.80
3542.88
3614.67
$end
