
$molecule
 O 4.43824191288421 6.40525719905236 -2.12473023668194
 O 3.44187766101678 4.91841083169120 -0.43239692718748
 O 5.68890083897275 8.20295988455497 -1.76852072346259
 O 7.87289713950884 7.58061319932256 -0.21589867464798
 O 8.36096499528441 6.43778282128565 1.62038754243210
 O -6.86818962695890 0.29946021667910 3.24701327902830
 N 2.91254008102591 7.00505605443957 0.28264176707214
 N -1.43459138590405 3.35396895585716 3.29399039074386
 N -4.22265085997419 1.27117098782244 3.71404755854844
 N -3.44114635858233 1.43793002749634 6.38958349269664
 N -7.12868737923805 0.07002154242022 5.47745896551202
 N -5.49189442758241 0.62189189901979 7.07124359246946
 N -7.53548391789188 -0.15343334359819 7.74738294472563
 C 4.10448055312064 7.76093828935410 -0.10170292302920
 C 5.17819436740249 7.71505496361952 1.00632977779491
 C 6.06818673415656 6.45859461052520 0.95312834864588
 C 2.73944056521820 5.66541961872629 0.26442030614083
 C 1.62969182911649 5.11984620194193 1.06278754196432
 C 4.79864570991865 7.44466104916068 -1.44537757997679
 C -0.44564528646099 3.90307989078082 2.51977897739786
 C -2.09749044420318 2.10261384148406 2.94147208483556
 C 1.30420910748329 3.76894947163636 0.87142437009827
 C 0.90280532912568 5.84820197387354 2.01431438677313
 C 0.28784907315526 3.16561890905931 1.57895003907392
 C -0.11320304954043 5.25285170838314 2.72940047539075
 C 7.55287029539622 6.81949651412442 0.82277733246159
 C -3.02351075932705 1.70534618231287 4.05987731575855
 C -5.05051870622332 0.90430227797704 4.70059030963897
 C -2.63875029841950 1.78611805547042 5.40572664963982
 C -4.66257024788651 0.98741856767603 6.05204702459689
 C -6.38541216285973 0.41843022735817 4.34733817737168
 C -6.66874763644169 0.18068119173392 6.75688829460447
 H 3.76792031217571 8.80174978634262 -0.19741814474569
 H 5.79662833828743 8.60939635200529 0.88757751621242
 H 4.68500428640401 7.78307917999635 1.97905683819094
 H 5.79988640601529 5.82092606469060 0.10829545509774
 H 5.95384924912305 5.86626928581221 1.86257340267951
 H 2.30886815483996 7.53258274293526 0.89591118567188
 H -1.34033368392314 1.32364230278034 2.80274956709702
 H -2.66944835284223 2.20353478816670 2.00996163726739
 H 1.86863054423965 3.19682390384114 0.14344254842946
 H 1.13447070428121 6.88956301022985 2.21501227159545
 H -2.05024981495800 4.02543425086941 3.73455267482312
 H 0.06359216359667 2.12153739104773 1.40120373577551
 H -0.66471991124396 5.82534008404551 3.46733833177354
 H -1.65078980623128 2.14949293226670 5.67340218441492
 H 3.97335617997731 5.69872571372639 -1.51433805869047
 H -8.06622551297323 -0.25856105986933 5.29687558026354
 H 7.14190460830410 7.80555023342477 -0.83508764636066
 H -7.11294345325519 -0.24839413520318 8.65566898730776
 H -8.29822205715566 -0.77086764829285 7.53276005282252
$end
$temperature
298.15
$end
$mult
 1
$end
$sigma
 1
$end
$pressure
1.00000
$end
$scale
1.00
$end
$msrrho
$end
$freq
6.19
8.30
15.89
21.72
28.79
48.12
55.40
59.29
70.70
77.53
81.04
106.14
113.09
122.85
133.65
141.66
149.53
175.72
186.42
193.68
213.59
258.28
274.69
283.63
301.07
322.85
331.96
342.29
356.35
368.50
370.72
396.88
415.38
424.73
438.39
450.53
464.76
472.61
478.20
488.62
509.98
512.79
537.02
556.59
559.59
576.29
577.47
587.97
601.52
604.75
619.11
634.12
641.03
656.19
668.42
675.97
682.98
695.34
723.65
738.85
743.12
785.16
805.38
821.40
838.02
839.90
852.02
868.40
890.32
899.08
910.70
924.59
938.06
938.54
968.17
975.26
988.88
1003.95
1010.78
1052.73
1066.62
1093.61
1093.88
1111.89
1116.55
1128.64
1146.88
1153.46
1162.05
1174.92
1187.07
1202.61
1222.28
1223.78
1242.92
1253.91
1258.22
1260.84
1265.40
1272.99
1284.78
1285.16
1302.31
1318.98
1330.86
1331.43
1339.14
1342.17
1385.65
1394.69
1430.54
1435.38
1439.28
1440.86
1442.38
1444.35
1455.69
1487.42
1501.10
1511.59
1540.65
1557.40
1582.55
1599.94
1608.05
1746.11
1768.07
1819.60
2374.01
2974.59
2988.23
3013.40
3022.39
3038.98
3048.50
3069.86
3089.42
3092.79
3107.27
3117.44
3131.16
3288.77
3475.27
3490.37
3506.03
3510.56
3615.71
$end
