
$molecule
 O 9.53984436533291 -1.76522327315504 4.93429799569748
 O 12.28378052549960 -1.08007748038375 0.92380773734420
 O 10.59474235988974 -3.69818608175524 4.62509536052811
 O 7.45471439348427 -4.65893965897547 1.40517283451163
 O 6.97208057146885 -2.96692023272532 0.04763945091428
 O 23.87751552973172 -2.30317618294322 -0.83234352618740
 N 12.10567467578655 -2.49712880711762 2.66863953236958
 N 17.97373840754290 -3.92527852872921 0.47945013101448
 N 21.26792369442970 -3.45738761177774 -0.67117864924159
 N 21.15979091894943 -6.24434931996441 -0.80837713815294
 N 24.73586082181731 -4.38256604658017 -1.01376676520627
 N 23.45846953151307 -6.35489873852489 -1.01315949946059
 N 25.73203599725644 -6.46115264007145 -1.25434315192123
 C 10.71535683359201 -2.12231364027789 2.84093794138223
 C 9.83962881459677 -2.83633185129362 1.78980398858282
 C 8.35326251091166 -2.49304501715788 1.95124466568237
 C 12.78183995722521 -1.96291993702977 1.59965732424001
 C 14.13952628216959 -2.49757530939429 1.35675519271583
 C 10.29998467318109 -2.60896786333708 4.22603824740875
 C 16.72469901554727 -3.40329637717576 0.74732957544754
 C 18.87278565794361 -3.27937200302151 -0.47259244818727
 C 14.77255370083360 -2.12184807293805 0.16660008128303
 C 14.82540310841383 -3.33403438472775 2.24355702392735
 C 16.04060186403608 -2.56796711396672 -0.14445737433404
 C 16.09621072081812 -3.78045437181243 1.94398302072227
 C 7.51731216396670 -3.37285597666626 1.02722906635184
 C 20.12006286500834 -4.10942096590324 -0.61185875841297
 C 22.38259333507737 -4.18745921193573 -0.80786958135982
 C 20.07490575489134 -5.50938075602383 -0.68098447183987
 C 22.33400017410925 -5.59292322362771 -0.87826199019693
 C 23.66817526152658 -3.49179066269560 -0.87874931737426
 C 24.59528746918117 -5.73809764366061 -1.07338405339471
 H 10.62559905068800 -1.03483517268189 2.73330332900190
 H 10.18059675227464 -2.53475975697350 0.79656330933529
 H 9.99023631284112 -3.91548943553990 1.89347827780004
 H 8.17420834606798 -1.44869186323811 1.68836023787779
 H 8.03080230605748 -2.65818041624304 2.98275661218953
 H 12.35082030570548 -3.40439173498072 3.03905401618016
 H 19.14020154451543 -2.26507471433548 -0.14810257670207
 H 18.37465693000715 -3.21241381296539 -1.44564103402280
 H 14.24320372175060 -1.46760395167277 -0.51787819956055
 H 14.37664832144702 -3.62747886717400 3.18652736701410
 H 18.45734183541422 -4.25943663913431 1.30448486385420
 H 16.49784817434136 -2.26347270359939 -1.07756707425127
 H 16.62253774874464 -4.42641579702484 2.63867385419980
 H 19.12360754770752 -6.03056003313437 -0.62509137951072
 H 9.42575218972703 -0.89599228582687 4.52592458001097
 H 25.64919612370548 -3.95860007153011 -1.08753623813244
 H 7.91781955268359 -4.85431972671905 2.23075567386896
 H 25.62331373511667 -7.44896423444859 -1.09587529519517
 H 26.60855054548897 -6.05202779742152 -0.98303976883538
$end
$temperature
298.15
$end
$mult
 1
$end
$sigma
 1
$end
$pressure
1.00000
$end
$scale
1.00
$end
$msrrho
$end
$freq
6.74
8.52
15.46
16.87
21.67
31.88
33.93
44.27
53.44
57.74
75.43
78.77
89.44
104.76
122.90
133.17
140.46
147.02
151.34
190.35
192.40
213.53
241.18
266.30
298.84
305.54
323.11
340.17
345.44
352.99
369.27
371.98
392.94
407.22
419.96
439.90
444.23
459.56
464.92
471.04
473.38
478.07
480.34
512.25
540.81
545.09
567.59
582.63
587.09
603.72
606.01
618.48
626.94
639.84
645.87
657.49
675.70
692.82
705.37
723.81
727.59
739.34
778.66
789.26
821.26
826.18
838.17
867.89
875.39
893.16
907.07
912.00
916.46
939.65
969.14
1003.00
1007.82
1011.58
1037.40
1058.32
1059.78
1067.05
1081.09
1089.58
1094.56
1112.05
1124.37
1131.12
1149.55
1154.19
1168.96
1180.76
1192.96
1213.63
1223.05
1233.79
1242.61
1246.55
1251.84
1257.58
1272.15
1278.85
1283.84
1294.46
1298.75
1328.64
1329.97
1337.24
1338.08
1385.02
1393.43
1430.08
1435.03
1438.48
1440.07
1442.50
1450.09
1488.01
1496.45
1511.60
1540.99
1568.07
1593.08
1601.56
1707.64
1766.89
1818.99
1844.39
2970.86
3002.85
3012.48
3016.13
3023.31
3053.31
3064.72
3093.58
3097.32
3109.54
3112.53
3127.51
3463.63
3491.23
3491.36
3509.70
3600.62
3606.73
3614.48
$end
