
$molecule
 O -3.99142544376061 8.83331256543269 -5.88315024408845
 O -1.98583423677622 12.25627267493891 -8.75693657872246
 O -5.58246299358593 10.38158434856328 -6.03127309687523
 O -0.15517001910033 9.21778005142320 -8.37026241282946
 O -1.78127988043455 8.11384687910362 -7.34293296674453
 O 4.02137894433945 18.81164826373533 -8.21418990414278
 N -2.43720458321419 10.80870861655313 -7.08562706308831
 N 3.02040271786591 13.44053341287764 -4.99278205572476
 N 3.58277921565499 16.71784304992850 -6.31989809650657
 N 1.97772949312804 17.37407096473294 -4.13044391257465
 N 2.71914126948493 20.15977124333936 -6.95666911682446
 N 1.70157615465526 19.52150429771446 -4.93710231808466
 N 1.44709543345973 21.65565798311316 -5.72482755422793
 C -3.76809462198677 10.50670932319111 -7.59745320221640
 C -3.76106250020664 9.50234196317598 -8.77825090854980
 C -2.36125174423883 9.28178298821365 -9.35285070688699
 C -1.67806205934995 11.78099878240179 -7.67498433718028
 C -0.44850524093504 12.16837954295876 -6.94791983188872
 C -4.55655987609515 9.90802281145995 -6.42129756410180
 C 1.89931998899167 13.03396933532249 -5.68375284549699
 C 3.90679541995871 14.46172651720438 -5.53269771860531
 C 0.16997605786064 13.36608328631259 -7.32335206616169
 C 0.13777208860143 11.39824186614303 -5.93774894332158
 C 1.31955910650829 13.80508678075749 -6.69948831553080
 C 1.29394504833590 11.82298512160615 -5.31602135544889
 C -1.42550975499057 8.82457808990669 -8.25363968382299
 C 3.30654040145237 15.83740156879239 -5.37392722508684
 C 3.06025250543841 17.94442093662258 -6.18712327105365
 C 2.49986275454259 16.17506908700883 -4.27777986748511
 C 2.24991991781267 18.28029337834868 -5.08591724947717
 C 3.34462485430885 18.93928284849735 -7.22155962563055
 C 1.94421053949129 20.39706947658734 -5.85921342666377
 H -4.23605010671495 11.44547691599121 -7.91718071789917
 H -4.15267282117994 8.53741177440247 -8.44268200186681
 H -4.42041267592082 9.87540906737020 -9.56396758502044
 H -1.98733497148830 10.18520195337523 -9.83886445259817
 H -2.39897454708833 8.48239167045701 -10.09783075775809
 H -2.23887189748988 10.52479309881700 -6.13856277007667
 H 4.13159827374919 14.28297897223502 -6.59161030878250
 H 4.84386221685617 14.40957302789288 -4.96843604017980
 H -0.27820852593284 13.95601155100587 -8.11565422024280
 H -0.29081021968385 10.44406205913010 -5.65115516468147
 H 3.49128147825298 12.70610342586653 -4.48305292888214
 H 1.76608644587752 14.74418667582976 -6.99986455514254
 H 1.74598488947217 11.21770405309173 -4.53765005305561
 H 2.27721524030450 15.43505040409964 -3.51465725704499
 H -3.18983841627076 8.50572849996009 -6.35828647787893
 H 2.89084696259853 20.89201333065781 -7.63020882690370
 H -0.00702541750360 9.83104544432070 -9.10475519080052
 H 0.72614184879014 21.74043177738709 -5.02760796142629
 H 1.34414628605085 22.21835724160767 -6.55087226467746
$end
$temperature
298.15
$end
$mult
 1
$end
$sigma
 1
$end
$pressure
1.00000
$end
$scale
1.00
$end
$msrrho
$end
$freq
8.73
11.09
15.20
26.44
41.19
50.87
56.52
71.86
73.09
81.02
90.46
106.86
129.53
135.10
144.42
150.84
165.05
185.86
190.33
206.25
218.78
246.69
272.16
283.34
292.51
301.37
318.28
339.86
340.55
368.98
373.74
377.23
391.52
400.93
412.44
429.27
452.09
464.37
473.03
477.78
482.06
489.19
510.65
534.76
551.19
568.44
578.26
584.25
595.48
607.04
615.83
618.28
637.59
642.69
651.77
660.49
672.02
703.35
713.72
725.53
731.75
739.17
787.60
793.84
828.31
832.11
835.83
862.03
868.50
891.74
893.19
911.77
915.97
939.39
951.06
962.78
1005.89
1009.88
1018.25
1042.08
1067.37
1078.26
1084.89
1096.62
1112.90
1124.15
1129.39
1145.77
1155.04
1157.02
1171.10
1190.29
1193.38
1213.59
1222.02
1235.39
1248.38
1255.37
1258.05
1264.73
1272.20
1284.17
1288.02
1300.51
1317.12
1326.89
1328.29
1335.47
1338.68
1384.10
1395.58
1418.75
1428.36
1432.13
1434.79
1442.03
1458.69
1488.68
1497.36
1510.50
1540.75
1567.46
1592.50
1601.92
1697.42
1756.56
1765.70
1836.43
2976.54
3002.90
3017.04
3020.64
3023.49
3055.92
3062.48
3095.13
3099.30
3111.37
3113.55
3137.32
3228.20
3491.51
3494.38
3508.00
3511.62
3587.11
3612.40
$end
