
$molecule
 O 0.18052478724309 -8.09523836364797 -9.39779534690754
 O 0.42385295857542 -5.03927497642998 -6.02571751431316
 O 1.01088883020236 -9.59764774853911 -7.98427026399817
 O 2.36133524177563 -9.40572355286701 -5.50023878462152
 O 2.68460372291292 -8.43436540617387 -3.54252776721801
 O 1.02294180142698 0.95397135877055 -10.59227421119047
 N -0.55633009834915 -6.42639540115641 -7.50703480683306
 N -3.19516369940626 -0.72909240211700 -8.99516072618939
 N -1.52116401219181 -0.25157128799202 -11.04111241517730
 N -1.78169077063385 -1.72132821716819 -13.39703531622457
 N 1.73549586045346 0.07031883128343 -12.54479522593838
 N 0.40971589764054 -1.25284361358671 -13.96642348570708
 N 2.59298720121471 -0.82523903222306 -14.50203478199725
 C 0.30878942850618 -7.50791772430479 -7.07761705989506
 C -0.24113382077195 -8.21023984826406 -5.81155417161890
 C 0.61379683332767 -7.94007682263595 -4.57517550361361
 C -0.35423293083794 -5.18937204296182 -6.95136376624100
 C -1.14254754573171 -4.07777489456663 -7.52841882753424
 C 0.53371979629281 -8.50691789704613 -8.18422697666088
 C -2.51939972670074 -1.85681103165275 -8.55131823636942
 C -3.76618839400412 -0.73186035607625 -10.33668679362316
 C -2.19510034587802 -4.24523613501454 -8.43136098778736
 C -0.80763548532576 -2.77855320416174 -7.12491907693356
 C -2.87932862956395 -3.15384884756869 -8.93438374728672
 C -1.48057470750880 -1.68603334202312 -7.62569660308731
 C 1.98228272942698 -8.61517017742441 -4.49652989541391
 C -2.65448096270612 -0.86082737783633 -11.35314786751307
 C -0.50151744441364 -0.36755825281318 -11.89817343372034
 C -2.77565569865986 -1.59334424983447 -12.54057784718541
 C -0.62453728995794 -1.11266374851594 -13.08675896095826
 C 0.76387244950955 0.28844418072483 -11.56639509605335
 C 1.52781995979525 -0.66869254534064 -13.67318694917211
 H 1.29671747409374 -7.07886192620389 -6.84371857538951
 H -1.25037285332823 -7.83204114670183 -5.63029043994448
 H -0.32370392325972 -9.28702720182628 -5.98628813688443
 H 0.07190701970982 -8.25972523971100 -3.68070237668759
 H 0.78848872165672 -6.86485441781944 -4.47191781409049
 H -1.00762720686797 -6.52329661883209 -8.40212108521577
 H -4.28511230528836 0.22318300688450 -10.47127347472843
 H -4.50020540516632 -1.53349768734320 -10.44171382971349
 H -2.50501566831890 -5.23787663510148 -8.74211444118136
 H 0.00176860868067 -2.64719655009333 -6.41509609616898
 H -2.63307741964136 0.10782471129619 -8.86408122146234
 H -3.69621264498428 -3.31904536762381 -9.62664924733345
 H -1.20611598848716 -0.68433995352628 -7.31432524073449
 H -3.70894810078891 -2.08948835979572 -12.79118332661147
 H 0.38803135450424 -8.79206132329221 -10.04345437313978
 H 2.63935085858489 0.48105391519015 -12.36080143546693
 H 1.74662734022277 -9.53290310132313 -6.24857024867824
 H 3.33512336854253 -0.14925944713008 -14.46410042313426
 H 2.36318583493388 -1.19916552735694 -15.40750876662049
$end
$temperature
298.15
$end
$mult
 1
$end
$sigma
 1
$end
$pressure
1.00000
$end
$scale
1.00
$end
$msrrho
$end
$freq
5.38
6.86
9.19
21.52
27.00
30.68
35.44
48.68
62.60
70.13
73.42
82.88
119.60
129.45
133.65
136.91
157.71
171.49
198.58
229.32
241.67
253.14
276.32
290.95
295.60
310.50
336.35
344.31
353.65
368.14
369.64
373.67
393.18
399.43
407.69
425.82
452.81
473.32
477.44
501.56
503.31
516.51
519.88
549.18
557.46
569.68
576.00
586.87
598.80
602.58
609.19
611.00
618.15
633.44
638.98
644.53
671.97
685.44
702.84
713.46
727.81
739.90
789.71
792.84
830.22
831.86
845.31
849.70
863.86
879.95
889.79
914.10
914.85
946.77
969.48
978.05
1007.44
1010.01
1018.57
1055.29
1067.11
1082.83
1091.65
1094.98
1113.76
1123.33
1136.27
1146.35
1155.93
1162.76
1170.05
1179.16
1199.18
1209.57
1213.70
1234.10
1254.43
1256.71
1257.73
1269.15
1277.65
1285.50
1294.95
1306.21
1320.36
1320.46
1335.78
1339.00
1340.35
1382.71
1394.52
1414.59
1428.07
1436.89
1442.12
1447.31
1460.51
1487.31
1492.97
1504.12
1539.89
1571.76
1592.46
1600.43
1706.80
1766.44
1774.57
1806.00
2937.85
3008.13
3017.71
3020.12
3043.53
3047.65
3051.10
3088.13
3095.06
3106.70
3118.80
3120.33
3401.15
3434.93
3490.50
3510.47
3531.25
3535.11
3615.41
$end
