
$molecule
 O 0.53618369935649 -6.75259780726764 1.18863102387678
 O -1.76559117562450 -4.19375880580226 3.61084542273469
 O -1.10705370169635 -7.31743202714128 -0.21782044468127
 O -2.09632203681127 -1.95529836519791 -1.10153699701417
 O -0.07807465415592 -2.68129014972582 -0.51926717461431
 O 2.87835162645851 -1.41256010199180 8.78517237823992
 N -0.49181977902637 -4.45488443256314 1.75281350176513
 N 2.10703719380040 0.75802959999511 4.55292415613081
 N 3.77214749301373 -0.52642374417415 6.22634200024631
 N 6.00487271063354 -1.83629328138591 5.18814481636181
 N 4.54627929649299 -2.93521856159030 8.78950383840647
 N 6.11464198988828 -3.19319810113153 7.05667524770683
 N 6.18662701120798 -4.56909506368681 8.88353048470147
 C -1.44090147698188 -5.41439285956302 1.20971572439816
 C -2.42789853375625 -4.83206769479185 0.19065141396290
 C -1.77206518503825 -4.29789277763970 -1.09710360452884
 C -0.85169594153405 -3.79245505900770 2.91740312333960
 C -0.02512528087526 -2.62030380325172 3.27545877491787
 C -0.66335404177677 -6.60087608868439 0.63263186136934
 C 1.44465832328182 -0.38149048503612 4.11962977431904
 C 3.53712585069037 0.88365770827770 4.29730906300735
 C 1.08090482133564 -2.17517002165921 2.54582746479259
 C -0.38806587905865 -1.91626176067407 4.43239903191938
 C 1.80442266560624 -1.07144300650873 2.95648897866568
 C 0.32733366918482 -0.81507721814907 4.84705158122069
 C -1.20488399931768 -2.91889184706536 -0.87970317347783
 C 4.27438931708272 -0.20436222280447 5.04440968450649
 C 4.37366223366219 -1.50856701830165 6.90580803510121
 C 5.39844245730716 -0.86577465016871 4.53405947238812
 C 5.49734190643702 -2.17832135590973 6.38434862221960
 C 3.82712010675206 -1.88925035159691 8.20868489683313
 C 5.62922303651277 -3.52966037827862 8.20906054199447
 H -2.02188043099018 -5.79972716868489 2.06068549659025
 H -3.10567789241259 -5.64326820571876 -0.08838937176997
 H -3.01570535159946 -4.04117727324758 0.66247737542863
 H -2.53145721277182 -4.24112672678119 -1.87911402213389
 H -0.97412107067108 -4.96868681553362 -1.42011389922126
 H 0.01004266345873 -3.91508875862842 1.05889605397585
 H 3.84871675279974 1.86638452713859 4.66711373506861
 H 3.74225185944797 0.84444453968585 3.22561573318554
 H 1.39528702800356 -2.68835904725889 1.64423489237737
 H -1.24479507568450 -2.25885994122257 5.00254603383306
 H 1.91869500454633 0.93823611023529 5.53566869996237
 H 2.65391919194663 -0.75195552000026 2.36503445953992
 H 0.03873725489944 -0.28157346612392 5.74590647149149
 H 5.80681844900994 -0.59443805594019 3.56478905863719
 H 0.68117595326218 -6.01536803606081 1.82019033834133
 H 4.20105666176817 -3.25947959593629 9.68118060380331
 H -1.69058490126220 -1.08913314839568 -0.92981219208127
 H 6.04088990453886 -4.63316558352798 9.87532109010126
 H 7.08579448867006 -4.85611910153458 8.53486292204334
$end
$temperature
298.15
$end
$mult
 1
$end
$sigma
 1
$end
$pressure
1.00000
$end
$scale
1.00
$end
$msrrho
$end
$freq
4.38
7.63
10.13
14.99
22.57
29.97
36.36
48.76
55.70
63.32
69.16
86.47
120.02
127.95
131.94
135.42
148.34
165.78
199.39
224.24
234.84
254.11
268.12
284.66
299.50
311.44
344.43
347.91
367.09
367.67
375.09
392.98
402.06
409.81
416.66
447.38
469.90
476.70
477.70
499.16
510.70
517.24
556.67
569.81
571.25
575.62
579.75
596.47
598.99
603.20
611.57
617.89
639.51
643.73
672.25
677.89
687.12
705.56
718.39
729.22
734.85
740.18
786.42
796.45
822.24
830.76
845.27
850.58
864.32
891.19
907.27
914.45
920.39
939.88
946.66
969.55
1006.94
1009.80
1012.15
1058.50
1066.99
1074.25
1083.56
1098.17
1105.19
1113.93
1127.55
1144.31
1156.01
1164.00
1169.20
1178.38
1190.82
1213.28
1214.17
1231.77
1255.74
1257.39
1260.72
1269.40
1274.73
1279.41
1286.55
1296.25
1311.52
1320.54
1332.74
1339.35
1340.34
1382.33
1395.48
1428.01
1433.48
1436.54
1441.62
1441.86
1447.50
1486.95
1492.24
1504.20
1539.70
1571.12
1591.51
1600.91
1720.53
1765.25
1783.10
1829.89
2970.03
3007.74
3026.49
3037.64
3052.71
3057.78
3076.18
3088.82
3105.38
3112.41
3118.62
3124.23
3365.59
3433.48
3469.52
3491.03
3510.97
3544.60
3616.12
$end
