
$molecule
 O 12.24968631735170 2.10603073082229 3.73155844390643
 O 10.99984199505704 4.22090182070475 3.09826161893354
 O 11.85634275585796 -0.01384260881751 3.18602968829659
 O 9.59883441522726 4.79221588561797 0.47215788319180
 O 8.01205001115537 3.26205897186989 0.22695302164132
 O 5.90811005555668 11.80063145522940 5.87454982318066
 N 9.55515896776745 2.53464549849809 2.67850196246654
 N 5.67708466113867 7.24114151884948 4.71547629948590
 N 4.46308062980081 9.55640250705090 4.87313089225450
 N 1.74187089913044 9.95528530519854 4.41948588587202
 N 3.99394042633332 12.99934788581575 5.82338167169628
 N 1.91490323522858 12.15078182444674 5.12624509537351
 N 2.08361136097044 14.31019947514262 5.86418318964757
 C 10.53142006369762 1.63093327835118 2.08117454592220
 C 11.23491430631595 2.24658529462997 0.85963302456688
 C 10.25156181170341 2.58337135574849 -0.26893474574548
 C 9.83022549527420 3.80034699261461 3.06754181819944
 C 8.69946716480018 4.64448572230270 3.47307238052707
 C 11.61820597196165 1.15813933848068 3.08751696151502
 C 6.64993662946705 6.38924011691550 4.27014879826778
 C 4.34451161837965 7.25624562719897 4.13490746104622
 C 7.36009514482448 4.34737119611706 3.19525753594741
 C 8.99407295403056 5.83666565343110 4.15407534599068
 C 6.34929319094662 5.20038838767408 3.58793876391424
 C 7.99303263908371 6.68959488476103 4.55546698973810
 C 9.17263245048973 3.56097806248305 0.16930389825517
 C 3.69299728849603 8.58481584249393 4.41679341278786
 C 3.88968995967946 10.74202822549074 5.11427734632994
 C 2.32409225299843 8.79725447208771 4.19157403870653
 C 2.51701878154828 10.95006699213073 4.88769144934628
 C 4.72606187024855 11.82729772214823 5.62629786997620
 C 2.65721442959840 13.11374146382510 5.57297075826404
 H 9.97922804296334 0.73680207174896 1.76981739289185
 H 11.78434568709741 3.14320646419062 1.15684879664139
 H 11.96163127384957 1.51879984642915 0.48898820964002
 H 9.75550934286952 1.67618118597857 -0.62081386077480
 H 10.80340564250715 3.02672423264679 -1.10164366866226
 H 8.59075826883228 2.25719706068680 2.57835315407287
 H 3.73712125367622 6.44607513071291 4.55693042064027
 H 4.39637082543141 7.10199557891825 3.04695201449144
 H 7.09535655182960 3.45387673691537 2.64055768849718
 H 10.03108712409752 6.07446856264196 4.36388758847884
 H 5.98858308826692 8.16570766799973 5.00005587897456
 H 5.32127800166913 4.94399800170562 3.36255057239129
 H 8.23041509830472 7.60445227929078 5.08669753111712
 H 1.69607984288680 7.99458363453140 3.81571241865102
 H 11.87552021856280 3.02917921094621 3.52145803001691
 H 4.51414874817975 13.78131341940321 6.19407819764261
 H 10.55721116419889 4.87135994858312 0.58788715248306
 H 1.15615838817405 14.42761685030939 5.49184533947950
 H 2.66658968266469 15.12751321747038 5.89958601447277
$end
$temperature
298.15
$end
$mult
 1
$end
$sigma
 1
$end
$pressure
1.00000
$end
$scale
1.00
$end
$msrrho
$end
$freq
7.85
12.17
21.00
27.56
39.43
48.36
59.16
68.21
74.97
89.82
93.47
99.90
121.50
131.98
135.36
138.61
152.83
157.05
185.10
192.27
220.20
250.14
272.79
293.67
300.30
312.17
319.64
339.40
364.05
371.53
372.74
396.76
397.78
412.58
421.27
437.58
444.41
455.39
469.12
473.10
477.92
487.60
505.02
545.89
549.89
571.97
576.28
579.08
594.76
604.52
617.61
630.22
639.92
647.52
658.70
669.12
689.05
698.83
718.25
729.07
736.32
786.22
821.50
825.78
835.67
851.98
860.36
865.56
889.27
892.68
911.80
917.43
926.20
944.25
957.62
959.12
999.04
1011.44
1024.75
1031.93
1064.10
1066.93
1089.25
1107.78
1114.63
1126.64
1136.48
1157.53
1158.19
1177.33
1186.74
1190.52
1201.74
1210.20
1230.80
1244.18
1251.88
1256.95
1260.41
1277.09
1287.10
1298.19
1307.73
1316.75
1327.53
1331.22
1337.14
1343.50
1348.04
1392.20
1424.04
1428.85
1434.98
1436.35
1442.64
1444.18
1454.06
1487.21
1501.11
1511.50
1541.78
1557.50
1585.04
1599.94
1608.37
1765.67
1804.04
1816.21
2695.75
2946.16
2988.61
3012.33
3021.55
3028.93
3053.65
3062.52
3089.58
3107.05
3107.47
3120.58
3123.38
3416.70
3490.62
3510.32
3518.47
3578.35
3615.36
$end
