
$molecule
 O 1.35735011245472 2.24291729121362 -1.57148019957740
 O -1.22257299142196 3.60760498018918 -1.90705473711984
 O 2.13936563579301 0.20046445119720 -1.94110814034091
 O -2.37254360250751 1.01303944625809 -6.19650937224851
 O -0.38981009420190 2.01400863377745 -6.23202109575494
 O -5.80978547842221 4.59332557242292 2.49214003870404
 N -0.68191815503252 1.93507338903114 -3.32599092064338
 N -5.48469257322590 -0.75828516708464 -0.00859853209975
 N -6.56918801249031 2.10207485669424 1.32806982814921
 N -8.49737501425272 2.22976446447403 -0.68486608794582
 N -7.23828882900092 5.63390541527924 1.08632189017903
 N -8.59261930579402 4.53050663129001 -0.48768523235562
 N -8.63726606026098 6.81205796584186 -0.33430787498056
 C 0.10580512379460 0.74392020652348 -3.05686548225868
 C 0.65130753399484 0.14459412632561 -4.35929627740063
 C -0.46823174545766 -0.20732502930303 -5.34121154107849
 C -1.43744965102065 2.46731353826531 -2.27581388357386
 C -2.47147811791056 1.59901552001230 -1.69428563766386
 C 1.30688354329645 1.04285675327586 -2.12608792849914
 C -4.50658335464355 0.05951630062822 -0.54157657295623
 C -6.32517873882182 -0.28588836106453 1.08975685174669
 C -2.91613920003262 1.86030150310502 -0.39280690086118
 C -3.07099592915488 0.56247405658120 -2.41766468335055
 C -3.90504827474706 1.09437244492519 0.18714600990084
 C -4.07436241298058 -0.19655877506688 -1.85191174751220
 C -1.05405216392698 1.05916315322861 -5.95503424821560
 C -6.99720565649676 1.01289478967488 0.71161894469066
 C -7.09406377242776 3.27278038133405 0.94824964251004
 C -7.96748835701670 1.08823430050177 -0.29662641789014
 C -8.06135084199815 3.34526019895413 -0.07281869993123
 C -6.62293935941451 4.49282850898474 1.60550932087223
 C -8.17018652347535 5.61088267068583 0.09051299135206
 H -0.52103686138412 0.00649617833612 -2.54054704325457
 H 1.32407771938358 0.86292197410102 -4.83685121342388
 H 1.22684283597556 -0.74862781371807 -4.10636799375040
 H -1.24406879518877 -0.80981048536222 -4.86191030157446
 H -0.04989787078838 -0.78814712293125 -6.16826913805564
 H -0.11668314040510 2.66653783328339 -3.75394358200742
 H -5.71400639195788 -0.13504051761406 1.98309584523963
 H -7.06119269282139 -1.06879919491276 1.29262113289421
 H -2.46229364666076 2.67567746726136 0.15949744229805
 H -2.77430330079670 0.38400102292474 -3.44612673235247
 H -6.00600827122390 -1.26963752982697 -0.71029722555917
 H -4.22645334631038 1.31513580640930 1.19687637900257
 H -4.54626936775688 -0.98946925324444 -2.42280227168333
 H -8.31376659523192 0.18756860721730 -0.79631977734719
 H 0.60133029162659 2.83716860510865 -1.75092577639746
 H -6.93169284081652 6.51127206425113 1.48104367214883
 H -2.79304465397468 0.18589232219587 -5.92874891686034
 H -8.56074239797208 7.60667736591821 0.27492296555841
 H -9.44831540685923 6.76181645237564 -0.92716676865716
$end
$temperature
298.15
$end
$mult
 1
$end
$sigma
 1
$end
$pressure
1.00000
$end
$scale
1.00
$end
$msrrho
$end
$freq
7.57
11.23
15.23
19.32
33.11
38.37
44.21
50.48
63.42
75.94
82.04
91.04
116.95
121.73
134.07
142.57
157.14
163.39
185.78
224.24
235.28
250.96
263.35
293.99
299.14
308.76
337.73
347.47
355.51
359.09
372.37
381.68
396.71
411.72
429.22
450.28
461.98
474.28
477.32
484.87
492.99
522.91
530.62
543.64
557.19
559.34
578.64
579.87
589.22
602.79
607.21
616.48
619.08
643.32
645.55
651.84
681.24
700.56
718.09
722.64
727.12
743.62
798.80
816.39
831.28
834.41
837.71
854.23
866.54
874.24
901.29
914.49
928.25
932.91
938.08
965.80
1002.00
1008.88
1032.48
1048.90
1064.08
1066.54
1071.94
1079.57
1111.18
1112.90
1119.93
1134.61
1154.03
1154.73
1161.56
1179.93
1192.21
1210.49
1213.49
1226.55
1250.89
1257.26
1260.09
1271.40
1277.76
1278.66
1293.11
1297.88
1311.98
1323.56
1335.93
1336.52
1340.32
1384.16
1390.62
1425.59
1429.13
1433.23
1443.38
1445.24
1447.21
1486.18
1492.23
1507.01
1540.28
1564.86
1589.54
1598.83
1706.33
1768.64
1810.59
1821.40
2998.02
3012.53
3019.47
3026.60
3041.20
3052.88
3061.12
3084.25
3095.14
3109.12
3116.46
3137.74
3399.33
3407.64
3466.43
3490.27
3513.86
3619.76
3620.21
$end
