
$molecule
 O 0.89306321792964 -6.76985102947955 2.03726664418616
 O -1.29033183030468 -4.16602979358737 3.64867042240503
 O 0.68866632695173 -7.70522406483826 0.03010727395624
 O -2.55055762812868 -5.51062968781139 -3.19409342230037
 O -0.80057218368403 -4.16224362892670 -3.01918670554551
 O -5.83567529303377 -0.28477618296078 -0.20120973002561
 N -1.50487757939825 -5.82580170900177 2.17925342291528
 N -0.23551976936697 -1.26616491566358 -2.02487484968491
 N -3.58173156161323 -0.78361036606564 -1.88764921510031
 N -3.94027138092714 -2.72397230307747 -3.85571244517585
 N -6.99902557712078 -1.81476588407820 -1.38442979961694
 N -6.12734476405995 -3.05488481036777 -3.17954701198226
 N -8.28411903897939 -3.40027256479773 -2.48628005422420
 C -1.24292754437778 -6.60731394389518 0.98846927280275
 C -1.80374142584455 -5.94965216987433 -0.29914988976682
 C -0.88131562784191 -6.03080200415082 -1.52569413598821
 C -1.14964995247044 -4.53053814387919 2.50157771415352
 C -0.77085962283031 -3.60903434461182 1.39158555846895
 C 0.21760283442260 -7.06528049686238 0.93224492565229
 C -0.40965048982701 -1.96479793785401 -0.84074997762782
 C -1.29042018014983 -0.38858330117236 -2.51961480336382
 C -1.57520524267049 -2.48346001189304 1.19826119722396
 C 0.31266452640272 -3.81652819316161 0.53558669788350
 C -1.39886126805844 -1.66227923553179 0.09970786894428
 C 0.49091018772818 -3.00405589506857 -0.56716961714945
 C -1.39006088915364 -5.13691489790027 -2.64523940478134
 C -2.60289364443169 -1.11526746339847 -2.71311589721561
 C -4.75198480627702 -1.42124073905714 -2.02358835991247
 C -2.79219448397752 -2.09784823067692 -3.69631311171806
 C -4.93750364297635 -2.39866428273378 -3.01766126426415
 C -5.84098878849190 -1.08175877459635 -1.10950168545995
 C -7.09482428259924 -2.74082180979749 -2.38147425740691
 H -1.78475555991402 -7.55428986122603 1.13296340349555
 H -2.75955207702962 -6.42569360089802 -0.53953003539366
 H -2.01629264761632 -4.90055161265315 -0.08494264906327
 H -0.81419098978414 -7.06106205888881 -1.88275915458121
 H 0.12231121055154 -5.68622157351107 -1.27755626513209
 H -1.65419152896341 -6.37615184078814 3.01460958017774
 H -0.94086448208929 0.02457137732348 -3.47072548842183
 H -1.43879195193061 0.43390463156793 -1.81463902194716
 H -2.37426142477177 -2.27971109813904 1.90211398766496
 H 1.01481389384833 -4.61801967543052 0.73104775809852
 H 0.14759762281138 -1.85842776974229 -2.75383818392562
 H -2.06159844394204 -0.81828985266063 -0.04018526362265
 H 1.30947191428873 -3.19065370021511 -1.25287828940062
 H -1.98322514350953 -2.37499108736034 -4.36423678843029
 H 1.79520425543797 -7.12553101522984 1.97440415521812
 H -7.78367955544733 -1.63388591972210 -0.77561458032824
 H -2.92801438013825 -6.31858287253755 -2.82367451189796
 H -8.39050911415261 -3.90257567641145 -3.35249121850052
 H -9.10633219247305 -2.93653797674692 -2.14038679434299
$end
$temperature
298.15
$end
$mult
 1
$end
$sigma
 1
$end
$pressure
1.00000
$end
$scale
1.00
$end
$msrrho
$end
$freq
2.50
10.08
25.31
31.66
34.29
43.58
58.64
66.02
74.50
84.15
93.22
109.24
122.58
132.12
134.48
145.05
163.12
176.88
190.89
200.51
234.75
242.97
252.36
281.79
289.42
305.19
337.98
348.21
361.35
373.70
381.78
388.78
398.89
407.05
432.98
437.85
447.68
450.45
476.70
486.78
510.60
519.03
528.53
532.78
553.60
560.82
578.16
587.84
591.08
599.95
607.40
623.48
624.71
642.98
645.49
678.17
681.95
689.22
705.83
708.36
717.31
722.95
744.71
785.00
794.34
821.74
833.07
836.72
837.49
881.09
897.51
911.54
924.59
938.22
967.58
994.59
999.82
1012.44
1025.39
1057.12
1067.52
1072.54
1080.33
1100.01
1112.43
1119.55
1138.72
1144.51
1157.40
1161.76
1179.44
1185.26
1226.10
1228.15
1241.21
1253.34
1254.51
1259.42
1264.35
1271.62
1273.17
1277.16
1286.05
1300.14
1310.73
1318.75
1328.55
1337.84
1338.31
1387.48
1397.01
1425.10
1427.43
1439.76
1440.27
1447.98
1462.56
1491.45
1493.01
1508.71
1537.18
1565.82
1592.90
1604.28
1737.54
1765.16
1796.75
1808.65
2962.31
3013.26
3016.60
3035.79
3046.48
3065.39
3089.69
3108.12
3110.01
3115.35
3129.83
3139.61
3455.31
3482.00
3492.51
3503.22
3544.35
3605.96
3620.21
$end
