
$molecule
 O 9.86966345368686 9.65734272782505 -0.78702707725742
 O 9.00163535316665 7.57786880695595 -3.87397178099684
 O 8.16807674364775 10.49919182814214 -1.93919569679222
 O 5.95607527525146 6.05745091462596 -1.42222112557059
 O 6.83068055817162 4.60229007483253 0.01716038566442
 O 6.35815717616455 8.89731527568781 -13.02283416315835
 N 7.17821701721305 8.10685684300634 -2.59368121202434
 N 5.09431070259411 9.41716761774507 -8.51961092371516
 N 4.35430622295985 9.20296663521356 -11.01938067599592
 N 1.74912754228458 9.57434585183195 -11.93831600630568
 N 4.75267243557099 9.11026553131677 -14.59817541141511
 N 2.47310423130574 9.44993208808863 -14.13142711398057
 N 3.20059153623212 9.36771192752640 -16.29895337256642
 C 8.00068175078795 8.19072530377922 -1.37700155767781
 C 8.92959812225004 6.99260274272426 -1.14974929066585
 C 8.32293066679830 5.63724107015584 -1.54349563795849
 C 7.86363512185416 7.99363381292177 -3.82065639909276
 C 7.07520301425639 8.35692375744241 -5.00548816993738
 C 8.69826474534455 9.56360271788338 -1.41558427176673
 C 5.71151014959678 9.03812482486208 -7.36316457548748
 C 3.65703954866393 9.32063410841104 -8.70731029293204
 C 5.69322420880025 8.57988337817322 -4.99230655663746
 C 7.76175309096794 8.47459219394955 -6.22507157415466
 C 5.01817655261261 8.91569921380436 -6.14797836664136
 C 7.10013790304923 8.81589340686059 -7.38051911806523
 C 6.96861853388685 5.37114077978486 -0.88995374662630
 C 3.34586736924140 9.36213068463850 -10.18092190286562
 C 4.08221323616059 9.23014786094025 -12.32990738265108
 C 2.03799280938116 9.54710673311271 -10.65466233844555
 C 2.76983176712020 9.41820499030219 -12.80064863854525
 C 5.18788223442927 9.06244002545060 -13.27286476804802
 C 3.45171565388309 9.29620243800696 -14.96652396939847
 H 7.28767955261002 8.25062370525556 -0.54218994098118
 H 9.85152626554201 7.12097688137977 -1.72232990167671
 H 9.18760585807825 6.96913314887952 -0.08539982286920
 H 9.00802478168114 4.84920737797712 -1.22452247625574
 H 8.21826369512918 5.58535882137379 -2.62900830183150
 H 6.53088034914793 8.88951662917747 -2.60246110650888
 H 3.15059750887286 10.14807076030944 -8.19509802255929
 H 3.27460665180758 8.38083034397138 -8.28186427215930
 H 5.12811371409127 8.47264773297201 -4.07233543710100
 H 8.83143796489783 8.29622587731121 -6.23713089645829
 H 5.61615100791529 9.28301806593517 -9.38073929647119
 H 3.94931193725108 9.08731612122306 -6.10853249944754
 H 7.63981910224047 8.91304674695588 -8.31575727860822
 H 1.21284634939650 9.67611983194909 -9.96010349308535
 H 10.22167657310777 8.81634664142793 -0.46492028527198
 H 5.47487149428754 9.01879222032290 -15.29791133469888
 H 6.28065089362944 6.72986882370798 -2.08363750862123
 H 2.22614255114438 9.31106627419514 -16.54321126609387
 H 3.85615602184004 8.95304582966459 -16.93709312764689
$end
$temperature
298.15
$end
$mult
 1
$end
$sigma
 1
$end
$pressure
1.00000
$end
$scale
1.00
$end
$msrrho
$end
$freq
7.58
11.15
17.79
23.20
28.35
42.31
49.88
56.54
57.67
77.21
86.30
94.52
118.01
128.59
135.38
138.54
143.50
175.29
185.33
194.40
210.56
253.41
274.70
288.37
310.67
318.41
339.28
357.28
359.76
369.19
371.71
397.28
404.47
412.12
440.28
447.25
452.96
460.12
465.70
473.58
479.77
502.75
505.98
542.22
549.14
574.42
576.12
588.89
594.95
601.85
604.22
617.48
636.35
650.24
668.36
671.02
705.72
718.04
727.75
732.61
736.43
769.54
791.65
799.01
826.38
840.47
856.95
860.86
867.69
889.92
898.23
913.18
933.72
949.14
957.27
959.25
999.09
1010.98
1012.32
1035.28
1061.75
1066.56
1077.24
1108.24
1114.62
1125.55
1133.26
1157.32
1158.42
1167.44
1179.35
1189.56
1201.41
1202.17
1227.28
1231.53
1248.00
1257.82
1259.31
1271.81
1276.31
1285.96
1290.74
1304.32
1307.74
1331.89
1334.05
1343.95
1349.47
1389.69
1392.55
1429.35
1433.66
1442.26
1442.69
1444.28
1459.67
1486.78
1502.46
1511.42
1541.80
1558.74
1591.34
1599.91
1730.78
1766.05
1819.74
1825.67
2944.21
2972.97
2988.16
3007.34
3020.74
3035.81
3049.59
3069.45
3089.67
3100.91
3107.92
3120.07
3122.17
3421.24
3437.25
3490.30
3511.15
3597.29
3616.46
$end
