
$molecule
 O 6.67646715435425 -0.61180944414318 1.12466799999340
 O 10.16958694465919 1.57445534229630 3.80060731646574
 O 8.10572982554148 -2.19676886561570 1.77707229497214
 O 7.98848469869780 3.13862302659814 3.01180111753856
 O 6.83677192844649 2.42063003619080 1.24727541685565
 O 16.40275362077386 -6.17802124819512 10.97944210554303
 N 9.88380738336801 -0.42363951934619 2.79401086452721
 N 14.56843021204899 -1.63981643750066 7.05405267802175
 N 16.11830727934340 -4.16142782612819 8.97470261218268
 N 18.30673570481481 -2.45922554505995 8.64201085207094
 N 18.47023548603944 -5.38598921313921 11.41772283840671
 N 19.46363302434738 -3.57031784055412 10.30475049358121
 N 20.62351464419899 -4.69588558527542 11.92506799036158
 C 8.75865076004997 0.09466781134951 2.04533570655300
 C 9.21907284132060 0.88099032661645 0.79452925827285
 C 9.20895945144668 2.39119965013599 1.06430665736230
 C 10.48498511766032 0.38670294679257 3.70110962159853
 C 11.54164884954979 -0.21428913320199 4.53997975313003
 C 7.82374260236714 -1.04133175194576 1.64204197817993
 C 13.54877066196640 -1.21813825343077 6.22883580611073
 C 14.87142807890898 -3.05584316196563 7.23438740631080
 C 12.05443904721817 -1.50137920102704 4.35498913840044
 C 12.06346934073763 0.56873905481106 5.57912503318394
 C 13.04422086183447 -1.99895232307002 5.18115346661604
 C 13.04621332200061 0.08020499734256 6.41016894640259
 C 7.89204647771673 2.68222366391281 1.77175909685043
 C 16.11144569687011 -3.19222881545457 8.07643476096464
 C 17.22335066473077 -4.30141195875748 9.71845876099199
 C 17.21467057599652 -2.34164683534965 7.91611274775777
 C 18.33020276496590 -3.44644206663360 9.55466321111519
 C 17.26062299175871 -5.36885618985600 10.71906456893498
 C 19.49392864584710 -4.51322273049808 11.19181285995372
 H 8.19068992879099 0.74841825492379 2.71829353431720
 H 10.21688380957828 0.54579254495118 0.50511399231867
 H 8.53643808093665 0.67160544659870 -0.03364599155972
 H 9.22806954683589 2.93661201680887 0.11885334488767
 H 10.06371318973320 2.69235054924456 1.66981303942656
 H 9.99469690338428 -1.42774043792904 2.79163323549400
 H 15.05198728971271 -3.51108308406894 6.25488447847143
 H 14.03943954203841 -3.58644074008271 7.71593647232449
 H 11.69106018468928 -2.13030068306968 3.54931946855755
 H 11.67463993416552 1.57100523886524 5.72248414569903
 H 14.64004290525213 -1.11163618589735 7.91521466545747
 H 13.42290581963123 -2.99820928531033 5.00584244956845
 H 13.44093799047744 0.69481819301149 7.21201415167308
 H 17.19113947267986 -1.54660168404701 7.17646637391262
 H 6.56596393277862 0.36118916571854 1.12007580213410
 H 18.56210600421473 -6.11512133357773 12.11006766920025
 H 8.87198258889590 2.95600086808884 3.40189268047295
 H 20.55334371682646 -5.18168406269976 12.80159060115689
 H 21.27438149978760 -3.92969469140454 11.88054352730348
$end
$temperature
298.15
$end
$mult
 1
$end
$sigma
 1
$end
$pressure
1.00000
$end
$scale
1.00
$end
$msrrho
$end
$freq
7.00
9.43
17.86
28.88
29.29
49.78
61.68
70.41
78.20
84.18
90.31
97.46
104.62
128.15
133.09
142.71
149.82
163.50
177.96
191.61
218.47
230.02
263.22
289.58
299.36
307.73
337.50
348.97
364.60
368.21
373.05
392.96
398.56
403.57
419.63
431.89
450.42
466.06
474.11
476.80
479.38
510.48
543.63
550.59
557.31
567.39
581.23
586.69
603.22
604.46
618.34
627.83
629.62
638.82
644.47
656.56
675.07
691.75
702.51
720.41
724.43
739.22
786.38
812.26
827.68
830.30
837.83
868.06
877.70
889.35
897.10
913.05
938.97
955.14
968.25
988.56
1006.93
1009.78
1011.44
1066.93
1073.22
1087.83
1094.79
1111.68
1112.08
1117.63
1129.62
1149.96
1154.10
1158.57
1168.81
1187.71
1199.33
1212.31
1223.13
1234.70
1250.42
1254.60
1257.61
1264.07
1272.51
1286.26
1299.17
1310.61
1314.20
1330.54
1332.13
1338.05
1342.92
1388.73
1400.62
1429.90
1433.90
1434.34
1438.84
1442.70
1449.95
1487.89
1497.30
1511.43
1541.02
1566.93
1593.12
1601.34
1647.68
1767.28
1771.20
1828.51
2970.77
3007.28
3013.24
3027.30
3037.35
3059.13
3081.74
3093.49
3102.05
3103.33
3118.73
3126.21
3350.71
3396.52
3466.94
3484.90
3490.97
3509.88
3614.76
$end
