
$molecule
 O 8.69041575126637 -0.58156784345674 -2.64808517140037
 O 9.99742935146134 -2.75008028873383 -2.51410151742258
 O 6.68305272828885 -0.07751968696194 -1.83573557092186
 O 5.81693587181510 -2.05477916157598 2.66249652652617
 O 7.04828123439579 -3.53539603452238 1.55561788192636
 O 19.35581663318422 -5.97026177994544 4.05572823644005
 N 8.51004384926869 -2.82780148784531 -0.82683558461724
 N 13.55545908058888 -5.93553122214048 1.68585781132723
 N 16.84344829312699 -6.51787280766776 2.80788090633479
 N 15.75955168749845 -9.04170488294030 3.31210110962931
 N 19.30232904367175 -8.03520463542452 4.96489033684453
 N 17.57140171075823 -9.59005045965385 4.63657790377455
 N 19.38470258159198 -10.14630683257398 5.91765730823518
 C 7.40572304700056 -2.36486700004634 -1.66580336775354
 C 6.05779896478629 -2.63795905414334 -0.99348842056665
 C 5.80798859836878 -1.87121370891885 0.31382311344948
 C 9.71333223103550 -3.11388112987123 -1.36376331961727
 C 10.68291151860094 -3.83946038359360 -0.52266139900237
 C 7.56494982025912 -0.86821427179610 -2.04877876442821
 C 12.65223228969618 -5.21050359426590 0.93753793309304
 C 14.98631518113640 -5.89805357244618 1.40122202482712
 C 11.94039299329319 -4.10734175394187 -1.07874980393188
 C 10.42482597481133 -4.27744961007065 0.78205953673887
 C 12.91237129828088 -4.78232631260217 -0.37023590588516
 C 11.39180885515779 -4.95131430637927 1.49795349609768
 C 6.29915158177736 -2.58733233939425 1.54184311595859
 C 15.68875427260641 -6.89240802758888 2.28586655305892
 C 17.48102256179578 -7.40228365701958 3.58617360237576
 C 15.15128909598485 -8.16158061514947 2.54486501565624
 C 16.93962847099890 -8.67642167669654 3.84313819874679
 C 18.76315623453413 -7.01570592270864 4.17637923382463
 C 18.70454095339919 -9.24571216366031 5.15978012195184
 H 7.44798676111666 -2.92479388583071 -2.61313011277854
 H 5.28289463443457 -2.34835491029553 -1.70797094294258
 H 5.96239353887743 -3.71153004908551 -0.80660437142017
 H 4.73781098563881 -1.69129553280084 0.44295285291309
 H 6.28534929573739 -0.88780236824759 0.29419480414015
 H 8.24874126233008 -3.21399436637705 0.06977102221350
 H 15.40348701701663 -4.89633004388392 1.56901920225503
 H 15.15025749920631 -6.17104504243206 0.35356234054438
 H 12.14399926307705 -3.77179938518814 -2.08983980749217
 H 9.46607679828800 -4.09462723824962 1.25330975166063
 H 13.35565404184740 -5.93255203244871 2.67879383342077
 H 13.87171983909125 -4.97386793516499 -0.83447924912997
 H 11.18179183791910 -5.28823071277715 2.50754030609274
 H 14.19786327307523 -8.45135126282290 2.11274702464124
 H 9.29053727143538 -1.40434485205676 -2.73029633776053
 H 20.19842748664102 -7.83308662455715 5.38384152473020
 H 6.16456387173678 -2.53844472745917 3.42989483681168
 H 18.83812019911127 -10.94101609390407 6.20474705283976
 H 20.06563736297813 -9.80412971270587 6.57228912800468
$end
$temperature
298.15
$end
$mult
 1
$end
$sigma
 1
$end
$pressure
1.00000
$end
$scale
1.00
$end
$msrrho
$end
$freq
7.14
8.29
16.75
28.64
29.48
32.95
43.02
57.88
69.38
80.27
87.73
107.17
117.11
127.49
132.70
134.52
144.59
183.47
191.30
199.63
204.13
244.38
270.38
277.74
301.90
317.92
330.44
336.04
343.73
367.57
370.98
386.09
397.47
416.46
441.15
453.33
458.70
474.71
478.55
480.19
491.65
501.06
513.20
543.93
551.00
566.05
581.91
585.58
600.97
606.62
615.19
618.45
635.15
636.67
651.31
666.22
675.58
698.20
723.46
739.14
747.29
789.01
815.88
823.13
824.34
837.78
858.66
868.61
885.61
892.82
911.10
919.08
932.88
938.98
940.09
968.53
1004.70
1010.32
1012.20
1067.07
1074.26
1094.68
1112.01
1120.84
1127.17
1132.84
1147.54
1154.24
1157.00
1173.80
1186.48
1192.47
1212.31
1222.72
1238.08
1242.98
1252.53
1257.53
1271.40
1272.91
1284.29
1294.41
1299.96
1329.86
1337.44
1338.45
1338.71
1343.12
1353.53
1389.61
1406.69
1416.74
1430.22
1435.67
1438.70
1442.50
1445.82
1488.11
1497.44
1511.77
1541.00
1564.25
1589.74
1601.53
1615.77
1766.88
1774.39
1802.05
2647.51
2948.38
2970.63
3014.92
3021.59
3027.86
3049.01
3054.78
3093.75
3100.90
3114.36
3125.54
3127.64
3465.73
3473.84
3491.25
3509.48
3549.00
3614.22
$end
