
$molecule
 O 7.60457833488020 -2.43788378366260 -3.41494899358319
 O 3.00594654077062 -4.31893212167255 -2.26442947542286
 O 6.46752594859263 -2.55304616168532 -1.50028295290311
 O 3.12051121763094 0.53177964220080 -6.38914504367109
 O 5.06838665955687 -0.54395078441789 -6.30515435312472
 O 2.43400883758442 -10.28532043142507 -12.45195946723107
 N 4.08621060969997 -2.44300596511143 -2.87450653945603
 N 4.16582757118713 -5.83204368952171 -8.36207651186629
 N 3.75904153877452 -8.39575649673168 -10.76478593524266
 N 5.89511667636362 -7.01990321490046 -11.92389277568685
 N 3.88099173937954 -9.75773257091043 -14.10132106729823
 N 5.59246808754834 -8.15935603338659 -13.91112877018143
 N 5.26952963066163 -9.26361417422277 -15.89058894920448
 C 5.28619015843426 -1.92943226216152 -3.51134487840622
 C 5.25844685422577 -0.39034333590652 -3.51467574273624
 C 4.02892972104599 0.15138830878367 -4.24246738414345
 C 3.57865047098270 -3.70627865047717 -3.13787740241261
 C 3.72689544110013 -4.23217929767244 -4.52089829622652
 C 6.49380984001673 -2.35587831170152 -2.68276230609657
 C 3.97940669853087 -5.35530811950713 -7.07490026843132
 C 4.04520415981833 -7.25565955437981 -8.65977068058774
 C 4.03581540114738 -5.58426749188735 -4.67781326491399
 C 3.50747367888892 -3.45465859533806 -5.65958458335409
 C 4.17794213310405 -6.14154769798439 -5.93481483138994
 C 3.63166101761686 -4.00655391386846 -6.91959255736423
 C 4.15518415068480 -0.00541303780395 -5.73892986156224
 C 4.45143433767419 -7.49604244515061 -10.08853154509520
 C 4.12678185613348 -8.62825074804796 -12.03196842308483
 C 5.52258908738031 -6.80939635410143 -10.67877211283808
 C 5.20233157556645 -7.93708015175928 -12.62128801131241
 C 3.37850685429312 -9.62001532333659 -12.80491376659916
 C 4.93668915720146 -9.04511390426089 -14.58962114258278
 H 5.37884480331155 -2.31080075960248 -4.53158413656083
 H 5.25165680764238 -0.03531726782196 -2.48065589767122
 H 6.16761365085887 -0.02729715884001 -4.00107643910827
 H 3.88653145039198 1.21260407399953 -4.02460127305175
 H 3.12688077473720 -0.37535827896553 -3.91649399438502
 H 4.08891109936397 -2.27645345415356 -1.87109074852847
 H 3.02022181636616 -7.61671231057209 -8.50126054337348
 H 4.71533242043614 -7.81768601365076 -8.00108463113738
 H 4.17717623219090 -6.19615109472268 -3.79371262904210
 H 3.20182649210268 -2.42033726869813 -5.55627660888656
 H 3.71592159178648 -5.25706428493408 -9.06502739445490
 H 4.43811134137515 -7.18906772499635 -6.02270952875038
 H 3.45860914686954 -3.39545805055941 -7.79901902723084
 H 6.07833993239309 -6.06960768578200 -10.10999720863078
 H 8.35132170837875 -2.68798800063774 -2.84571906676394
 H 3.39313032194184 -10.41801398919749 -14.68893482603486
 H 3.24401268034656 0.41086209496555 -7.34498576146315
 H 5.01319127553076 -10.14184142406360 -16.30609886848334
 H 6.16318046750745 -8.88324772975303 -16.15474152243115
$end
$temperature
298.15
$end
$mult
 1
$end
$sigma
 1
$end
$pressure
1.00000
$end
$scale
1.00
$end
$msrrho
$end
$freq
8.10
10.92
12.23
16.74
19.53
27.05
35.08
51.17
57.79
67.85
74.61
76.19
91.52
112.00
132.91
138.95
144.41
152.43
167.27
189.81
196.32
218.57
249.94
263.07
281.29
302.45
320.59
339.65
349.20
370.06
372.80
383.61
397.22
424.14
427.47
456.40
465.07
468.98
478.03
488.17
500.49
511.11
536.54
545.31
572.83
579.67
582.23
584.11
600.67
610.97
618.41
622.06
633.62
638.37
648.38
653.75
675.61
702.49
707.36
725.57
735.47
741.41
767.93
789.86
825.62
830.68
837.52
862.09
865.11
869.39
896.43
914.19
931.52
939.41
949.38
968.87
1004.72
1012.22
1017.43
1067.62
1089.54
1093.63
1098.00
1112.17
1116.83
1135.18
1137.50
1141.60
1154.69
1160.36
1166.59
1177.71
1184.64
1203.21
1222.24
1231.83
1246.71
1256.68
1267.58
1268.76
1272.96
1279.84
1291.81
1302.32
1325.80
1326.45
1333.12
1337.12
1340.09
1385.80
1397.53
1410.63
1429.19
1433.03
1437.96
1441.91
1447.62
1488.88
1494.43
1511.77
1541.07
1571.03
1594.93
1602.55
1740.62
1766.17
1803.49
1816.60
2967.70
3015.59
3016.02
3023.71
3044.89
3047.06
3057.23
3094.65
3100.55
3112.53
3125.64
3127.34
3421.22
3459.22
3491.64
3507.91
3542.33
3550.53
3612.17
$end
