
$molecule
 O 2.06298564350812 -2.17569668324699 -5.46667474554120
 O 0.48626397297601 -4.74505729144159 -9.88821726679687
 O 0.11342861284419 -3.08798990107664 -6.05175505254575
 O -0.24343768508106 1.67197415171880 -9.28541618555582
 O -0.59774612522975 2.03420543285736 -7.12159313748684
 O 3.43980609400810 -0.17536136760152 -13.68963462727649
 N 0.67849075961932 -2.85040358194566 -8.69525090939942
 N 6.38702192173492 -3.16029730930065 -11.73808083188662
 N 5.17139524213212 -2.42087999015226 -13.90580498507769
 N 5.14252743351032 -3.77490673968839 -16.33787888612106
 N 2.80856047751684 -0.51558884245698 -15.83376268122222
 N 3.60853370734691 -2.26376794195943 -17.19132778755031
 N 2.10830223673192 -0.75338948504544 -18.03054909741139
 C 1.50458746287071 -2.10592183260620 -7.76556493903581
 C 1.27256755950142 -0.58682273655318 -7.88828621160802
 C -0.21740610897339 -0.22998989475857 -7.80764328390460
 C 1.17827565317722 -3.80468869329492 -9.56415651835167
 C 2.54711134164531 -3.59198410250375 -10.10229784864411
 C 1.13346388502486 -2.53393089324659 -6.35139344487379
 C 5.09594873961615 -3.33121105298749 -11.21900711982033
 C 6.71940703199617 -3.97003912944147 -12.90597274651232
 C 3.34984115720787 -4.71585819157796 -10.31226305676200
 C 3.02607990400284 -2.33714380427266 -10.48528688765535
 C 4.61813531664293 -4.59024754331451 -10.84774177877831
 C 4.28678292783227 -2.20646279101647 -11.03484430072103
 C -0.38474326265940 1.26873416868294 -8.01192761064877
 C 5.89594180911831 -3.51076210309054 -14.09063180034758
 C 4.40179055999921 -2.00339725801917 -14.91610711631812
 C 5.87442403329599 -4.18363561992284 -15.32148054070303
 C 4.38529692211031 -2.67993002878973 -16.14888528718629
 C 3.55312695768665 -0.83410072583694 -14.69896514723297
 C 2.86257821943857 -1.22255304758969 -17.00182979987943
 H 2.56528163156830 -2.31796499595578 -7.94125449208897
 H 1.82230519253507 -0.08273159946305 -7.08907326550586
 H 1.67491778349518 -0.24657774068601 -8.84589439362144
 H -0.62245897480647 -0.49615221860711 -6.82962188913949
 H -0.76698015621932 -0.77425583906881 -8.58016320753252
 H -0.18935805248602 -3.17170309558025 -8.27268359990531
 H 6.53762038859435 -5.02713150347838 -12.69705101831570
 H 7.78714986271314 -3.84623446209822 -13.11589977867504
 H 2.96609759036213 -5.69237445681904 -10.03796916743936
 H 2.38635907687563 -1.46562382797099 -10.40395831373699
 H 6.51903263466001 -2.18033780010614 -11.98556416019770
 H 5.23548767572632 -5.47113157239314 -10.98116583114404
 H 4.63393739145291 -1.23683566339332 -11.37346911193507
 H 6.47471710202826 -5.07597397434515 -15.47410506874962
 H 1.77979559995634 -2.43446835994246 -4.57348548088188
 H 2.20914903238370 0.29287466647298 -15.75349061580228
 H -0.08891103096607 0.95344967781957 -9.91252749699543
 H 1.31022099601363 -0.18135141390689 -17.81785680892992
 H 2.01311485495912 -1.39635299101683 -18.79900266657902
$end
$temperature
298.15
$end
$mult
 1
$end
$sigma
 1
$end
$pressure
1.00000
$end
$scale
1.00
$end
$msrrho
$end
$freq
8.18
8.35
15.91
22.03
26.95
32.99
37.08
40.25
50.41
58.72
69.91
77.80
97.77
117.21
133.60
139.50
146.24
160.06
172.58
183.78
220.38
234.73
244.25
282.03
299.43
312.74
340.67
355.13
369.32
376.73
384.43
396.34
406.47
418.54
418.89
431.69
447.13
454.86
473.97
479.84
505.15
512.87
528.96
557.08
574.40
579.89
585.61
598.98
602.15
603.86
618.06
636.53
639.37
642.99
667.60
693.60
695.88
706.47
715.78
736.37
746.40
754.38
776.95
795.42
822.98
834.90
841.49
857.01
867.90
876.00
900.39
914.55
924.76
950.29
955.39
969.81
1005.73
1006.85
1008.48
1065.03
1067.78
1083.12
1085.61
1109.52
1114.87
1115.78
1138.63
1144.00
1158.50
1159.52
1168.19
1176.37
1187.79
1200.57
1219.08
1229.92
1245.70
1249.68
1256.97
1265.13
1268.90
1275.48
1279.28
1287.44
1298.91
1319.84
1321.45
1333.50
1340.00
1389.68
1399.80
1426.97
1436.25
1437.37
1439.11
1441.97
1451.68
1485.78
1487.76
1509.04
1539.37
1575.35
1591.20
1600.44
1737.63
1754.46
1817.27
1839.82
3007.26
3007.45
3020.80
3026.93
3042.24
3051.01
3067.78
3089.74
3107.38
3108.39
3118.24
3120.30
3407.80
3415.73
3491.26
3508.65
3538.35
3613.26
3614.02
$end
