
$molecule
 O 3.63070091682826 -0.80065020194687 -2.32773281820110
 O 5.51138501232980 0.00679774381319 0.05804756749709
 O 4.89686465291144 0.63487119241598 -3.46254349935987
 O 3.91265617497435 5.27781918504532 -3.57117546505267
 O 2.63551563748776 4.15652416590613 -2.13627769589701
 O 1.47355248104144 -9.06578634955541 6.71485819670753
 N 3.39302332080591 0.76731174817397 -0.23572769275239
 N 2.62322047681459 -3.22795625220564 4.72706704423335
 N 2.27386953697362 -6.34825177828122 6.33379567874061
 N 1.99970668412590 -4.67721896104400 8.55453950657081
 N 0.93808753960923 -8.56073238192375 8.84822855124997
 N 1.17622552959739 -6.43143922976293 9.81272676168088
 N 0.39691197477692 -8.17885282240045 11.06944472101031
 C 3.74092510092903 1.42297666342157 -1.48597551014629
 C 4.79152137904193 2.52066368987774 -1.25395975115914
 C 4.93699800785462 3.48078375359929 -2.43521293075548
 C 4.34132248713015 -0.00623587434383 0.38908129042352
 C 3.84073016261012 -0.83223219393795 1.51627013524568
 C 4.18566797138495 0.39759880342017 -2.52365445507093
 C 3.04868397452185 -2.48300704755681 3.64209299387250
 C 3.16162423581056 -4.56068994126327 4.98145984081670
 C 4.67802063305577 -1.84708056632326 1.98964014984839
 C 2.60478419469057 -0.64010348256473 2.14003255896743
 C 4.29492721516349 -2.66694402793981 3.03227486214818
 C 2.21568073258145 -1.44994194843058 3.18854781751329
 C 3.70303506106797 4.31257209224420 -2.67074180181474
 C 2.61234118778261 -5.07183202831349 6.28570549832041
 C 1.79877028697808 -6.81412466554673 7.49661219233058
 C 2.46998380886802 -4.23936343986280 7.40546046253487
 C 1.66013168071397 -5.97654090061224 8.61972509725840
 C 1.41793823035430 -8.22448931350116 7.57994906399069
 C 0.83830399240163 -7.67894765021376 9.88426221751518
 H 2.81735247581233 1.87207669583287 -1.87258522040818
 H 4.49521385665086 3.08263273280679 -0.36413238894148
 H 5.75841213454714 2.05364745326776 -1.05635981905148
 H 5.15410819121444 2.93832349417532 -3.35940151126494
 H 5.77413134333330 4.16168286046197 -2.26142023804532
 H 2.43392455396329 0.46150166924157 -0.17338861401831
 H 4.25243524138131 -4.49839167049450 5.05327292522166
 H 2.90593128773354 -5.25990792672634 4.17418878494468
 H 5.64426604089692 -1.98528329575179 1.51626055990038
 H 1.94496661748341 0.16056755401823 1.82285046984860
 H 1.62126666723755 -3.18519661806070 4.87206842641388
 H 4.96755032674867 -3.44488314726678 3.37157196224422
 H 1.25857386881973 -1.28845816026559 3.67332911659785
 H 2.74625645737255 -3.19061322405798 7.34662370655831
 H 3.96192632915636 -1.41133398634679 -3.00664708205410
 H 0.67793470444613 -9.52831447365815 8.97236559068291
 H 3.09036927865563 5.77853621278648 -3.69827422344743
 H -0.16080429440878 -9.01444702110899 11.05748740194871
 H 0.14599763771223 -7.47631212923074 11.74496456461605
$end
$temperature
298.15
$end
$mult
 1
$end
$sigma
 1
$end
$pressure
1.00000
$end
$scale
1.00
$end
$msrrho
$end
$freq
6.86
11.01
14.24
26.16
27.76
31.02
35.55
49.82
57.76
68.70
77.86
87.96
94.67
119.69
125.09
133.39
143.93
158.25
189.48
193.32
210.26
234.01
248.91
274.52
297.86
312.13
321.56
327.69
342.26
365.48
369.56
372.32
394.47
411.43
438.82
443.09
457.10
473.24
474.60
479.92
486.51
510.44
512.51
518.17
544.80
561.30
574.42
584.46
589.45
597.50
606.05
617.66
618.87
638.28
643.39
651.09
672.77
676.51
707.93
713.46
729.25
739.59
779.16
789.71
825.24
827.95
837.83
857.40
868.93
887.77
893.38
901.94
912.19
939.42
968.87
978.74
1000.66
1011.61
1034.70
1051.79
1067.27
1094.29
1103.44
1112.14
1117.23
1124.47
1140.77
1144.47
1154.48
1163.83
1171.89
1182.79
1191.13
1222.37
1224.38
1236.42
1248.26
1252.38
1257.21
1267.45
1272.05
1283.00
1287.68
1295.88
1328.13
1335.28
1337.42
1342.11
1343.35
1385.10
1394.90
1413.24
1429.71
1434.56
1439.04
1442.09
1445.00
1488.36
1495.78
1511.85
1541.03
1570.57
1594.08
1602.18
1722.27
1766.17
1793.52
1805.69
2968.51
3003.99
3015.27
3025.80
3031.54
3050.00
3071.04
3094.32
3095.54
3107.82
3111.67
3125.87
3461.02
3491.57
3508.94
3515.10
3550.94
3553.76
3613.53
$end
