
$molecule
 O 0.50408467845662 6.69483683755072 -1.10016694916337
 O 2.43974859891885 10.06361637274953 -2.36314006102241
 O -0.37299832666102 8.63581069344361 -0.44201089685325
 O 0.67172392461949 8.95226329740226 -6.93766649348045
 O -0.50014331254147 7.65553228008112 -5.56699515583713
 O -4.84150484895477 17.24181933532892 -3.99595190882664
 N 0.20989796485848 9.83924297400681 -2.78913896518903
 N 0.60287270985397 15.98268211769036 -0.97264454582335
 N -2.65592453269594 16.85272911641419 -2.19667640259700
 N -3.33385417974851 16.00141744738775 0.37541337037553
 N -6.25072035949364 16.62034965968606 -2.34614484017314
 N -5.57654342462820 16.00151465166115 -0.18190167226572
 N -7.79374992418202 15.95458803506952 -0.74963510385609
 C 0.20658867870740 8.38107812649987 -2.76468640122410
 C 1.38334366963047 7.71590536910152 -3.48653474661421
 C 1.68134502888213 8.35806004940558 -4.84194436712208
 C 1.32180465702214 10.54561785397510 -2.39230001783341
 C 1.06883291853834 11.97077599842724 -2.06481959665548
 C 0.08844464036548 7.94520758660098 -1.30886651628352
 C 0.74454899644278 14.66902165104380 -1.37926941370224
 C -0.30241987732213 16.88148746767835 -1.67572206855004
 C -0.07001790410091 12.67422189733240 -2.46232999282907
 C 2.05083326784369 12.64388212825538 -1.32838318636940
 C -0.23469053776102 14.00594317453335 -2.12755858930745
 C 1.89116078312007 13.96771725519536 -0.98002807064504
 C 0.50068416713091 8.27299978592366 -5.79088974241346
 C -1.73557979610290 16.63393571435245 -1.27382861738512
 C -3.93376900794198 16.64869677264872 -1.84887359992510
 C -2.08463758338603 16.20638476410018 0.01540289971683
 C -4.28072835331125 16.21810612763763 -0.55434802421044
 C -4.97407499178938 16.87662435422980 -2.85182711889219
 C -6.49599455109385 16.20634620946166 -1.06948318187773
 H -0.72818482827569 8.06665970727062 -3.24971759836580
 H 2.27977185279984 7.76519647729140 -2.86675594348768
 H 1.12455113603589 6.66345035945188 -3.63209542255050
 H 2.52343481580482 7.84130463518921 -5.31158192717735
 H 1.97025181711381 9.40436269167870 -4.71655343356665
 H -0.67117337356867 10.21324887689759 -2.46113968992962
 H -0.20762546898867 16.78174250013545 -2.76437789382553
 H -0.02448502229234 17.90407541176669 -1.39903155320811
 H -0.83368993887747 12.19055756862026 -3.06221564320347
 H 2.94123761550943 12.10152179063102 -1.02936632666491
 H 1.46866487502909 16.41873313421172 -0.68528150181385
 H -1.12731351267224 14.52738750081218 -2.44900280202218
 H 2.65201326278036 14.47787900537457 -0.39898139366102
 H -1.31323337157530 16.02492144917254 0.75802798098940
 H 0.38729673479713 6.47269707320488 -0.16169296653407
 H -7.01020753820533 16.74051326430211 -3.00036236202522
 H 1.51808937728930 9.41524459457168 -6.98967950759324
 H -8.51391172197755 16.40693916130009 -1.28454219659636
 H -7.96133788341554 15.84810369325694 0.23698115807588
$end
$temperature
298.15
$end
$mult
 1
$end
$sigma
 1
$end
$pressure
1.00000
$end
$scale
1.00
$end
$msrrho
$end
$freq
7.34
9.80
13.21
17.70
32.52
39.69
41.77
46.45
52.62
63.94
76.75
83.28
109.05
132.52
138.88
144.59
154.68
164.74
191.79
201.10
228.55
251.24
270.37
288.42
300.59
305.55
319.72
339.44
347.26
369.46
370.62
394.92
397.45
414.03
428.51
451.03
453.14
466.66
474.63
481.46
490.73
508.74
523.21
529.85
534.04
536.73
557.57
574.36
579.38
591.72
607.72
617.99
618.62
631.19
644.52
648.14
663.62
672.40
708.74
720.65
728.36
738.99
790.14
795.45
806.31
831.19
834.02
857.31
867.86
884.34
894.28
912.90
931.39
939.26
952.70
962.98
993.98
1008.17
1010.69
1050.05
1063.83
1067.08
1084.90
1109.32
1112.73
1125.62
1138.36
1143.45
1155.17
1166.89
1173.82
1190.64
1198.83
1210.82
1221.50
1228.65
1236.73
1253.33
1257.34
1269.45
1272.37
1286.15
1287.03
1300.99
1323.72
1326.38
1333.35
1336.20
1339.38
1383.69
1407.79
1417.60
1427.94
1431.13
1434.29
1441.57
1453.35
1488.27
1495.47
1510.44
1540.79
1571.68
1593.71
1602.32
1717.35
1765.20
1807.52
1822.54
2974.43
2983.95
3015.13
3016.97
3034.08
3049.37
3077.01
3095.86
3100.16
3102.84
3117.45
3134.32
3484.87
3487.41
3491.73
3509.06
3546.45
3613.66
3616.74
$end
