
$molecule
 O -0.14202895219459 -8.45224575228681 0.06095748637596
 O 1.26512705984015 -9.69833991302824 -4.64624362229976
 O -1.95351760361971 -8.71540816493971 -1.20317116436492
 O 3.16144839981613 -6.57505266767652 0.02264292349392
 O 2.97295021107961 -8.45366155591149 -1.15383915238264
 O 0.07592515040058 -15.35463979277540 -9.56240986499459
 N -0.55993161789723 -9.37169159107383 -3.35938313096739
 N -3.12006533793228 -11.76481342974603 -8.77043360565461
 N -2.39687518054927 -14.37032603032014 -8.53533218212140
 N -3.49330015814557 -15.80123350200336 -6.40663342839378
 N 0.03660402028159 -16.96683041966066 -7.98180263312638
 N -1.69647063191562 -17.25561576859996 -6.41973112515726
 N 0.07950222941596 -18.70000478864953 -6.44348842581516
 C 0.20368693868653 -8.79303291139956 -2.27026692562816
 C 0.78893157744826 -7.42996838676843 -2.70713782480649
 C 1.44656715449708 -6.62181744544738 -1.58971437747669
 C 0.05613785223463 -9.76641430561599 -4.50842127068197
 C -0.84017833171018 -10.28960345565604 -5.57206592774348
 C -0.75591821022308 -8.65767487241332 -1.10685995170898
 C -2.38408054848482 -11.30854583733023 -7.68133666433317
 C -4.16870599915046 -12.75276081240455 -8.53600853282794
 C -2.17395694377448 -10.64808792311387 -5.36995446446425
 C -0.29060842936842 -10.44990369169886 -6.84942122889601
 C -2.93999852382163 -11.14787052776665 -6.40831130294611
 C -1.04834954227509 -10.94193271407750 -7.89052168232061
 C 2.59031082362660 -7.34299555710240 -0.91337040857419
 C -3.54298287708731 -14.00998755193931 -7.97792793344790
 C -1.77958614441254 -15.44627790327280 -8.03646033531400
 C -4.08657112072624 -14.73804987788720 -6.91252024926188
 C -2.32440652495521 -16.16873041812284 -6.95726314111536
 C -0.50614420094019 -15.85583645278289 -8.62981159504509
 C -0.55951524128991 -17.60289663057926 -6.93178798341048
 H 1.02700007977704 -9.46551785079836 -2.00103398565092
 H 1.53094737599125 -7.64109409090687 -3.48144976353531
 H -0.01108215809952 -6.83330650186730 -3.15404035118776
 H 0.72915488427406 -6.33747344852387 -0.81565336341909
 H 1.85033628992332 -5.69364361238402 -2.00445058093581
 H -1.56114435333146 -9.25823774613850 -3.30180001483747
 H -4.63676953710637 -12.96450765212264 -9.50292175550164
 H -4.93303813000725 -12.35231298258272 -7.86709519903736
 H -2.62839790732177 -10.55899483401634 -4.38876202511277
 H 0.74879481550445 -10.18208974942122 -7.00591563700545
 H -2.50320763482521 -12.09846294912201 -9.50709225712446
 H -3.97192216207899 -11.41740813966895 -6.21751326101650
 H -0.61198114350935 -11.06215827030647 -8.87600362701028
 H -5.02826342712688 -14.43811450022207 -6.46174816331854
 H -0.80815395062461 -8.38917767396283 0.76523898619687
 H 0.91416431560464 -17.30196051856523 -8.35180110485317
 H 3.89029415571548 -7.06937874208969 0.43214679962909
 H -0.27145594897077 -19.01642371105944 -5.55468953065909
 H 1.07124213933989 -18.77486937420078 -6.58734844020127
$end
$temperature
298.15
$end
$mult
 1
$end
$sigma
 1
$end
$pressure
1.00000
$end
$scale
1.00
$end
$msrrho
$end
$freq
5.91
7.68
10.75
20.22
20.51
30.92
38.73
48.24
50.88
56.15
75.49
86.89
101.95
122.21
134.21
138.38
164.18
180.07
198.37
206.74
232.21
249.35
252.58
286.75
295.18
309.58
319.52
329.52
345.81
363.77
368.80
376.21
381.32
393.95
408.14
421.40
452.76
474.98
483.29
484.67
496.30
501.54
521.59
553.38
561.79
575.32
579.41
595.15
599.40
611.03
617.73
620.87
633.55
640.07
640.50
651.23
674.99
689.43
703.16
721.66
734.35
743.31
781.57
795.22
807.19
832.95
845.22
848.56
863.41
871.17
890.51
909.42
914.50
946.45
971.30
983.46
1008.15
1011.60
1024.08
1068.60
1079.39
1088.12
1102.24
1114.25
1118.32
1123.70
1138.33
1147.23
1156.09
1159.32
1169.44
1180.40
1186.83
1204.01
1216.61
1225.10
1242.65
1256.34
1257.27
1268.38
1273.82
1284.54
1293.59
1293.86
1319.79
1334.32
1337.86
1339.77
1341.78
1391.03
1404.37
1428.03
1428.09
1436.33
1441.86
1446.41
1448.78
1488.88
1492.06
1503.52
1539.82
1574.83
1593.74
1601.77
1709.57
1765.27
1797.47
1818.83
3009.91
3010.76
3020.42
3025.37
3043.35
3053.86
3059.59
3088.26
3099.65
3104.26
3117.34
3119.49
3428.86
3491.52
3498.55
3507.07
3546.60
3553.10
3611.12
$end
