
$molecule
 O 0.47988402866277 1.90631613823995 -3.86882843895833
 O -0.07482084527433 4.79750871204789 -1.03575578688984
 O 2.50736086638671 2.56185116026689 -4.51723998802994
 O 2.09122775801805 0.08466771084964 -0.67955605543914
 O 2.98489147858864 1.51614614427414 0.77361207128048
 O -7.88588166358572 2.01825775812421 7.39303898971671
 N 0.75982418121824 2.72881975483430 -1.41314311196517
 N -4.31241599617344 1.35622564061868 2.26577184918404
 N -6.76431816100349 1.58111484018822 4.80040018921663
 N -7.77044200564869 -0.61196349869835 3.39444981967150
 N -9.19549550190249 0.20703766611994 7.08133197976912
 N -9.19101877527017 -1.12219498670838 5.14380120435389
 N -10.62564185662547 -1.60356181904730 6.86148440436110
 C 1.74088079493706 3.24181355163350 -2.34372547156998
 C 3.17180892202429 3.14569888752557 -1.79586539428536
 C 3.61309941150245 1.69702800740736 -1.54248062568494
 C -0.14957029055713 3.59521907346332 -0.86462473813934
 C -1.20966034663859 2.96686551625305 -0.03851880680240
 C 1.63758735691564 2.54664127890576 -3.68798904713630
 C -3.29264372101719 1.94061428355741 1.53680224694128
 C -5.27513581491072 2.17229440267320 2.99925743697160
 C -2.32674043587057 3.74732125330368 0.27458255362401
 C -1.14490033507492 1.66324924041571 0.46053887923859
 C -3.36084475021890 3.24745716884537 1.04059679612390
 C -2.16917536426204 1.15697950341665 1.23572544057426
 C 2.88503117127062 1.11928310054987 -0.35346402309651
 C -6.33047006747626 1.27689662478421 3.58978402110462
 C -7.71472585553084 0.79769909689697 5.32712637541793
 C -6.84152077125123 0.17359527974084 2.89093426823648
 C -8.22581626973117 -0.30902782525776 4.62270868322296
 C -8.21661575960377 1.11293820047877 6.66513619091427
 C -9.63145226212980 -0.84380515959442 6.32882071955312
 H 1.50771841568434 4.30543630244400 -2.50748033440831
 H 3.84457636205028 3.59973390430358 -2.52714511344220
 H 3.23267984936812 3.70926216825969 -0.86201939779637
 H 4.67814511227703 1.69685494571793 -1.29831935418955
 H 3.45099152168793 1.07705490812661 -2.42553018887438
 H 0.52497078424003 1.75206994008220 -1.49932007079801
 H -5.75017916923195 2.87464299213514 2.30634190052668
 H -4.79005732895471 2.74798182065386 3.79867526922385
 H -2.37135735123145 4.76374037048161 -0.10176762053478
 H -0.27835821477937 1.03966766874779 0.26605734147064
 H -4.00946454186169 0.54940228547337 2.79874243329014
 H -4.21570082601134 3.87670677827253 1.25483293195659
 H -2.10831994506321 0.14526424556340 1.62308715472078
 H -6.47076090738808 -0.06555671415444 1.89840744669913
 H 0.47459068988569 1.50868184774543 -4.75520849857812
 H -9.59427839614125 0.38558610418317 7.99150440651369
 H 1.68643816956239 -0.26407410812047 0.13197760730278
 H -10.73795958231384 -1.61162633667160 7.85985370578416
 H -10.78143976152333 -2.47402682937276 6.38102274963040
$end
$temperature
298.15
$end
$mult
 1
$end
$sigma
 1
$end
$pressure
1.00000
$end
$scale
1.00
$end
$msrrho
$end
$freq
6.15
7.75
14.17
16.82
25.51
29.92
36.23
40.23
55.58
60.70
74.55
79.77
96.92
112.97
128.76
132.74
137.83
145.50
178.25
191.45
213.74
234.36
253.10
271.63
301.43
311.53
332.36
340.90
348.60
369.38
372.05
392.06
404.24
405.51
435.66
449.13
463.99
467.73
476.85
479.83
484.96
512.68
522.55
544.34
547.12
568.01
573.26
584.14
590.77
600.50
608.00
618.52
623.50
635.10
640.25
654.13
675.30
701.59
703.56
722.39
724.49
739.03
788.14
807.53
825.91
827.27
837.74
863.79
869.51
891.25
907.24
911.54
922.83
934.62
939.61
968.84
1007.54
1011.99
1015.89
1054.41
1067.26
1094.73
1095.50
1109.46
1112.18
1125.66
1140.50
1154.21
1154.50
1160.89
1169.03
1181.12
1187.48
1204.16
1222.68
1227.33
1241.44
1251.30
1257.22
1271.15
1273.43
1281.68
1283.64
1296.04
1318.06
1326.03
1328.38
1335.31
1337.45
1386.10
1394.79
1429.77
1430.18
1434.64
1437.36
1438.50
1442.29
1488.41
1496.18
1511.55
1541.20
1570.42
1594.58
1602.06
1719.19
1766.81
1800.57
1814.52
2954.76
2969.49
3014.25
3030.01
3030.83
3063.09
3072.39
3093.65
3094.77
3107.58
3112.14
3126.52
3460.61
3491.45
3509.06
3523.71
3545.20
3548.12
3613.61
$end
