
$molecule
 O 4.04379997398679 7.86461615613722 -6.02238941548140
 O 1.04754467248442 10.03037198536224 -9.37791853365443
 O 2.21586643194119 6.61723709577100 -6.24866075116157
 O 0.91662138665973 8.94497809954386 -3.88709949113977
 O -0.54734963472073 8.25677160734777 -5.40703527241566
 O -3.92347055429676 2.88443551945455 -10.39095132786586
 N 1.00518037115134 8.30486256841606 -7.93655423075631
 N -4.71073171550917 7.66488257374267 -10.81329470679314
 N -4.12829545227499 5.26976789283578 -11.94134645122761
 N -2.70948708746592 5.29385087101628 -14.34264880268040
 N -2.54304796551448 2.03575712055060 -11.96358630216525
 N -1.91474141463838 3.16251008080602 -13.92920117844982
 N -1.08496515838305 1.07576591462886 -13.48755604356673
 C 2.24751899450197 8.75315821543960 -7.35375664622561
 C 2.08187151981647 10.07024786864664 -6.55196728921249
 C 0.69490154431995 10.23771843873943 -5.91429493679369
 C 0.44011349242145 9.07852138063920 -8.90800580259246
 C -0.90719187828811 8.67357789348036 -9.36799231267589
 C 2.80582404818895 7.62319922738285 -6.49258083464693
 C -3.43199538745256 7.99870242498549 -10.38067637917629
 C -4.94466593797045 7.50537570006280 -12.24479936830669
 C -1.34713785918573 9.18097209889046 -10.59460325020629
 C -1.76552589194782 7.84782477245061 -8.63566336856861
 C -2.58778469782672 8.85019756544576 -11.10190058207755
 C -3.01081194484840 7.52018272914270 -9.13324488789907
 C 0.28310620033932 9.04577631484703 -5.06257678871448
 C -4.14694636792048 6.32294603879888 -12.74413288436278
 C -3.39978152259513 4.21551847988690 -12.32298472391444
 C -3.43308215993051 6.32322327862897 -13.94883807616702
 C -2.67595546025271 4.22397833261518 -13.53093528100783
 C -3.35682375276593 3.04513653835410 -11.44571807328512
 C -1.87401497749990 2.13003877347153 -13.14934459792767
 H 2.95921949108435 8.95059322797103 -8.16838404770991
 H 2.85721278194205 10.12039250558246 -5.78061425972309
 H 2.23218882016193 10.90551416175546 -7.24054670101884
 H -0.05432050787188 10.36069299090390 -6.69856220312306
 H 0.70093319044733 11.13873234293959 -5.29578632059354
 H 0.48396961373781 7.61473880702761 -7.41342091026013
 H -4.68832247013634 8.41995816193617 -12.78256629862544
 H -6.01483923555778 7.31693156343210 -12.38081156589388
 H -0.68914346578387 9.83967992551718 -11.15148384439842
 H -1.47400735560585 7.47234202487689 -7.66143221244989
 H -5.05566004318147 6.84234600199985 -10.32402081238767
 H -2.89698397426853 9.25834624096216 -12.05669230989158
 H -3.67231772394044 6.88086337407265 -8.55910406965059
 H -3.45389724224288 7.18991025843097 -14.60330216076121
 H 4.44846801441395 8.67168430204114 -6.36599275736653
 H -2.45229237816430 1.21092003797824 -11.38847960389310
 H 1.56680900937512 9.63908646937331 -3.72165195136524
 H -0.76759854032949 1.08624936256979 -14.44238890553449
 H -1.28700879866916 0.17744868335163 -13.08586747403514
$end
$temperature
298.15
$end
$mult
 1
$end
$sigma
 1
$end
$pressure
1.00000
$end
$scale
1.00
$end
$msrrho
$end
$freq
5.55
7.14
9.54
25.79
31.90
39.95
45.88
46.65
51.81
67.41
76.43
86.44
102.63
124.77
131.13
135.23
152.65
160.21
195.13
210.89
228.00
252.46
262.82
285.89
296.81
308.98
322.31
344.50
357.83
368.12
371.47
390.39
398.86
417.62
424.11
426.24
433.43
447.71
462.54
474.44
477.66
483.51
509.17
522.04
557.58
563.25
573.08
575.59
591.50
598.36
608.27
614.35
618.24
638.98
646.02
675.15
689.94
694.94
703.18
716.41
734.58
743.46
790.89
798.54
807.45
830.12
845.17
860.32
865.73
894.07
896.21
908.54
912.13
945.87
966.05
971.01
989.27
1007.92
1010.49
1047.58
1059.74
1067.40
1082.63
1090.81
1109.53
1113.99
1126.11
1131.65
1156.14
1165.82
1167.85
1171.54
1179.42
1195.45
1216.60
1226.02
1244.22
1256.59
1258.81
1260.13
1268.60
1280.00
1283.84
1292.33
1311.02
1319.64
1330.79
1332.90
1339.55
1389.72
1398.80
1428.04
1438.20
1439.41
1441.70
1448.45
1448.63
1487.50
1492.14
1503.62
1539.81
1572.23
1591.98
1601.41
1689.51
1765.75
1820.40
1847.57
2968.93
3008.61
3009.06
3025.31
3047.30
3057.11
3067.53
3088.64
3105.87
3108.71
3120.41
3122.83
3426.18
3486.93
3491.33
3510.40
3613.89
3615.29
3624.58
$end
