
$molecule
 O 1.28498493850972 -1.40381539119870 4.79612364510009
 O -2.16569744295304 0.08922008071516 2.56694147410153
 O 2.69340100125193 -1.10714595650945 3.09219195445565
 O 0.55068060001028 1.83557686714701 -0.89523497944462
 O 2.73874141221490 2.07590453607836 -0.58868443374227
 O -8.39819687946389 8.63989403675427 8.13185275164210
 N -0.39171279060076 0.37024082235832 3.96019148492512
 N -5.01543317003293 3.47206988404196 7.15243462402129
 N -7.34371896855539 5.99291715096070 7.92053816328372
 N -7.79997677558965 4.32218692236687 10.11092977839420
 N -9.19761948631953 8.10929378906464 10.17493928731975
 N -8.94180813210043 6.00978497104979 11.19957619172798
 N -10.10637570733529 7.66934232552094 12.26038345233409
 C 0.48542376099096 -0.16075709597240 2.92088948661591
 C 0.96286288140829 0.95503623165050 1.98203674730016
 C 1.61811998545667 0.39620928338655 0.71081166073923
 C -1.72433942937346 0.56208672384119 3.59419426323873
 C -2.53961459083592 1.33142010775034 4.55152394402917
 C 1.62435991880984 -0.93068626525111 3.59592566969931
 C -4.22063105032958 2.79951928010495 6.25545622954897
 C -6.16399549098915 4.26473236923809 6.72599222919893
 C -3.81693145975205 1.72983164310258 4.13695613609280
 C -2.12298539011396 1.66543086925541 5.84595906541050
 C -4.64731652291235 2.45406892814024 4.96551029118396
 C -2.94886986460642 2.38349705565078 6.68423720042771
 C 1.72278510654712 1.51087176604948 -0.32093012383412
 C -6.90981217858324 4.74496976739546 7.94212677589969
 C -8.02149063822421 6.42567202567350 8.99147456869654
 C -7.14218178908425 3.91289148119925 9.04652729981270
 C -8.25595806455264 5.58728049984298 10.09852501258034
 C -8.51701946772282 7.80294773788457 8.99417455957093
 C -9.37886742220252 7.22914540659833 11.20120055762141
 H -0.10420832306220 -0.89115523625625 2.34927851029333
 H 0.08817830384268 1.55330237892087 1.70806755908318
 H 1.66874672875588 1.60680035720663 2.50410017333202
 H 1.01376181449440 -0.41945667375674 0.30507986627809
 H 2.61768565683998 0.02025912613584 0.93208919881943
 H 0.02154765836522 1.12306790387793 4.49510741810173
 H -6.82692683267465 3.63734354874711 6.12095350137277
 H -5.85276977979942 5.12683556032692 6.12162600453541
 H -4.14489590291196 1.46073200299948 3.13863255914376
 H -1.15268999186141 1.34623464840579 6.21192621850693
 H -4.51150435327157 3.88747113727081 7.92590145032819
 H -5.62686970280946 2.74904759487134 4.61103286920141
 H -2.62171347410184 2.63061373093085 7.68849381116465
 H -6.77304569292829 2.89138245978099 9.05106258252974
 H 0.37195818727939 -1.12541103495965 5.01115177630100
 H -9.58047015676200 9.04216970483940 10.22654896924241
 H -0.19291914935868 1.28920190641953 -0.60752062601136
 H -10.17434959114826 8.65866769039396 12.42050790684208
 H -10.05825329187034 7.07758033996015 13.07277628296930
$end
$temperature
298.15
$end
$mult
 1
$end
$sigma
 1
$end
$pressure
1.00000
$end
$scale
1.00
$end
$msrrho
$end
$freq
6.18
8.38
15.25
20.04
25.73
30.56
36.37
49.74
52.06
61.22
74.40
86.05
89.76
105.86
128.44
133.43
142.47
155.02
169.79
182.46
192.52
211.06
244.81
280.45
301.70
305.99
328.39
341.37
343.47
368.40
371.10
392.45
400.85
410.99
422.75
434.89
457.64
464.78
465.14
471.33
477.76
501.09
509.86
540.46
557.82
564.69
579.27
581.98
587.35
603.55
607.55
618.24
630.83
643.92
649.98
659.59
675.36
695.48
700.79
716.73
723.41
739.42
789.51
791.34
814.56
824.52
837.84
866.30
870.55
894.36
903.80
911.71
916.98
938.68
968.10
998.53
1003.63
1010.76
1054.83
1058.18
1066.54
1067.59
1077.07
1093.92
1097.54
1111.91
1122.90
1129.76
1135.92
1153.73
1166.65
1181.72
1201.79
1223.42
1224.39
1229.90
1237.65
1250.48
1255.38
1258.17
1269.85
1272.59
1283.93
1294.63
1300.66
1330.59
1335.44
1338.63
1340.52
1371.69
1393.98
1430.51
1435.42
1435.91
1438.96
1442.97
1456.07
1487.40
1498.32
1511.49
1540.86
1563.48
1591.84
1600.69
1725.57
1767.68
1838.25
1842.68
2972.66
2980.04
3014.07
3014.74
3022.28
3044.43
3078.46
3093.03
3096.67
3108.90
3113.26
3129.21
3417.20
3471.44
3473.04
3490.62
3510.80
3607.77
3615.96
$end
