
$molecule
 O -8.05520017998513 -4.34338652174044 -1.89570523324139
 O -7.35723161838218 -6.71438890131981 -1.39449425171008
 O -6.84371271718084 -2.62732233415055 -2.60784771283560
 O -4.72753089152309 -1.18505836150966 -3.59431159460862
 O -2.80105804964212 -1.80352001507749 -4.51746464283605
 O -8.73334015382525 -12.81326521406640 0.48501192617528
 N -5.72014529445669 -5.87303659970899 -2.68269717868230
 N -5.97006375364322 -11.97866451984410 -4.68958555936899
 N -7.01286552806748 -13.20324278368915 -1.75745902322288
 N -4.36854376967106 -13.87094861867821 -1.16785599378560
 N -6.99097083650670 -13.27558431796787 1.84507040892983
 N -4.82480525541899 -13.80049402930441 1.09661470536737
 N -5.26704108492180 -13.68156801790461 3.33781045519664
 C -5.66658887166861 -4.61820322114480 -1.93491387106705
 C -4.39407368204601 -3.85207318276423 -2.28702557724659
 C -4.28186370099856 -3.53949685671762 -3.79277548946680
 C -6.50556655432826 -6.89561622022054 -2.27583014273169
 C -6.32705390097861 -8.19971762426340 -2.92972162235112
 C -6.93239923611057 -3.76130859012289 -2.19462289790676
 C -6.10584960479348 -10.75684843660045 -4.06708401967932
 C -6.58936695404973 -13.17770529212841 -4.13228898644280
 C -7.25819660352930 -9.20571089219994 -2.63376276616722
 C -5.28035814802085 -8.49824368062662 -3.81123573324125
 C -7.16151832303520 -10.46062658981203 -3.19406141953405
 C -5.17200789144859 -9.75346944366454 -4.37117676294550
 C -3.85041700295024 -2.08479199979885 -4.01435080434979
 C -6.12110272302014 -13.40250176111592 -2.71366803748415
 C -6.60035075378439 -13.33650571403622 -0.49145896197746
 C -4.79502138757595 -13.73557301994523 -2.40652542809341
 C -5.26639577724074 -13.66990801035233 -0.18689963532878
 C -7.56728848312666 -13.10964071804636 0.58374620921642
 C -5.68297833877728 -13.60525146694930 2.04796959304678
 H -5.67379515636540 -4.86609053982082 -0.86283455274159
 H -4.40257415347249 -2.92189790520762 -1.71169377629112
 H -3.52398729983668 -4.43025215507758 -1.96624704593348
 H -5.24372160555671 -3.68531564437284 -4.28962638631089
 H -3.54543047257644 -4.18868575687239 -4.26958424897606
 H -5.04054211519640 -5.99784614285916 -3.41479438016508
 H -6.30925141104633 -14.01530529090826 -4.77714726594987
 H -7.67696746492382 -13.07044237111261 -4.14484115115288
 H -8.06806361655512 -8.97906006837558 -1.94925337906339
 H -4.52981140174958 -7.75335039489768 -4.05571109624400
 H -5.04790519342214 -12.14382258539746 -5.07268267997727
 H -7.89536335815682 -11.21493132472599 -2.94080528987474
 H -4.35481242103422 -9.97609633075484 -5.04900581204541
 H -4.06865880355063 -13.89286396730742 -3.19917691818938
 H -7.90541375287212 -5.31151105622229 -1.58475673538453
 H -7.60552913505790 -13.11095253058896 2.62918533370389
 H -5.55836478661734 -1.58194084474468 -3.23983312089536
 H -4.36437549881980 -14.10827428361717 3.46168132912543
 H -5.94957528249573 -13.83686985166356 4.05812522475030
$end
$temperature
298.15
$end
$mult
 1
$end
$sigma
 1
$end
$pressure
1.00000
$end
$scale
1.00
$end
$msrrho
$end
$freq
5.83
9.96
10.57
26.00
35.44
47.21
57.87
68.81
76.47
87.15
103.67
108.20
132.59
133.65
139.40
142.78
155.13
181.15
209.14
215.57
236.55
248.88
274.91
287.83
305.90
316.18
334.95
350.61
351.50
354.00
367.05
374.17
385.58
397.32
408.23
439.39
451.99
468.26
477.38
479.35
496.75
528.39
546.31
554.55
561.25
579.82
586.62
589.16
602.81
612.02
619.64
638.43
642.56
646.39
681.42
691.21
699.15
706.34
720.69
743.52
751.38
788.66
792.12
815.48
830.59
836.78
866.30
872.38
886.16
891.15
914.47
924.23
938.05
952.90
963.95
966.07
997.72
1004.76
1009.91
1064.92
1074.12
1082.54
1100.47
1112.55
1125.40
1129.33
1150.79
1154.22
1164.51
1174.56
1181.04
1200.18
1212.18
1226.47
1233.19
1258.13
1261.40
1265.68
1272.22
1272.94
1281.67
1284.55
1293.19
1298.43
1323.51
1334.12
1339.54
1340.12
1368.26
1390.74
1411.30
1429.13
1434.51
1443.25
1444.40
1447.51
1457.70
1486.83
1496.49
1507.28
1540.11
1560.69
1585.76
1598.99
1611.97
1766.59
1768.98
1828.94
2559.74
2959.17
3019.02
3024.60
3031.49
3049.35
3052.46
3066.17
3085.34
3091.60
3105.96
3118.51
3137.70
3263.28
3473.02
3489.96
3511.88
3531.49
3617.36
$end
