
$molecule
 O 9.88729149992665 1.44728190915150 0.15462255891588
 O 7.19829826166672 4.56539202854198 1.04135732265572
 O 9.32325189599881 0.13898367192184 1.87607067111411
 O 4.60957876592262 0.70245334675025 3.86178929100148
 O 3.26494601105489 0.97578352422062 2.10709200419519
 O 1.77771026436427 9.46945455924445 -5.22092751149209
 N 7.57705570122320 2.57899927285586 0.00388629510440
 N 5.06019684652131 6.13530920622508 -4.72304762645795
 N 3.17994325808791 7.19160747128986 -6.20461942313845
 N 2.62224393958342 6.44993069395386 -8.83291292037152
 N 0.73981295070728 9.63875058247024 -7.22062652513069
 N 1.11521583367671 8.19263236967370 -9.03651417387360
 N -0.34454975349026 9.94187351956052 -9.24551271997238
 C 7.83801986767573 1.93440074021106 1.28515785156745
 C 6.64310070203027 1.11921508950151 1.78487615484779
 C 5.43593486280759 2.01890691156749 2.07835864614988
 C 7.12619898067855 3.89717014064135 0.02982875842105
 C 6.60629688914937 4.41471199960725 -1.24868194983784
 C 9.09082445713721 1.05960184801490 1.15024608738904
 C 5.55051924720624 5.53741528231185 -3.59591518803533
 C 4.76040219453758 5.38197347867767 -5.92930635703026
 C 6.73335106593665 3.75482186101642 -2.47555113792166
 C 5.96078264466601 5.66080852980266 -1.22277043529669
 C 6.22072441536653 4.30466324517763 -3.63397607663565
 C 5.43968040081427 6.21412151762174 -2.36886504952301
 C 4.31019570206533 1.19389681842637 2.65462161180180
 C 3.77696763253152 6.15652312690201 -6.76791576240516
 C 2.29768907127644 7.87676318082329 -6.94247324249345
 C 3.48814965847042 5.79187432669911 -8.09190884200357
 C 2.01143645731057 7.50801672184993 -8.26961774119978
 C 1.63263778475510 9.03039159547603 -6.33690913500458
 C 0.52077978746633 9.21000155232033 -8.49767932324399
 H 8.07509278720476 2.72952058045302 2.00576613233778
 H 6.37169627009652 0.36700712651500 1.03790717099914
 H 6.94761777838592 0.59677113132908 2.69583083622534
 H 5.08282990107287 2.50017330854281 1.16472020911123
 H 5.71803098664929 2.79039804599365 2.79895319357781
 H 7.13935941656607 1.97525970705150 -0.67891437556644
 H 4.32825998513471 4.40274687141520 -5.67500628754151
 H 5.67830387713168 5.20148327004194 -6.50247763689372
 H 7.25967850225362 2.80772944934117 -2.53954672800348
 H 5.87382867488768 6.17956107798253 -0.27425545484747
 H 4.42057572350968 6.91156280309914 -4.57779091968187
 H 6.35047381971872 3.78145500362825 -4.57371655816804
 H 4.93853086505093 7.17495718846165 -2.33741085193593
 H 3.98208768124483 4.93942753868037 -8.54943465462194
 H 9.46891946177433 2.20573708575589 -0.30510243657545
 H 0.26167164109976 10.45396527823080 -6.86512122698414
 H 3.86371840325500 0.17126349502885 4.18521792244597
 H -1.02516191061919 10.51240792385318 -8.77620908741926
 H -0.63157216156314 9.49977899212726 -10.10262035860524
$end
$temperature
298.15
$end
$mult
 1
$end
$sigma
 1
$end
$pressure
1.00000
$end
$scale
1.00
$end
$msrrho
$end
$freq
6.59
8.95
16.37
21.15
23.40
36.09
42.83
46.58
54.72
60.55
68.31
83.07
92.12
106.84
124.84
135.50
138.61
150.77
167.01
184.96
196.70
229.55
253.75
277.89
284.18
310.68
328.42
339.32
362.02
370.19
373.00
395.31
398.22
404.79
418.72
443.21
445.90
467.80
471.35
479.16
489.72
504.53
547.73
549.68
554.46
574.26
576.21
587.66
593.84
604.12
615.99
617.54
631.04
643.96
650.57
661.55
669.08
699.49
709.30
713.20
718.73
736.37
785.78
786.42
817.94
827.55
855.12
860.66
881.27
890.74
901.05
913.74
940.55
957.35
958.86
960.31
1004.49
1011.05
1046.09
1060.17
1066.63
1071.14
1088.54
1107.88
1114.60
1118.07
1127.90
1145.93
1155.92
1157.35
1169.29
1189.01
1191.21
1201.62
1223.43
1232.00
1245.95
1258.38
1261.38
1262.29
1276.56
1278.31
1286.67
1288.56
1307.95
1331.60
1334.28
1343.44
1347.28
1376.59
1390.87
1429.12
1432.14
1432.81
1442.71
1444.86
1454.18
1486.87
1501.51
1511.49
1541.78
1560.96
1592.22
1599.91
1722.65
1766.19
1816.19
1838.95
2945.11
2980.77
2987.26
3017.71
3030.77
3049.45
3071.74
3089.34
3095.36
3107.85
3119.31
3120.86
3380.06
3416.50
3480.34
3490.26
3510.90
3554.12
3616.15
$end
