
$molecule
 O -0.58882077540412 -5.07852455224706 -2.36318699592360
 O -1.83201405058934 -5.18718423888817 -7.09240213249805
 O 0.84991037337128 -3.86084417459989 -3.55295074786574
 O -1.18539391291585 -9.92329910431861 -6.55099173702585
 O -0.29538226214490 -9.71526775955571 -4.52078637514960
 O -3.21295648226874 -4.60178765588329 -13.78892389446256
 N 0.05225906796452 -4.87680285019941 -5.88998358406295
 N 1.45819910499844 -1.70160916571208 -11.29933024792347
 N -0.62271551734724 -3.49789999106086 -13.30831736081821
 N 1.53188189155528 -5.22798953075970 -13.70239024541915
 N -2.23095882524551 -6.57622838245790 -14.27167916453631
 N 0.09015944469694 -6.94599490636855 -14.25913505846730
 N -1.34207772256742 -8.66160809127755 -14.75096568457560
 C -0.56484038648682 -5.43754385858022 -4.70281795958888
 C -0.27917617876792 -6.94240036649886 -4.57243688798964
 C -0.87063368993506 -7.72207706283771 -5.74651218464629
 C -0.71714724798109 -4.69746905392319 -7.00623017814606
 C -0.10171229909704 -3.91275991492764 -8.10195913085273
 C -0.01433293605366 -4.69425003060956 -3.50278159719881
 C 0.91093292437984 -2.45555729221292 -10.27236643829709
 C 0.82142634262427 -1.69226313303838 -12.61299398791727
 C -0.93537824321955 -3.51290967445857 -9.15236709295028
 C 1.25235111909106 -3.57050258626476 -8.15522615329309
 C -0.44788988189447 -2.78611383736685 -10.21910511210073
 C 1.75183348345346 -2.85250646209607 -9.22423334523391
 C -0.74084043668502 -9.20551981761341 -5.51364599503749
 C 0.62484552340507 -3.10110049709933 -13.12158975148660
 C -0.81553197468334 -4.76526187331397 -13.69418407436677
 C 1.69965638671886 -3.97768561238203 -13.32458313291626
 C 0.26673424080329 -5.64525057933547 -13.88580497886189
 C -2.18786423122226 -5.23028480605405 -13.89969501263303
 C -1.12528165937765 -7.35843829026178 -14.43220780874264
 H -1.65179646370649 -5.28219630161431 -4.75625382309113
 H 0.80038886450424 -7.10972209512602 -4.52832741293587
 H -0.71500255606961 -7.30277483930939 -3.63696443888225
 H -0.36643831295149 -7.47136160094300 -6.68262530832953
 H -1.92908366645741 -7.48362478018014 -5.88374662464118
 H 0.84107761546800 -4.27012208870125 -5.71113385500725
 H 1.47061884110736 -1.12099234620617 -13.28311253347229
 H -0.14770885549686 -1.19038201431598 -12.55211927186580
 H -1.98475443887045 -3.78473743396016 -9.11442259216664
 H 1.93415764413178 -3.88276201912424 -7.37138501811242
 H 2.46676487442853 -1.77901555859876 -11.35280546667601
 H -1.11917479468208 -2.49127177542967 -11.01564781145110
 H 2.80588015919669 -2.59778752841289 -9.26170773953599
 H 2.72120858065422 -3.64154725962003 -13.16885292376442
 H -0.19849288491414 -4.58770631329057 -1.62119675615053
 H -3.15488538752428 -6.96221931366683 -14.40103557924609
 H -1.08771540374303 -10.86745413488003 -6.34670985192171
 H -0.52010638637103 -9.15734016174830 -15.05258105628163
 H -2.21108561789862 -8.91149928268620 -15.18842188545765
$end
$temperature
298.15
$end
$mult
 1
$end
$sigma
 1
$end
$pressure
1.00000
$end
$scale
1.00
$end
$msrrho
$end
$freq
5.78
8.90
10.24
19.26
20.50
43.64
48.48
50.85
59.66
65.00
76.68
82.67
98.95
105.72
128.23
133.19
140.49
154.17
180.69
204.32
217.64
235.06
256.37
278.67
299.29
308.04
320.57
346.66
350.15
367.14
373.29
382.98
397.15
406.54
424.98
449.31
455.83
460.50
471.27
477.46
493.48
499.00
530.03
540.66
558.42
568.40
572.28
578.68
588.17
603.89
617.85
619.14
632.26
634.49
639.95
645.62
649.67
680.16
705.30
716.90
722.05
742.94
781.68
788.35
795.69
833.30
835.98
860.86
866.79
892.77
900.00
914.93
938.48
947.05
957.29
967.34
1006.69
1011.02
1048.89
1065.63
1077.10
1081.34
1100.67
1112.44
1125.10
1130.52
1136.74
1141.97
1154.79
1162.20
1172.06
1179.54
1182.12
1210.88
1225.35
1235.59
1245.62
1257.34
1261.69
1268.26
1273.07
1280.71
1296.73
1301.10
1302.31
1323.33
1332.45
1339.02
1347.69
1385.49
1397.76
1416.14
1428.52
1432.58
1442.88
1445.32
1454.55
1487.50
1494.14
1507.96
1540.37
1571.12
1592.36
1600.59
1699.02
1767.77
1804.46
1807.34
2969.73
3015.64
3023.59
3030.66
3047.72
3048.51
3059.00
3084.49
3095.13
3107.99
3114.40
3134.07
3464.27
3478.80
3491.31
3511.17
3547.25
3556.55
3616.31
$end
