
$molecule
 O -3.85261048257930 1.12978617184716 -7.23061740093804
 O -1.28399058924471 3.86033834339788 -3.82923971589474
 O -1.71783383530900 1.41649409821736 -7.76204401092736
 O -5.26913875586205 3.38431109699363 -7.99214276545218
 O -3.86667384804339 4.57269503500722 -9.24970486560039
 O 5.82702847322199 5.41873397622669 -11.32665748241277
 N -1.24292009121604 3.32748085311307 -6.01955768485519
 N 4.64092113695677 5.78210636746269 -5.08769603655978
 N 5.39608798448689 6.09689198987718 -8.58439977714397
 N 4.25512380196957 8.60234293207629 -8.11528353140728
 N 4.91097762927407 7.39676744793224 -11.91179938660265
 N 4.13855073697912 9.00917286193172 -10.38709181657267
 N 4.04263494535632 9.41973985995827 -12.63756852779741
 C -2.53006071172499 2.66310536345967 -5.89213829463823
 C -3.65079682275603 3.70250771940613 -5.73409072369699
 C -3.66844789262997 4.73803938567340 -6.86051230572450
 C -0.66116274679073 3.80995992043955 -4.87779136126303
 C 0.73010032533025 4.29746456687610 -5.00950909520946
 C -2.65339163186189 1.69511149038590 -7.06940235623176
 C 3.36417465525238 5.25685447640308 -5.09183031264985
 C 5.52681057615498 5.60176812488383 -6.22921600768285
 C 1.39637009107390 4.44758062051122 -6.22818153947507
 C 1.40192563029615 4.64776759197796 -3.83124455331911
 C 2.69379904285536 4.92247978999880 -6.27450093651020
 C 2.69658222406289 5.11739921328457 -3.86608720109873
 C -4.24286339684014 4.23630628233043 -8.16373599734793
 C 5.15289062341281 6.52931224864217 -7.35940395466675
 C 5.07108703226994 6.91054412525738 -9.59787748761730
 C 4.58336568461180 7.79052970926542 -7.13260756079229
 C 4.49150687470935 8.17254208754193 -9.36725163672020
 C 5.32627560942117 6.45702260423186 -10.96537297441315
 C 4.34808495451461 8.59870597816314 -11.59662100257035
 H -2.52447697733495 2.04770888984139 -4.97755046953741
 H -4.61959064646516 3.20124622339693 -5.65774532020599
 H -3.47062736618608 4.21879765296198 -4.78758850126363
 H -2.66111912062904 5.11575193103905 -7.05153416735142
 H -4.29119631370981 5.58548224613587 -6.55848747540175
 H -0.67255020738193 2.99460835611319 -6.78634125837414
 H 5.51533102151115 4.56579284837476 -6.59077874448062
 H 6.54218408274948 5.83658234808194 -5.89268743551617
 H 0.89918995050232 4.20958733851408 -7.16229320540436
 H 0.88291994652986 4.54049255386386 -2.88481318806363
 H 5.10740629572000 5.73239841789251 -4.19239464519797
 H 3.18141698740484 5.03945729584308 -7.23385204741161
 H 3.20807605591607 5.38591749989505 -2.94792916742072
 H 4.38839181400416 8.12772433626588 -6.11880281505458
 H -4.56109940117454 1.54383401651104 -6.71586483608391
 H 5.07266093374049 7.14413775207207 -12.87581953873274
 H -5.57898365374456 3.09814834688264 -8.86771592478233
 H 3.44997943641045 10.19409413941839 -12.38784207875468
 H 3.88334293481421 9.00437147411749 -13.53863487715235
$end
$temperature
298.15
$end
$mult
 1
$end
$sigma
 1
$end
$pressure
1.00000
$end
$scale
1.00
$end
$msrrho
$end
$freq
8.55
9.02
14.62
19.81
33.68
41.79
45.54
46.86
52.72
69.21
75.78
91.44
132.18
138.17
148.18
149.64
152.73
162.33
187.13
210.58
230.60
242.64
269.67
290.44
301.02
312.36
340.57
347.02
352.57
368.35
375.23
395.86
400.98
414.42
417.96
437.73
451.05
461.26
471.63
476.38
485.14
506.04
510.57
525.84
534.36
554.75
567.76
577.65
579.44
584.88
594.26
611.20
618.50
629.17
642.00
656.80
659.42
671.48
704.21
723.21
726.39
738.88
788.70
791.99
807.10
830.26
833.56
857.78
868.28
892.20
896.33
911.43
913.43
939.35
957.01
962.25
982.29
1007.73
1010.74
1064.97
1067.76
1084.24
1085.68
1108.70
1112.87
1117.12
1128.16
1143.67
1154.69
1155.12
1170.16
1187.25
1190.79
1203.64
1221.64
1230.73
1249.83
1256.88
1259.66
1265.97
1272.02
1284.70
1287.35
1289.08
1317.71
1326.40
1336.60
1336.92
1340.38
1383.93
1385.75
1418.81
1428.16
1431.28
1433.89
1441.98
1457.37
1489.27
1496.76
1510.08
1540.89
1570.23
1593.58
1602.12
1699.73
1766.14
1813.00
1827.89
2934.31
2974.83
3015.51
3015.80
3023.24
3051.05
3055.72
3095.54
3100.35
3106.03
3117.02
3135.63
3465.41
3491.03
3491.69
3507.12
3543.46
3577.88
3611.17
$end
