
$molecule
 O -1.13117496561034 5.14997274586885 -3.72016653327223
 O -4.76888061761025 5.08303183869829 -0.43401488215028
 O -2.25047276533774 7.03598041718801 -4.08532853096997
 O -5.98499433740108 3.55013740673585 -5.29736623505368
 O -6.95058664997959 5.47292334606671 -5.84722134388716
 O -5.93099855666549 8.51516250004151 -3.32656244162907
 N -3.88748541446961 6.52970073421104 -1.92857747262435
 N -7.80309516265415 10.51511309288589 1.11130088664864
 N -7.63670741709467 10.27884869860524 -1.86423004731217
 N -10.32076863558607 10.27664300443615 -2.60264762821892
 N -7.67413742915344 8.06142618676736 -4.68668274600195
 N -9.87289543167584 8.82636963971489 -4.34707653385485
 N -9.39067228190853 7.36789214427652 -6.05536921066519
 C -3.26414225846004 5.42599009855919 -2.62772435662276
 C -4.28101738395641 4.64509814599814 -3.48809674650952
 C -4.95326611350592 5.54957473947592 -4.52188564245836
 C -4.67657791179314 6.22623811665522 -0.85158546139598
 C -5.38692727202630 7.37611391557934 -0.24928333421584
 C -2.16988269358214 5.97853316741981 -3.53359526199573
 C -6.94918949392891 9.47960251875799 0.71597685629762
 C -8.04753504986535 11.57506169644386 0.12052928614312
 C -4.99095764879031 8.70046314211868 -0.44955417147535
 C -6.52113893399580 7.11839932226955 0.52502732814856
 C -5.75277025212436 9.74098427555515 0.04201589937005
 C -7.29907322536097 8.15647227971979 1.00153919474587
 C -6.06134021256264 4.87717627932545 -5.27987172787083
 C -8.54154080940185 10.94105200235367 -1.15884028532808
 C -8.05820790281734 9.56500734467368 -2.91253081311277
 C -9.88898026426866 10.93282260027740 -1.54424085502854
 C -9.41601076524856 9.56029663534997 -3.29464284055327
 C -7.09820861947845 8.71531348127992 -3.61281134594702
 C -9.00424629466162 8.10762594252532 -4.99101133597733
 H -2.84853054033437 4.73948909061397 -1.87880746449426
 H -3.76575769534581 3.81939164258691 -3.98615300426980
 H -5.03449590619423 4.22363812036291 -2.81811586246339
 H -4.22779783484566 5.89694385301018 -5.26477374003368
 H -5.36271841510488 6.44450791305515 -4.04647038723399
 H -4.05272385102858 7.37347034113951 -2.46293931974388
 H -7.11976136712112 12.12344983172030 -0.05671157740379
 H -8.78880182177860 12.25784844630656 0.54258322971678
 H -4.08656374551277 8.92362415680994 -1.00330136855276
 H -6.80632763223095 6.08824372049480 0.70984935379033
 H -8.68859592247233 10.14081966680423 1.44178600641199
 H -5.44658152286111 10.76166779403569 -0.14879607766159
 H -8.20377115314215 7.94904919788727 1.56340772228819
 H -10.62938597988781 11.48839082070210 -0.97510266336750
 H -1.16349473126405 4.34903381692785 -3.18009543212323
 H -7.08317505687763 7.42653760453735 -5.21022291238895
 H -6.72201440499514 3.18526691380094 -5.81460904778599
 H -10.38384584999814 7.24202522919205 -6.15081188479501
 H -8.79411579806547 6.60661138016436 -6.33666223714278
$end
$temperature
298.15
$end
$mult
 1
$end
$sigma
 1
$end
$pressure
1.00000
$end
$scale
1.00
$end
$msrrho
$end
$freq
16.01
23.97
28.43
35.26
44.73
46.59
62.71
66.18
69.39
75.89
95.57
100.80
113.35
129.10
141.83
153.97
157.98
160.74
169.91
198.93
226.12
240.03
249.24
283.07
300.99
318.10
324.88
347.91
371.56
377.90
381.68
404.96
408.56
440.76
443.56
451.56
457.52
465.62
470.97
484.34
501.05
504.29
518.35
528.91
557.77
568.34
591.62
598.25
606.03
615.22
616.91
633.75
645.21
650.19
656.44
666.01
688.34
706.44
710.31
739.38
747.77
752.94
775.47
790.97
801.04
831.31
842.87
857.81
866.15
895.18
899.57
910.77
923.99
942.32
955.15
974.29
1008.29
1020.61
1022.03
1047.14
1059.48
1080.41
1086.29
1101.41
1118.13
1124.12
1129.68
1145.70
1159.41
1162.84
1169.12
1178.53
1189.48
1215.95
1226.90
1232.41
1242.11
1251.56
1268.89
1270.26
1276.63
1280.93
1293.00
1301.54
1302.86
1321.22
1326.83
1337.87
1343.71
1381.87
1393.04
1404.22
1429.21
1432.88
1442.50
1448.22
1451.11
1484.93
1487.42
1499.63
1537.84
1577.29
1590.28
1599.03
1702.58
1717.23
1761.67
1825.98
2991.44
3013.35
3027.03
3028.04
3052.34
3059.83
3060.52
3083.84
3096.84
3113.98
3115.84
3131.02
3427.14
3446.71
3469.04
3497.02
3547.09
3608.13
3608.22
$end
