
$molecule
 O 0.26953536622112 4.69706902293524 -3.10738983430293
 O 4.59708179403092 6.42194901652933 -4.59133557200633
 O 2.38035077604815 4.43731996164320 -2.43239883280294
 O 3.91658791428598 2.95685045247571 -6.93321210298293
 O 2.97495964720890 1.33943857559976 -8.12415608509043
 O -0.48648308261515 8.07296967500536 -13.38213427095946
 N 3.30148906334913 4.60756358079511 -4.99772699398660
 N 0.81382849540745 9.04911974223573 -8.97708439615506
 N 0.22704148030595 9.94759340499689 -11.35848076817114
 N 0.00755619138840 12.63908021109871 -12.04781063067125
 N -0.91782066898496 9.80275941908105 -14.77039579191535
 N -0.70565612203687 12.06727365265086 -14.17277883755300
 N -1.44557262898629 11.49600106843675 -16.26108191926678
 C 1.88937150586000 4.29101667029524 -4.79142710351463
 C 1.59764745395467 2.81459613190381 -5.11710064845059
 C 1.54843986089899 2.49730893095756 -6.61629604018420
 C 3.66818619204461 5.96814000353518 -5.21132572152258
 C 2.90378430171171 6.72672841531422 -6.21402327749894
 C 1.57137210460748 4.49591165726218 -3.31316651924944
 C 1.53905397435057 8.31983231652974 -8.07627390551258
 C 0.99274365466534 10.48398014521822 -9.12761956190558
 C 2.81406070638571 8.11385785158162 -6.04180788051166
 C 2.32449578897205 6.15202975464177 -7.35254796618246
 C 2.12938135063499 8.90110306387798 -6.94289108428459
 C 1.65348909117313 6.93244688399902 -8.26877335505780
 C 2.89493856454489 2.20038087647822 -7.29404300477817
 C 0.51980493919772 10.90368643368851 -10.49535413335355
 C -0.18280895436379 10.31607520130390 -12.57849157507669
 C 0.40478564765181 12.25589347927392 -10.85314237660549
 C -0.29445023251503 11.67261196193770 -12.93372253778471
 C -0.51978498093312 9.26965051664036 -13.54342847183176
 C -0.99262038306561 11.14028541479409 -15.03134526210215
 H 1.25924267718676 4.94938779674291 -5.39720113937161
 H 2.34497759577324 2.18829656303616 -4.62172820643140
 H 0.62250264127737 2.57322335199226 -4.68378499184031
 H 1.08162470508105 3.32048345635790 -7.16434811223650
 H 0.92567811509536 1.61316600595994 -6.77288182376511
 H 3.83921764727855 4.28437868546452 -4.19134770716855
 H 2.05221166356311 10.75493897349092 -9.01025825040775
 H 0.42526267665273 11.02023208103881 -8.35673089145864
 H 3.28201871813548 8.56113939254506 -5.17158239650609
 H 2.44684013215707 5.09289888942162 -7.54478431288102
 H 0.60054229942689 8.58947528157228 -9.85832090696739
 H 2.05044303704494 9.96764258389736 -6.77110784622808
 H 1.21916086987511 6.48218730036705 -9.15421215101230
 H 0.64623188918141 13.03780950548155 -10.13881766919008
 H 0.10342067036434 4.79433767057326 -2.15453016702158
 H -1.17919656765160 9.12818293648452 -15.47482948415846
 H 3.71463533248536 3.63265396099757 -6.20446491695689
 H -1.37032407739227 10.83394778712444 -17.01280600915863
 H -1.30727283691819 12.46576728473625 -16.49118455598160
$end
$temperature
298.15
$end
$mult
 1
$end
$sigma
 1
$end
$pressure
1.00000
$end
$scale
1.00
$end
$msrrho
$end
$freq
8.77
11.96
19.77
24.29
32.81
37.02
49.56
54.51
62.80
81.49
89.22
92.75
106.25
123.61
135.53
139.00
146.72
169.49
184.62
193.38
206.27
233.19
255.70
267.29
286.73
309.75
318.97
339.99
365.24
369.92
378.46
388.96
397.85
424.79
445.88
454.90
457.03
469.16
473.02
480.09
503.94
528.39
548.88
562.03
572.82
576.49
584.55
589.10
604.63
608.09
617.74
635.21
638.91
645.41
665.35
668.70
702.24
707.19
724.05
736.22
738.86
788.99
820.33
827.50
834.26
853.25
860.29
869.76
875.57
898.62
911.39
920.03
922.75
957.55
959.07
974.81
1000.03
1011.13
1042.48
1061.52
1066.73
1088.94
1106.86
1114.59
1116.79
1121.39
1137.32
1147.32
1157.32
1159.62
1187.02
1190.89
1192.92
1200.64
1216.44
1241.25
1252.96
1258.81
1263.81
1273.25
1283.58
1293.12
1296.39
1308.22
1316.90
1331.62
1333.36
1339.19
1343.87
1389.27
1395.29
1429.12
1432.16
1433.40
1442.59
1444.20
1451.64
1486.98
1500.04
1511.85
1541.76
1558.03
1590.82
1599.65
1756.53
1766.31
1811.72
1825.07
2706.50
2948.89
2986.02
3017.04
3018.84
3026.55
3046.27
3050.04
3089.58
3109.41
3111.57
3124.23
3132.06
3366.50
3412.54
3490.14
3510.63
3537.92
3615.78
$end
