
$molecule
 O 7.03631129840377 3.89177197539239 2.07885170570861
 O 4.93160832320360 8.17371023807738 2.20704142815925
 O 5.35484683829023 3.38922737305080 0.70287968600452
 O 6.30588513914775 8.37543653147798 -1.84631133063330
 O 7.48517176251835 6.76424265401950 -2.82108436345513
 O 6.51855057177690 13.46020125909240 12.66194322607345
 N 5.82193262229327 6.15539721361237 2.77190066785508
 N 5.30937692607736 8.92899800010791 8.52485759442360
 N 5.44988096722107 11.32025373879402 11.09916838767570
 N 4.28437481383299 9.22820874013393 12.53517240864974
 N 5.86407526520003 12.36609650132012 14.52451222463190
 N 4.76114606032287 10.29085771184426 14.53032223795622
 N 5.19900234052169 11.36243284880773 16.50417020042606
 C 5.57055408834059 5.66942738206914 1.41269500848472
 C 6.44631385247518 6.42921126824061 0.39995640661202
 C 6.01217611839771 6.12618930695180 -1.03837641586767
 C 5.33014466692283 7.42119313201046 3.07434252278156
 C 5.35946497455563 7.78047476454350 4.50521907282643
 C 5.94893741516262 4.19270017933357 1.35570565516072
 C 5.33252487378277 8.60756487877433 7.18760466273477
 C 4.96227745102712 10.26953080113743 8.98645193377719
 C 4.66163061891101 8.92916184612196 4.89821314043055
 C 6.05588473547573 7.05514355719904 5.47924196704922
 C 4.63650013131257 9.33812278648491 6.21485118301844
 C 6.04296818023178 7.46041436393697 6.79710468871251
 C 6.68453239909125 7.09749059142199 -2.00138601639219
 C 4.91655452506603 10.27540828136446 10.49084080297623
 C 5.40269911807701 11.34160724847260 12.43740321822528
 C 4.33371298405231 9.22879341398442 11.21956013331652
 C 4.81558259285772 10.28981436350266 13.16704094006826
 C 5.98283274272339 12.48830945452597 13.13804449741783
 C 5.27659700478152 11.30525957806655 15.14918217068348
 H 4.51063885093853 5.79396265664459 1.15318477346196
 H 6.35032068579255 7.49951985232664 0.59281145440261
 H 7.49576523893223 6.15547952415109 0.54374679773791
 H 4.92812902528012 6.23893302148614 -1.12924174984606
 H 6.28087384201465 5.10689938752602 -1.32119130736473
 H 5.64503209151919 5.46115370574952 3.48650957987041
 H 3.97568138568043 10.53833668541004 8.59429266168078
 H 5.69025224506716 11.01382977737159 8.63804550735385
 H 4.13041659083743 9.49704935891007 4.14194441293051
 H 6.63307287412301 6.17842827460740 5.20412665498899
 H 6.05411433406956 8.50595863302338 9.06479536602224
 H 4.08006742977094 10.22657560241879 6.48556966214971
 H 6.58856940092447 6.89502370530610 7.54500767167152
 H 3.90455327097629 8.37419709023543 10.70452010258612
 H 7.41969094211671 4.67663818774484 2.50275929192443
 H 6.23000132474540 13.13857086716054 15.06196952981855
 H 5.65421474686645 8.51464887800586 -1.14494964121859
 H 5.84630011321429 11.94979234833991 16.99922563306832
 H 4.94384620508427 10.49356545974241 16.94288895327829
$end
$temperature
298.15
$end
$mult
 1
$end
$sigma
 1
$end
$pressure
1.00000
$end
$scale
1.00
$end
$msrrho
$end
$freq
6.64
7.65
11.58
18.97
24.20
35.97
37.58
49.16
56.00
60.93
76.25
79.01
101.49
108.34
123.31
133.26
143.04
148.37
172.55
192.21
192.75
232.55
236.21
270.23
289.04
306.63
321.80
340.52
341.70
363.34
369.07
372.76
393.83
407.55
421.04
428.24
449.49
460.68
472.38
473.26
478.21
479.87
510.98
541.30
557.38
565.33
574.10
579.76
587.40
596.25
604.70
618.12
618.87
636.02
647.65
657.81
675.52
688.71
710.05
717.62
725.31
739.53
789.78
790.63
825.03
825.92
838.04
867.70
875.21
894.61
906.96
911.70
912.44
939.08
968.46
986.32
1003.63
1010.90
1038.27
1062.15
1066.67
1070.23
1083.64
1093.59
1094.04
1111.93
1121.63
1125.81
1142.94
1153.80
1167.04
1182.29
1214.87
1223.41
1223.92
1235.48
1240.07
1244.27
1251.91
1258.02
1272.04
1280.99
1282.19
1284.72
1300.06
1330.35
1337.18
1338.49
1339.82
1370.10
1392.96
1430.44
1435.61
1435.72
1439.55
1442.89
1455.47
1487.51
1497.58
1511.43
1540.93
1564.54
1592.00
1600.73
1719.96
1767.62
1839.78
1843.59
2972.70
2975.16
3012.73
3016.57
3025.54
3059.12
3069.84
3092.94
3095.85
3108.18
3113.13
3128.91
3469.32
3471.64
3490.64
3510.58
3541.61
3592.71
3615.68
$end
