
$molecule
 O -6.48850015207255 -8.07977027992285 -3.03384419702517
 O -3.42781653471288 -7.26748604761146 0.50880263346826
 O -5.45272836100001 -6.32433992112147 -3.92995133828501
 O -4.12397900773434 -8.91045877328569 -4.91026347869936
 O -2.74130889488032 -7.68527222299171 -6.14729743565564
 O -10.13645583643868 -8.35392343924987 1.60335997812977
 N -5.04271680759855 -8.04788956226618 -0.85706714411871
 N -6.27192094718786 -11.14778457767354 4.67051088414199
 N -8.97180931473958 -9.60667662150547 3.88651896430979
 N -8.98721578454623 -8.11395582655141 6.24264232075526
 N -10.62688473899271 -6.56597295952146 2.89281069815887
 N -10.08685885476560 -6.38361415097863 5.17405149128144
 N -11.12093884725501 -4.64938556875102 4.09759527562168
 C -4.48397860788608 -7.31773111644233 -1.97633620607822
 C -3.21189007742575 -8.02691016897630 -2.49481457925997
 C -2.65135292673185 -7.39670020720285 -3.77152396308040
 C -4.39050838935933 -7.99836227627250 0.34170527537281
 C -4.93959760697159 -8.85631549280374 1.42010806005119
 C -5.51201238546706 -7.16975155304055 -3.07830610670458
 C -5.86889699997766 -10.38382931991907 3.58083572133112
 C -7.69852205711931 -11.38914503170759 4.89430971509782
 C -6.13364990236405 -9.57478312749076 1.32510285122716
 C -4.21105578399426 -8.92604959880001 2.61331182118554
 C -6.59032730633264 -10.33695962333808 2.38400406339036
 C -4.66228193711848 -9.67883110680570 3.67697497248412
 C -3.16393068519980 -7.98798668271978 -5.06601998386666
 C -8.42149796328575 -10.06829953982532 4.99816380514993
 C -9.52231235227215 -8.38805727624925 3.92767418440554
 C -8.43333957300075 -9.30753295186611 6.17537619134870
 C -9.53252468399934 -7.62919369866457 5.11349015351318
 C -10.09378225029101 -7.84132956608921 2.69706150884717
 C -10.60424827500446 -5.90591373247793 4.08726171199881
 H -4.20630866618774 -6.31309240730128 -1.63260311621739
 H -2.46650959394472 -7.95334117199990 -1.69917322885873
 H -3.43033210549742 -9.08562223294075 -2.65398743266237
 H -1.56320014777195 -7.50114902336279 -3.79775274302294
 H -2.86519792555521 -6.32427299393785 -3.80691285420077
 H -5.67459273459258 -8.80090419692633 -1.07816746645433
 H -7.78919622885341 -11.96756275277249 5.81745130118286
 H -8.10466828559284 -11.97414778751707 4.06609176721305
 H -6.73538175041641 -9.53465477124484 0.42360056118976
 H -3.28410287778891 -8.36806283844160 2.69122097633889
 H -5.80185262725322 -10.86925716791073 5.52500102345344
 H -7.52497125413968 -10.87291281634879 2.28161233291383
 H -4.09142326476035 -9.72088123148811 4.59868078934584
 H -7.98191580729667 -9.69312831140531 7.08536697954628
 H -7.08583222881505 -7.93293633594740 -3.78549035975779
 H -11.01386419167829 -6.12399135138064 2.07168131114107
 H -4.38980966270430 -9.22180292707522 -5.79088883072370
 H -11.26613693725295 -4.26742460711866 5.01706444450747
 H -11.78565386417651 -4.39593405276653 3.38847569656746
$end
$temperature
298.15
$end
$mult
 1
$end
$sigma
 1
$end
$pressure
1.00000
$end
$scale
1.00
$end
$msrrho
$end
$freq
4.01
7.76
11.76
18.30
28.24
37.00
46.07
59.15
61.20
64.63
69.05
86.32
89.82
123.20
134.66
140.03
144.00
155.47
191.48
224.40
234.60
252.91
272.03
293.17
296.50
307.32
335.12
344.16
350.58
363.84
367.73
370.99
379.37
397.18
412.66
428.94
451.12
471.25
475.06
478.32
494.73
522.54
529.29
554.18
557.16
573.48
575.30
579.30
590.26
591.93
606.21
609.02
619.72
641.68
643.04
651.01
661.90
684.90
706.09
721.27
721.60
743.86
779.96
796.69
801.50
832.57
839.28
855.01
867.12
879.91
894.42
897.71
913.29
938.91
969.12
983.33
1006.10
1011.22
1047.34
1061.43
1069.10
1073.21
1095.56
1113.54
1125.50
1130.89
1144.64
1149.73
1155.13
1166.31
1175.46
1181.48
1185.50
1216.29
1227.07
1253.24
1255.73
1258.36
1271.46
1272.21
1277.45
1282.95
1286.60
1297.50
1316.45
1321.81
1331.76
1335.35
1339.31
1385.23
1397.07
1416.70
1428.11
1431.96
1441.75
1448.23
1458.71
1486.93
1491.61
1505.40
1539.80
1574.51
1592.40
1600.82
1701.66
1762.99
1802.59
1811.30
2999.77
3018.48
3024.11
3032.39
3042.46
3058.27
3061.35
3085.81
3097.85
3105.00
3116.33
3138.29
3450.49
3491.33
3511.23
3527.48
3550.92
3554.91
3616.42
$end
