
$molecule
 O 3.57955228082388 -2.15332413812470 -3.02518014116633
 O 4.67654034780188 1.45226070420597 -6.30883105906311
 O 3.44808949183153 -1.87678868809737 -5.22872814628754
 O 2.29417026726290 2.56633998729612 -6.61749665871012
 O 0.20335400099255 2.39653847409521 -5.90702295669784
 O 9.73777385022755 0.79597833007981 -1.34815117536005
 N 3.73577094956268 1.02807438463260 -4.30174063175056
 N 8.88360709661505 -2.83937665040676 -4.16757205003806
 N 10.43306272249218 -0.81410933342811 -3.59183681687645
 N 12.39472991174226 0.21491598224784 -5.28325386773421
 N 11.25423985625469 2.32489846070691 -2.03324281333762
 N 12.59069480519573 2.09969607403353 -3.95595943967116
 N 12.73890403936104 3.98595280352549 -2.66989839665250
 C 2.86647159385898 -0.02386959291050 -3.77251619562549
 C 1.45166248412461 0.12462778398101 -4.37279519130006
 C 1.46922154616543 0.38733202951124 -5.89154550752028
 C 4.69620159559768 0.78834361237651 -5.27868219151029
 C 5.76032713709531 -0.17082319511617 -4.96995037121899
 C 3.35202402689980 -1.42666171481380 -4.12070975021987
 C 7.87612051037403 -1.93014228217686 -4.46830270422844
 C 10.11676062287155 -2.78056949129859 -4.94220067388686
 C 6.51155726019826 -0.70186834504669 -6.02446933990011
 C 6.08843273222942 -0.52517444253072 -3.65599329540545
 C 7.54747158144663 -1.58015009326208 -5.78334270685284
 C 7.13034329731274 -1.39349281869209 -3.40940969296214
 C 1.26246689212881 1.88344481831607 -6.15081908752103
 C 10.81634672608624 -1.46489390612587 -4.67750593541678
 C 11.01009003772255 0.36597741254271 -3.34036755428303
 C 11.80774608011419 -0.94080454714963 -5.51867619038484
 C 11.99796040694669 0.89358441694107 -4.19263015860382
 C 10.57485161721765 1.11286552232724 -2.16088797884802
 C 12.20746689800476 2.75917057627564 -2.90922775186485
 H 2.81695970901810 0.06582404873770 -2.68024767024161
 H 0.89835435763305 -0.79358007590375 -4.15926479503014
 H 0.93188975511647 0.94530270211546 -3.86999612546819
 H 0.61841830225403 -0.12445218558930 -6.34596657046594
 H 2.38268062474206 0.00909805740885 -6.34998719542414
 H 3.18775139034154 1.84670759412671 -4.55307150487301
 H 9.90842883688197 -2.90851744034041 -6.00669430265273
 H 10.75131377760986 -3.61414250264941 -4.62196010772916
 H 6.25628658146149 -0.42102876587535 -7.04019433213039
 H 5.54012146731897 -0.09023974770459 -2.82794965536689
 H 9.11024968431351 -2.79853284599828 -3.17646247193313
 H 8.10175317285890 -1.99225504881263 -6.61797330849902
 H 7.39797675176139 -1.64723522768832 -2.38978536131611
 H 12.12387629813680 -1.48295144736093 -6.40523354695449
 H 3.84377615649879 -3.05282433891673 -3.28204709062453
 H 10.97937557156080 2.90002028244894 -1.25023247352447
 H 3.17200578715631 2.09023444050251 -6.66096611262538
 H 13.56181115200677 4.19595662504334 -3.20939130471419
 H 12.69659095681858 4.35745574262260 -1.73769363956123
$end
$temperature
298.15
$end
$mult
 1
$end
$sigma
 1
$end
$pressure
1.00000
$end
$scale
1.00
$end
$msrrho
$end
$freq
5.98
6.05
13.86
22.33
32.59
40.98
52.23
56.37
72.66
76.48
95.08
127.45
134.78
136.64
138.76
143.71
153.43
165.24
170.12
207.83
245.08
261.10
274.37
276.65
301.09
312.97
340.87
344.33
355.93
365.64
378.81
387.95
395.96
415.89
434.33
449.83
468.47
476.36
495.23
503.22
511.78
532.18
558.29
572.16
575.24
592.17
593.87
600.53
607.84
617.00
635.08
640.21
668.20
668.29
693.85
708.90
714.44
722.13
736.06
740.27
752.75
765.45
803.85
816.91
829.05
832.14
839.70
851.07
857.61
863.57
901.49
914.64
926.71
948.74
956.27
967.24
997.75
1006.77
1008.47
1066.52
1074.45
1075.83
1086.39
1113.79
1114.30
1119.33
1137.45
1154.01
1157.04
1164.23
1171.88
1176.59
1188.75
1204.52
1209.06
1251.73
1257.09
1258.36
1262.04
1270.21
1280.76
1290.02
1293.92
1307.64
1319.80
1320.98
1327.37
1335.43
1340.45
1388.63
1398.47
1427.79
1437.84
1440.31
1441.01
1444.59
1457.74
1486.14
1489.25
1507.19
1539.24
1569.09
1587.79
1600.22
1664.95
1761.90
1794.69
1811.32
2986.48
2996.19
3005.85
3020.51
3038.48
3047.07
3047.75
3084.56
3089.66
3106.29
3112.52
3119.21
3123.71
3426.73
3432.55
3490.99
3511.68
3539.53
3617.05
$end
