
$molecule
 O -0.02122285622573 5.21524354947452 -1.09494999138407
 O 2.76266534651696 3.42591435297969 -4.53219217653414
 O 1.74475718907028 6.54473824533911 -1.36755097289168
 O 0.38273079224092 0.49498756687562 0.74973915848302
 O 2.35624945325543 1.44584479749648 1.12382880063391
 O 14.02999809627561 7.26795594185192 -7.14470304838637
 N 3.14352742486449 4.70249686509373 -2.70815518637339
 N 7.79204279403558 6.64334844939823 -6.71923956524109
 N 11.18851614083283 7.56157663958161 -7.04285367974022
 N 10.07635747511081 9.29124317449149 -8.93224615969188
 N 14.07055110672464 8.70942751586040 -8.88066037448458
 N 12.17003272686429 9.74084947145836 -9.79995499582610
 N 14.24846840692978 10.21464921492772 -10.63425991373170
 C 1.91417163560084 4.25259001717189 -2.08710165133519
 C 2.22476757256927 3.20174590214140 -1.00220128398426
 C 1.00200854993565 2.36133424577593 -0.63482757185305
 C 3.42695006292658 4.28622819834072 -3.98158243776064
 C 4.59876722212721 4.92812963526404 -4.62394271997365
 C 1.22994610054188 5.46707617162591 -1.49287332982912
 C 6.77538732819827 6.06049633552491 -5.98598758959732
 C 9.03275629428198 7.07270088568315 -6.08196100059332
 C 5.54034010456044 5.70334979486836 -3.94428842318544
 C 4.76960591365370 4.72061445955128 -5.99827215572143
 C 6.61450596555559 6.26470357102675 -4.61095913636176
 C 5.83242639643203 5.28083849812726 -6.67237725299821
 C 1.34147770681422 1.40077157391980 0.49676953857825
 C 9.88714137190878 7.78504255051974 -7.09539454715855
 C 11.95836497572593 8.20458287201164 -7.93082052538432
 C 9.33698114301368 8.65488283329590 -8.04806569577340
 C 11.40307142526472 9.07848887833798 -8.88484606427113
 C 13.40367215420456 7.97857429862121 -7.89423627932098
 C 13.44792999376753 9.53687069675461 -9.76860673267480
 H 1.27504309833251 3.80384611665931 -2.85985503552271
 H 3.00687237865563 2.54455008094854 -1.39008328264163
 H 2.61977792027498 3.69069337847350 -0.10780316567194
 H 0.64624118013723 1.79376251816444 -1.49926361168751
 H 0.17927785185668 2.99499529283723 -0.29224301906246
 H 3.50155683481850 5.58297785701283 -2.36547117658847
 H 9.58762756818637 6.22168671618366 -5.66499010327916
 H 8.79605860216075 7.76436584992812 -5.26667123694403
 H 5.45452802873525 5.86289834080634 -2.87465856750806
 H 4.04535316097262 4.11002210229676 -6.52664404671688
 H 7.95471953538536 6.18603260627224 -7.60866721393712
 H 7.32756443904672 6.85903373591784 -4.05307642893044
 H 5.95085177047098 5.12072155294412 -7.73873392237551
 H 8.26451095990853 8.82340290559598 -8.08112575441179
 H -0.40185845298929 6.02450624934650 -0.71443674600829
 H 15.07507175573113 8.60880325710310 -8.89200396846959
 H -0.38173897279452 0.55909728671808 0.16302133010627
 H 13.75510305892257 10.65189739428648 -11.39472679696014
 H 15.15517526863425 9.83526655511274 -10.84264328902059
$end
$temperature
298.15
$end
$mult
 1
$end
$sigma
 1
$end
$pressure
1.00000
$end
$scale
1.00
$end
$msrrho
$end
$freq
3.91
7.09
13.64
17.34
19.91
30.00
35.99
41.83
49.19
54.78
69.67
78.38
89.39
112.25
131.86
133.37
134.62
145.79
172.02
181.16
190.39
207.22
244.20
263.30
299.36
309.28
334.66
339.39
347.52
356.54
368.93
373.72
398.04
403.24
421.57
440.54
442.68
460.34
465.79
475.81
480.30
486.40
513.64
541.98
544.43
563.40
573.35
580.09
584.17
591.16
604.43
618.63
625.16
633.41
639.80
650.78
656.95
675.27
703.34
720.63
724.28
739.08
765.07
787.11
816.02
829.43
837.75
866.77
870.30
890.35
905.56
911.04
913.66
939.47
968.87
1006.16
1011.81
1013.20
1043.77
1066.04
1067.38
1085.40
1092.28
1096.62
1112.19
1117.56
1123.82
1141.00
1154.50
1156.58
1168.73
1186.92
1193.01
1197.52
1222.64
1229.41
1245.85
1253.21
1254.25
1257.00
1272.19
1283.63
1285.37
1295.75
1301.35
1329.88
1337.19
1339.72
1341.87
1386.44
1397.90
1422.17
1429.44
1433.74
1438.79
1442.20
1455.95
1488.49
1495.48
1511.64
1541.06
1571.41
1594.45
1602.15
1711.27
1766.43
1806.28
1836.75
2968.49
2978.56
3013.91
3015.82
3031.72
3041.99
3058.63
3094.16
3100.36
3102.38
3117.15
3124.40
3461.72
3488.52
3491.54
3508.67
3539.27
3613.17
3619.99
$end
