
$molecule
 O 0.75406297389123 -5.57818540138813 -3.93145780517242
 O 0.45517847062947 -5.60867409227708 -6.49828843809357
 O -0.51847923943360 -6.60116208126580 -2.41895719079020
 O -3.96020347512746 -4.84925810607633 -5.16049997815070
 O -4.53448043953765 -3.91547664728484 -3.22529563259095
 O 5.70930064671071 -9.43064060999210 -7.70391380698909
 N -0.86975700286693 -7.23981756706362 -5.69707117650006
 N 2.05838779947636 -10.17970574018261 -10.62488873964609
 N 3.68572112408636 -11.12966710090411 -8.76703277934453
 N 3.05670843044603 -13.38585287674094 -7.25559132557306
 N 5.85998937567082 -10.80467175164894 -5.91664823164688
 N 4.59820622895422 -12.77093462363983 -5.64437883411036
 N 6.13213276163986 -12.16207875742707 -4.05918045775086
 C -1.40018341502709 -6.37524066365229 -4.64682683065364
 C -2.68829474661999 -6.99176913344353 -4.09733958132121
 C -3.43519739843056 -6.04507281820335 -3.15673374793426
 C 0.03073792538913 -6.76472139087788 -6.58924150369529
 C 0.48433010726915 -7.68831049129467 -7.64435680529929
 C -0.33364190024707 -6.20064743087513 -3.53664137100341
 C 1.51838285510414 -9.37971608090831 -9.62804363357415
 C 2.03068123255076 -11.62584324440949 -10.43860726736981
 C -0.10986704924145 -8.92653204303666 -7.90660638849122
 C 1.58275016035102 -7.29409863456288 -8.42106082729920
 C 0.39402750646580 -9.76083849748902 -8.88591510380177
 C 2.09150498725430 -8.12169958480970 -9.39687344174330
 C -4.02813283746100 -4.82500033382543 -3.82101009861788
 C 2.75322614957125 -11.98336892584918 -9.15806813504678
 C 4.31099069597256 -11.38207173510897 -7.61266870377365
 C 2.45157261470049 -13.11925442270780 -8.39569781207758
 C 3.99177552827669 -12.51443532983127 -6.83925184744571
 C 5.32613290562792 -10.43447116205965 -7.15160992204607
 C 5.48474499079112 -11.92237506849546 -5.22888523974849
 H -1.58852644224440 -5.39200962739520 -5.09750286548169
 H -3.33650570033558 -7.26925925634586 -4.93301229786950
 H -2.43341395280673 -7.90071491916633 -3.54386298707123
 H -2.78560406237157 -5.70399888501197 -2.34664738565933
 H -4.26891392490569 -6.57664204656461 -2.68841215161227
 H -1.07659730358163 -8.22294865903889 -5.63418631908390
 H 2.53839013972450 -12.07628386690275 -11.29796062142958
 H 1.00097363998503 -11.99125570944094 -10.42689478091872
 H -0.98523265036925 -9.24775714957596 -7.35106350473581
 H 2.03841915472125 -6.32942270727548 -8.22733484574723
 H 3.00259513023604 -9.87983699638883 -10.85218019604920
 H -0.08908196624335 -10.71338531134506 -9.06749903348289
 H 2.95360538812778 -7.81560439388745 -9.97865527225175
 H 1.69113842313414 -13.82114157081026 -8.72597849737401
 H 0.73796434771344 -5.39417054629957 -4.92168308805812
 H 6.57098205787467 -10.19059711303310 -5.54648800778605
 H -4.36665458941244 -4.03758957541356 -5.50662734820431
 H 5.70367917392882 -12.86934456806006 -3.48559089115656
 H 6.56120316998609 -11.38944575072334 -3.58126324870775
$end
$temperature
298.15
$end
$mult
 1
$end
$sigma
 1
$end
$pressure
1.00000
$end
$scale
1.00
$end
$msrrho
$end
$freq
3.59
7.46
10.37
16.16
23.91
29.87
42.55
51.72
65.87
71.97
79.49
94.86
126.83
134.74
138.81
147.43
158.71
180.32
212.71
226.78
238.07
258.54
272.50
288.25
304.92
305.79
311.70
334.94
343.67
366.29
371.76
377.31
386.49
396.30
406.68
447.60
465.93
472.84
475.67
480.03
503.30
514.72
516.40
548.79
560.26
573.94
575.80
585.71
600.32
610.88
619.54
623.23
637.32
644.26
650.30
669.75
687.70
699.17
730.10
737.05
739.93
787.74
793.80
805.05
830.37
841.01
849.09
852.17
862.61
883.57
890.87
899.48
913.28
948.45
968.54
978.50
1006.31
1009.75
1041.07
1067.55
1077.90
1083.56
1114.19
1114.78
1123.53
1128.78
1143.33
1155.68
1156.25
1169.91
1172.44
1179.10
1203.76
1208.36
1225.71
1255.34
1257.96
1258.62
1269.26
1271.29
1281.47
1285.60
1294.87
1320.14
1320.89
1325.68
1339.74
1341.10
1347.56
1393.77
1407.73
1416.28
1428.14
1437.65
1442.21
1445.67
1457.55
1487.50
1492.51
1505.16
1539.44
1569.08
1590.40
1599.45
1635.24
1765.39
1807.82
1813.36
2876.25
2995.83
3009.15
3018.39
3020.81
3043.15
3045.28
3052.88
3088.33
3094.21
3108.44
3120.08
3122.13
3438.80
3489.99
3509.04
3529.89
3548.22
3613.66
$end
