
$molecule
 O -2.06315991703245 -5.97286630036057 -1.66497328032865
 O -3.95785362082623 -6.84351267514471 -0.24422492713321
 O -1.63329345820942 -6.30538028245967 -3.81545915589648
 O -1.94755571085075 -7.08727299001334 -6.42819765255931
 O -3.71787590694958 -7.80123772107316 -7.56938494588668
 O -7.13482213243714 -7.11486015126110 5.53813274376665
 N -4.65204653859680 -7.07506543812231 -2.36843585804465
 N -10.12065227324800 -5.53172891521890 0.64358017860501
 N -9.21419096389280 -6.82264524247212 3.60615063963739
 N -10.57191404936886 -9.15850646289259 2.90892977684321
 N -7.57812269682019 -9.32775098160025 5.61393714654325
 N -9.25891220851765 -10.38937839730170 4.35875072730029
 N -7.97362416006539 -11.60138455299028 5.81230370917608
 C -3.37468951005473 -7.63155433609797 -2.80993480482737
 C -3.52972626838988 -8.27304455065738 -4.18640378768309
 C -4.03664359866075 -7.28266933019611 -5.25397510880783
 C -4.88809168260650 -6.81828184113581 -1.06216890187850
 C -6.26476261598102 -6.48989453925201 -0.66619974265287
 C -2.26683253795258 -6.54687493590292 -2.81314126343166
 C -8.83997885375747 -5.86238783477194 0.25862740829403
 C -10.49230396280937 -5.48899708511182 2.05478733059303
 C -6.47188965525917 -6.03890322697689 0.64542389040561
 C -7.37479260920224 -6.61763901737204 -1.51077367617541
 C -7.73122131270245 -5.72042887125381 1.10434866114010
 C -8.63962315557902 -6.30847529295500 -1.05754321763870
 C -3.22494669490056 -7.41784866934797 -6.54794725322479
 C -10.19623587008165 -6.81260717320188 2.72034401134392
 C -8.89620171842732 -7.99786662204762 4.16153863496102
 C -10.87000767765362 -7.99191373426160 2.37541833123944
 C -9.57632564591201 -9.18075630691474 3.81291398195737
 C -7.80664287942866 -8.03466484660676 5.13830272694884
 C -8.28972179767394 -10.42219571333945 5.21851368611315
 H -3.06634385066313 -8.38841915186781 -2.07312617181312
 H -2.55103230737595 -8.66626550569407 -4.47597351050947
 H -4.21721981898437 -9.11949616608723 -4.11494733120677
 H -3.94063496199697 -6.25315616332339 -4.90161455970332
 H -5.08563094577284 -7.47024717643357 -5.48969920241161
 H -5.39107954701649 -7.02883077779111 -3.05040385575410
 H -11.55961564890161 -5.25517507340995 2.10061395932854
 H -9.93514323108119 -4.69533831221573 2.55919323497393
 H -5.61495264184334 -5.94111191300645 1.30263129044327
 H -7.26035934282581 -6.97753563564310 -2.52828793276939
 H -10.84199966600340 -5.91828449136430 0.04821428090576
 H -7.85604414858963 -5.37783199534010 2.12351950216260
 H -9.49364542036363 -6.41633521075035 -1.71769763275997
 H -11.67096499058520 -7.97431730491202 1.64138774338298
 H -2.72546148475154 -6.30780858028613 -0.95460386044534
 H -6.84475590531853 -9.41470034300164 6.30257509679849
 H -1.71013783859184 -6.75477770938087 -5.53022058002434
 H -7.06261113555064 -11.70676906216512 6.22212031690633
 H -8.37235542995776 -12.41191138900792 5.36909120382309
$end
$temperature
298.15
$end
$mult
 1
$end
$sigma
 1
$end
$pressure
1.00000
$end
$scale
1.00
$end
$msrrho
$end
$freq
6.16
9.77
10.41
25.97
35.43
47.44
57.80
68.94
76.45
87.17
103.78
108.34
132.72
133.59
139.46
143.01
155.19
181.17
209.11
215.36
236.06
248.50
275.28
287.29
305.45
315.65
334.63
350.21
350.79
352.76
369.66
374.77
385.40
399.17
407.69
439.41
453.88
468.22
477.50
479.83
495.33
528.93
545.94
553.81
560.46
578.21
586.43
593.22
602.86
611.98
619.58
638.55
641.71
646.43
680.11
691.32
699.13
705.63
721.36
743.42
751.35
788.61
792.12
815.49
830.84
836.65
866.12
872.38
886.15
891.29
914.56
924.17
938.12
951.24
963.94
965.83
997.75
1004.85
1010.04
1065.22
1074.54
1082.55
1100.56
1112.63
1125.30
1129.25
1150.71
1154.24
1164.40
1174.38
1181.29
1199.85
1212.29
1226.38
1233.04
1258.14
1261.30
1265.62
1271.98
1272.92
1281.74
1284.47
1293.31
1298.43
1323.57
1334.19
1339.65
1340.17
1367.49
1390.67
1411.23
1429.18
1434.54
1443.31
1444.12
1447.50
1457.64
1487.16
1496.65
1507.37
1540.11
1560.59
1585.81
1599.08
1612.18
1766.92
1769.02
1829.08
2565.87
2959.45
3018.46
3024.59
3031.54
3049.36
3051.55
3066.22
3085.28
3091.72
3106.14
3118.34
3137.58
3264.86
3474.10
3490.01
3511.13
3531.55
3616.38
$end
