
$molecule
 O 7.27460616702327 -12.13151928948443 -3.33888303236752
 O 5.05458566738854 -8.43249530333905 -5.70068971671620
 O 6.95907025833909 -12.43325969627830 -5.50709527327673
 O 1.94419887677620 -8.78663067805418 -1.81703628976626
 O 3.18576139328077 -10.41533651089487 -0.95192131229903
 O 4.17197255386167 -13.03486942859778 -7.49693315882176
 N 4.88413023006588 -10.68575265014698 -5.67460114980510
 N 2.72658180504499 -9.94480513550413 -11.53038240916829
 N 3.83137045377253 -12.49899664752291 -10.27491727665394
 N 6.11758009413311 -12.69989047469304 -11.85045402048959
 N 6.29751953435916 -13.64167872916455 -7.93239030124879
 N 7.35186280651746 -13.39902595221105 -10.02052897171422
 N 8.56196934867902 -13.99089697291161 -8.15570929904396
 C 5.60486392956586 -10.76411465638152 -4.42272696141905
 C 4.63169502398100 -10.92522064526507 -3.24453432920126
 C 3.63998248609162 -9.75909820115053 -3.21208278496388
 C 4.69845006496091 -9.46300143180035 -6.25055271111936
 C 4.05266043586222 -9.50825521880409 -7.58593778648401
 C 6.65967606025080 -11.86203344803353 -4.49280292718720
 C 3.09115762357596 -9.74476442505256 -10.19383698726819
 C 2.59620646825494 -11.34474627484115 -11.97457812345228
 C 3.01765433237993 -10.39732743495361 -7.87679169226419
 C 4.51775404287184 -8.65392380133093 -8.58733896035262
 C 2.52289284455492 -10.49843466786792 -9.16286526292308
 C 4.05235300793289 -8.77783476172501 -9.88381370544890
 C 2.91434252593035 -9.70934423504787 -1.87783984488716
 C 3.83132051361352 -12.09293571234028 -11.53608481495105
 C 4.98203016129036 -12.94573415476825 -9.76111720267500
 C 4.98511728246670 -12.21769168864173 -12.32246909830267
 C 6.14968380407821 -13.03155582201112 -10.54659880006764
 C 5.04643281972888 -13.21010834142618 -8.32810604923024
 C 7.38974641073276 -13.65403395270457 -8.74833118328035
 H 6.14713980761328 -9.81231134403620 -4.30118520268986
 H 4.08895564678194 -11.86973181275809 -3.33103508887337
 H 5.18767020418406 -10.94068204633127 -2.30137338505844
 H 2.91113644487206 -9.85204113311833 -4.02098170953212
 H 4.16399182237244 -8.80847686375795 -3.35357936702795
 H 4.70377381201648 -11.54235202174345 -6.18550527556829
 H 2.48373571759653 -11.33446693101803 -13.06098091873046
 H 1.70376407435648 -11.78486578172650 -11.52418954217824
 H 2.60388238728764 -11.02284380504736 -7.09488380730585
 H 5.28788107081075 -7.92902213389350 -8.34771248337730
 H 3.35566939976662 -9.44155098291791 -12.15011541778500
 H 1.73403641255288 -11.20819204547601 -9.37487020981264
 H 4.45923182157213 -8.15227599910895 -10.67123165843152
 H 4.97583434354619 -11.91904504681846 -13.36715711841737
 H 6.95672415814575 -11.62035371113433 -2.58052015840914
 H 6.42834930729909 -13.74313577279021 -6.93326292208175
 H 1.84045553163554 -8.27435971832122 -2.63005266044291
 H 8.63164562677266 -13.83294184123662 -7.16348393171945
 H 9.38103138337128 -13.79006666583689 -8.70497570563942
$end
$temperature
298.15
$end
$mult
 1
$end
$sigma
 1
$end
$pressure
1.00000
$end
$scale
1.00
$end
$msrrho
$end
$freq
7.87
15.03
18.83
30.20
32.77
40.26
60.18
64.46
76.57
79.74
87.20
94.66
109.45
121.28
139.19
154.25
161.79
184.24
188.18
204.44
225.85
246.83
251.93
275.57
301.58
313.99
327.01
346.16
375.25
386.92
394.53
408.36
409.32
417.00
430.88
446.68
457.13
462.58
474.78
483.26
493.03
502.07
509.91
535.35
543.13
552.39
569.83
581.49
593.79
602.87
611.69
622.87
637.11
653.22
660.90
669.45
693.37
704.16
707.05
713.90
738.15
746.78
789.85
792.19
804.69
838.17
843.27
863.53
865.68
898.57
904.75
916.98
940.17
941.13
965.43
975.25
1008.10
1021.41
1041.37
1048.81
1056.46
1065.62
1079.67
1089.09
1109.23
1117.29
1125.73
1130.21
1156.44
1160.24
1163.07
1182.05
1186.82
1204.66
1228.39
1231.63
1243.00
1247.47
1257.33
1266.02
1271.05
1276.86
1285.31
1290.86
1294.83
1319.84
1323.16
1335.99
1339.64
1378.11
1392.75
1419.64
1428.38
1430.09
1444.55
1447.47
1451.11
1485.61
1488.15
1499.38
1536.27
1575.70
1589.28
1597.84
1703.07
1717.62
1795.30
1829.32
2943.35
3008.29
3015.15
3028.56
3041.12
3050.99
3062.03
3084.78
3098.63
3115.81
3121.61
3137.94
3429.08
3429.78
3465.01
3493.47
3577.62
3600.18
3609.92
$end
