
$molecule
 O -2.37246297861935 0.81953838021387 1.61938432608823
 O -0.50762498644968 0.56283241363876 3.93927293414297
 O -1.47971235934953 -0.83485139827001 0.44080627560174
 O 0.41601206859693 -0.55013386522820 -1.52068082509361
 O 2.57308997966369 -0.08779700490912 -1.24708325974637
 O -0.90529983042059 8.49758820243131 12.57459419024750
 N -0.11921827595910 1.98806243303882 2.21071899975174
 N -1.77767116707131 6.07687202385606 6.86618585961849
 N -1.87984708564839 7.56978347018712 10.05336592633818
 N -3.64133249398641 9.28157174947036 8.72512752262813
 N -2.12851267432439 10.37494353765664 12.30468144291702
 N -3.49424841170132 10.81806672543056 10.44445124788083
 N -3.37716517185440 12.32221560164847 12.16566709999588
 C -0.01198060539267 0.90562384025121 1.24829332503989
 C 1.16085729380159 -0.02363793377961 1.61466270215995
 C 1.44033196939753 -1.12758123887024 0.58574802002366
 C -0.48205715356247 1.69953661863596 3.50934206444175
 C -0.80046374748683 2.87797001509830 4.34999526228851
 C -1.34403171635441 0.18274249565862 1.08103794049013
 C -1.44047916740597 4.99157687663569 6.08160743223859
 C -2.00822829463903 5.92184167667916 8.29996858890218
 C -1.42841112251918 2.63877329046026 5.57702400768245
 C -0.49008990793990 4.19696853774383 4.00432640837933
 C -1.75503490680715 3.67267479384441 6.43076633491304
 C -0.80515836079391 5.23714474234073 4.85511055191409
 C 1.55212128338464 -0.54454318072028 -0.81874382121865
 C -2.40230876758817 7.25222679489649 8.88180539540962
 C -2.23473081918169 8.74656721448206 10.58553202340321
 C -3.28570434649009 8.11826259095164 8.22136249051675
 C -3.12319042867906 9.61337601667375 9.92074428311155
 C -1.67315917651340 9.12318001209172 11.88346985870541
 C -2.99446986281205 11.15103072652384 11.59158770446254
 H 0.19167735073342 1.36593782559834 0.27126030160489
 H 2.04802850983191 0.60805399076617 1.71280915213381
 H 0.96567641341685 -0.48656601839970 2.58348934981173
 H 0.66559822723506 -1.89439275148471 0.62539050157075
 H 2.39937321463568 -1.58660738881719 0.83452244210122
 H -0.46029647889317 2.85661040930020 1.82708800768920
 H -1.11257750591866 5.54702980665718 8.81271154930968
 H -2.82227928210230 5.20577422744899 8.45539358471684
 H -1.66053904643240 1.61481922065255 5.84976027546394
 H 0.02456898354589 4.41829914781569 3.07518228041298
 H -1.24447725005843 6.91053975950536 6.64880016403858
 H -2.24862635605925 3.45235023389391 7.36904534993291
 H -0.55579850101038 6.25691667115074 4.58154348819172
 H -3.70216365482263 7.84501744042629 7.25613492175819
 H -3.18121932317607 0.29786955513493 1.48285103562616
 H -1.78909949989567 10.68066313305870 13.20508183966761
 H -0.34204945313270 -0.90922527194920 -1.01240359757231
 H -3.84907035938840 12.95424973158900 11.54073813662650
 H -2.77890376377480 12.73345511886572 12.86011090367279
$end
$temperature
298.15
$end
$mult
 1
$end
$sigma
 1
$end
$pressure
1.00000
$end
$scale
1.00
$end
$msrrho
$end
$freq
7.09
11.65
16.89
23.07
29.46
36.35
47.65
63.42
70.52
75.88
86.48
102.83
112.89
130.85
133.16
143.71
147.38
169.10
176.97
191.01
194.73
240.64
254.28
297.30
302.00
314.56
322.12
332.50
341.76
369.62
371.84
390.47
393.04
408.19
444.83
448.09
455.73
462.65
476.24
477.11
479.26
513.30
532.60
543.48
560.25
574.64
583.46
585.31
591.94
598.09
606.20
618.62
642.03
644.08
651.33
668.45
676.30
708.14
708.51
727.55
729.32
739.67
776.74
789.76
826.47
826.96
838.29
864.57
869.94
892.60
895.15
906.39
911.98
939.85
969.32
992.07
1009.48
1011.50
1016.49
1043.72
1067.05
1093.30
1095.23
1104.64
1112.06
1125.48
1146.69
1150.50
1154.19
1163.33
1171.66
1182.21
1186.13
1223.13
1235.13
1246.65
1252.25
1257.31
1257.71
1270.14
1272.25
1283.76
1289.18
1297.21
1310.23
1328.78
1336.34
1337.95
1338.05
1384.93
1394.10
1430.07
1434.65
1440.52
1442.54
1442.87
1451.65
1488.04
1496.11
1511.47
1541.08
1568.94
1593.29
1601.46
1723.59
1759.50
1767.11
1821.63
2970.96
2979.84
3011.60
3030.20
3038.16
3070.87
3076.43
3093.26
3095.73
3107.77
3112.30
3127.23
3367.42
3461.86
3491.12
3509.60
3511.33
3540.83
3614.37
$end
