
$molecule
 O -2.45569695568043 3.27146969240918 -7.09987125288844
 O -0.71396889320604 3.67004278366285 -2.73284630966155
 O -1.09778537776558 4.44788538077923 -8.39750367888875
 O 3.61292678820509 1.18949012313755 -5.07732652385493
 O 1.63242278564860 0.19068585349368 -5.26477401270416
 O -6.93897450212024 2.08690603312918 -3.11590881802171
 N -0.74581294459882 4.24413305258703 -4.89695501135911
 N -4.24836929466495 -1.20509475327521 -4.90444380149061
 N -5.69987239380848 -0.45756365086794 -2.89555471686844
 N -5.86652134798949 -1.70808739985085 -0.41456246824721
 N -7.60325061324217 1.89997448300289 -0.96215245780430
 N -7.11417872587157 0.05788581856770 0.41966312020831
 N -8.35974349864380 1.80020603097940 1.22601923373459
 C -0.25759067104096 3.92451165029204 -6.23707359569165
 C 0.51686676677117 2.59984832668388 -6.31793210527205
 C 1.73315950281095 2.59327801273905 -5.38782235642049
 C -1.02861684343640 3.36806272736830 -3.86267920285836
 C -1.83414445795730 2.14884951306340 -4.18126222530788
 C -1.33020343124508 3.92279407499706 -7.34691720249363
 C -3.43932959069016 -0.09510938938745 -4.62196610949266
 C -4.34728798116755 -2.20467829934461 -3.84455037251269
 C -1.31291843968671 0.86576191896259 -4.01907122491172
 C -3.18343768848687 2.30258495311292 -4.52081597632810
 C -2.10048724926316 -0.24723842101626 -4.25667312872099
 C -3.97740870279368 1.18843499836359 -4.74286247249162
 C 2.29090049648963 1.19559439603989 -5.24816439677506
 C -5.11307943991221 -1.62159055270443 -2.67591398565530
 C -6.35625388164980 0.11271527418495 -1.88081100675652
 C -5.20637854898371 -2.24311685216597 -1.42188563608377
 C -6.44704442810299 -0.51367492050383 -0.62527260368802
 C -6.95955487010994 1.42456892655586 -2.10366689681022
 C -7.65251546904729 1.21883906576091 0.22109359582546
 H 0.42628847416696 4.73986696681708 -6.50524569707006
 H -0.13822390185864 1.76133706786676 -6.07003909382820
 H 0.84736561442217 2.46772473453359 -7.35194233571254
 H 1.43916864620748 2.91030856667993 -4.38193916667486
 H 2.51327159980651 3.27105616741214 -5.73920858222890
 H -0.26878395448697 5.05322665193482 -4.51301070227994
 H -3.35051306141861 -2.52588418754559 -3.53302696096332
 H -4.87412049916566 -3.07712021060174 -4.24550036141778
 H -0.27977870682752 0.73853954356242 -3.71920312074046
 H -3.62836415355927 3.29253878804533 -4.53208020916631
 H -5.19105027560135 -0.88324186595776 -5.12203909565797
 H -1.66967129273665 -1.23624964395293 -4.15467780411441
 H -5.03206945303204 1.31114035819123 -4.96169315607473
 H -4.72862878202441 -3.20219853540597 -1.24342588809519
 H -2.52576108346338 2.89351960078223 -6.19518210293088
 H -8.04984954718198 2.80094493487677 -1.05272560789800
 H 3.91887411190442 0.27402001738119 -4.96644508796759
 H -8.49027017342461 2.79621425201528 1.20457506426951
 H -8.21109566046235 1.38261694264248 2.12962950879634
$end
$temperature
298.15
$end
$mult
 1
$end
$sigma
 1
$end
$pressure
1.00000
$end
$scale
1.00
$end
$msrrho
$end
$freq
6.70
9.97
16.42
21.66
26.41
31.43
38.21
46.59
54.53
70.28
88.89
99.30
105.11
123.96
139.34
141.63
152.79
162.82
179.00
195.16
226.98
237.82
244.63
249.78
286.07
311.83
335.29
341.13
355.19
370.74
384.19
384.94
394.64
406.47
426.62
432.06
473.48
480.21
482.50
503.82
508.87
524.62
550.07
558.83
574.15
575.28
588.43
600.80
605.81
613.58
618.56
637.43
640.00
660.39
663.14
668.24
682.41
696.40
721.60
726.36
736.41
748.66
792.12
808.03
816.29
837.22
846.36
857.13
867.04
870.75
906.50
916.56
919.25
950.34
964.97
970.05
1002.59
1008.53
1038.51
1065.14
1067.97
1071.88
1083.09
1087.13
1111.07
1115.82
1134.50
1148.84
1153.68
1159.66
1172.99
1175.49
1201.61
1202.08
1232.89
1242.66
1246.96
1256.54
1260.59
1266.29
1277.40
1287.15
1288.99
1305.12
1314.06
1319.50
1340.55
1343.60
1346.14
1384.09
1403.74
1421.37
1426.29
1433.50
1438.41
1439.50
1456.10
1481.51
1487.80
1508.86
1539.93
1571.82
1586.11
1599.43
1738.26
1757.52
1803.32
1818.70
2995.48
3007.13
3012.87
3031.17
3044.13
3054.56
3065.49
3089.61
3095.57
3114.68
3117.91
3132.10
3285.72
3405.44
3450.16
3491.05
3508.46
3547.13
3612.92
$end
