
$molecule
 O 4.40535092083340 -2.97462773732763 -1.67420492314422
 O 0.26131070340388 -3.56117254488881 0.38560761153345
 O 5.52215420853201 -1.91735865834456 -0.06441043965179
 O 3.66098651227491 0.20907705556184 3.55107645712455
 O 4.14455292096537 2.21345605824264 2.71542062538209
 O 9.03519801563374 -5.55941123709945 5.50923499553421
 N 2.04101929458409 -2.49214113234766 -0.43907099921726
 N 4.35473284023428 -5.37713255687909 4.89166338946020
 N 6.39118483739535 -5.32113063704169 6.55223889757158
 N 6.16292842275028 -5.37270393250136 9.33014548921646
 N 9.81115243657236 -5.68055047471523 7.62699895825986
 N 8.45549172772641 -5.58935564288300 9.54549327192626
 N 10.72771922502187 -5.76718098712877 9.75377095624105
 C 3.13670905123137 -1.55863650465450 -0.23903066071820
 C 3.16727443207237 -0.94065112113995 1.16772351722288
 C 3.95452687453152 0.37068258863927 1.19029905315059
 C 1.43795650360126 -3.28751967083678 0.51634236491943
 C 2.25116934004413 -3.80763848634166 1.64222695179738
 C 4.48493276078157 -2.17158385095015 -0.61491991610747
 C 3.64405994369489 -4.83682073355768 3.84493784851483
 C 4.00186206730980 -5.06724843040859 6.26852634438728
 C 1.62489631430362 -3.93968346011318 2.88482056974827
 C 3.56929783073056 -4.25125775906570 1.50284125733490
 C 2.30773498817099 -4.43626043798794 3.97773502709083
 C 4.25647318562205 -4.76201804811029 2.58522043958987
 C 3.93090115334443 1.04556960642322 2.54218198009765
 C 5.21501972408060 -5.22614183846723 7.14657232418840
 C 7.47270722656021 -5.44611766844173 7.33166558617008
 C 5.11230461039809 -5.25595452045576 8.54605230616219
 C 7.36496869036647 -5.46810347897700 8.73400528023135
 C 8.78263622655131 -5.55912239275296 6.69063477982406
 C 9.61479325479040 -5.69113469947756 8.97740184738842
 H 2.98441289736242 -0.75770960606225 -0.97759891976357
 H 2.13991807313956 -0.75806597077522 1.49292960440680
 H 3.62405466488385 -1.64175077775727 1.86904346557634
 H 3.57603004910610 1.08395445931339 0.45376973080340
 H 5.00616766425171 0.18186516528701 0.95453552601605
 H 1.35694268926606 -2.18350473703206 -1.11826660391280
 H 3.20211623184032 -5.73350281659201 6.61439950812996
 H 3.63232017376387 -4.03391719161553 6.34964416135829
 H 0.58836764506345 -3.63562027640898 2.98243650554769
 H 4.04763974029840 -4.22581175404712 0.53175390323422
 H 5.36207021319461 -5.40814459525965 4.75621223899314
 H 1.79937377644121 -4.52755208027511 4.93006741312865
 H 5.27658021022970 -5.11006632691027 2.46785095235923
 H 4.14211414749122 -5.18190545412301 9.02910565897329
 H 5.28974640646529 -3.31715226130398 -1.88535915649310
 H 10.74348811135544 -5.74338150573761 7.24460098622102
 H 3.68711026968820 0.70696707521589 4.38458131200911
 H 11.56291987349334 -6.16057894727660 9.35762372415823
 H 10.54377091852478 -5.97176506462711 10.72176779802147
$end
$temperature
298.15
$end
$mult
 1
$end
$sigma
 1
$end
$pressure
1.00000
$end
$scale
1.00
$end
$msrrho
$end
$freq
6.46
7.01
15.75
19.77
20.51
37.17
50.17
53.18
60.56
60.64
80.85
86.65
101.54
111.06
121.34
134.81
138.20
144.44
176.31
185.24
198.97
209.32
253.49
264.04
290.63
301.57
313.83
335.12
340.11
371.19
376.15
395.17
398.48
424.75
433.83
444.08
470.40
473.16
478.83
481.99
503.53
505.77
511.45
548.86
560.83
570.71
574.88
589.74
593.93
601.38
603.03
607.21
618.05
641.87
652.43
656.95
669.03
675.81
696.50
710.37
727.78
736.31
764.68
772.01
794.87
829.91
845.12
851.85
860.60
873.10
897.23
898.26
913.35
958.63
959.64
992.94
1005.94
1011.95
1039.20
1067.21
1079.62
1096.27
1105.69
1114.44
1118.58
1124.90
1146.89
1150.83
1157.66
1159.45
1186.80
1192.07
1201.57
1219.90
1236.27
1247.21
1255.68
1258.00
1272.05
1272.41
1281.83
1283.92
1298.64
1303.53
1318.50
1329.39
1333.26
1342.24
1347.58
1387.48
1391.89
1418.64
1428.00
1431.66
1442.30
1445.63
1454.65
1487.62
1496.98
1511.20
1541.81
1565.46
1593.64
1600.86
1719.86
1765.75
1801.55
1812.73
2940.78
2962.10
2990.03
3019.87
3036.85
3046.09
3072.54
3088.76
3108.68
3109.82
3121.77
3140.07
3412.71
3476.34
3491.04
3509.73
3546.58
3552.90
3614.54
$end
