
$molecule
 O -3.67110105842580 -4.03503660957897 -4.39762812457182
 O -0.06534605085455 -3.07657052412671 -5.98790030646221
 O -3.79312410581981 -6.02264323390822 -5.40199394232550
 O -3.45744000271216 -9.03045740102778 -4.60604486450084
 O -2.82605090326637 -7.70515387100302 -2.92953382269603
 O 0.22232224071436 3.61964234786098 -4.82632871172745
 N -1.14073649868113 -3.95777006069031 -4.19211673988522
 N 2.30823649063519 0.81782959459698 -1.55832608786499
 N 0.39329539906043 2.57386414904438 -2.18020234050953
 N -1.92229935234725 2.75894230247234 -0.63717483113721
 N -1.94304253476151 4.13023196992339 -4.43555667045094
 N -3.05334600651504 3.73850651124105 -2.39972525038666
 N -4.18459271707873 4.64992153195119 -4.16670508595502
 C -1.60661150361734 -5.09894803378273 -4.97448695016013
 C -0.90905217743683 -6.37652450760520 -4.48034062939642
 C -1.55495058848389 -7.67204785587762 -4.97607939889516
 C -0.25410336880673 -3.06889158822542 -4.78976754512598
 C 0.38220794668467 -2.09564351762240 -3.87722105089302
 C -3.14553122666710 -5.12905434571434 -4.93841917925397
 C 1.63873464160670 -0.14152506015794 -2.30154694651854
 C 1.61632990255332 1.45055092749984 -0.44205794733112
 C 0.03294453533632 -1.92779687534869 -2.53416996994430
 C 1.38022706617476 -1.27126113507677 -4.41574793454644
 C 0.65256798292586 -0.97032085738396 -1.75340402622065
 C 2.00361601745197 -0.31657678162651 -3.64395915897164
 C -2.67781996417914 -8.10393463966209 -4.05373572474090
 C 0.35194511553026 2.11540530196821 -0.93928397135109
 C -0.72175985433478 3.12325314495054 -2.67289503173259
 C -0.81323670075108 2.22236017651961 -0.16922587057095
 C -1.89816300175390 3.20853371331092 -1.90353045749789
 C -0.70338906027923 3.61733934293841 -4.05013313328111
 C -3.03816072905025 4.16819103801986 -3.62171720098215
 H -1.33642268796553 -4.91091978475337 -6.02330275925182
 H 0.13336080206023 -6.33412011468158 -4.80610009112909
 H -0.91456090147189 -6.38339971610614 -3.38464360176904
 H -0.81607522747051 -8.47894238748385 -4.96450287430157
 H -1.93541151797246 -7.58465158548514 -5.99467528137942
 H -0.98139949141942 -4.16606355927979 -3.21606640721861
 H 2.29531219993814 2.19971028128429 -0.02142054006470
 H 1.39869915520542 0.71700460256005 0.33808965902723
 H -0.74742083449999 -2.53361680198984 -2.08495807701823
 H 1.64858787185066 -1.39413652723170 -5.45934011469262
 H 2.72151198117917 1.52367514920388 -2.16067057469977
 H 0.35427036713859 -0.86310269156434 -0.71759798517239
 H 2.76903108708572 0.32001267323134 -4.07351376973198
 H -0.83691641695318 1.85332025075921 0.85214297134240
 H -2.92742710564301 -3.44673160329949 -4.13153633535784
 H -2.00122425603682 4.46087388431403 -5.38781263235572
 H -4.18197218611561 -9.24134579047919 -3.99509643646248
 H -4.12465984369895 5.25087870408050 -4.96913218356564
 H -4.91497092809361 4.84248086305708 -3.50219606033034
$end
$temperature
298.15
$end
$mult
 1
$end
$sigma
 1
$end
$pressure
1.00000
$end
$scale
1.00
$end
$msrrho
$end
$freq
4.44
8.59
11.14
14.98
24.85
29.45
40.91
51.87
56.96
61.78
73.02
86.63
92.63
127.17
134.35
138.90
150.72
168.61
215.03
234.28
253.31
255.56
274.79
290.16
310.55
320.92
343.00
355.49
362.80
366.89
371.10
379.61
393.19
407.41
418.26
450.55
465.38
473.53
476.06
497.36
500.63
511.80
515.16
558.21
570.33
575.14
579.30
598.63
600.14
613.72
617.43
622.66
640.85
643.30
649.63
669.53
681.72
682.17
700.57
705.67
723.92
738.80
780.81
793.52
805.26
830.76
847.20
856.11
863.60
885.94
890.04
902.85
914.26
947.53
968.28
984.16
1005.01
1008.80
1051.61
1060.97
1066.27
1069.49
1081.26
1085.11
1113.73
1120.30
1132.21
1143.62
1156.02
1158.00
1171.53
1178.49
1180.84
1210.58
1215.85
1234.51
1244.09
1253.73
1257.75
1262.66
1270.70
1284.53
1286.93
1296.63
1321.30
1328.09
1340.97
1341.09
1349.40
1376.43
1393.72
1420.00
1428.10
1435.89
1442.07
1446.64
1461.85
1486.15
1492.70
1504.75
1539.47
1570.32
1591.55
1600.06
1730.78
1765.63
1803.56
1830.61
2978.48
3008.87
3009.50
3017.22
3042.98
3043.65
3067.00
3088.43
3096.51
3106.87
3119.80
3122.69
3302.43
3444.47
3483.68
3490.63
3512.61
3557.18
3618.26
$end
