
$molecule
 O -1.70746022453869 5.47966383048170 -6.17842041034812
 O 0.61420511109358 6.22436113688887 -10.63291068183161
 O 0.21165708452714 6.49271079011888 -6.69296269512474
 O -1.70355229215270 1.64570665902052 -7.40846063492649
 O -0.67464587526766 0.40461440970946 -8.94028065952232
 O -3.94869799933739 8.26779159255697 -14.91255571450915
 N 0.53958224979069 4.83354082353334 -8.86190236973266
 N -4.73093085720627 3.04621492630560 -12.11723582937117
 N -4.48352491023776 5.50968890689680 -14.40319175337737
 N -3.13706814492123 3.68486980461496 -16.02965184151290
 N -2.46917548164793 7.63905809103009 -16.49794217123412
 N -2.04975204493954 5.41057425997660 -17.11661292615493
 N -0.97018016673174 7.12165129988712 -18.18797865740117
 C -0.31925532847061 4.39963608032153 -7.77447311820881
 C 0.37910888657596 3.30831556225664 -6.94346091403952
 C 0.62579744715604 2.04115026149619 -7.76005865467223
 C 0.02057602601398 5.35216929639895 -10.04099582711635
 C -1.23653134624043 4.73661389636251 -10.54607631313158
 C -0.55799159867967 5.58684610187942 -6.84648298403711
 C -3.57370234046528 3.64188948687139 -11.62535190812834
 C -5.52733033918074 3.75389744337371 -13.11894346945826
 C -2.24507354682468 5.56415268081845 -11.04204172545009
 C -1.40294049059943 3.35254278444578 -10.61263621963926
 C -3.41183047824272 5.02951677940793 -11.55536292925966
 C -2.55614683624532 2.80902261008159 -11.14596890324667
 C -0.62888077070370 1.27516248232394 -8.11533981081051
 C -4.65151875461668 4.20520306910037 -14.26349034863631
 C -3.63484570403800 5.92452738192022 -15.35146097802639
 C -3.97403148698032 3.29770296617772 -15.08945471762645
 C -2.94393490943602 5.00844856322400 -16.16736904195044
 C -3.41907358775324 7.36292222842428 -15.51220219350811
 C -1.83691120754723 6.68225077405033 -17.23630145140445
 H -1.27395504331175 4.03361755281520 -8.16345495630887
 H 1.33805138873935 3.69844707851846 -6.59136049088705
 H -0.23853300479943 3.07985520079673 -6.07144990861766
 H 1.26043975441597 1.35266310366208 -7.19437022273966
 H 1.15138201614898 2.27741163394521 -8.68917456849025
 H 1.30166716463316 5.42061187923274 -8.53070325617843
 H -6.00709933650493 4.62367688310497 -12.66293472864634
 H -6.30292049591632 3.06308246904839 -13.46182870601224
 H -2.10832686564296 6.63931071318863 -11.01210357781434
 H -0.60322341527538 2.69900913825815 -10.28646322531896
 H -4.58457858680489 2.07408275256595 -12.36513755212692
 H -4.18286726956167 5.69395690963103 -11.92411795489206
 H -2.66937985842168 1.73184954910420 -11.20584007517968
 H -4.12226387202323 2.22787331319956 -14.97013161521633
 H -1.80953709868796 6.24347574918105 -5.58623482372923
 H -2.27689392275131 8.61759057188461 -16.65557898901039
 H -2.46130018314176 1.10150413325455 -7.67955273923467
 H -0.37572478617114 6.40107532322344 -18.56320597569442
 H -0.55385966709001 8.02830806548980 -18.06680778066700
$end
$temperature
298.15
$end
$mult
 1
$end
$sigma
 1
$end
$pressure
1.00000
$end
$scale
1.00
$end
$msrrho
$end
$freq
7.27
9.20
13.33
16.98
22.55
25.06
28.17
49.45
53.92
68.68
75.00
89.22
102.36
116.66
134.09
141.17
147.26
156.62
176.01
211.23
231.77
238.40
262.53
281.64
303.67
306.42
328.51
348.10
357.31
366.01
378.92
381.03
398.22
408.90
428.09
451.46
475.95
484.90
488.57
500.98
517.65
529.24
532.55
555.50
567.97
579.73
581.31
583.74
595.32
602.48
620.24
629.85
638.93
643.77
648.33
654.55
680.05
706.02
709.32
723.94
726.63
743.58
770.19
798.62
818.60
834.43
836.39
838.90
859.98
866.61
899.53
914.41
924.35
939.14
954.54
967.60
1003.76
1011.37
1012.85
1065.87
1073.80
1092.57
1099.38
1112.78
1116.73
1130.91
1138.68
1148.82
1154.91
1161.21
1164.79
1179.71
1181.28
1201.79
1225.86
1249.55
1257.59
1260.68
1267.67
1269.91
1271.32
1276.57
1293.75
1297.60
1320.36
1322.49
1326.77
1329.01
1339.08
1382.72
1395.95
1413.29
1428.65
1429.41
1442.87
1446.86
1454.45
1489.42
1490.49
1507.62
1540.11
1572.75
1593.16
1600.86
1747.60
1766.59
1807.00
1819.54
3016.69
3017.35
3024.38
3038.08
3044.26
3049.98
3058.15
3084.73
3101.67
3115.33
3134.38
3135.43
3418.18
3454.87
3491.56
3506.28
3540.41
3548.14
3610.16
$end
