
$molecule
 O 2.32084073316530 1.94708430669505 3.30291993338737
 O 2.36050599004629 2.92559067030861 7.29771693659999
 O 3.65565348421197 3.46124327146450 2.35939287540257
 O 6.53644560857049 -1.38795576163156 4.71058202385215
 O 6.00288957076195 -1.49111388108555 2.55544318219792
 O 11.78729159108328 6.90243156018188 6.43170648964400
 N 3.62782036283503 2.11359517995414 5.63012437811878
 N 7.37993167625305 6.75906769393289 8.08253122024345
 N 9.44385071249976 8.21470663261079 7.38522634672232
 N 9.65511156856089 10.96492625832641 7.78360515091066
 N 12.84849662184729 8.89704100812674 6.42815892813588
 N 11.85680899273811 10.92883451800911 7.07458583363550
 N 14.02251363960965 10.89265463461052 6.33664388523484
 C 4.36325922717777 2.47544252989243 4.43377326026176
 C 5.37710883284727 1.38000496461201 4.04944532625624
 C 4.72470345400975 -0.00398337566437 3.93283973958917
 C 3.39673389088904 3.00016720768205 6.67220331832652
 C 4.46893917791627 3.96841039106607 7.00053524081354
 C 3.41876366930194 2.70492923125260 3.25846224661411
 C 6.40014931210761 5.87002433460292 7.71471161419554
 C 7.13132250195195 8.19269321405582 8.09135435364684
 C 4.09034854523520 5.21841854184625 7.49922614271521
 C 5.83133866418623 3.66279203148464 6.91465352975318
 C 5.03520939069421 6.16358029792179 7.84490269190891
 C 6.78420312604675 4.59547571025384 7.26988387223595
 C 5.80182591508721 -1.03947667119644 3.64115470667903
 C 8.42164613471693 8.92468203952502 7.82845228180964
 C 10.58836408275905 8.86226246655156 7.13419777102385
 C 8.54052040997981 10.30891393664979 8.02753677230629
 C 10.70060332372374 10.25081799657878 7.32899979469937
 C 11.73055121570451 8.09029803489664 6.64574337872854
 C 12.86907079137003 10.24456161919388 6.64446558651379
 H 4.91022879437179 3.40994024309577 4.60114101811427
 H 5.84574612358625 1.65220685719746 3.09996676082086
 H 6.15472015079350 1.34822258507727 4.81775544598747
 H 4.00003112266090 -0.01821330736848 3.11699184132898
 H 4.21426994295841 -0.25227549635215 4.86694450202611
 H 2.78779384397570 1.57772389464536 5.43663024546942
 H 6.71690410023294 8.50110795778147 9.05907760723106
 H 6.40017547924698 8.46170080668105 7.31507404611706
 H 3.03376891788315 5.43953058249603 7.60455680507011
 H 6.14461712268900 2.67216340876518 6.60254121341240
 H 8.31185773179179 6.53881449159930 7.73954807274979
 H 4.71606405264533 7.12423903520174 8.23066623440167
 H 7.83839213089459 4.34897310675862 7.20947189692397
 H 7.69818961821278 10.88726714335329 8.39626174662796
 H 1.76846700313195 2.13757603599742 2.52635411705144
 H 13.66573831357257 8.42326757574695 6.07156240970837
 H 6.25340717339060 -0.97308345230380 5.53571101189917
 H 14.87853424781047 10.36746187103417 6.31402424018933
 H 14.07500991225942 11.83525306792268 6.68497097269186
$end
$temperature
298.15
$end
$mult
 1
$end
$sigma
 1
$end
$pressure
1.00000
$end
$scale
1.00
$end
$msrrho
$end
$freq
6.54
12.14
15.13
22.16
24.27
32.23
37.95
41.58
53.03
60.43
78.38
84.00
94.92
116.63
126.46
135.37
138.12
142.75
167.96
184.26
193.99
215.50
217.81
271.79
288.53
310.17
317.68
339.50
369.13
377.51
381.27
397.64
400.28
423.65
427.82
437.30
449.44
462.11
471.89
474.63
482.24
505.15
532.46
549.07
570.84
574.80
577.53
591.37
591.86
602.99
613.99
617.98
636.65
639.36
653.41
669.07
696.03
703.85
711.06
734.56
736.24
750.53
759.05
779.09
790.35
830.45
851.72
860.55
869.87
873.61
898.87
914.50
925.58
956.09
958.50
960.16
1003.18
1006.09
1011.23
1063.87
1066.92
1083.02
1104.93
1109.87
1114.70
1119.39
1137.54
1143.70
1157.82
1161.52
1165.46
1192.20
1201.62
1209.20
1229.38
1239.47
1247.44
1258.20
1260.72
1265.80
1272.19
1273.67
1283.72
1292.92
1307.59
1329.20
1333.04
1336.18
1342.69
1389.29
1396.37
1428.37
1432.02
1437.44
1442.22
1444.78
1450.32
1487.13
1497.76
1511.29
1541.76
1563.37
1593.32
1600.35
1732.32
1764.93
1816.77
1841.55
2948.67
2988.79
3015.36
3019.11
3025.53
3048.33
3070.05
3089.47
3100.68
3110.71
3112.98
3122.96
3407.19
3451.57
3490.60
3510.38
3540.57
3615.43
3616.77
$end
