
$molecule
 O 0.16349361397735 4.91868544565327 -3.20092699182008
 O 4.67084213272233 6.37113885973416 -4.46216516209868
 O 2.20613882598293 4.62367309171309 -2.35201430770924
 O 3.98457024474564 2.80262920648432 -6.64191268820949
 O 3.03819029818474 1.20595385259142 -7.85653069691637
 O -3.22573868059707 12.75973608009397 -10.82775527983672
 N 3.32208313022471 4.58992039448733 -4.84031917386565
 N 1.38772222128086 8.83907924592526 -9.32418552221151
 N -0.76493939300587 11.34291724200536 -10.50873972310860
 N 0.73053984150918 10.96140919850783 -12.83576054086510
 N -2.77471773484626 12.95490736400043 -13.03076395073274
 N -0.85891906758353 12.08645212578147 -14.07875520066435
 N -2.45145689520549 13.16858731237219 -15.31548979518120
 C 1.88501114319767 4.34662925995277 -4.72799141220693
 C 1.54893156399285 2.86749309350014 -4.99210315396295
 C 1.57889766555329 2.47063595851354 -6.47243522412207
 C 3.76642264597426 5.91401940080805 -5.11322483676900
 C 3.10644642485569 6.63437693572092 -6.21756153335023
 C 1.46684435076413 4.65613030355288 -3.29303642611436
 C 1.93636533568183 8.14610820306441 -8.26929152432028
 C 0.86452296456647 10.19185823450332 -9.15829132427555
 C 3.03676810872016 8.02950389699976 -6.12991188885331
 C 2.62066121577180 6.00855505287025 -7.37101166695602
 C 2.45055753974491 8.77869726151522 -7.12902202977520
 C 2.04985502434722 6.75131205722474 -8.38303851787234
 C 2.94966482159291 2.08986105865245 -7.05211087932392
 C 0.39069187386219 10.70237786546108 -10.49224380624032
 C -1.19055483079735 11.81103800831923 -11.68930305729501
 C 1.13564745401589 10.51486818866639 -11.66547821666135
 C -0.44128149851041 11.62031169598403 -12.86629082451648
 C -2.46731177285064 12.52468234645407 -11.73793073477423
 C -1.98363602211904 12.72718843593530 -14.11863198614074
 H 1.33519763278462 4.99390200753194 -5.41830858331679
 H 2.23516785333781 2.23954809973984 -4.41697847365787
 H 0.53879023801410 2.69060040143857 -4.61105373120694
 H 1.17810017651613 3.27885667487339 -7.09080192116279
 H 0.93260369062379 1.60225169797483 -6.62189292569080
 H 3.78229371707460 4.29814155819521 -3.97606280248889
 H 1.66402127315438 10.84098612800279 -8.78535750021744
 H 0.03378358252558 10.21441954717868 -8.44071003450728
 H 3.44278826172018 8.51709697133322 -5.25042473430938
 H 2.73357246452040 4.93844270052675 -7.49515219396615
 H 0.82311969587482 8.26987890802228 -9.94259556232552
 H 2.40073898088633 9.85535381282411 -7.02624855442132
 H 1.69048806786172 6.26041821955780 -9.28085109373546
 H 2.08175812917322 9.98233888571201 -11.63556337550216
 H -0.06990650708107 5.08319362950840 -2.27156337631227
 H -3.65441494420194 13.44042137232797 -13.12997499885304
 H 3.77144486534682 3.51691198728606 -5.95646284033013
 H -1.76856050147543 13.16343987312981 -16.05462947841464
 H -3.12307622241038 13.91563284782623 -15.32275774287146
$end
$temperature
298.15
$end
$mult
 1
$end
$sigma
 1
$end
$pressure
1.00000
$end
$scale
1.00
$end
$msrrho
$end
$freq
7.25
11.57
17.05
29.05
30.02
36.94
46.66
59.66
66.02
72.72
86.03
90.64
110.05
120.73
133.89
137.69
146.24
160.87
193.37
195.81
200.64
231.82
254.36
263.25
288.61
301.79
321.14
341.57
366.04
370.83
372.11
381.37
397.01
420.70
448.54
455.45
458.20
467.13
476.97
481.16
505.66
531.67
542.64
560.29
572.02
576.78
583.34
588.27
600.32
605.58
619.30
633.37
638.53
646.36
663.67
675.96
701.74
711.26
724.37
736.80
744.49
789.16
820.16
827.61
832.37
838.48
863.72
869.57
872.87
897.63
910.97
916.97
920.31
939.43
968.82
972.31
1000.68
1011.12
1043.41
1062.03
1066.93
1090.79
1093.83
1112.08
1117.25
1120.02
1137.70
1147.86
1153.93
1159.58
1181.42
1185.83
1192.38
1215.97
1223.27
1243.55
1254.03
1257.87
1263.50
1270.35
1281.09
1291.19
1294.86
1302.21
1317.45
1329.62
1333.51
1337.40
1338.61
1388.05
1393.47
1430.06
1431.92
1434.01
1441.17
1442.63
1451.18
1487.76
1495.57
1511.68
1540.64
1563.22
1591.29
1601.14
1761.17
1766.73
1812.33
1826.15
2730.65
2971.42
3011.36
3015.98
3018.80
3025.16
3046.77
3049.34
3093.96
3104.91
3113.84
3129.14
3134.43
3366.27
3469.19
3490.93
3509.77
3536.10
3614.71
$end
