
$molecule
 O -4.04264706958667 4.22800005191555 -7.70995633474399
 O -1.19700053704298 4.63059019616475 -11.68680624299156
 O -5.39132697537039 4.27877463588621 -9.48733260121011
 O 0.07701011409167 4.21936458785513 -9.23670510047295
 O -1.07881221247204 4.77121710687262 -7.41617447029245
 O 1.18655108006221 0.66515811138392 -16.29231209695490
 N -3.38618988164223 4.88089213095676 -11.21073545918034
 N -3.52398936595178 4.02710684502899 -17.58639667218364
 N -1.28622907838069 1.54586593186632 -17.41317617547224
 N -3.41218735812710 -0.25406309095746 -17.24767872645203
 N 0.17725486561511 -1.26563876473749 -15.69933436141715
 N -2.06969071326468 -1.78520515461594 -16.15480141339385
 N -0.73471918501709 -3.30493638413003 -15.08481357230822
 C -3.09160599329510 4.88606988785581 -9.79392325266548
 C -2.62176129967547 6.27982772956189 -9.31246878684177
 C -1.09190366006266 6.33465292484717 -9.21001341151650
 C -2.36438410704335 4.67635949576684 -12.08108292477111
 C -2.71558002631703 4.53119002014929 -13.50772845725641
 C -4.30994342055109 4.43150428080823 -8.99699487771018
 C -3.22009454983887 4.16672739407007 -16.24413680733250
 C -2.65891036716912 3.23395103888106 -18.45665268494331
 C -1.67788343135139 4.23187344742689 -14.40001636770264
 C -4.01205286837396 4.66891431244705 -14.01561954211774
 C -1.91592217387868 4.05598235146047 -15.74659444535455
 C -4.26022881243302 4.49176222907790 -15.36156902047926
 C -0.67048301700509 5.04469116301115 -8.51914897127836
 C -2.48197740984626 1.84346276513206 -17.89383847289176
 C -1.13220156918501 0.34589531720691 -16.84081197754954
 C -3.54295291211663 0.93198562348275 -17.80500809116516
 C -2.20208341001460 -0.56514477927208 -16.75030612395747
 C 0.17829397178517 0.00063147437338 -16.28833833681817
 C -0.91287388551554 -2.08444942153464 -15.65424715338229
 H -2.30639343630821 4.14006597175475 -9.62102471686674
 H -2.99120265716137 7.04230937295276 -10.00083080119550
 H -3.04393548786554 6.48072134137623 -8.32397610890296
 H -0.79203079514895 7.18048113542571 -8.58840263154287
 H -0.63141221306398 6.43060455953147 -10.19320177479834
 H -4.35809949417708 4.77249633269460 -11.46318820923659
 H -1.68335842864005 3.71811468420516 -18.54761494839474
 H -3.13191372324454 3.20409951699419 -19.44221631871764
 H -0.67024228913340 4.13279385684285 -14.01131735264848
 H -4.84156603800887 4.91797589390206 -13.36260732441745
 H -4.50884359084503 3.86362853471738 -17.75737968877121
 H -1.09212206014414 3.81584263476654 -16.40645780359665
 H -5.26955330768573 4.59776729163710 -15.74503014432730
 H -4.52249888976012 1.18668441517413 -18.20034988415370
 H -3.10249290165968 4.34725615345778 -7.46205421020311
 H 1.05865883294416 -1.56428304924606 -15.30760413216250
 H 0.01719215650906 4.41404999334051 -10.19866371886126
 H -1.58928111869320 -3.79868280032062 -14.88798843519223
 H 0.01838570100669 -3.42342529744217 -14.43045286325673
$end
$temperature
298.15
$end
$mult
 1
$end
$sigma
 1
$end
$pressure
1.00000
$end
$scale
1.00
$end
$msrrho
$end
$freq
4.94
8.27
10.28
26.28
49.98
50.58
59.57
65.35
85.05
88.54
92.70
98.94
122.99
132.57
134.82
142.11
154.72
158.95
208.86
215.93
232.70
249.58
275.92
291.06
305.08
324.46
348.31
351.60
363.47
371.93
375.03
386.96
395.13
400.08
404.15
438.72
451.83
460.87
473.94
480.41
500.04
530.65
550.84
557.83
558.89
572.45
579.34
593.63
604.51
605.49
619.78
628.75
630.47
641.13
643.55
647.48
680.78
692.08
704.20
721.15
721.98
743.55
788.09
794.39
823.80
832.11
837.06
864.11
867.29
891.75
895.40
915.07
938.49
954.62
967.16
988.60
1005.85
1010.05
1010.99
1065.50
1072.88
1074.59
1088.96
1112.13
1112.98
1118.79
1131.69
1150.46
1154.63
1158.98
1172.99
1180.08
1199.99
1212.19
1226.27
1236.05
1254.36
1257.83
1264.01
1264.33
1273.15
1282.02
1297.56
1311.12
1314.20
1323.34
1332.30
1336.05
1339.50
1387.72
1400.81
1428.86
1433.30
1433.72
1443.09
1445.49
1449.99
1487.97
1495.01
1507.35
1540.07
1567.08
1590.90
1599.99
1646.66
1767.44
1769.50
1827.89
3006.87
3019.06
3027.24
3037.22
3052.36
3059.21
3081.88
3085.15
3096.62
3109.01
3116.16
3136.60
3345.02
3390.95
3465.27
3487.61
3490.54
3509.16
3613.88
$end
