
$molecule
 O 3.33233145507279 6.73672338778450 2.97769820751794
 O 3.90300457878162 5.18918813968504 -1.29367746051168
 O 3.30337331117813 4.65697173633853 3.76297438366991
 O 2.14639923692614 1.57515865712850 -0.26821582529202
 O 1.13890664762162 3.27764367854408 0.75169374955237
 O 8.29100270825709 16.47233675835355 -3.22081082506371
 N 4.50443001148532 5.95994715027645 0.74333810412321
 N 7.17924056545715 10.28834792408939 -3.20876575919589
 N 8.35794810183354 13.61749880546711 -3.34116425605191
 N 9.88423566424850 12.52269770880130 -5.40746629567493
 N 9.64404236472981 16.53421747766998 -5.02605106280908
 N 10.45368372761997 14.63561451922607 -6.14903364031610
 N 10.98659280639668 16.72939397780049 -6.90534465410634
 C 3.62940202778319 4.99019615012814 1.39263010899130
 C 4.22763553230144 3.57882241799679 1.28330670647957
 C 3.22375411812212 2.47227146526243 1.64407802425520
 C 4.47685680074551 6.02874513647631 -0.62398012444945
 C 5.21371654298854 7.16724318921315 -1.22625951289165
 C 3.40864154839866 5.40727667470645 2.83129162706346
 C 6.52457285639807 9.28837853904086 -2.51287258380848
 C 7.74370210123354 11.44011303277576 -2.51211904483952
 C 6.11747775288035 7.97307891083060 -0.53160137296089
 C 4.99321193573205 7.42624508137521 -2.58448407992792
 C 6.76950028210279 9.01791878093281 -1.16200439292687
 C 5.63174574322106 8.46904801399122 -3.21940068020354
 C 2.05518124447221 2.50095491473096 0.68785995063306
 C 8.46914098946888 12.31055103369857 -3.50209893433667
 C 9.01276697128266 14.40100050404291 -4.20826026775710
 C 9.23875196733872 11.76917626869611 -4.54203498835450
 C 9.78184676182162 13.85440184780371 -5.25326071236262
 C 8.90866354558584 15.85235437755327 -4.05350374783641
 C 10.36682513022149 15.91926247229416 -6.00606198474162
 H 2.64967162339973 5.01304507755854 0.88947446951392
 H 4.56396473748680 3.43376782319591 0.25412005660703
 H 5.09542523695994 3.50214171350861 1.94352389222617
 H 2.84889913949065 2.62234972919265 2.65777246548802
 H 3.72275122669017 1.50385151388057 1.58215420983845
 H 4.71840960340167 6.78930075067177 1.27537035941467
 H 8.45575256887000 11.08853986112925 -1.75787813372811
 H 6.96523919451577 12.02726053563145 -2.00678178607364
 H 6.33848267360038 7.77945990242651 0.51297966770827
 H 4.30275688090926 6.79167813072273 -3.12956877935873
 H 6.70585998693201 10.55147607614825 -4.06523866943011
 H 7.47185861161913 9.61807855925919 -0.59667296943456
 H 5.45081968448394 8.66374859946893 -4.27108676263879
 H 9.31839406932585 10.69260219693395 -4.66158226446252
 H 3.15410976092687 6.93720064151608 3.91146107773385
 H 9.59583640515816 17.54167273767086 -4.98093131609870
 H 1.40014119492425 1.67818461103786 -0.88175076250839
 H 11.66439255758030 16.26080979620762 -7.48318434231822
 H 11.20071081201745 17.67190701112239 -6.63101306835707
$end
$temperature
298.15
$end
$mult
 1
$end
$sigma
 1
$end
$pressure
1.00000
$end
$scale
1.00
$end
$msrrho
$end
$freq
7.02
10.30
12.97
20.29
26.09
32.83
36.94
48.75
53.21
70.32
74.96
80.42
86.63
128.21
133.16
137.59
146.19
159.54
172.87
190.80
219.55
224.66
258.83
272.78
293.00
304.16
311.31
336.91
350.50
369.52
371.77
382.38
395.68
400.29
411.98
432.59
439.36
461.96
471.25
480.15
487.23
504.25
511.07
544.87
559.34
570.28
577.88
582.08
591.65
601.13
604.19
614.50
620.29
640.09
640.46
661.13
675.84
704.68
709.14
723.88
735.64
739.16
786.41
788.94
826.57
830.06
838.03
860.50
868.97
887.88
891.58
913.96
924.78
939.68
969.16
987.00
1007.39
1011.94
1033.99
1067.32
1071.54
1094.17
1103.20
1104.41
1112.31
1123.97
1143.86
1153.39
1154.57
1164.76
1171.51
1181.21
1189.38
1209.34
1222.90
1239.83
1250.90
1257.09
1260.59
1265.67
1272.39
1285.33
1293.95
1296.94
1311.48
1329.74
1337.29
1339.06
1340.00
1383.32
1387.90
1429.43
1433.53
1435.00
1439.87
1442.23
1447.21
1488.40
1495.04
1511.52
1541.05
1571.74
1594.49
1602.08
1713.15
1766.14
1798.86
1806.90
2950.05
2967.74
3011.72
3028.43
3042.18
3062.46
3081.88
3094.28
3099.17
3100.92
3117.36
3123.15
3460.92
3491.50
3508.82
3518.99
3547.29
3548.38
3613.38
$end
