
$molecule
 O 6.30805668588250 -1.02743408949740 -0.88089660696797
 O 4.22442293286412 2.45699330621951 2.37957884524087
 O 7.39879068412571 0.51510689781020 0.29198145501784
 O 7.24029907039880 2.66769074272164 -4.31116393150006
 O 5.52819631963601 1.85379812673400 -5.48127090473109
 O -7.19628345626278 1.03467878174370 0.06757375389390
 N 5.18231370635802 2.11093196165610 0.37728838340909
 N -0.99660343010565 0.64455799712364 -0.80111549977175
 N -4.48702362730420 0.28125813794975 -0.44313030375887
 N -4.08795950380528 -1.42170715805598 -2.62018752406300
 N -7.83111199082605 -0.22955405462243 -1.69084751651140
 N -6.35715331854472 -1.45097292520497 -3.05358176347584
 N -8.60106571840022 -1.44870382843407 -3.50520227938246
 C 5.34044474752947 1.19317205358146 -0.73358386089210
 C 5.77905923297235 1.97662983164860 -1.98678226784939
 C 5.85665816360147 1.08041011609457 -3.22615862514518
 C 4.09262196893197 2.11358255561145 1.22535013298869
 C 2.77524502819248 1.72963877021253 0.65120746260359
 C 6.45355066083407 0.20191991780215 -0.36474011144181
 C 0.22148473372980 1.02440408376593 -0.26759502192213
 C -2.13116811769983 0.33655702377666 0.06540606583655
 C 1.88152685311309 1.04372741726722 1.47725767157019
 C 2.36096944378026 2.08901011289894 -0.63402892740043
 C 0.62799533057230 0.67801394706057 1.02632874071154
 C 1.10350286326961 1.74154001897058 -1.08834041369120
 C 6.16466812171980 1.89338155411238 -4.46666624563662
 C -3.28061387934784 -0.13852004918550 -0.78165262238273
 C -5.51690309616353 -0.14792255774857 -1.18431689564642
 C -3.08946132194002 -0.99399454605857 -1.87626197030009
 C -5.32150290874644 -1.00516644835218 -2.28413280488036
 C -6.86475345343271 0.30098809214442 -0.83263942473215
 C -7.54985648325115 -1.06008408961781 -2.73569816125786
 H 4.39736797968781 0.66717812071148 -0.92484454014187
 H 5.05770340080178 2.78007775995255 -2.15536776712121
 H 6.75283590085215 2.43514482593626 -1.79731600534135
 H 4.91488835160614 0.55152643952833 -3.38998043333888
 H 6.65571806389004 0.34317145762938 -3.10842948273643
 H 6.05134966629254 2.27167447332758 0.87981572425301
 H -2.44103900040898 1.21292813730503 0.64980943003152
 H -1.84502465921694 -0.46011425062158 0.76008706677547
 H 2.19094240468810 0.79228555921443 2.48583563048529
 H 3.01112017138418 2.68133820325403 -1.26852474867249
 H -1.26958458494890 1.20030012591822 -1.60346898762356
 H -0.03454332139016 0.13217906426230 1.68631582380625
 H 0.78717584335960 2.03065547098888 -2.08488222599077
 H -2.09060459532398 -1.32695174022130 -2.14320845595581
 H 5.46843890023501 -1.17605195110474 -1.33530889387913
 H -8.78099810464423 0.05944426307473 -1.50761117604980
 H 7.40483611454906 3.16008848504047 -5.13234984438533
 H -9.52110138088632 -1.43223889007261 -3.10190741150721
 H -8.39464939219657 -2.20749125427180 -4.13323853051285
$end
$temperature
298.15
$end
$mult
 1
$end
$sigma
 1
$end
$pressure
1.00000
$end
$scale
1.00
$end
$msrrho
$end
$freq
8.60
10.61
12.75
13.64
22.50
30.79
39.29
51.03
56.57
67.66
72.57
73.32
87.00
106.34
115.77
133.19
141.77
150.20
163.83
185.14
192.46
200.83
246.91
270.47
290.88
302.51
323.93
334.61
340.46
371.81
372.54
379.49
396.78
411.96
421.77
431.91
448.60
456.58
464.10
477.34
484.38
510.78
531.35
544.09
557.76
574.20
581.64
585.66
599.82
600.70
615.26
621.02
636.76
644.15
652.54
675.81
683.44
703.48
710.47
723.60
735.13
738.74
756.82
776.94
790.03
830.59
837.91
863.34
869.85
876.81
897.45
902.64
913.72
939.52
969.37
1003.00
1009.87
1011.69
1053.44
1055.57
1067.19
1068.21
1092.80
1103.99
1112.05
1118.57
1123.93
1154.22
1154.62
1158.77
1164.73
1184.70
1192.25
1222.87
1227.56
1232.49
1248.05
1257.35
1267.48
1271.00
1275.94
1279.95
1283.35
1288.21
1299.30
1326.25
1332.40
1333.79
1337.81
1386.38
1395.73
1429.58
1432.41
1432.90
1439.15
1442.53
1455.63
1488.27
1494.25
1511.55
1541.22
1568.58
1593.96
1601.58
1737.66
1767.14
1822.07
1836.78
2970.76
2995.70
3013.90
3018.92
3030.39
3050.77
3061.71
3093.04
3099.13
3112.63
3113.37
3127.66
3423.33
3459.20
3491.22
3509.17
3548.63
3611.89
3613.81
$end
