
$molecule
 O 2.70448295548924 -5.35623814376504 1.43727291434559
 O -1.27035736299338 -4.85402644558889 3.35102930927155
 O 2.61575357282371 -3.41249789966739 0.35253970905306
 O -2.33506337465156 -2.13181631667686 -0.35391376487274
 O -1.06771113095790 -3.94331600750068 -0.53236164209536
 O -2.67930149394501 -9.60794872100146 8.62903469775548
 N 0.96564904108850 -4.49526215231200 3.18334241941808
 N 0.30293829087633 -5.93945580604797 9.42435646724293
 N -0.07870236168090 -8.57400287414337 9.16891579472045
 N 2.06229214007611 -10.23364093753150 8.50674807970288
 N -1.71517760290152 -11.47533011401814 7.80095023907478
 N 0.60570419410967 -11.84605451498498 7.71677594786463
 N -0.83762646695395 -13.41362591272096 6.88447862097141
 C 0.78852564073224 -3.99086647591531 1.82350442569289
 C 0.31633350639891 -2.53019960190373 1.83153469152866
 C -0.05148665699268 -2.00200988973787 0.43484202415536
 C -0.18814754520221 -4.80387544885710 3.89461640587390
 C 0.01672749307742 -5.09789694660423 5.32890306563063
 C 2.12357891119928 -4.19851087077449 1.10828392690571
 C 0.24214707903721 -5.69595251835965 8.06057341725112
 C 1.35452124409236 -6.80879473136380 9.93948553986776
 C 1.26744529840958 -5.33120539116240 5.90681063769818
 C -1.12197940958387 -5.17100085801483 6.14213893653270
 C 1.38336220638285 -5.62387021813019 7.25287715756917
 C -1.01376482531681 -5.45460479676052 7.48549155249880
 C -1.18433835362067 -2.80224519054679 -0.19314000176272
 C 1.17461998165551 -8.19792226865916 9.36995450703580
 C -0.28247233781344 -9.78058170521655 8.63020336836378
 C 2.24247964346786 -9.04154946889616 9.03950018373176
 C 0.79433630407772 -10.62025812835973 8.28562592216351
 C -1.66010940694450 -10.20925949424757 8.38584080907834
 C -0.61411632082498 -12.22259159735025 7.49710138442604
 H 0.03356841836263 -4.62533908215689 1.34046275992080
 H -0.55636357719495 -2.45934775703825 2.48678300613197
 H 1.10718941058649 -1.89782995178509 2.24608573108853
 H 0.81407066178657 -2.08653576580411 -0.22618222759177
 H -0.32267103267703 -0.94616954232673 0.51611659778362
 H 1.69492038451258 -4.02938425883951 3.70620543008054
 H 1.25026967093172 -6.83490297983164 11.02942340420549
 H 2.34052969060645 -6.40306048287478 9.70374742011984
 H 2.16646596338150 -5.30859843328204 5.29933553246366
 H -2.09425701785075 -5.00244453155348 5.69210307404909
 H -0.59863518371320 -6.24776099136559 9.77923380475079
 H 2.36729188035829 -5.80304034635519 7.66925146733443
 H -1.90105689132620 -5.50979584641430 8.10624387369751
 H 3.26826226951802 -8.72863690543175 9.21209389096425
 H 2.16676339584561 -5.83064756492928 2.09725165862671
 H -2.64061870728890 -11.81529992381938 7.58304444779672
 H -2.30947486063677 -1.22239475150974 -0.03018048973671
 H -1.73713631773692 -13.84875213136538 6.98588680731886
 H -0.03622901009567 -14.02067230651687 6.84649906430741
$end
$temperature
298.15
$end
$mult
 1
$end
$sigma
 1
$end
$pressure
1.00000
$end
$scale
1.00
$end
$msrrho
$end
$freq
5.67
6.60
10.49
13.68
21.89
29.42
37.69
48.80
52.31
58.73
76.09
85.57
101.92
125.21
134.73
139.58
165.91
170.62
201.39
208.18
232.19
250.76
257.89
281.77
303.46
311.21
317.12
344.02
364.50
367.01
374.73
391.81
393.48
410.05
426.41
441.08
447.85
459.48
466.07
476.42
483.05
500.35
516.08
531.18
557.11
574.32
575.48
581.47
591.05
598.97
610.54
617.60
628.19
640.42
646.02
672.09
687.57
700.33
708.26
716.56
731.47
740.47
784.29
796.53
806.90
831.75
846.72
855.46
864.10
884.07
892.64
914.07
916.42
946.86
969.09
989.28
1006.28
1009.11
1029.39
1059.83
1066.50
1075.51
1080.49
1083.69
1104.88
1113.87
1119.99
1125.48
1140.00
1155.79
1167.61
1175.16
1191.60
1198.90
1213.13
1223.60
1244.97
1251.61
1257.54
1260.91
1269.37
1284.82
1291.24
1294.80
1301.85
1320.93
1338.75
1340.31
1341.03
1375.85
1395.10
1428.20
1436.67
1437.40
1442.14
1447.45
1452.44
1486.39
1492.07
1504.25
1539.82
1570.83
1591.53
1600.09
1734.14
1765.59
1820.73
1831.86
2996.80
3008.15
3016.43
3020.85
3045.49
3051.05
3061.51
3088.52
3097.67
3106.59
3119.08
3121.24
3433.64
3478.74
3489.03
3490.60
3512.21
3617.71
3622.00
$end
