
$molecule
 O -0.52355652962289 3.86562399786369 -4.73666255097422
 O 1.02127007423993 2.29296918375070 -5.97134926623132
 O -2.62556274874694 4.42046389407509 -5.17735274140147
 O -5.12139740251762 4.41029800416868 -6.32552069481873
 O -6.13607788334975 2.96660346407979 -7.67908464585321
 O -3.47525452561234 -6.44608984205619 -8.42139849783689
 N -1.05265677831764 1.74125023635049 -6.63600926709163
 N 1.99207680622396 -3.94169219359135 -6.55386496928059
 N -0.76956690893352 -5.61793590818009 -8.04056236871983
 N 0.65891967884316 -5.01364287803879 -10.36269900629546
 N -3.18295583101857 -6.22369348716348 -10.64894811381738
 N -1.18218173590733 -5.52162861272371 -11.66331280886862
 N -3.02032101606997 -5.97808999912413 -12.94683307778063
 C -1.44083207384699 3.13677447308510 -6.83611291758577
 C -2.72659563595868 3.21165114973868 -7.65523677407947
 C -3.89834630610612 2.45321001111108 -6.99995956205656
 C 0.22073492243329 1.41385575124481 -6.32022717212450
 C 0.60436447407057 -0.00333726956291 -6.38656491206275
 C -1.59197345529867 3.86799434769498 -5.47776028375172
 C 1.50028440710619 -2.66392765448088 -6.47721863934996
 C 1.11448894320027 -5.10080375491990 -6.62682979635356
 C -0.26063930957907 -1.03851152539961 -6.76015592984229
 C 1.93019530792446 -0.32788242893628 -6.05880082576559
 C 0.17401839852704 -2.34742456254592 -6.80656769610008
 C 2.37420611596486 -1.62905449719017 -6.10466492854339
 C -5.17842106496211 3.29628112792200 -7.04069862303323
 C 0.48921115286907 -5.21791799296932 -7.99602908166035
 C -1.33574713172381 -5.72746563573306 -9.24955411550775
 C 1.19890976307474 -4.91510752984600 -9.16651500149795
 C -0.62094834855984 -5.42298192224134 -10.42394822573436
 C -2.73152515635699 -6.16019574677435 -9.32884698720241
 C -2.41546099077907 -5.91243272501632 -11.73299856677572
 H -0.62185933913463 3.64058282953824 -7.37140844919308
 H -2.98168344039898 4.26938746444486 -7.76692318398518
 H -2.54211120692317 2.80982478549428 -8.65461542041795
 H -3.67505362670339 2.22744525496404 -5.95479937083176
 H -4.09261815040238 1.51456164602459 -7.52177522052655
 H -1.70762642243585 1.04041088377952 -6.94189720298789
 H 0.32231605476170 -5.05201742047415 -5.86971842646132
 H 1.72864302802672 -5.98519907825568 -6.42861934137068
 H -1.29362886448329 -0.83136794302432 -7.02054205179645
 H 2.60483919722614 0.46964506717738 -5.76789396185396
 H 2.87332784997480 -4.09823824501143 -6.08671295731947
 H -0.51785627644262 -3.12504362940787 -7.10314578078852
 H 3.40206848787488 -1.86677830931038 -5.85334773273371
 H 2.22922392360049 -4.57619219340372 -9.10923429278986
 H 0.23131891584174 3.32257629400220 -5.17010471640354
 H -4.14741936080577 -6.49877178970852 -10.76616041655640
 H -4.27504312709155 4.51652735767691 -5.83020952081908
 H -3.83683928126837 -6.55401486008361 -13.04936643085916
 H -2.39036857245638 -5.93352458903348 -13.73009347432618
$end
$temperature
298.15
$end
$mult
 1
$end
$sigma
 1
$end
$pressure
1.00000
$end
$scale
1.00
$end
$msrrho
$end
$freq
5.52
9.05
13.51
27.94
33.02
46.66
56.23
65.99
78.50
85.37
103.39
113.00
131.40
133.14
139.93
151.68
164.05
167.05
206.08
209.57
217.11
250.66
275.29
286.63
302.41
315.75
323.33
338.86
344.52
354.00
367.44
367.61
387.50
392.69
400.41
432.60
442.07
465.28
469.04
475.84
478.98
504.97
533.63
548.35
567.34
577.41
582.20
588.93
600.56
617.60
620.11
636.93
641.04
653.85
673.56
691.59
696.78
704.09
724.55
739.68
751.31
787.83
789.15
815.21
826.59
834.29
866.34
872.75
886.38
889.57
912.36
924.20
938.94
946.03
962.34
964.54
997.59
1005.14
1008.58
1066.07
1081.09
1084.48
1100.65
1112.42
1123.22
1128.86
1150.33
1154.23
1163.95
1178.31
1190.19
1198.64
1211.69
1222.10
1231.48
1252.04
1258.63
1261.36
1271.66
1272.58
1283.62
1287.91
1291.20
1293.83
1326.89
1334.25
1338.77
1345.73
1366.49
1390.04
1408.85
1429.46
1433.27
1435.03
1442.69
1447.39
1457.71
1487.10
1501.12
1510.09
1540.65
1560.16
1587.39
1599.93
1613.37
1767.02
1768.49
1829.00
2586.75
2957.48
2980.66
3020.96
3024.54
3031.90
3049.26
3066.49
3093.78
3096.04
3104.26
3121.51
3139.28
3268.08
3490.12
3503.15
3511.46
3530.00
3616.79
$end
