
$molecule
 O 0.11542122696036 -0.62111283278817 1.61810605004217
 O -0.75965848424065 1.35418594504023 5.84144245846878
 O 2.17732220933422 -1.27133762265470 2.12671462503190
 O 4.67230458640277 -1.26076276682973 3.38856148962666
 O 6.01569014177172 0.39681348892170 4.01499001300190
 O 2.60205140074880 -8.44561258672518 11.54868271523474
 N 0.14549728369906 1.04727247174395 3.81765346270834
 N 2.29668663705484 -4.13068727188322 7.01664789163847
 N 3.06680120655464 -6.48806464947999 9.51765142024210
 N 5.14382060880896 -7.05186272541968 7.73837279136442
 N 4.31257161675206 -9.65507962413472 10.70935271245586
 N 5.58939368840818 -9.03486992166868 8.83703455039194
 N 6.00934358705888 -11.01508293010208 9.90614839035177
 C 1.35859435484149 0.81393565161826 3.05074373684224
 C 2.63668766779983 0.85640902524571 3.90234522278599
 C 3.90752642144684 0.99368194346963 3.04261006685743
 C -0.06674510285597 0.65745077368381 5.13230281040599
 C 0.54035735452670 -0.61412141191466 5.59797675333775
 C 1.27312336434418 -0.47788594375339 2.24428850912715
 C 1.67879836991728 -2.96706868696625 6.60932015227766
 C 2.57088447747581 -4.39831215695036 8.42437927109655
 C 1.09012728153676 -0.64699447597054 6.88262666721984
 C 0.52071705239809 -1.78954765757571 4.84381427201671
 C 1.66900945970874 -1.79803470728910 7.38031501070984
 C 1.08102117830366 -2.94928705021637 5.34016039118319
 C 4.98713593628976 0.02410257110898 3.53265407017427
 C 3.38055836918939 -5.66206908045301 8.53523468348617
 C 3.79228016194778 -7.60852123367469 9.63299886975963
 C 4.42550453048278 -5.95252495959890 7.64577083595333
 C 4.83966990811334 -7.89803043778106 8.73785124377588
 C 3.46888719156458 -8.54153854052328 10.71272447937585
 C 5.31048084391833 -9.85292090992223 9.80047950368944
 H 1.39555663159571 1.61287742233129 2.29681880917871
 H 2.56573172131821 1.69858122932647 4.59409632696114
 H 2.69101989492434 -0.05643321514298 4.50057333742739
 H 4.30437736548037 2.00846271955478 3.09935661395847
 H 3.69605381066693 0.76621973554123 1.99550551665183
 H -0.26566517145187 1.95931591930223 3.65935574108517
 H 1.64341821468134 -4.50298871537895 9.00286608685128
 H 3.14768981674839 -3.56584410426968 8.84088665978738
 H 1.07194524801936 0.25558353477396 7.48341148286832
 H 0.03059697309687 -1.80260485176259 3.87788574404336
 H 1.98882229820062 -4.95418928633011 6.51419000054456
 H 2.10701919043552 -1.78479191338139 8.37034039193374
 H 1.06065426623096 -3.85824047638448 4.74868661126986
 H 4.66775265241060 -5.26465212682503 6.84103683377883
 H 0.11632269349381 -1.44530196188572 1.10232794519851
 H 4.12704872299860 -10.34351858297945 11.42413881870847
 H 3.81586129876247 -1.40284932931818 2.93148571785563
 H 6.03707993111302 -11.47464064945011 10.79925328492145
 H 6.85506391096954 -11.03643403427346 9.36081495634792
$end
$temperature
298.15
$end
$mult
 1
$end
$sigma
 1
$end
$pressure
1.00000
$end
$scale
1.00
$end
$msrrho
$end
$freq
6.91
7.51
14.18
19.20
28.27
50.80
53.53
61.38
71.25
79.66
82.90
94.55
115.88
125.17
133.38
141.03
142.46
158.51
183.25
193.23
198.29
237.31
241.84
261.65
286.55
301.97
316.44
338.46
343.78
372.93
374.31
392.54
400.06
423.15
439.18
448.74
467.18
474.28
479.07
488.12
499.40
513.67
525.97
544.05
563.16
576.88
581.40
592.30
596.15
602.30
607.54
619.82
643.46
650.91
660.25
675.13
683.02
690.43
703.58
715.16
730.85
740.19
773.04
779.06
796.45
829.58
837.80
859.68
869.33
873.28
897.55
917.25
922.73
939.08
968.71
977.88
1001.06
1011.96
1042.33
1058.15
1067.56
1090.06
1094.05
1110.02
1112.12
1117.06
1147.90
1154.37
1154.60
1157.73
1173.57
1185.99
1200.73
1222.27
1236.04
1246.92
1251.04
1256.94
1262.79
1269.43
1272.90
1280.32
1294.75
1305.92
1314.15
1327.71
1333.83
1335.52
1337.59
1387.22
1387.60
1429.25
1433.18
1438.83
1441.96
1445.87
1457.85
1488.74
1495.90
1512.10
1540.39
1566.52
1593.89
1602.39
1735.26
1765.45
1766.13
1834.13
2969.66
2973.21
3013.79
3031.58
3038.36
3060.46
3070.88
3095.51
3102.76
3113.30
3128.91
3132.56
3360.23
3468.27
3468.57
3491.61
3507.92
3536.42
3612.28
$end
