
$molecule
 O 3.27831124852589 5.41209649148030 -3.87883246010277
 O 3.51480142185541 1.30422867494431 -2.76439353004887
 O 2.00936409884703 5.08190520479629 -5.68891780656279
 O -1.51278739510956 2.09842885903935 -2.64026815424095
 O -0.28416920891517 3.70597962776095 -1.72043590398846
 O 4.66992337586106 -4.35956226410088 4.08588736167023
 N 2.42131325023507 3.29109028862332 -2.68057042684954
 N 2.58783707383227 1.61802431564867 3.52630075647021
 N 4.13627109260754 -1.55380662867815 4.17109112235913
 N 6.37480914828416 0.10600660196900 4.35449464251620
 N 6.87669806843650 -3.89615496128831 4.18524507692792
 N 7.77672976767068 -1.73076743496927 4.33581126741323
 N 9.16371900041309 -3.55207280141088 4.34073596026474
 C 2.24445367429914 3.27389634988999 -4.12496019489701
 C 0.90060579705341 2.70491516415929 -4.59605043827803
 C -0.32736197953285 3.50671755876989 -4.12421307529684
 C 2.95276894036517 2.14971938802157 -2.09687907777517
 C 2.82730884825948 2.06392712092524 -0.62664984950226
 C 2.48265770244575 4.68753981547497 -4.66248705774842
 C 2.65237430852309 1.71841987465415 2.15224913024546
 C 2.61969316965728 0.31920144439566 4.18389121623340
 C 3.25036396631801 0.87508826875237 -0.01939785300883
 C 2.32241175571666 3.08533524746335 0.18590655225871
 C 3.16734804945732 0.69570740924170 1.34566681942647
 C 2.23918024770222 2.91727515577224 1.55264608807244
 C -0.69280213164291 3.14502613827324 -2.70758752391329
 C 4.02167854467930 -0.23816187681546 4.22102954863551
 C 5.37467929547948 -2.06330589318844 4.21128749958888
 C 5.15079900870155 0.58804808357272 4.31402005040564
 C 6.50660441937292 -1.23116875100741 4.30238205859223
 C 5.53281758100375 -3.51670591965673 4.15383785188120
 C 7.91560875442745 -3.01609997257604 4.27101853048510
 H 3.04304541235484 2.63805184856924 -4.53438627702007
 H 0.91688823751771 2.72371946638196 -5.68903747772701
 H 0.81132835754716 1.66533200345771 -4.27209711205943
 H -1.17249727926992 3.26650796515970 -4.77189085268068
 H -0.12406994591592 4.57740954108023 -4.18212162998620
 H 1.67340675583055 3.74567207712677 -2.17073760054260
 H 1.95594751322916 -0.40050409733582 3.68852450699266
 H 2.26375138696371 0.46544043024234 5.20920600075259
 H 3.64867402465825 0.08501024815950 -0.64697742838822
 H 1.99440428611891 4.02530132953669 -0.24299340894966
 H 1.97453816070109 2.28999571039025 3.96645993386207
 H 3.50598399818913 -0.23357359726627 1.78551758443382
 H 1.85095410504743 3.71625628536893 2.17528968739813
 H 5.03672262663374 1.66759195336862 4.34737546580587
 H 3.49674097107516 4.88572550956834 -3.08060016704596
 H 7.04874636943747 -4.89073428824555 4.16248452975939
 H -1.70299322814218 1.89115901200389 -1.71018975843657
 H 9.90484738344261 -2.88620513189279 4.19767419630687
 H 9.30762296973330 -4.47352984560681 3.96674462630196
$end
$temperature
298.15
$end
$mult
 1
$end
$sigma
 1
$end
$pressure
1.00000
$end
$scale
1.00
$end
$msrrho
$end
$freq
5.25
10.66
14.66
17.84
26.17
34.71
41.58
55.17
58.11
63.19
70.86
86.40
119.56
132.12
136.79
141.01
154.24
157.16
194.98
209.21
228.68
237.27
268.85
282.35
300.40
311.37
336.25
340.11
350.22
368.99
373.73
391.77
399.67
403.55
415.85
451.54
464.42
475.17
482.21
484.38
510.26
512.96
535.10
567.84
570.55
575.67
578.67
581.45
590.89
599.34
604.96
618.27
623.82
644.07
653.32
671.51
682.42
708.23
718.24
725.81
735.03
738.99
785.89
792.67
823.08
828.28
832.83
849.68
868.01
893.14
906.96
913.08
920.46
939.39
940.75
962.28
1005.31
1009.96
1012.65
1059.31
1067.52
1074.90
1085.44
1098.62
1105.59
1112.95
1128.06
1144.40
1155.07
1163.46
1170.72
1189.72
1191.22
1213.25
1222.18
1233.78
1251.04
1257.12
1261.28
1272.08
1275.24
1279.34
1285.71
1288.52
1311.19
1326.86
1332.09
1335.81
1338.89
1380.20
1391.53
1428.29
1432.26
1433.60
1434.71
1441.63
1441.96
1488.88
1497.28
1510.23
1540.86
1567.74
1592.13
1602.00
1722.42
1765.67
1783.35
1830.57
2972.56
2975.75
3016.11
3026.78
3037.46
3058.12
3075.93
3095.29
3100.32
3113.50
3117.72
3136.07
3378.43
3462.50
3491.64
3491.83
3507.75
3545.79
3612.03
$end
