
$molecule
 O -3.20663169339739 -1.55423186162678 -1.05267602268711
 O -5.26962836479830 -2.35022968003852 3.09627944860104
 O -4.18551392054076 -3.21126240756300 -2.16159612971546
 O -5.48018197220253 -5.64874634570562 -2.53328401429989
 O -4.89041888568204 -7.70062996048909 -1.90172331014631
 O -11.40561206997787 -8.51475460059279 2.40088252743794
 N -3.97313189784115 -2.72592661208623 1.31531222904875
 N -9.76400102227589 -3.65396116349010 -1.28203479036575
 N -10.42138600107980 -6.75451936517301 0.37209402271970
 N -7.97380992631515 -7.45400647171284 -0.76171295499992
 N -9.54772411954017 -9.77034508451750 2.14416470367520
 N -7.82903661652817 -9.30703597619036 0.61065703372139
 N -7.70685424749716 -11.16674679281296 1.93840275271619
 C -3.61995800794055 -3.55046971109106 0.17184090707007
 C -4.38877173663486 -4.87931058382887 0.09325022369477
 C -3.73100414860519 -5.86731485715796 -0.88845951448671
 C -5.21787291005442 -2.60657954521569 1.91211401974418
 C -6.42400733206237 -2.79111540612521 1.07052635123233
 C -3.72887211323487 -2.76764263064357 -1.13352711255822
 C -8.69500350127865 -3.35038450124861 -0.46459443961321
 C -10.63420166349984 -4.78106793631818 -0.97727269821153
 C -7.50835121891911 -3.47683361375145 1.62653797353171
 C -6.53946754682797 -2.29016325170532 -0.22821071310706
 C -8.63203509017215 -3.75615465658625 0.87507510073183
 C -7.65732025549461 -2.56677054504703 -0.98928599600437
 C -4.75959159034450 -6.51640773026882 -1.82119065919266
 C -9.86972182811348 -6.02588757434667 -0.58359336537875
 C -9.76606358410805 -7.85329605121539 0.76910662368951
 C -8.64024191589153 -6.38960973663048 -1.15371841429273
 C -8.52593868403633 -8.20608482554938 0.20464429081128
 C -10.35708157186722 -8.67859189992148 1.82228472572029
 C -8.35032550335932 -10.03461601929260 1.54434563724476
 H -2.54669233601636 -3.76325626479036 0.27911490037634
 H -4.42505575741707 -5.31885781178616 1.09242773175851
 H -5.41781861395503 -4.67977239331562 -0.21416266922838
 H -3.21522109716711 -6.66344390869100 -0.34896788892174
 H -2.99799312542724 -5.35792090726061 -1.51869609027445
 H -3.24332151467638 -2.65396022684275 2.01291321540895
 H -11.23574335796141 -4.97535337916127 -1.87121442879306
 H -11.31669705032759 -4.51944961381677 -0.16216799955887
 H -7.44327368179652 -3.81256038605046 2.65552629547858
 H -5.75643597588428 -1.66327565553621 -0.63606174404432
 H -9.56712152104891 -3.54430929467476 -2.26820448169211
 H -9.45080134392480 -4.30572211464019 1.32118968585727
 H -7.73217182626117 -2.19026585994120 -2.00356451651420
 H -8.18596800611270 -5.78706988102055 -1.93511768997189
 H -3.28081137736910 -1.10187449717095 -1.91012550630596
 H -9.91299828145575 -10.38949799279768 2.85292083654538
 H -5.14685838530845 -4.72838957301988 -2.46373707599143
 H -7.90463955734553 -11.53479287412036 2.85206381292261
 H -6.75251825035079 -11.22402296771923 1.62335017667595
$end
$temperature
298.15
$end
$mult
 1
$end
$sigma
 1
$end
$pressure
1.00000
$end
$scale
1.00
$end
$msrrho
$end
$freq
4.08
10.50
16.68
27.91
30.90
48.90
59.72
62.26
71.61
86.12
97.89
113.54
119.62
133.26
135.36
142.61
162.12
168.70
186.39
216.99
231.76
243.83
247.68
266.73
292.67
303.07
312.56
336.04
345.60
369.50
379.02
387.23
397.94
402.61
437.40
457.61
472.58
474.59
482.64
491.08
502.22
517.44
523.93
544.31
565.44
576.13
581.31
587.58
593.30
602.59
608.08
617.72
639.99
647.13
656.84
670.06
673.62
681.31
693.88
709.47
723.79
738.93
770.87
779.00
796.52
827.63
831.57
836.39
868.37
868.90
901.36
917.58
919.08
936.18
959.52
975.79
999.94
1008.83
1039.30
1058.45
1066.99
1085.91
1091.83
1110.09
1113.27
1115.25
1147.92
1155.76
1155.81
1157.10
1178.63
1190.55
1200.15
1225.33
1237.72
1247.65
1255.20
1256.89
1259.69
1272.26
1275.73
1281.70
1296.03
1305.51
1315.09
1325.71
1331.57
1334.35
1340.50
1384.93
1389.22
1427.64
1431.10
1439.90
1442.32
1444.14
1458.74
1487.34
1494.86
1507.95
1537.35
1566.22
1593.10
1604.16
1731.47
1762.55
1764.07
1837.88
2970.58
3004.64
3028.29
3028.71
3039.55
3060.60
3069.85
3092.54
3104.23
3114.97
3136.03
3137.19
3352.52
3476.11
3481.78
3492.47
3507.39
3536.15
3612.54
$end
