
$molecule
 O -0.21410258567975 -8.35290824902996 2.02082795646353
 O 1.12679059291975 -4.31451378834112 3.96423829663649
 O 2.00246226703681 -8.12263896298419 2.07745671408540
 O 3.06192726183582 -5.52732434014956 -0.71924054848832
 O 1.64112746946112 -3.81197617066035 -0.75081739773975
 O 6.90494408152393 -6.81650419034819 6.79902948474851
 N 1.88340331548539 -5.43071362291831 2.14155644363200
 N 7.30583058596106 -2.74720357571259 4.27316438431135
 N 7.94398748954463 -5.33763536945678 4.59197221794662
 N 8.84665189037914 -6.84555869069817 2.42580370744098
 N 7.24981873919732 -8.71600093940862 5.62749503084663
 N 8.22257962088814 -8.80129736352807 3.48895790274561
 N 7.60408502043159 -10.73533597585805 4.54632013707157
 C 0.62802782678201 -6.13813573331038 2.00585422175165
 C -0.10349782624830 -5.75597999739848 0.70939536646986
 C 0.74614554474576 -6.03409697910979 -0.53804469907029
 C 2.05215955388149 -4.60989750908952 3.23337163011005
 C 3.43374204877974 -4.11263669417645 3.43202181921135
 C 0.90797438169138 -7.62790606519081 2.04654216682265
 C 6.03181056170413 -3.20920526109097 3.96074216420552
 C 8.43383227732060 -3.24879646900550 3.49849872197826
 C 4.39060484969672 -4.06730402752741 2.41719904271271
 C 3.78375192634167 -3.65616816671181 4.70768819018500
 C 5.67154351483258 -3.61098638255532 2.67037419357375
 C 5.06350247566488 -3.21814988345148 4.97300869869509
 C 1.83412762977546 -4.99314694760739 -0.67480707117720
 C 8.44153739319552 -4.76138190020877 3.50942863859752
 C 7.87653096016786 -6.67314206946689 4.60466093088121
 C 8.90322260636098 -5.52880814912356 2.43203712532275
 C 8.31810908991422 -7.43960015756868 3.50913864777781
 C 7.30591426156820 -7.32958866435072 5.78142234182029
 C 7.69182284092145 -9.37811446910870 4.51923948946790
 H -0.01104625062940 -5.87306973228494 2.85974734868351
 H -1.03409177231900 -6.32532600947893 0.65568004661037
 H -0.34566996729307 -4.69071034305034 0.74384480833155
 H 0.11080755874775 -5.94659783309070 -1.42304784664550
 H 1.18172314151021 -7.03433280975377 -0.51238057300747
 H 2.69049086068574 -5.93064401067747 1.79212582180549
 H 9.34621214969289 -2.86365050371724 3.96579042063032
 H 8.39214192196518 -2.86548497797853 2.47536587580900
 H 4.13278385778805 -4.37187238438459 1.40818538097845
 H 3.03389989632859 -3.67147026364722 5.49105060984155
 H 7.48979591463334 -2.84214250920116 5.26728851852278
 H 6.39078049970579 -3.57957297090127 1.86070661882332
 H 5.33355185022298 -2.88789457373406 5.96995025946289
 H 9.32216930054284 -5.04956738637906 1.55171854421480
 H 0.01179427108272 -9.29698428229065 2.05403857414031
 H 6.86604609717294 -9.22640090140148 6.40949875441615
 H 3.71219971106724 -4.81449980810808 -0.83349065036134
 H 7.73993759148222 -11.17143129690776 3.64925019249959
 H 6.91692470157185 -11.15350163775121 5.14873234611822
$end
$temperature
298.15
$end
$mult
 1
$end
$sigma
 1
$end
$pressure
1.00000
$end
$scale
1.00
$end
$msrrho
$end
$freq
2.15
7.91
11.76
13.98
27.97
29.51
34.12
46.22
54.57
66.54
68.94
87.37
91.29
122.67
130.98
134.43
140.32
159.10
188.93
221.97
227.86
241.43
262.93
284.12
297.73
310.40
341.95
344.11
362.62
371.35
377.74
394.27
397.00
404.11
412.71
448.03
466.59
475.05
486.61
501.48
508.63
519.41
534.62
547.44
561.87
575.23
575.73
586.18
599.80
605.02
612.38
620.41
632.93
640.51
653.48
667.28
678.11
696.70
703.27
721.44
726.97
738.54
784.42
792.81
825.40
832.12
845.89
851.75
863.07
891.25
905.65
913.24
924.12
938.16
948.70
969.61
1009.10
1011.68
1016.02
1055.01
1068.91
1082.22
1099.22
1105.02
1114.27
1122.58
1136.51
1154.85
1156.85
1158.00
1169.39
1178.18
1181.18
1197.21
1209.21
1227.64
1237.98
1253.40
1256.78
1261.96
1270.44
1282.83
1290.03
1295.72
1319.57
1320.69
1327.41
1336.38
1340.52
1388.38
1395.62
1427.96
1428.93
1435.13
1441.77
1441.88
1446.65
1489.13
1491.98
1505.24
1539.30
1574.20
1593.58
1601.44
1725.22
1765.43
1804.42
1813.53
2976.42
3007.95
3026.66
3028.18
3036.67
3060.28
3067.85
3087.25
3104.55
3105.17
3118.46
3120.90
3447.83
3480.04
3491.59
3506.57
3545.70
3549.17
3610.48
$end
