
$molecule
 O -7.68619167688012 2.49724674213802 -9.67094748515892
 O -4.34942969824017 5.32115773716668 -7.68882334803784
 O -8.63883887882016 3.37973972764626 -7.85737672661860
 O -5.93265707964300 2.63049559113475 -4.73760333414068
 O -3.94541533878558 3.61004718662535 -4.67132672620643
 O -11.63283482542666 9.07371266995248 -1.19137751890556
 N -6.29242491270804 4.41709498280728 -7.00162612438058
 N -5.45693537866618 9.15225730832456 -2.73187307751119
 N -8.78142597857111 8.98341470980690 -1.37742972116199
 N -7.51925409946540 7.06935056838854 0.21728142402344
 N -11.54309490821899 7.37850422153845 0.29554196109006
 N -9.55983004568562 6.36286470643731 1.04015976393017
 N -11.58038127534232 5.68088892239115 1.87478628607631
 C -6.23868546041052 3.41630528225044 -8.03772399000533
 C -5.62300066457114 2.08641678264597 -7.53920672046721
 C -4.41840447959556 2.32399472801983 -6.62692452288519
 C -5.29468277165424 5.34950901540137 -6.91758952830033
 C -5.42237504883918 6.34404404959266 -5.83072876682753
 C -7.65424325677422 3.12787077458143 -8.49685198137648
 C -5.48546449048817 8.24465072325821 -3.77446425175388
 C -6.68387241925864 9.77809517743884 -2.26016700912614
 C -6.60813572757585 6.60676444384119 -5.14212467900151
 C -4.26773346653351 7.05349215979034 -5.47864476957657
 C -6.64485541096718 7.54445089551196 -4.12645522774663
 C -4.29251380510521 7.98422312111504 -4.46328928821789
 C -4.73211494421129 2.93553951673336 -5.26501995779283
 C -7.46758912583553 8.84115857522236 -1.37413877233312
 C -9.48854431110977 8.16832023344240 -0.58259455844609
 C -6.84169376076845 7.87573611563151 -0.57184367830188
 C -8.85675752115692 7.20357792523519 0.22429815430770
 C -10.94526002687686 8.29911900716910 -0.56862689951925
 C -10.84866427616785 6.47322025993294 1.04365223436346
 H -5.63230474337079 3.80722673031506 -8.86401302954159
 H -6.38599055567203 1.49536362117184 -7.01894401293264
 H -5.31031357145000 1.50983669925737 -8.41319757407324
 H -3.69139115391542 2.97717546862110 -7.11553379822147
 H -3.92680596096253 1.36757636312020 -6.42557169164500
 H -7.08462881111679 4.40464055670143 -6.37818326591973
 H -7.31803356415987 10.10673346314571 -3.09328892941606
 H -6.39650373458653 10.66107680256483 -1.67931008420239
 H -7.52597428804569 6.09075311962412 -5.40427084164718
 H -3.34743854610681 6.84841973749723 -6.01424921913841
 H -4.66068921058533 9.77490413376122 -2.75082417568651
 H -7.57648350374568 7.72682549691558 -3.60587348232399
 H -3.39097617498082 8.52128952010787 -4.18856793388650
 H -5.76135174335324 7.76721255100478 -0.59032187008043
 H -8.60842842712214 2.31639511410296 -9.91830371113432
 H -12.54907067280069 7.43231723662312 0.36069119008453
 H -6.48272915091837 2.07352245271382 -5.30425994652307
 H -11.06755824891525 4.89879715828719 2.24729184114424
 H -12.54407987431187 5.51519091298490 1.64295837501945
$end
$temperature
298.15
$end
$mult
 1
$end
$sigma
 1
$end
$pressure
1.00000
$end
$scale
1.00
$end
$msrrho
$end
$freq
4.30
9.41
13.24
19.78
25.64
30.66
44.16
46.29
50.93
66.00
70.30
93.68
114.08
128.22
132.47
139.18
153.50
158.88
182.04
209.92
231.36
260.66
267.24
275.28
275.77
300.89
310.18
339.39
344.37
354.97
369.71
373.57
389.40
397.12
410.47
419.85
441.77
452.23
472.15
478.02
487.13
495.74
512.34
534.07
544.95
563.93
569.05
577.95
578.45
587.09
599.33
604.57
618.42
624.77
641.54
643.89
657.00
671.44
703.52
723.90
726.26
738.71
784.49
791.35
826.28
830.27
833.35
853.14
868.13
888.93
891.70
911.88
918.37
939.39
952.73
963.28
1007.26
1009.98
1010.86
1044.30
1063.85
1067.92
1085.41
1097.12
1112.94
1122.76
1130.79
1137.64
1154.57
1155.68
1171.80
1182.49
1190.88
1197.69
1220.46
1223.34
1235.89
1251.91
1256.46
1271.86
1275.82
1286.38
1287.06
1300.85
1304.41
1324.35
1325.98
1336.22
1340.34
1383.69
1396.03
1414.88
1427.42
1431.09
1434.23
1441.05
1472.54
1489.56
1496.13
1510.75
1540.38
1572.15
1594.23
1603.67
1699.42
1764.32
1809.19
1827.49
2973.44
2987.36
3002.98
3014.22
3015.14
3042.11
3055.77
3097.43
3098.81
3100.97
3120.09
3132.74
3488.82
3492.47
3506.34
3515.55
3542.40
3602.10
3610.26
$end
