
$molecule
 O 2.50664774442671 -4.77400555588837 -3.05202637275791
 O 3.45436221424195 -2.60858272346798 -4.02282056336471
 O 0.39441111396443 -5.27686464213724 -2.56415708808605
 O -1.52376192905087 -1.67424130997741 -5.33032234275629
 O -3.45964850615097 -2.72170704135840 -5.00732366136772
 O 8.79878180884159 1.00412251186147 -6.57544154944116
 N 1.25038151782763 -2.56174871221746 -4.46433217289206
 N 3.71389620367786 0.19370141523855 -9.73105833150621
 N 6.52006305112212 1.42739465229270 -8.24255550984954
 N 5.02288672787806 3.72026499478009 -7.70404705033927
 N 8.26926308949979 2.88911335813398 -5.45132207104901
 N 6.44157545429698 4.27483336782669 -5.96613672796453
 N 7.85982637905068 4.83271338907219 -4.25908180939942
 C 0.88924896005671 -2.99047241490814 -3.11523687785309
 C -0.59353502240366 -2.72993855818980 -2.85584753127734
 C -1.52728071214423 -3.50737988653198 -3.80596692274000
 C 2.53322095304093 -2.29226415336385 -4.78622071048250
 C 2.78823362145112 -1.64176440314787 -6.08443730904411
 C 1.23938106915513 -4.48753459780132 -2.89155098401177
 C 3.45045932068317 -0.39534137220726 -8.51029256120603
 C 5.03403702609628 0.74569063840575 -10.01735116842703
 C 4.12171150844285 -1.53634339842969 -6.50211398526479
 C 1.78762058342025 -1.11496885878036 -6.90904731981871
 C 4.45526218341301 -0.93355325772552 -7.69614393334190
 C 2.11264406285285 -0.50278573669729 -8.10207789772686
 C -2.29405468430752 -2.62117746589302 -4.75121785943939
 C 5.44617186553695 1.73350981973437 -8.95091343027631
 C 6.86714488767516 2.26322366873677 -7.25643113999463
 C 4.70084684969278 2.88700429306844 -8.67159740730573
 C 6.11376230191977 3.41965239539925 -6.97711108097332
 C 8.05000399708673 1.94347549865174 -6.45572409813381
 C 7.48122135515712 3.98387563397251 -5.24984120190675
 H 1.49805355109520 -2.41306102805312 -2.40352396669969
 H -0.80493585839340 -3.03682500974176 -1.82878361949825
 H -0.78749959891890 -1.65694560472227 -2.93190747682766
 H -2.24665928658873 -4.10071657226356 -3.23978914669908
 H -0.95101935692618 -4.20353902343722 -4.42166939151454
 H 0.49455131037332 -2.28297968765158 -5.06904696657662
 H 4.97663635462059 1.22896078929734 -10.99704524806668
 H 5.77049390337733 -0.06072746303373 -10.06705305000445
 H 4.89941250334925 -1.94298451116677 -5.86503555056629
 H 0.74358712922709 -1.16510512176384 -6.61889277380667
 H 2.95506619770001 0.76593803923788 -10.07926327473295
 H 5.49545943865572 -0.86856621077193 -7.98871346407341
 H 1.33020374920597 -0.09230816615522 -8.73174689780224
 H 3.81642516272694 3.12610141878710 -9.25589890952616
 H 3.03713999905464 -3.96375062766301 -3.35812553883120
 H 9.08023600147686 2.72784412317013 -4.87179774458855
 H -2.08507148753450 -1.15166588077228 -5.92647499638073
 H 8.43834442235728 4.47812018436671 -3.51822158137639
 H 7.16227286867773 5.51243080380745 -4.00604173243201
$end
$temperature
298.15
$end
$mult
 1
$end
$sigma
 1
$end
$pressure
1.00000
$end
$scale
1.00
$end
$msrrho
$end
$freq
5.51
8.25
10.35
24.91
28.05
46.96
48.50
54.97
70.68
77.24
87.30
101.34
109.96
133.04
136.26
141.33
157.54
181.29
191.19
211.54
235.22
245.44
278.39
293.09
305.39
317.57
331.04
347.66
349.70
368.41
370.99
377.88
394.54
396.71
402.62
421.80
456.60
471.76
476.04
479.34
497.09
529.31
540.48
552.72
554.95
560.17
578.57
588.71
592.58
599.56
609.63
619.34
636.23
638.59
644.99
678.62
680.33
699.74
722.06
742.89
746.66
792.13
793.28
819.83
831.48
835.88
851.97
866.03
878.63
891.25
901.25
914.59
933.57
938.32
939.12
965.62
1000.48
1007.04
1011.03
1065.97
1069.72
1077.60
1112.04
1112.62
1127.18
1132.15
1148.35
1154.49
1157.41
1175.92
1181.87
1184.70
1203.47
1225.82
1233.61
1253.01
1257.81
1262.87
1266.56
1273.29
1281.70
1292.44
1297.60
1301.28
1323.65
1331.72
1336.29
1339.68
1342.13
1388.61
1413.26
1423.89
1429.04
1433.64
1443.41
1443.89
1451.92
1487.90
1496.32
1507.79
1540.33
1564.61
1589.80
1599.79
1624.03
1768.85
1808.11
1823.09
2739.64
2959.46
3015.83
3025.03
3031.62
3048.07
3057.34
3071.99
3084.59
3097.16
3112.07
3117.18
3135.93
3472.50
3490.45
3509.82
3537.26
3546.82
3614.66
$end
