
$molecule
 O 1.94898985607954 5.72989856207914 0.53164394785032
 O 5.44346050910907 5.50641117681326 3.19036862005069
 O 2.61528362555935 3.98290300194654 -0.69111670022630
 O 1.14485028740493 3.13844243631824 1.98140496990625
 O 1.38019342582960 1.05861733246403 1.21555756221101
 O 5.22791428597635 8.63483870731853 12.23753157466504
 N 3.30231531763753 5.01886384411743 2.61693969145302
 N 2.69007233043863 6.66012415311579 8.79744623376708
 N 2.72438135851089 8.10095529240146 10.98402340811978
 N 0.45514069522788 8.91232113935150 12.38466266382319
 N 4.11331729251146 9.58155107058323 13.95967159610553
 N 1.77136790817884 9.74337888751539 14.09529422673847
 N 3.07643850452617 10.52778052268346 15.80296684802165
 C 3.76651169410502 4.42275568795555 1.37204453946541
 C 4.17758879697424 2.94916624840112 1.50032017816651
 C 3.23798593496188 2.08410450705400 2.35526907777189
 C 4.27861114516755 5.41746919603580 3.52161527350442
 C 3.79072932882238 5.75100753350885 4.87410864449962
 C 2.71153168995994 4.66122671346084 0.28837176712987
 C 3.02483500381780 6.39628207073738 7.49681665081890
 C 1.40051881966227 7.22532246301681 9.15933328256882
 C 2.44011684786590 5.88569175724659 5.21028463577002
 C 4.75309528285430 5.94983711182127 5.87536375519477
 C 2.05723763362047 6.20036085700874 6.49976996701727
 C 4.38305921707016 6.25862006375561 7.16392087034628
 C 1.84382408170064 2.00685649568394 1.77910945442227
 C 1.51084938866559 7.89756431014942 10.50317411435850
 C 2.82758707770161 8.70867766894137 12.17244887001200
 C 0.37537077189148 8.31042384186488 11.21705544780976
 C 1.68654833368214 9.12109917528908 12.88458280776575
 C 4.16354272761603 8.93531241635215 12.72350267590994
 C 2.95493910557060 9.95073371651219 14.57979268806682
 H 4.65552032173728 4.98974019213055 1.06065511135321
 H 4.23843593154939 2.53316171503711 0.49048675736984
 H 5.17236863189564 2.90686794914587 1.95045004308276
 H 3.18113998128313 2.48523540943109 3.37022385922657
 H 3.64046989197605 1.07041743082165 2.39945432354337
 H 2.48136221061225 4.57363655845422 3.00550272809806
 H 0.63784338151493 6.43770644522095 9.19765725275544
 H 1.07907684161379 7.96445430386055 8.41044695123779
 H 1.66991130916648 5.75969467191025 4.45616687899116
 H 5.80116870461752 5.85253878967591 5.61357028272373
 H 3.44266914680631 6.99918435595602 9.39053599075286
 H 1.00334746262837 6.29055593030619 6.73423493944255
 H 5.13413456475667 6.40428267501045 7.93212312735496
 H -0.61988212424772 8.14038373547335 10.81636727477549
 H 2.20136059307234 6.10769596688906 1.39864682009714
 H 5.00611671212200 9.75025780924740 14.40014048592364
 H 0.29220777569509 3.06153967063080 1.52083538564818
 H 2.23452579665001 10.95961389442453 16.14527661031035
 H 3.94601658788934 10.96888753487487 16.04432683425893
$end
$temperature
298.15
$end
$mult
 1
$end
$sigma
 1
$end
$pressure
1.00000
$end
$scale
1.00
$end
$msrrho
$end
$freq
7.40
9.67
21.21
21.60
28.59
45.25
47.53
54.73
57.75
69.92
80.01
90.59
99.18
128.88
135.13
137.73
143.02
156.53
183.13
186.70
211.39
228.43
253.45
280.73
293.47
310.95
333.17
339.97
361.42
370.53
371.74
397.06
401.91
421.55
438.34
447.89
464.40
471.49
478.57
489.42
499.63
504.78
549.07
555.60
559.41
563.71
576.25
583.36
589.02
594.19
604.29
617.54
631.92
644.91
651.67
666.45
669.41
703.78
708.22
718.00
732.87
736.37
786.45
796.25
820.42
828.24
854.42
860.69
874.68
890.34
899.09
911.67
913.81
958.24
959.03
964.56
990.28
1005.32
1011.12
1062.52
1066.64
1074.09
1097.16
1108.04
1114.61
1116.28
1126.53
1145.22
1157.40
1164.88
1171.51
1181.77
1190.77
1201.82
1213.07
1228.77
1244.69
1257.33
1260.04
1266.07
1276.65
1279.05
1286.72
1303.12
1308.28
1331.20
1334.66
1343.08
1345.96
1378.69
1390.23
1428.95
1432.44
1438.81
1442.62
1445.10
1445.38
1486.89
1500.65
1511.39
1541.81
1562.61
1592.69
1600.02
1725.22
1766.02
1825.17
1840.64
2943.88
2978.68
2988.13
3022.77
3026.63
3054.57
3066.59
3089.27
3097.39
3107.14
3118.68
3120.31
3408.15
3415.13
3486.17
3490.34
3510.88
3537.49
3616.12
$end
