
$molecule
 O 6.00586475249857 7.08048941847783 0.51530476010601
 O 7.22431165887917 4.14939340381923 3.55971914055918
 O 7.79051744367500 6.69940070480572 -0.76938800855608
 O 7.00780495235133 4.20418362955063 -2.53546045485025
 O 5.33012727644643 4.25361757908960 -1.07191104384597
 O -0.78391260975310 -4.17484157254514 6.42482113574518
 N 6.14448252480466 4.75073384936869 1.66051163063897
 N 1.60873283843206 1.35820655937911 4.69580900423119
 N 0.02018594766268 -1.44926471865440 6.12068133469736
 N -1.95290026694607 0.46368730014093 6.61599333804863
 N -2.84938891918486 -3.45540510006504 6.98144552615609
 N -3.48587235263367 -1.19638193512428 7.09779135547560
 N -4.99272407055412 -2.84029388194041 7.61295447714683
 C 7.39542048597296 5.21744597035365 1.08135275638100
 C 8.20992569036980 4.11669259252324 0.38476687569645
 C 7.36075457095247 3.14136089659831 -0.44818612246538
 C 6.21736157691484 4.10344620688126 2.88039210773094
 C 4.98752107944752 3.40028135736097 3.30623206749743
 C 7.09276020439421 6.40083388650020 0.15602006648000
 C 2.75433910074824 1.98745812562207 4.25517607478127
 C 1.66840737023835 0.23885415490135 5.63030860803714
 C 5.05497013072251 2.65269427735370 4.48781893523705
 C 3.77380992131554 3.43982213387004 2.61072012516962
 C 3.96312802010822 1.95510482547749 4.96167241089919
 C 2.67579744595788 2.74776492957815 3.07807635806058
 C 6.44805634020338 3.91000009180845 -1.37173707598536
 C 0.26882240296736 -0.15548428261092 6.01791641330297
 C -1.21864343573808 -1.80976645780769 6.48069896851101
 C -0.72820287981191 0.79855502628451 6.26772652138749
 C -2.21715495111553 -0.84951177505452 6.73276125771623
 C -1.52192979870315 -3.23594731835863 6.60565529260782
 C -3.75322573157833 -2.45860819211357 7.20589578531229
 H 8.00195436524567 5.61679063153262 1.90660927494001
 H 8.94006021011577 4.60797490306757 -0.26481695701183
 H 8.74891262840412 3.54192616044407 1.14116903950910
 H 6.74840148554905 2.52285310368285 0.21134739497880
 H 8.02441953417620 2.50141322885012 -1.03149112378122
 H 5.47855592665066 4.39796948767782 0.98281525908947
 H 2.21415177683125 0.55041982113859 6.52715576287830
 H 2.18574697383684 -0.62446398504624 5.19121930447330
 H 5.99299687406603 2.62768436938739 5.03219354327090
 H 3.67413065641797 4.02047603978746 1.70010852519938
 H 0.91451284846017 1.22410117989981 3.97055568553950
 H 4.05214201060995 1.38746885135637 5.87949240362475
 H 1.73767277769058 2.78808445914721 2.53486145416727
 H -0.50901230606607 1.85812375148860 6.17305356164396
 H 5.56624631690004 6.62259559808628 1.25902383476750
 H -3.11278385126198 -4.42248773155375 7.10283565172183
 H 6.42599132641518 4.79651841965935 -3.04110575458388
 H -5.30460302300329 -3.76949235025109 7.39252355221258
 H -5.68302025006955 -2.10890862383313 7.57722096545583
$end
$temperature
298.15
$end
$mult
 1
$end
$sigma
 1
$end
$pressure
1.00000
$end
$scale
1.00
$end
$msrrho
$end
$freq
6.70
8.09
18.38
23.00
26.31
37.31
42.78
56.28
60.89
66.88
73.53
83.36
102.19
110.35
129.48
133.46
143.95
156.10
179.97
191.76
213.02
232.86
254.97
281.19
301.28
314.04
330.22
340.52
342.34
368.27
371.39
393.28
407.45
413.12
431.39
457.63
461.87
474.69
478.52
490.62
509.70
514.13
543.50
558.02
565.41
569.92
581.72
582.18
588.46
598.36
604.69
618.40
629.88
642.54
651.76
666.86
675.35
705.27
712.84
723.62
736.01
739.21
789.96
801.72
823.83
825.00
837.90
867.53
872.12
892.49
902.32
912.00
912.93
939.29
966.70
968.69
996.61
1006.16
1011.49
1065.27
1067.02
1076.35
1094.98
1101.08
1112.15
1117.13
1128.80
1154.29
1156.06
1166.51
1167.46
1173.67
1183.90
1211.76
1223.02
1237.96
1250.37
1257.59
1260.34
1272.47
1276.09
1283.80
1285.32
1297.78
1310.02
1329.85
1337.50
1338.28
1339.05
1379.97
1392.32
1430.02
1435.20
1437.08
1439.23
1442.41
1445.24
1488.00
1496.74
1511.58
1540.97
1567.34
1592.63
1601.61
1720.04
1766.71
1780.53
1831.74
2969.96
2979.64
3013.50
3024.91
3034.96
3057.19
3072.72
3093.84
3098.71
3111.21
3112.19
3127.05
3426.57
3449.28
3465.32
3491.30
3509.64
3540.36
3614.44
$end
