
$molecule
 O 1.94295564456079 -4.64018145274059 0.86246181013917
 O -2.43272794866100 -1.88888142945034 -0.93056857839264
 O 0.51955183459093 -3.03479122441930 1.41180566652780
 O 1.86086659382765 -6.31236894883550 -1.24096152323751
 O 0.95655614835314 -6.66534592544158 -3.24095437672151
 O -3.65624683064412 -7.51684796436832 2.35702108979944
 N -0.29075349891522 -2.56005587233154 -1.09936313952478
 N -2.89612876468071 -7.79037938201814 -3.54464045489003
 N -2.66316627324358 -8.27391123027170 -0.23227063039286
 N 0.03135105508662 -7.82233688228051 -0.65732803932643
 N -1.67357509957428 -6.50361417498989 2.73938259789479
 N 0.20021195404887 -6.69350536494134 1.33712843231463
 N 0.30092032354566 -5.39679953902857 3.22074539219726
 C 0.63663685914074 -3.66098454042703 -0.91559450276807
 C 1.91113734312113 -3.51228627104361 -1.78573164000889
 C 2.05570119030637 -4.57530349839878 -2.88532625258457
 C -1.64864493640247 -2.73726555193780 -1.28950948669823
 C -2.05675863744770 -4.00102246797865 -1.97132787851323
 C 1.01568330043143 -3.73364545014798 0.57051575323437
 C -2.70017130813838 -6.48923364910369 -3.05555441200803
 C -3.02671256294728 -8.86013460093378 -2.54688682890064
 C -3.08559791303060 -4.76591997610511 -1.42023917712527
 C -1.44192224738792 -4.43906772369661 -3.14431222723621
 C -3.40886992726175 -6.00035317670156 -1.95505402188099
 C -1.76473213013995 -5.66866371108353 -3.68860765085493
 C 1.58110802078057 -5.96529668713804 -2.47067147729527
 C -2.09396969032735 -8.56751799808913 -1.39657418591720
 C -1.90932796576585 -7.72738316986405 0.72002694747045
 C -0.72381960042799 -8.37553608672210 -1.59431124462533
 C -0.55156634462630 -7.42881078906756 0.49507811346905
 C -2.53712966330057 -7.29049227593232 1.97352623094634
 C -0.38837972973089 -6.20305296122710 2.39830887455183
 H 0.11532330327477 -4.59441584034031 -1.15701517644712
 H 1.89556171009082 -2.52250093766100 -2.24810209743903
 H 2.79059440540451 -3.55356656259259 -1.13754923090683
 H 3.10905803082633 -4.65431063341912 -3.16782551713717
 H 1.49589643311143 -4.29318658321807 -3.77919042202617
 H -0.11303922382624 -1.77771850772068 -0.47645421596310
 H -2.78872629445805 -9.80380569355840 -3.04390354836332
 H -4.05329638985384 -8.90179549887848 -2.17433348070320
 H -3.60680389558311 -4.39934551962966 -0.54298254017529
 H -0.69804267971873 -3.81434427545519 -3.62510473601403
 H -2.18068897035224 -8.02065424152263 -4.22827972539146
 H -4.18211309309727 -6.60106636088834 -1.49208164878639
 H -1.24761251360059 -6.02126640699585 -4.57336819559369
 H -0.24107345122813 -8.62301762708505 -2.53317217540432
 H 2.06376805963141 -5.30981465644583 0.13835442112590
 H -2.07372401411019 -6.12352900988646 3.58586880119725
 H 1.09122514746041 -7.15515261282402 -0.95824273358782
 H -0.21021827345643 -4.77963729627696 3.82867824154890
 H 1.14820151432013 -5.01515775878056 2.82282180035200
$end
$temperature
298.15
$end
$mult
 1
$end
$sigma
 1
$end
$pressure
1.00000
$end
$scale
1.00
$end
$msrrho
$end
$freq
24.71
36.51
51.16
66.51
70.88
77.21
87.33
90.52
109.02
114.17
123.60
133.67
144.58
153.51
170.06
175.44
182.78
209.68
233.39
237.25
243.26
275.04
287.52
303.07
321.53
338.19
350.63
356.78
362.41
376.76
385.64
396.64
410.69
421.37
442.25
454.64
479.02
480.34
497.55
534.83
541.72
567.57
574.20
576.38
595.43
598.52
604.22
614.30
614.90
636.33
641.70
656.36
668.02
680.58
687.91
699.37
707.98
722.62
729.05
736.45
754.24
790.32
807.26
821.64
836.42
843.87
846.29
865.76
892.36
902.00
910.89
917.13
939.91
966.10
999.58
1004.90
1008.04
1016.81
1034.15
1056.26
1082.27
1085.18
1102.45
1109.63
1116.34
1134.51
1140.64
1151.12
1155.25
1164.01
1172.40
1194.38
1219.24
1222.98
1241.06
1254.50
1260.37
1263.44
1266.63
1270.28
1280.61
1287.61
1295.49
1304.78
1316.53
1319.97
1338.13
1353.08
1375.58
1376.71
1393.55
1428.68
1432.57
1435.49
1441.45
1457.60
1467.39
1473.84
1484.84
1493.89
1511.70
1556.78
1576.61
1586.69
1594.56
1750.13
1768.21
1780.29
1812.19
3008.76
3021.21
3022.95
3028.26
3049.70
3054.23
3062.23
3110.51
3113.34
3116.72
3121.46
3127.92
3132.44
3435.98
3437.21
3474.60
3484.04
3587.71
$end
