
$molecule
 O -1.21457419932362 4.87457002686259 -3.91115814297553
 O 2.76062862218373 7.18737364289886 -5.60781354302920
 O 0.20125818711742 3.38668580886255 -4.77699387007050
 O -0.42181402708772 9.39621349407538 -8.41583641048096
 O -2.09782837060076 8.05841682796640 -7.81661138945022
 O 7.62674618159204 1.07767548569796 -4.00667852297966
 N 1.68539195913274 5.24518042079539 -5.99146543835446
 N 7.67271848210205 3.85327967540303 -7.93197458384190
 N 8.65208983839329 3.28172224803105 -5.49931516627314
 N 10.00270324358402 5.23112459914177 -4.03037916518513
 N 8.44947351161932 2.02565340038354 -2.12944036355885
 N 9.62709844970724 4.05970778329411 -2.07320401914778
 N 9.20636410653231 2.92395060173039 -0.13147067474555
 C 0.48975344237446 5.71723855760062 -5.32181111815755
 C -0.49569690923872 6.37039229682418 -6.30554653313369
 C 0.10851456757586 7.61514225500559 -6.95481715448841
 C 2.80530018806992 6.02417818255800 -5.98047273129620
 C 4.05042839066300 5.40164900963811 -6.49013205396688
 C -0.16294309756930 4.52476221136301 -4.65219764605159
 C 6.50292637197653 4.39920273208231 -7.41987100666727
 C 8.94874378327045 4.45868981903422 -7.57466245003428
 C 5.16001730009078 6.23950653261485 -6.64652611036023
 C 4.18867284203286 4.04795710453950 -6.81251509754523
 C 6.36703219290599 5.75680882513626 -7.11046123137119
 C 5.39419116479898 3.55546181779259 -7.27041090145063
 C -0.93368974242631 8.35092902988325 -7.75773754220130
 C 9.16405983143355 4.35435340124906 -6.08171843488886
 C 8.79997026812215 3.16919731807638 -4.17466671542873
 C 9.84358282965064 5.32573258670037 -5.33519718517097
 C 9.47596426500318 4.15231182267831 -3.42695346719400
 C 8.22841617017693 1.99923851826536 -3.50765240691421
 C 9.11996751683659 3.02437049161565 -1.48446014836713
 H 0.77486550589148 6.45330145356082 -4.55726653164318
 H -0.77316187990625 5.65054840548189 -7.08028871843337
 H -1.40260297756171 6.64612651401727 -5.76093673897618
 H 0.93916412327001 7.35564876624841 -7.61486161558230
 H 0.50688564216176 8.29784987533568 -6.19899675937924
 H 1.74108101399007 4.24502565847730 -6.12165488207385
 H 8.98817139736371 5.49697119409687 -7.91152458788298
 H 9.73158674303538 3.90273531793914 -8.10200825572672
 H 5.05615014338869 7.29000635509461 -6.39634819299818
 H 3.35769959784878 3.36020563268633 -6.69751528229628
 H 7.70834418805334 2.85032742839210 -7.77238218165521
 H 7.20167640474037 6.43776796428502 -7.22468332903162
 H 5.49301882921015 2.50236176163608 -7.51007663310430
 H 10.26389615874043 6.20177803781887 -5.82077369262853
 H -1.61213206584617 4.08034818501377 -3.51755035047004
 H 8.05595889180602 1.25473198484559 -1.60969942821831
 H -1.13161752179587 9.83980471667836 -8.90787408309250
 H 9.86472779662957 3.55844001589638 0.28880815345861
 H 9.11964564828856 2.01556920467875 0.28861833452627
$end
$temperature
298.15
$end
$mult
 1
$end
$sigma
 1
$end
$pressure
1.00000
$end
$scale
1.00
$end
$msrrho
$end
$freq
1.88
6.07
10.90
17.54
20.42
26.86
43.83
46.87
53.57
64.59
75.59
86.03
92.91
105.91
131.27
135.22
138.79
154.91
178.79
190.51
227.11
237.91
258.70
287.11
292.16
309.87
327.30
344.65
351.26
367.41
369.17
389.39
395.18
407.40
413.08
433.69
448.93
459.14
473.72
477.96
494.89
504.28
516.59
538.23
559.11
572.34
574.69
585.22
599.73
610.49
617.82
621.41
635.10
637.55
639.78
647.58
668.80
680.20
702.06
717.54
724.01
739.18
782.82
789.80
797.03
827.10
846.89
859.85
865.72
892.16
899.84
912.25
946.39
947.28
956.79
970.00
1008.76
1010.27
1048.38
1067.38
1081.72
1086.48
1100.52
1113.97
1125.11
1130.59
1137.05
1142.32
1156.74
1162.72
1173.02
1174.45
1181.92
1210.73
1211.78
1235.03
1246.37
1256.72
1261.11
1267.95
1270.82
1284.05
1294.13
1301.45
1303.59
1320.70
1333.65
1339.86
1347.71
1392.17
1402.97
1416.60
1427.95
1437.65
1441.43
1447.46
1454.56
1487.41
1494.55
1505.21
1539.49
1571.74
1592.92
1601.68
1691.79
1764.33
1804.97
1807.53
2974.69
3005.76
3023.65
3030.57
3047.82
3048.64
3059.13
3088.84
3098.30
3110.55
3110.71
3123.17
3439.17
3489.87
3491.53
3510.01
3547.58
3556.31
3614.93
$end
