
$molecule
 O -1.81541375572976 7.97366369134376 -4.16560065306895
 O 0.69069509441067 9.00271849816445 0.36111788603790
 O -2.88303532080281 7.25286710423434 -2.37547225972801
 O -0.09277859117495 4.68393869650578 -3.21223372947133
 O 0.33864913303411 6.39670579749872 -4.55554151996153
 O -0.79735069035476 4.28095022544198 -0.74826944093073
 N -1.14454515830632 8.06577129688984 -0.60987478467843
 N -1.18324549800626 4.06327823231760 4.08040031890751
 N -2.27464482638922 3.60287919727902 1.59628893645226
 N -5.04028115298568 3.39517712139737 1.28329571543210
 N -2.76056288874043 4.52712440211709 -1.83784700526302
 N -4.87758694761126 4.13331013273253 -0.89815774667249
 N -4.68551857410437 5.00882306021592 -3.01636675596554
 C -0.86551978818724 8.48473896794247 -1.97557253834112
 C 0.57972937565694 8.15852705019517 -2.39373832524579
 C 0.90294543627099 6.66825710859145 -2.25847970479632
 C -0.25298987255922 8.24174710819723 0.41525016152893
 C -0.53033440964429 7.32046490973205 1.55276177919120
 C -1.93858284749550 7.83361178393426 -2.85377160453582
 C -0.98822107642567 5.20795803160162 3.31490518834058
 C -2.46011561555954 3.36151353571083 4.01303783003855
 C -1.81184208094576 7.08420219085885 2.04910494417186
 C 0.53935193359144 6.56607406435191 2.03887330472446
 C -2.03529520500313 6.06510357559518 2.95761881784873
 C 0.31356295193550 5.51009192179687 2.89871771695617
 C 0.35921349085803 5.89940212763942 -3.45436967192906
 C -3.06676989537013 3.36461843720496 2.62532092223802
 C -2.85427948846450 3.81043505661060 0.40351589483500
 C -4.45343411613545 3.21097080881038 2.44416788424663
 C -4.25622914573582 3.76394994549585 0.25176852152324
 C -2.02594504181784 4.19819243952824 -0.72459102423264
 C -4.12897064106429 4.55384252013042 -1.87170424367205
 H -1.00792248963820 9.57211928637307 -2.06118054950958
 H 0.73639681508551 8.47891278593803 -3.42786157366007
 H 1.25434359401863 8.74033490694488 -1.76381103336628
 H 0.51933768036463 6.26379834563186 -1.31978711391714
 H 1.98763376163037 6.53128183768788 -2.26361919504067
 H -1.81193010063358 7.30926707528053 -0.53072353614688
 H -3.17088018273919 3.82233534037327 4.70870297879308
 H -2.28388347391593 2.33556217489695 4.35279382809829
 H -2.64039577062448 7.70456975053746 1.72418603121156
 H 1.54137911545830 6.78136425239472 1.68487290799758
 H -0.40351845519697 3.42293361129268 3.98187349434022
 H -3.03641322518405 5.89470205844311 3.33463266558549
 H 1.13737353435988 4.88311349229350 3.22187665642695
 H -5.09075949011637 2.94301844879470 3.28219907968339
 H -0.90112952954384 8.03387234109458 -4.50035243920212
 H -2.25578857045824 4.86738622945733 -2.64706978555936
 H -0.16588639544316 4.46046444014968 -2.23054606905564
 H -4.14641765175626 5.68835809852872 -3.53215131191381
 H -5.67083295285455 5.20465848383830 -2.93897284883876
$end
$temperature
298.15
$end
$mult
 1
$end
$sigma
 1
$end
$pressure
1.00000
$end
$scale
1.00
$end
$msrrho
$end
$freq
27.73
35.68
41.89
46.67
53.03
59.02
66.62
89.54
96.92
108.58
112.61
134.33
141.33
147.70
162.63
165.75
177.95
190.29
196.60
212.43
234.26
247.54
267.73
285.26
308.97
326.48
344.81
359.83
368.77
377.90
380.91
398.12
406.30
417.12
428.45
441.90
462.25
474.85
482.36
499.08
513.91
520.97
549.28
563.23
564.42
570.69
575.26
598.10
604.72
613.19
626.09
641.18
652.66
658.51
666.24
669.00
676.41
700.72
710.64
728.71
734.37
787.48
797.97
806.61
831.19
833.83
850.65
859.80
870.12
894.16
901.14
909.64
912.71
953.00
954.35
959.68
986.63
1007.28
1025.44
1062.01
1076.77
1078.51
1086.41
1097.07
1114.68
1123.29
1131.12
1142.73
1158.24
1177.22
1181.35
1194.76
1201.84
1203.73
1206.39
1239.37
1252.44
1258.46
1270.37
1277.45
1281.21
1288.06
1294.93
1298.35
1324.75
1325.99
1333.50
1338.21
1342.33
1383.45
1393.67
1419.38
1431.87
1432.73
1438.64
1441.48
1454.54
1488.52
1492.15
1505.80
1534.10
1573.49
1592.53
1601.43
1664.56
1743.47
1760.71
1774.82
2838.78
2960.68
2996.59
3018.32
3023.25
3025.33
3062.00
3070.08
3086.98
3102.26
3103.12
3117.33
3123.04
3460.43
3462.84
3464.55
3471.72
3479.24
3583.57
$end
