
$molecule
 O 4.35897796147380 6.50440939407911 -5.47784912650091
 O 1.81065690573336 6.32664685280946 -7.07139338426755
 O 4.15414422033013 4.30614028678205 -5.78237721613908
 O -0.43969687632591 3.72509166781569 -2.18567600758633
 O 0.42407009472078 5.75619591317618 -2.44667009654208
 O -5.14288301098716 8.98717022956076 -5.22938884217318
 N 1.75033621151262 6.71060662953129 -4.85353040153538
 N -1.67172320783925 11.67224833580254 -7.12940748981818
 N -3.91165368285493 10.25734485581054 -7.46882828701099
 N -4.70501377771317 9.34130676923840 -9.98151508135350
 N -6.31908869678125 7.70080735813201 -6.66466034538486
 N -6.14891586543045 7.82223787585888 -9.00604721512168
 N -7.54136009278010 6.28653192420472 -8.03548259045455
 C 2.41122898760129 5.45258215319144 -4.58340717154251
 C 1.52747278872839 4.23609717578708 -4.90956643180198
 C 0.08676596879772 4.39161603982572 -4.40191331346222
 C 1.42336101520814 7.01543923260925 -6.14164934581231
 C 0.60800808448964 8.23976849442263 -6.34135518694985
 C 3.71347964779408 5.34546067726975 -5.37269280939013
 C -0.93574955339431 10.51168480109237 -6.91591629553575
 C -2.35864941961540 11.84314685394559 -8.40165555800207
 C 0.45526539576342 8.69375586899628 -7.65522221008666
 C -0.02570364742852 8.94550474211087 -5.31455506814037
 C -0.29460500545563 9.81609440556178 -7.94597597900826
 C -0.78485830943822 10.06362158352663 -5.59743398756775
 C 0.05010079701352 4.71665135085815 -2.93010922427763
 C -3.39847914117339 10.75955357609484 -8.58022971764946
 C -4.82202503701056 9.28475822321719 -7.59371438964424
 C -3.80561809295187 10.29344540913622 -9.83763115923916
 C -5.22451097891754 8.81653692832377 -8.85884237207462
 C -5.38888754539811 8.70171315378321 -6.37782633241055
 C -6.65376569676700 7.31141136598669 -7.92942619679930
 H 2.68631432215294 5.45373169363010 -3.52144219095167
 H 1.49967362264772 4.10431304666112 -5.99408226592803
 H 1.98876477882778 3.34724290005703 -4.47254243425022
 H -0.47127525907869 3.47377627011173 -4.59190685369802
 H -0.39289208573116 5.21695054350424 -4.93449918616316
 H 1.29077367041921 7.14734677116126 -4.06977386606031
 H -1.64244920481359 11.84423602969711 -9.22658817957330
 H -2.84703247301702 12.82369780195666 -8.38023756288936
 H 0.94377969725137 8.14510585137053 -8.45355753470223
 H 0.05381271148325 8.61909227021633 -4.28310508401168
 H -2.31811157182484 11.83640500600413 -6.36260283598467
 H -0.38352056946213 10.14276021468180 -8.97502975946931
 H -1.28083848196302 10.59881620431236 -4.79501991568948
 H -3.38126648286493 10.71187617736972 -10.74579811152277
 H 5.15271775602175 6.37020389736753 -6.02062971825451
 H -6.73060288899609 7.24504282218915 -5.86330989570707
 H -0.43616235527602 3.99224642925673 -1.25136111114741
 H -7.91349532276271 6.15831102346846 -8.96173703200095
 H -8.16728830399580 6.11478191849134 -7.26863562881092
$end
$temperature
298.15
$end
$mult
 1
$end
$sigma
 1
$end
$pressure
1.00000
$end
$scale
1.00
$end
$msrrho
$end
$freq
2.91
4.74
10.56
17.92
24.39
27.04
33.52
50.28
56.35
76.49
77.33
92.09
108.36
124.40
132.84
135.71
147.07
161.06
190.76
198.78
230.25
236.99
276.92
297.53
307.85
318.14
331.64
344.33
352.84
367.46
370.23
392.47
397.41
399.16
413.83
433.39
446.72
461.44
474.35
479.94
500.68
505.74
516.09
550.14
559.54
560.32
574.62
596.68
599.86
604.90
610.88
617.75
625.51
639.63
643.46
668.49
682.08
702.90
711.27
728.52
734.25
739.51
787.28
796.15
805.60
827.87
847.35
850.00
863.37
884.88
892.22
912.26
933.97
947.99
968.66
977.22
998.90
1007.69
1010.36
1056.58
1067.60
1088.51
1095.88
1113.98
1121.55
1126.74
1142.14
1156.45
1157.26
1161.20
1173.81
1177.01
1178.64
1208.66
1215.51
1237.11
1256.50
1257.55
1261.82
1271.17
1282.97
1289.69
1292.54
1294.33
1303.99
1320.65
1332.27
1339.18
1339.43
1389.80
1400.35
1427.56
1434.71
1438.14
1440.95
1446.70
1449.18
1487.75
1494.15
1506.17
1539.22
1573.49
1593.50
1602.28
1702.09
1763.45
1784.24
1804.58
3001.48
3003.90
3027.70
3033.96
3045.30
3062.37
3071.17
3088.99
3098.11
3109.84
3110.22
3122.09
3438.81
3491.86
3509.05
3518.98
3544.30
3558.91
3613.71
$end
