
$molecule
 O 2.54839632429205 -1.65515164263308 -7.62581860731748
 O 0.01322888831535 -6.21863298880550 -6.19019761089087
 O 0.39864334738890 -1.78960862419869 -8.11603216430335
 O 0.60340868475269 -2.17950298551930 -2.49444189686087
 O 2.81559134191440 -1.96145118325020 -2.41120510886615
 O 4.84847691413850 -2.17801982366552 -6.15658751758688
 N 0.22244807540963 -3.99591493507652 -6.32477398376411
 N 5.80680399266625 -5.90348473368287 -8.91677830003980
 N 6.31552821229741 -4.55464348579165 -6.65630290974456
 N 7.57025816447437 -5.72016210446152 -4.45324462975634
 N 5.33862473872920 -2.39497353816033 -3.96280440618357
 N 6.68112577872142 -4.10213228798727 -3.05869073759609
 N 5.68720379573614 -2.55170386547561 -1.68632683610757
 C 1.01814793471253 -2.80493357074076 -6.05676731630387
 C 2.24542654995396 -3.10195017812266 -5.19604710545512
 C 1.88848347983148 -3.67781582417752 -3.81031140054944
 C 0.68988468969581 -5.27386484389947 -6.54479979768945
 C 2.00618264688224 -5.44017047811079 -7.21680394707694
 C 1.30896102803061 -2.04709347159419 -7.38157658333421
 C 4.54135800263011 -5.80012913720468 -8.34572922677704
 C 6.90674094574948 -6.40029689916815 -8.10277012418924
 C 2.85485057236947 -6.45026692208010 -6.75549202825074
 C 2.40246933480021 -4.67925512646341 -8.31879614734704
 C 4.10928594642905 -6.63189061390454 -7.30731939411828
 C 3.65419725270106 -4.85545003191749 -8.87513294751685
 C 1.83587866082332 -2.53776415469207 -2.82865639248698
 C 6.96364490422782 -5.70013446670964 -6.76165787336086
 C 6.25030059364761 -3.99025508414458 -5.44235514232381
 C 7.62109448062818 -6.25896807326130 -5.65232026269277
 C 6.84594524993353 -4.59362686188087 -4.31742055372365
 C 5.44616360175796 -2.78985444808248 -5.28135762845983
 C 5.91942252297391 -3.06116220354300 -2.91768275075080
 H 0.35387997900809 -2.12388909393284 -5.50676198867646
 H 2.89767696247902 -3.80493742271866 -5.71589776698322
 H 2.79358678651817 -2.16911085149423 -5.05068874296942
 H 2.68008777323869 -4.35911375281395 -3.49226347893447
 H 0.93992847655850 -4.21545584851393 -3.83620160327934
 H -0.67511568797099 -4.01362092533863 -5.85805047698862
 H 7.83208654038824 -6.22705078944689 -8.66198160180966
 H 6.80508851654804 -7.48010669057903 -7.95482624295775
 H 2.52378244870610 -7.08089770476094 -5.93742256370394
 H 1.72007412611786 -3.95970894730260 -8.75226669022185
 H 6.06275272462657 -5.04193826415365 -9.38746112809432
 H 4.75690363278624 -7.40686359038581 -6.91545535873362
 H 3.96230794716454 -4.24713913057339 -9.71813349490681
 H 8.19005451939313 -7.17859408434950 -5.75537206712636
 H 3.27883119081685 -1.93777058267527 -7.03418590193741
 H 4.72425652907717 -1.61629302536587 -3.76264883070267
 H 0.62570435382000 -1.42240162731080 -1.88510465176551
 H 4.84025619122104 -2.01927549663871 -1.56294119936694
 H 5.95370833290426 -3.15800258318130 -0.92808087930064
$end
$temperature
298.15
$end
$mult
 1
$end
$sigma
 1
$end
$pressure
1.00000
$end
$scale
1.00
$end
$msrrho
$end
$freq
8.18
26.65
31.34
36.62
43.17
57.72
74.68
76.47
76.83
95.99
97.76
109.21
118.56
127.78
150.28
160.53
173.40
182.15
184.85
216.88
226.08
246.92
252.89
296.77
319.14
323.58
338.38
349.56
359.79
379.61
398.49
398.69
402.07
407.40
444.97
450.73
472.64
480.20
498.37
504.84
521.87
534.53
535.08
565.82
568.41
577.64
598.39
611.99
612.59
619.96
622.41
626.29
630.16
643.60
651.87
670.16
675.31
692.75
705.92
718.91
735.44
739.44
756.36
796.83
820.41
833.85
846.87
852.50
861.76
863.00
898.66
922.61
936.68
953.49
963.53
970.68
999.18
1016.28
1020.65
1051.26
1071.12
1080.36
1083.29
1094.93
1114.39
1125.50
1127.47
1156.08
1158.52
1171.93
1179.20
1191.67
1192.11
1200.90
1230.15
1242.68
1253.74
1258.82
1267.47
1274.22
1284.68
1293.36
1295.42
1314.68
1323.84
1326.50
1328.16
1335.07
1338.10
1385.41
1387.36
1429.90
1431.16
1433.21
1437.74
1441.77
1469.22
1486.32
1489.27
1508.15
1536.40
1571.33
1591.37
1600.39
1698.21
1722.41
1762.03
1807.43
2979.78
3005.64
3026.18
3036.57
3046.11
3075.30
3080.24
3088.84
3108.05
3108.59
3122.47
3143.94
3326.40
3455.75
3471.51
3480.95
3489.45
3537.37
3596.72
$end
