
$molecule
 O 11.14771286455363 8.37181028250462 0.29828662086740
 O 9.39020680592006 8.04676022955619 2.05271695499240
 O 10.98980887561915 8.02149472708844 -1.88813886614546
 O 8.72011594774300 9.18341852839951 -2.79310754746977
 O 6.78746015601972 8.15249003895445 -2.44014694446421
 O 3.69923587629507 13.56917356609364 7.39127649727049
 N 8.31666194384031 7.69598401327294 0.10798692480348
 N 3.91291639476511 10.88673764906568 3.52797148874594
 N 2.76023840870727 12.86843353923690 4.79243479635308
 N 0.46613029600872 14.19042149091196 3.92132764324270
 N 1.99207813723554 15.03883486489848 7.56292020005402
 N 0.36709790985066 15.38544504550175 5.89922754546649
 N 0.25200461001209 16.53725266836488 7.87314927175752
 C 9.41433446964211 6.89598488900201 -0.43133198183364
 C 8.92019675596321 6.03728000432213 -1.59938613431217
 C 8.67263710134319 6.77290613300626 -2.93079119231002
 C 8.36510915958370 8.18652099172505 1.36306278468431
 C 7.17437024316022 8.88377334059687 1.86259325394670
 C 10.60902001825331 7.83122900592635 -0.75428419568141
 C 4.98045611251600 10.25614102767548 2.95070545519079
 C 2.92379217449748 11.60187351256522 2.73843842893080
 C 6.05431856375539 9.17860373430893 1.07500048900941
 C 7.17338378951544 9.28717182575992 3.20757247432571
 C 4.97278662325926 9.85010872175402 1.60725567129753
 C 6.09823569730578 9.95349577097185 3.74718161320840
 C 7.96146496123690 8.10053970658725 -2.70863959838037
 C 2.23062431985392 12.61765379593552 3.60846556452407
 C 2.15427614583396 13.78002966014363 5.56341747531565
 C 1.07497305482579 13.28922125679873 3.18032643600770
 C 0.99675738731563 14.45141977656130 5.12963770170424
 C 2.72335230899786 14.06528184091086 6.88033362250197
 C 0.87648176688236 15.64449999736210 7.06168455769063
 H 9.75155984658371 6.22607503334972 0.37428501179762
 H 9.65773460094369 5.25020154175817 -1.77745523861245
 H 7.98919476066751 5.55665730195649 -1.28413082752745
 H 8.01902932626654 6.14922037320638 -3.54494369339281
 H 9.61133153700394 6.92275402228335 -3.46452831641275
 H 7.50539135621499 7.83438796082678 -0.47436987167093
 H 2.18822658132833 10.90064722571311 2.32524177624912
 H 3.40428667313261 12.11684663219950 1.89351109594752
 H 6.01927269192561 8.89466944590381 0.02848581581357
 H 8.04060283671908 9.06286625726305 3.81883606943474
 H 4.08702180623145 11.32785077083504 4.42687444310440
 H 4.11570664932577 10.05768738246025 0.97825997987073
 H 6.10574429372248 10.25770895368378 4.78781001277496
 H 0.64378418914818 13.07834523926196 2.20588437933418
 H 10.56269207968172 8.21448112288008 1.13831317846327
 H 2.32691546113311 15.26715563741432 8.48772266644021
 H 9.67946481435493 8.97350224884244 -2.80810322274497
 H -0.43986858169083 17.10398233859042 7.41188281470990
 H 0.78234019698903 16.97384787557924 8.60615091530523
$end
$temperature
298.15
$end
$mult
 1
$end
$sigma
 1
$end
$pressure
1.00000
$end
$scale
1.00
$end
$msrrho
$end
$freq
7.53
11.02
21.30
25.03
38.98
44.76
50.38
68.29
76.94
94.78
97.92
127.21
135.31
138.30
144.73
150.81
161.39
179.31
183.80
185.47
228.08
247.40
263.78
287.84
308.58
309.96
317.04
339.56
364.62
368.01
371.20
388.67
397.79
400.00
421.84
449.50
456.34
468.61
472.69
478.44
490.66
505.11
542.79
549.43
557.57
576.09
579.59
590.75
604.32
617.68
624.26
630.80
640.17
646.52
663.52
669.28
695.50
715.62
722.04
736.28
753.43
787.17
815.94
821.62
826.29
853.43
860.50
868.82
890.54
893.75
912.35
918.42
957.54
959.07
959.30
963.47
996.37
1007.70
1011.51
1066.99
1070.98
1103.03
1107.34
1114.64
1125.51
1128.61
1151.27
1157.62
1163.21
1178.94
1190.85
1197.97
1201.84
1212.80
1240.23
1249.93
1256.02
1258.63
1276.77
1277.13
1287.48
1300.93
1308.61
1312.45
1331.28
1341.81
1343.23
1345.98
1372.79
1392.41
1416.62
1428.83
1434.44
1442.60
1444.10
1445.11
1453.20
1487.29
1500.82
1511.59
1541.72
1555.86
1579.83
1599.43
1603.39
1757.93
1765.77
1789.04
2447.05
2946.97
2958.65
2988.03
3018.20
3035.77
3046.80
3079.53
3089.70
3104.53
3107.43
3120.68
3123.24
3355.65
3416.00
3490.66
3510.04
3515.71
3615.03
$end
