
$molecule
 O -1.34780786678376 1.80923345344207 1.90280692492416
 O -2.72627015448831 3.54439965858213 -1.05232202583419
 O -1.72943287448765 3.67784987924724 3.05660562581001
 O -2.99042131532053 6.19024123321374 -1.57678038557431
 O -1.76400504793926 8.02121133177728 -1.29209630566512
 O 4.38917012516092 -3.11846710576090 -4.27393180003057
 N -0.64892647377479 3.01413249319421 -0.28277689116081
 N -1.71576805582652 -1.51306600135427 -4.72478047001991
 N 1.53910640445547 -2.94452966233892 -4.36751718864617
 N 0.16360194242771 -4.47653750794199 -2.48056838743721
 N 4.19840675973045 -4.58733756676392 -2.57073363435997
 N 2.15749855503044 -5.28579041846254 -1.63854941635025
 N 4.13415363331619 -6.05725432584706 -0.78014109922860
 C -0.66600875794729 3.86526042574214 0.89922955666852
 C -1.32991713858234 5.23302345134944 0.69932465322387
 C -0.82137643773758 5.94711569082647 -0.56002551327674
 C -1.74260377226834 2.81174267786630 -1.07605412779474
 C -1.65052378526143 1.67617528731847 -2.01935354302656
 C -1.32000498982474 3.13407365869117 2.07069037858051
 C -1.65548120414792 -0.44864002318373 -3.85468357408650
 C -0.50874975252933 -2.08270015199513 -5.30644786954115
 C -0.48331043314189 0.95071387107375 -2.27693664371581
 C -2.82087125474197 1.32171553360407 -2.70589586820288
 C -0.48027237714791 -0.09677030048724 -3.17780208007533
 C -2.83006307453918 0.27669610625420 -3.60185875342409
 C -1.90519822522237 6.83707031196458 -1.17510964806833
 C 0.21916099821896 -2.94413025377458 -4.30338208089928
 C 2.19539129134443 -3.71657272250963 -3.49096751897162
 C -0.46359132919006 -3.71394216820594 -3.35076052611612
 C 1.50710352552969 -4.49211323253017 -2.53868529505310
 C 3.65785921285279 -3.73271845982894 -3.53440594648472
 C 3.45116036671964 -5.31037955002588 -1.68758582175338
 H 0.38497513207646 4.01701683362877 1.18563364808328
 H -2.41302362204407 5.10514159157014 0.65812446041410
 H -1.11124727288183 5.83385889764624 1.58613969036129
 H -0.52846088822728 5.21454520461300 -1.31638156777030
 H 0.04710635995443 6.56744735602471 -0.33096195288407
 H -0.01342244359325 2.23481245945171 -0.19050273319738
 H 0.16831507100517 -1.30242009106001 -5.67547258270791
 H -0.81813960683492 -2.70047101317746 -6.15594604043354
 H 0.44968334589050 1.20884248495511 -1.78658923693872
 H -3.72742705778141 1.88570736899811 -2.51579166404378
 H -2.51917984906525 -1.51536191597874 -5.33731590724817
 H 0.43884918582179 -0.64060369495370 -3.35460903074810
 H -3.74338259366863 0.00773850884256 -4.12127949120336
 H -1.54847231702544 -3.69041974879990 -3.30502250811746
 H -1.77762035357052 1.40354634927527 2.67424917326223
 H 5.20682536664448 -4.62883340502586 -2.54255767590242
 H -2.95793873843336 5.21526949521517 -1.41910573388073
 H 5.07321896897075 -6.33790552246996 -1.00107669719958
 H 3.56696981888779 -6.72348777187368 -0.28286387425888
$end
$temperature
298.15
$end
$mult
 1
$end
$sigma
 1
$end
$pressure
1.00000
$end
$scale
1.00
$end
$msrrho
$end
$freq
167.92
6.88
10.68
18.81
33.39
40.41
46.17
53.94
67.50
68.77
71.75
84.43
95.41
125.21
133.27
144.13
158.79
180.64
200.80
215.30
244.06
249.01
262.20
289.00
301.04
310.37
321.99
328.75
350.15
365.56
372.55
392.89
399.62
408.07
430.39
432.08
449.35
462.54
470.98
480.47
500.94
505.03
519.98
531.39
556.54
575.01
578.56
588.00
595.93
608.65
618.15
621.08
639.85
642.21
657.32
672.94
682.07
701.51
722.39
724.49
725.26
727.84
787.00
790.00
810.12
828.46
833.88
862.41
866.64
883.26
890.88
912.88
931.61
938.59
944.53
962.20
1002.23
1009.16
1030.23
1062.27
1066.78
1082.92
1086.83
1112.58
1126.69
1133.10
1142.46
1154.60
1164.40
1166.18
1177.06
1189.88
1204.80
1221.28
1231.51
1242.83
1254.30
1257.77
1261.23
1268.35
1272.38
1279.03
1287.09
1290.47
1303.41
1326.33
1336.70
1337.69
1343.40
1386.61
1416.67
1428.53
1431.88
1434.25
1441.96
1446.75
1468.51
1487.95
1498.45
1510.25
1532.83
1566.60
1592.31
1600.98
1675.28
1766.57
1817.18
1823.01
2965.32
2978.40
3018.45
3027.17
3038.17
3060.91
3072.85
3094.80
3097.80
3103.34
3120.03
3135.77
3223.00
3490.99
3496.23
3506.86
3508.95
3543.55
3613.52
$end
