
$molecule
 O 4.57244232873180 -0.93267278614574 -1.82547335942742
 O 2.86755466283434 -1.57320298902251 1.52207140897738
 O 2.67886135077363 0.19351342887009 -1.49258026074435
 O 7.45095955112133 -2.66307312308279 0.67224501326212
 O 8.76067749041922 -1.05575066149883 1.48355798450457
 O -8.69693480981355 0.74599856428485 3.63303422193861
 N 3.27709448720064 0.63185477557994 1.11419328150682
 N -2.42890099946414 0.92820495084511 4.02485041196395
 N -5.93440783935350 0.63944096555625 4.36002454185456
 N -5.31424692381487 1.56811297456453 6.91971799942170
 N -9.15278833359646 1.60108934220699 5.67114783743542
 N -7.54025408417395 2.03751613519844 7.32338839741519
 N -9.74114163434466 2.53548063374510 7.70919097588439
 C 4.37595100959692 0.32312979338391 0.20663864221718
 C 5.39116725998929 -0.64830199118185 0.82159855075306
 C 6.79453903429331 -0.42849960742253 0.24165665093646
 C 2.50518581387390 -0.41602755107258 1.58301808206698
 C 1.22445237391089 -0.01306031046089 2.21122770509073
 C 3.76436669094574 -0.14824083858237 -1.11137773106113
 C -1.25077551122376 0.58037003290086 3.39126859997367
 C -3.62968547620999 0.10974097788177 3.89172218163526
 C 0.27675872566540 -1.01616046238531 2.43837893937469
 C 0.92250601097077 1.29390989925248 2.60531143069414
 C -0.94513120997517 -0.73266247046985 3.01436082047130
 C -0.29357441038034 1.58588344709322 3.18955810846083
 C 7.78183731966548 -1.38358504469354 0.87156601137647
 C -4.69332219182202 0.64173578325037 4.81379174794476
 C -6.88930505568275 1.09602099078127 5.18128708976669
 C -4.39085231252260 1.10981068859438 6.10079808901642
 C -6.58208455397081 1.56655898493976 6.47217352825243
 C -8.27324431582616 1.10433881980956 4.70596232684536
 C -8.76522493674208 2.03448523456554 6.90514361630645
 H 4.87238054647134 1.27911543609789 -0.01472673932100
 H 5.41203237397548 -0.48615867592071 1.90182594992390
 H 5.08178491268666 -1.67924396141440 0.64257713834638
 H 7.14001100882171 0.59213475088985 0.42028933743204
 H 6.78336393267025 -0.61612933416651 -0.83469754156974
 H 2.75135931866152 1.44233170936453 0.81415940441052
 H -3.39432521228157 -0.92086910479627 4.17668470634322
 H -4.00372599548950 0.10750946490564 2.85925826108768
 H 0.51704058540454 -2.03278857623264 2.14612728315670
 H 1.64834701752374 2.08994049728968 2.47698267801086
 H -2.63210643804951 1.91965060192089 3.97688397066906
 H -1.65667084954021 -1.53360215541843 3.17209402598160
 H -0.51677586138817 2.60084991662667 3.50124192970040
 H -3.36473800958841 1.10822387956960 6.45685222774043
 H 4.11619476525531 -1.20445446275992 -2.63898346409645
 H -10.12240714065849 1.64668466143453 5.39352912327034
 H 8.10586067518191 -3.23383459457356 1.10593414629252
 H -9.46230880787928 2.65443656329872 8.66891969346574
 H -10.68880233284271 2.24340379660178 7.54742002503970
$end
$temperature
298.15
$end
$mult
 1
$end
$sigma
 1
$end
$pressure
1.00000
$end
$scale
1.00
$end
$msrrho
$end
$freq
6.45
9.45
15.41
20.37
24.12
29.11
36.40
44.26
49.73
59.31
72.16
72.78
98.90
114.79
119.21
132.17
133.74
144.74
184.37
190.19
198.06
221.47
256.18
261.87
298.38
312.06
324.61
328.85
342.70
369.92
372.68
382.11
394.96
411.72
420.71
438.97
455.83
472.63
481.72
488.69
509.61
519.95
528.30
535.77
546.30
570.99
575.88
580.13
592.26
596.39
604.01
613.59
620.16
641.45
648.95
662.21
675.97
700.39
714.99
719.97
734.81
740.16
765.65
790.39
826.41
832.69
837.73
858.22
868.86
891.99
896.24
908.67
912.18
939.06
968.27
988.65
1010.33
1012.09
1027.87
1067.34
1067.60
1084.63
1094.71
1111.80
1112.48
1125.75
1137.31
1154.54
1158.64
1165.56
1178.20
1185.74
1213.56
1222.46
1230.16
1242.42
1252.63
1254.68
1257.12
1271.92
1276.67
1283.07
1286.08
1294.47
1296.78
1328.71
1335.92
1337.46
1344.09
1387.23
1397.63
1429.71
1432.96
1434.92
1437.90
1442.16
1452.42
1488.64
1495.98
1511.72
1541.04
1569.69
1593.59
1602.19
1730.96
1766.45
1806.35
1816.61
2966.04
2968.99
3016.13
3027.86
3041.50
3060.76
3080.89
3094.22
3095.88
3108.29
3112.29
3126.24
3462.22
3484.49
3491.55
3508.41
3543.61
3556.40
3612.82
$end
