
$molecule
 O -3.77906821711420 -3.53369388277853 -2.23075320048808
 O -4.65815156103012 -3.40041853052164 0.17340410312976
 O -1.78217752396480 -4.18007743098019 -2.96318002737158
 O 1.99825725685334 -5.17400000560272 -0.72555762294480
 O 1.43986644559019 -7.28408170052020 -0.28924740077358
 O -10.16039700112732 -6.07125316507743 1.16644514848350
 N -2.93236551836976 -4.83695458586838 0.20960922158815
 N -7.12378462158574 -7.58168412008490 4.28758944108084
 N -8.73531768153351 -8.21060180691524 2.37004735797822
 N -8.92350522432008 -10.68818507738984 1.11517848890920
 N -10.90170968159845 -7.51144542686520 -0.41231686317871
 N -10.32706400534180 -9.79315925859619 -0.49647544962305
 N -11.66607015876610 -8.88523009115679 -2.11342966761204
 C -2.07991268036294 -3.95273356589935 -0.58228596913701
 C -0.61190947508207 -4.34880028288251 -0.42825443616220
 C -0.29498491225142 -5.75809246717153 -0.94529703505555
 C -4.15852169223649 -4.44048557528111 0.61736737220094
 C -4.87223399541512 -5.30242348332319 1.57732216649154
 C -2.53609693910078 -3.91646608872352 -2.06590652316785
 C -6.37137166701364 -6.85145595360434 3.36629149867169
 C -7.22378679050577 -9.01933376562059 4.05519869146927
 C -4.31266626553837 -6.43205846138164 2.18389459798665
 C -6.19289628927539 -4.95465314743459 1.89469048972623
 C -5.04948990470680 -7.19710763045941 3.06782179883705
 C -6.93176128874139 -5.71224069197419 2.77708628786720
 C 1.11722285384333 -6.17418006810885 -0.61360766462991
 C -8.07926544500598 -9.26247889369257 2.82965938519589
 C -9.47866058075520 -8.37000774557198 1.27113888736083
 C -8.18585799333303 -10.50687648185923 2.19202310720444
 C -9.57669807291672 -9.61770784139804 0.62948778741240
 C -10.17163941635374 -7.20045485874136 0.73430222176398
 C -10.94961024176815 -8.75884740047738 -0.96717467882534
 H -2.21986847693608 -2.93182695043653 -0.19566399868712
 H -0.00704457786177 -3.62733706465239 -0.98333028986286
 H -0.33740690005697 -4.27768198066262 0.62843677260306
 H -0.38890650193842 -5.78056357799222 -2.03484706187842
 H -0.97013307143527 -6.51234106329521 -0.53519609972821
 H -2.52790872596301 -5.69654740536603 0.54144030340481
 H -7.68529044163334 -9.47724792443534 4.93664687869012
 H -6.22989894620191 -9.45488883005059 3.92929410328810
 H -3.28677621111437 -6.72188845198590 1.97973216820216
 H -6.63098269545180 -4.08360359218342 1.42039202168272
 H -8.06818921313917 -7.20031515007226 4.33137023626169
 H -4.59151869791879 -8.06075122994663 3.53614842076691
 H -7.96345485912400 -5.45510702709933 2.98966409486133
 H -7.65268964688071 -11.37216362424777 2.57529346656479
 H -4.23769876427888 -3.35310610516742 -1.34559424968897
 H -11.38276631801820 -6.73858399768411 -0.84917426537963
 H 2.88750268822613 -5.51294531798689 -0.53183765538551
 H -12.37922146258247 -8.20781246175110 -2.31641840353747
 H -11.84179288882672 -9.83511475897406 -2.39445195655992
$end
$temperature
298.15
$end
$mult
 1
$end
$sigma
 1
$end
$pressure
1.00000
$end
$scale
1.00
$end
$msrrho
$end
$freq
3.43
9.12
16.32
17.68
21.97
25.25
36.94
52.55
63.65
65.30
89.81
100.05
120.58
130.69
138.33
140.32
161.44
171.60
181.22
208.28
218.64
238.17
272.33
291.97
306.97
309.55
313.53
339.66
341.51
363.45
370.47
384.44
387.82
395.28
419.04
422.59
441.87
465.07
473.38
479.24
502.46
514.82
534.94
554.00
555.82
574.30
584.66
600.43
603.22
606.12
617.26
636.97
641.46
644.59
667.59
675.70
695.92
705.20
736.46
747.21
772.79
780.05
797.75
823.19
838.10
849.70
855.51
865.79
876.32
892.23
897.34
913.86
917.15
949.25
963.63
970.05
1007.12
1008.29
1012.57
1066.08
1075.46
1085.57
1113.10
1114.89
1122.16
1142.83
1147.65
1158.23
1164.16
1172.32
1175.93
1179.98
1203.16
1224.37
1240.35
1251.60
1255.04
1257.74
1273.98
1279.41
1281.78
1284.32
1290.12
1295.46
1319.79
1330.66
1335.70
1341.37
1349.93
1393.86
1409.84
1420.71
1427.56
1436.61
1440.01
1442.02
1451.88
1485.51
1488.64
1508.14
1539.95
1570.79
1587.47
1598.51
1627.38
1760.65
1808.37
1813.10
2777.49
2958.99
3006.63
3018.73
3026.79
3045.91
3050.75
3060.80
3089.72
3092.10
3110.38
3113.57
3123.01
3407.43
3490.12
3512.51
3535.27
3553.80
3618.08
$end
