
$molecule
 O 5.53882646598480 5.23559332078639 -2.34402501768042
 O 5.88907479035719 3.11696752548627 -3.70648879416413
 O 3.75430995468885 5.96112794419259 -1.23317629011438
 O 1.65567903462587 1.47250468057867 -2.34617808292614
 O 1.77235484557141 0.83831168098000 -0.21545177251373
 O 6.06554564606816 -4.63670513981608 -12.57588050031658
 N 3.64691727200688 3.29710286447354 -3.45766677403635
 N 4.08154905311021 0.08257387957806 -8.99145280605801
 N 5.16491295634973 -2.16108573059131 -11.46923246855049
 N 3.25005507776974 -0.78442913184711 -12.96448958586226
 N 4.68105212769583 -4.30493814552992 -14.32731744889200
 N 3.27809556137994 -2.43647103010180 -14.57917309141270
 N 3.33557134515953 -4.05375333301223 -16.19700783782848
 C 3.65160923616206 3.73110697310499 -2.06401603901870
 C 4.31974950907339 2.69474481040368 -1.14413497882120
 C 3.82771418845958 1.26031765289469 -1.39925963395775
 C 4.74819226292981 2.87304782400324 -4.11610101098703
 C 4.52704864905935 2.13803855294218 -5.37661419806095
 C 4.33175808397223 5.11209568376054 -1.85388219302833
 C 4.28043610494036 0.73234682765788 -7.79481104757512
 C 5.19559164305588 -0.45872348254112 -9.76394689418841
 C 5.61773793759767 1.99728277210204 -6.24359363793724
 C 3.30884349136956 1.54862852328306 -5.73498027181807
 C 5.50314303345109 1.31584799678622 -7.43694206193735
 C 3.18679322697732 0.85935534111634 -6.92305156638133
 C 2.33327304691243 1.15507348142520 -1.22495011503091
 C 4.67193880943417 -1.00345446656561 -11.06554016937018
 C 4.71506528219244 -2.64743858057133 -12.63323072277547
 C 3.70947809322929 -0.31928625573224 -11.82178278216602
 C 3.75073792618153 -1.95686717974928 -13.39242784054851
 C 5.24526581703219 -3.92687740148568 -13.10661679437906
 C 3.74789803390391 -3.56887976866416 -14.99679043645153
 H 2.60082192772905 3.85390692930778 -1.77943648664504
 H 5.40250173839374 2.71400182134700 -1.29055415023171
 H 4.11026922323072 2.97625847942281 -0.10897661257063
 H 4.30333478625700 0.59205529423520 -0.67933298467643
 H 4.09568520297285 0.94970665292951 -2.41096472140505
 H 2.74345524470919 2.99967025183505 -3.79328289306051
 H 5.71450292345120 -1.25499948308151 -9.21436384099566
 H 5.91095859412106 0.34432609153546 -9.97045848194539
 H 6.56560818489192 2.44313894131108 -5.96262369835691
 H 2.45044287732584 1.60328596386714 -5.07325394811449
 H 3.26522146528830 -0.51632652738490 -9.00488580058624
 H 6.36472851293395 1.23479659278330 -8.08759009374821
 H 2.23990595174557 0.40271584042390 -7.19066569026728
 H 3.30914624621510 0.62796748512742 -11.47221914200322
 H 5.82780665549487 4.41466377216018 -2.86945266832584
 H 5.02369638101752 -5.17213152251683 -14.71465264741467
 H 0.70499933137496 1.39100179967473 -2.16236776496129
 H 2.51761718906450 -3.60093204160126 -16.56907462494107
 H 3.43402705708891 -5.03682803072646 -16.37851888497170
$end
$temperature
298.15
$end
$mult
 1
$end
$sigma
 1
$end
$pressure
1.00000
$end
$scale
1.00
$end
$msrrho
$end
$freq
7.02
10.28
18.33
21.49
32.21
36.69
39.24
61.90
63.74
79.41
88.77
102.60
109.98
123.53
133.11
137.40
144.40
159.14
182.78
193.17
206.70
242.34
274.43
288.69
306.18
309.95
332.08
335.61
343.65
368.89
371.32
395.54
396.06
413.06
419.74
446.07
460.51
472.31
477.93
480.53
497.45
513.00
542.29
556.42
561.06
569.81
580.01
588.22
601.56
605.06
618.25
631.23
642.33
646.55
664.36
676.03
699.71
718.13
725.01
737.98
741.64
786.46
798.65
824.38
829.80
838.04
857.03
868.42
882.76
892.67
904.28
910.88
928.74
939.14
966.09
968.76
999.03
1003.62
1010.93
1046.05
1066.68
1085.52
1094.07
1111.91
1116.62
1126.66
1153.78
1155.28
1165.18
1176.62
1184.19
1188.60
1210.19
1223.29
1243.06
1247.32
1252.25
1258.08
1262.02
1272.58
1284.12
1293.67
1299.39
1315.10
1328.35
1330.45
1336.47
1338.26
1339.40
1390.92
1426.15
1430.96
1435.61
1436.64
1439.59
1442.87
1447.32
1487.53
1498.47
1511.60
1540.88
1563.51
1591.17
1600.87
1630.03
1767.40
1815.61
1825.49
2720.66
2972.38
3013.41
3020.38
3029.69
3035.91
3059.60
3073.14
3093.17
3095.04
3107.47
3115.12
3129.30
3468.70
3490.77
3510.54
3521.35
3542.02
3615.63
$end
