
$molecule
 O -1.72065963243405 0.88646125721357 -2.69076404329257
 O 2.65474734328439 1.77795093996940 -3.47090666991116
 O -1.25046666204992 0.27979089373575 -0.60597664367283
 O -0.18888893557820 1.15745378797581 1.83834570291490
 O 1.18594836347648 2.78520278964833 2.46676526808132
 O -1.42055985783197 9.44922558443853 -12.12710945586114
 N 0.54861531812906 2.28822516302371 -2.84186564401990
 N 1.68907367839530 6.61800820996566 -7.47521148628166
 N 0.13130257903531 8.71838050245827 -9.84159261214037
 N 2.47634281188945 10.18141208081694 -9.44449209966625
 N 0.11629365465171 11.03079927041879 -12.60774276035164
 N 2.04497941522092 11.44429427776171 -11.33044372442781
 N 1.59686490668649 12.72060194395331 -13.17644946844411
 C 0.54011824081279 1.11241598094799 -1.98297171739133
 C 1.34257106037957 1.35040769955667 -0.69935900608444
 C 0.79381145706385 2.53356581601716 0.11873947971006
 C 1.66697489232074 2.47339207146966 -3.62037684772422
 C 1.59471090845129 3.57390224929136 -4.60602699099240
 C -0.88404504560417 0.71737217399698 -1.67023608291907
 C 1.60625793919507 5.61039319246289 -6.53702473377987
 C 0.51357343750089 7.38723196800454 -7.87042533098721
 C 0.58719697522080 4.54122666097967 -4.62874936902404
 C 2.62167435786845 3.65435621698898 -5.55573606607079
 C 0.58948130831881 5.54829989287809 -5.57609554371821
 C 2.62937986331410 4.64984712787754 -6.50706280009304
 C 0.62880103180856 2.18093262671850 1.59733781214201
 C 0.93211212846716 8.47880050967170 -8.81810054149419
 C 0.48543708218748 9.69978942997912 -10.68163085026326
 C 2.10860817594208 9.21755275879428 -8.62659932524454
 C 1.66597575748999 10.44182520643515 -10.48540789876235
 C -0.38415740327636 9.98969995481342 -11.82235912513569
 C 1.27575384791405 11.69821842158288 -12.34061160876915
 H 1.00139494099799 0.27454961250421 -2.53109024532853
 H 1.31486062300612 0.42935023943774 -0.11088988108177
 H 2.38122353088717 1.53771769754170 -0.97792379685446
 H -0.18518890762518 2.83727932140764 -0.26234391484532
 H 1.46167832491650 3.39351647430854 0.04823042428259
 H -0.34690458150516 2.60702094079930 -3.17784171120369
 H 0.06569070293067 7.83961650953072 -6.97922857972898
 H -0.24007754548568 6.75061605088098 -8.35276695733457
 H -0.20568180495683 4.52801707273501 -3.88798838637639
 H 3.41240175684916 2.91237804144234 -5.53071546822404
 H 2.29012861621616 6.39338797868124 -8.25891147612072
 H -0.20143341117196 6.28795344770660 -5.56072070020027
 H 3.42780613741551 4.70206143256009 -7.23937087938528
 H 2.75901901800756 9.00403275090280 -7.78338314721575
 H -2.61001391288923 0.58980258792571 -2.43261423004165
 H -0.45248528865772 11.28955249237082 -13.40079188200081
 H -0.60485677921310 0.77646359402938 1.03687963355443
 H 1.21249649660918 12.72060586293525 -14.10460163203358
 H 2.53939508541581 13.05812823245609 -13.07446998618107
$end
$temperature
298.15
$end
$mult
 1
$end
$sigma
 1
$end
$pressure
1.00000
$end
$scale
1.00
$end
$msrrho
$end
$freq
6.71
9.72
18.84
20.48
29.45
37.99
48.85
55.91
69.14
71.47
80.63
89.60
119.81
124.75
133.08
135.48
145.71
163.18
170.32
191.90
201.25
221.45
259.73
273.78
299.21
304.75
331.95
338.11
350.33
365.29
371.15
372.61
397.40
404.69
413.26
429.85
455.47
462.87
475.86
476.14
478.97
510.45
530.64
544.17
560.82
577.17
582.07
585.50
591.31
604.45
618.35
630.97
636.69
642.78
652.48
656.16
675.11
678.94
704.47
723.81
734.45
739.22
786.64
805.55
823.37
829.02
838.00
867.76
874.05
890.43
912.68
913.72
930.08
939.33
947.11
968.76
998.18
1007.44
1011.37
1066.94
1079.91
1093.46
1097.84
1106.29
1112.23
1124.80
1140.28
1146.08
1154.23
1161.92
1167.99
1185.14
1195.70
1204.75
1223.12
1239.13
1250.15
1257.59
1260.49
1270.31
1272.46
1276.88
1285.49
1298.21
1304.65
1330.48
1331.63
1337.97
1341.69
1376.28
1387.77
1429.78
1434.01
1439.89
1442.45
1446.06
1451.55
1487.82
1496.24
1511.53
1540.89
1569.08
1593.64
1601.51
1712.56
1766.34
1772.43
1828.84
2932.19
2969.05
3011.94
3020.57
3032.39
3061.15
3071.25
3094.07
3098.83
3102.13
3118.08
3124.59
3371.88
3465.91
3491.10
3509.86
3518.89
3533.88
3614.75
$end
