
$molecule
 O -4.56516258889314 3.57884485283108 -4.27041961681360
 O -8.60142218280413 4.87175759642654 -6.43129256606569
 O -5.33365891302944 5.46845775143735 -3.37802856162393
 O -6.19411472640254 2.43309069237164 -7.52066810815372
 O -5.50916579998812 3.40001610821661 -9.40792447620553
 O -8.06505668438684 14.55876352770232 -2.54732422565292
 N -6.91296006946684 6.02267565581367 -5.45928173967549
 N -11.95254008286832 9.89612108096864 -4.45234518379388
 N -10.00108584869176 12.82690019113986 -3.73988292145072
 N -10.44782117931180 13.20052850853061 -6.47148921894873
 N -7.76262401461315 15.53182510628191 -4.56098458734365
 N -8.89625094177754 14.91208686094913 -6.52341455130652
 N -7.32665320851991 16.57758551055623 -6.58355717254981
 C -6.00166607957514 4.90684735834418 -5.62227692771724
 C -4.99235609810359 5.20726072127301 -6.75195191503833
 C -4.37097366705822 3.93983924010109 -7.35860857200986
 C -8.22612357918638 5.85350459333959 -5.81686524047103
 C -9.14071468339426 6.95560728315282 -5.43140519871443
 C -5.28691350420212 4.70127444515666 -4.30202906032224
 C -11.00020221223977 8.93665012658522 -4.74174060700213
 C -11.61835614817010 11.04209289530553 -3.61819863649410
 C -8.71425430064543 8.21382932685873 -5.00173041420693
 C -10.51583412357406 6.71188545225071 -5.53175853014865
 C -9.62733696849277 9.19659952174977 -4.66489043177120
 C -11.43406300693620 7.68077493905346 -5.18943023032902
 C -5.39638455980731 3.24003807382162 -8.22464294589233
 C -10.86902436952297 12.08725883684616 -4.40778828739006
 C -9.34025122312216 13.76816921713459 -4.42767134550531
 C -11.08707110142074 12.28144714468708 -5.77952819556496
 C -9.56086050283674 13.95971030158484 -5.80465752705716
 C -8.36919084543294 14.59921221235295 -3.71600058393462
 C -8.04146017756187 15.64990225413762 -5.89124102564230
 H -6.58848470583188 4.01352896825282 -5.87211555225110
 H -5.52140571721943 5.75904980300233 -7.53347312256243
 H -4.19796472428049 5.85332374555200 -6.36863096986112
 H -4.02388127639910 3.26726700738770 -6.57319118451737
 H -3.52865224744358 4.22409012881588 -7.99191404974432
 H -6.67939059881074 6.65544711380693 -4.70615740119580
 H -11.02226640136018 10.74805345615889 -2.74517378902168
 H -12.56074960613306 11.47116616242844 -3.26142076955664
 H -7.65638985038685 8.44761686629665 -4.94588197339989
 H -10.84818070336389 5.74000827522069 -5.88042127385169
 H -12.87572387789852 9.52092559652147 -4.28204166225233
 H -9.26916067444621 10.16825961390960 -4.34905088704673
 H -12.49754085747103 7.48106287844247 -5.26617876909816
 H -11.79945833115003 11.65871536653322 -6.31261513746451
 H -4.12976421188599 3.50131089066198 -3.40536788430720
 H -7.06722386749532 16.12265625890449 -4.12905756262078
 H -6.89261699433645 2.08377340191254 -8.09866601079079
 H -6.93111645587274 17.34990001733441 -6.07702148201063
 H -7.69207650614408 16.77747106188256 -7.49978391366935
$end
$temperature
298.15
$end
$mult
 1
$end
$sigma
 1
$end
$pressure
1.00000
$end
$scale
1.00
$end
$msrrho
$end
$freq
5.41
9.19
10.56
14.23
28.01
35.05
41.03
44.30
53.21
57.02
63.66
86.06
100.36
132.49
138.46
148.55
152.10
161.53
189.47
197.78
217.22
233.95
263.25
284.65
301.06
317.56
320.94
339.91
347.90
369.43
370.97
378.54
395.13
397.94
411.42
418.86
453.43
467.23
473.85
477.38
482.95
508.11
533.78
545.00
567.54
573.86
574.98
577.63
582.73
590.89
604.56
618.65
626.80
631.61
644.05
656.48
671.99
703.98
715.06
726.12
734.00
738.75
780.79
791.67
806.43
831.19
833.36
853.28
868.07
888.93
892.90
913.47
914.98
939.33
962.54
991.04
1007.45
1010.28
1027.08
1067.17
1071.37
1085.09
1095.33
1112.69
1114.72
1124.38
1139.22
1144.93
1155.31
1159.38
1173.07
1177.92
1190.40
1199.81
1221.10
1235.28
1252.05
1256.96
1262.13
1269.48
1271.98
1286.21
1286.88
1292.29
1308.42
1326.18
1329.75
1336.10
1339.27
1383.06
1396.78
1427.69
1430.76
1433.90
1434.92
1441.54
1456.52
1488.56
1496.09
1510.49
1540.83
1572.01
1594.29
1602.72
1715.66
1765.26
1801.55
1817.77
2974.99
2998.82
3015.06
3022.00
3041.03
3049.14
3081.24
3096.05
3100.23
3103.45
3116.99
3133.17
3481.23
3489.07
3491.90
3508.45
3543.52
3545.12
3612.90
$end
