
$molecule
 O 1.32181330058561 -6.02260784211065 -5.85935821772637
 O -0.14489193664182 -6.07381337924696 -9.27018747078363
 O 2.49060546669431 -4.82868950039092 -7.33312873701518
 O -3.81028101856314 -5.41413365684784 -5.88494631297982
 O -2.97302614215469 -6.57539602262635 -4.18025463179017
 O 4.13928463999885 -1.16818930611785 -11.27928977271358
 N 0.19115052590039 -3.94697719495013 -8.52171271781730
 N 1.72608969120662 -3.26900907049130 -14.70069276827509
 N 4.03272367711440 -2.96462487810535 -13.48894987613822
 N 6.25411739423499 -4.60889858454026 -13.84453319866506
 N 6.18533044522732 -1.98380827987674 -10.77606868714108
 N 7.28356392046257 -3.66637332622066 -11.99918903903458
 N 8.26528657916836 -2.77755207924968 -10.13321414960962
 C 0.13700677228491 -4.36993161004064 -7.12780712755505
 C -1.13112136157410 -5.17325326608900 -6.81391475149666
 C -1.53461663390287 -5.02950768855251 -5.34144636625351
 C 0.17851893350789 -4.92593098757322 -9.49952416759855
 C 0.55131899249128 -4.44959128057941 -10.85173933576223
 C 1.44323050064972 -5.09670329102847 -6.81097943996329
 C 1.34421896710836 -3.69641650404928 -13.42826352004233
 C 2.84196774905713 -3.96216922009630 -15.33176302898153
 C 0.89915593280608 -5.41276331034909 -11.80365025322832
 C 0.56423951963089 -3.10173918394227 -11.22214307333090
 C 1.29399345586974 -5.04841504825596 -13.07576741185732
 C 0.94781436888861 -2.73128489799806 -12.49526753014589
 C -2.82145974923218 -5.76940361907866 -5.05540715678346
 C 4.07454296403847 -3.86308980010623 -14.45817972416371
 C 5.08454349667931 -2.88884595302260 -12.66638338005212
 C 5.20077096276484 -4.67961462274035 -14.63292690071816
 C 6.20665370611290 -3.72081291070836 -12.83636945167503
 C 5.03120698342277 -1.93550564163845 -11.55884505364142
 C 7.23543595545547 -2.82180744689415 -11.01893584038513
 H 0.14822551697672 -3.45060147432151 -6.52453124801695
 H -1.93961697679227 -4.80568325154932 -7.44974687236278
 H -0.97173860119793 -6.22692269711299 -7.04908574150193
 H -1.70308107266015 -3.97527340390577 -5.10092942117146
 H -0.75935938343429 -5.41929729364852 -4.67992362821980
 H 0.85836641958808 -3.20250902425349 -8.67614805942655
 H 3.02539196413166 -3.48466680908286 -16.30023466237833
 H 2.58378796801303 -5.00757944354082 -15.51929440156571
 H 0.86619547330220 -6.45949993514857 -11.52089225587172
 H 0.26274008282238 -2.33460771052055 -10.51708081460352
 H 1.91712809648807 -2.27010203053254 -14.68545868794726
 H 1.56676255853780 -5.81544931839238 -13.79085841489852
 H 0.97055843098713 -1.68308208264929 -12.77211777428800
 H 5.23612499137014 -5.40768310851547 -15.43835646561860
 H 2.18002382380723 -6.45604716255212 -5.72160046121731
 H 6.19454149358743 -1.37282684104860 -9.97240132072924
 H -4.60689284722003 -5.92308426436771 -5.66290797451262
 H 8.39227630319874 -1.94640533169132 -9.58374865062318
 H 9.09671169920091 -3.25439041361540 -10.43927405171315
$end
$temperature
298.15
$end
$mult
 1
$end
$sigma
 1
$end
$pressure
1.00000
$end
$scale
1.00
$end
$msrrho
$end
$freq
4.0
6.57
12.62
17.72
20.06
23.24
34.04
46.76
49.00
57.65
69.53
78.36
103.54
115.85
129.16
136.27
141.17
162.75
187.55
207.93
226.47
235.49
262.82
275.40
307.78
321.20
325.43
341.48
348.29
364.71
370.10
382.20
395.86
402.56
424.38
439.28
447.72
470.13
476.83
502.82
505.61
516.37
530.48
531.86
561.27
568.18
572.85
594.51
600.05
602.13
610.72
616.78
631.97
640.49
653.18
667.99
689.66
693.36
708.89
726.44
736.66
758.25
775.97
799.50
807.98
830.70
844.58
851.66
862.23
888.16
895.15
907.10
912.51
949.35
967.55
991.62
1009.07
1010.71
1026.76
1067.01
1070.59
1084.34
1086.09
1112.89
1114.37
1124.68
1135.86
1154.74
1157.64
1164.67
1178.80
1180.89
1202.00
1219.71
1225.70
1239.57
1254.04
1256.70
1260.13
1271.57
1275.74
1281.35
1288.81
1290.70
1292.73
1320.44
1330.49
1340.10
1346.37
1389.54
1397.53
1427.34
1431.99
1439.95
1440.69
1444.21
1452.51
1486.55
1490.23
1507.67
1538.89
1575.52
1592.14
1600.79
1730.79
1760.38
1805.13
1818.18
2966.69
3007.27
3011.13
3038.96
3044.41
3069.79
3080.63
3088.53
3100.83
3109.22
3112.62
3120.48
3430.25
3483.78
3491.97
3511.67
3546.72
3555.52
3616.89
$end
