
$molecule
 O 2.27138762504876 -1.18290474066334 1.13359019789425
 O 5.60104437239043 2.52496074504034 2.30524775014871
 O 4.48287349941048 -1.42715190051397 1.27236376819353
 O 3.54768146113959 -1.73248018818863 -3.61140246720314
 O 2.17940741509359 -0.11520918560835 -4.28166244840292
 O 3.65471701262192 7.26908667423476 -2.18310762314513
 N 4.78448352159411 1.24371089317056 0.64828422441535
 N 0.42648953449204 6.01221954569812 0.96025271732751
 N 2.22279862333008 7.76748519925608 0.22667851249411
 N 3.23320850305502 9.78352441598400 1.86412603146180
 N 5.11012067432085 8.89688299914210 -1.60078749642327
 N 4.95087701673864 10.17913956702911 0.36476829243260
 N 6.63933554505690 10.57348825277947 -1.12927357322144
 C 3.61005800733731 0.53660833171576 0.17761999258558
 C 3.76076608396931 0.23394697932222 -1.32683518429583
 C 2.48825755037707 -0.38225635985123 -1.91927038297084
 C 4.71915140545417 2.33742712011416 1.49563781896792
 C 3.57402116110331 3.26565037751412 1.32107246329668
 C 3.52933555173345 -0.78477191033967 0.93195381082351
 C 1.49480798233166 5.12761689619423 1.11075336549755
 C 0.44771287089812 7.23127494879348 1.76029186464400
 C 3.06495651302357 3.89750900487544 2.45826273569563
 C 3.04340547231210 3.59507259192744 0.07062498382030
 C 2.02561435018545 4.80287225506351 2.36295568130364
 C 2.01726077992366 4.51370712492854 -0.03326533982155
 C 2.70323885925769 -0.71178684071808 -3.39183800923233
 C 1.65336861379692 8.06459356834146 1.38282632479363
 C 3.31402031768388 8.45682493537377 -0.12259563685219
 C 2.16690368546936 9.08418822910751 2.19623064172580
 C 3.83126539061458 9.47405568878974 0.70066141556826
 C 3.97630983173361 8.11372998712297 -1.38044003657199
 C 5.54209743623986 9.86846644385943 -0.74447375758186
 H 2.70724561981415 1.12837207569443 0.35891527362756
 H 3.98925425208189 1.17100115464826 -1.84036700290019
 H 4.61176915072304 -0.44002880256644 -1.46542313041990
 H 1.65780162348977 0.32263898233350 -1.84420327859595
 H 2.22135765799287 -1.29606584802190 -1.38258181071421
 H 5.53857372630045 0.61625731543969 0.91454021581832
 H 0.45588883098139 6.99051612804726 2.82585969328538
 H -0.47373944212689 7.78435760931745 1.54842739693100
 H 3.49344061095330 3.65864386752979 3.42554052750897
 H 3.47126566926404 3.16701291317760 -0.82921855716836
 H 0.32523020055507 6.26501513587997 -0.02056555748303
 H 1.63523656319452 5.26235372798951 3.26325758924967
 H 1.63138522612604 4.78894101110796 -1.00838086827834
 H 1.69177293769024 9.32907038845545 3.14188997170543
 H 2.27071403380187 -2.02519377367341 1.61898401552652
 H 5.60839394284529 8.71329358391501 -2.45949824750145
 H 3.89587286823369 -2.14091357636843 -2.80824401885626
 H 7.27689356250302 10.14606978446727 -1.77775949942783
 H 7.04685529785280 11.13085967314295 -0.39686334966039
$end
$temperature
298.15
$end
$mult
 1
$end
$sigma
 1
$end
$pressure
1.00000
$end
$scale
1.00
$end
$msrrho
$end
$freq
7.14
7.68
13.19
14.15
22.79
30.73
32.63
43.43
46.37
53.33
68.82
81.86
97.15
108.75
129.95
136.76
141.04
156.61
169.65
190.95
220.83
242.44
262.51
283.61
296.10
311.62
331.09
342.69
351.02
370.11
376.53
382.09
396.35
409.98
415.72
424.53
442.15
452.87
474.06
482.70
505.44
514.31
527.38
558.17
569.39
575.72
592.70
600.59
602.53
608.56
619.12
629.01
638.06
643.48
668.27
690.72
693.21
704.44
717.65
736.86
740.20
747.18
768.76
774.61
804.25
831.71
835.01
851.74
863.73
873.01
898.59
912.50
913.82
949.51
968.28
1003.53
1005.52
1010.10
1038.64
1060.55
1068.16
1084.36
1085.12
1108.11
1114.44
1117.70
1127.35
1142.33
1157.39
1157.71
1162.67
1176.56
1200.76
1204.29
1218.28
1232.79
1245.30
1250.40
1256.82
1269.49
1271.07
1276.48
1281.99
1289.27
1299.45
1320.33
1326.10
1329.94
1340.29
1392.36
1396.47
1427.64
1439.15
1439.52
1440.86
1444.30
1458.65
1487.76
1489.24
1507.36
1539.42
1573.38
1591.42
1600.57
1736.93
1762.64
1815.51
1843.24
3006.36
3015.29
3024.94
3027.97
3044.92
3047.50
3064.49
3088.84
3104.53
3109.34
3115.76
3120.84
3422.64
3426.36
3491.27
3507.54
3534.49
3611.79
3615.29
$end
