
$molecule
 O 5.58724968872869 -2.85432408898686 -1.78778523448609
 O 6.86936639589951 -6.11215398479160 -0.16207372426989
 O 3.44746553423701 -2.39078005471075 -1.39330004652915
 O 2.65327871833665 -3.23188040956879 2.58980851841999
 O 1.64904305965963 -1.27081567425777 2.88703839397270
 O -4.04328786571260 -10.71817098324113 1.89168451979512
 N 5.93950900903092 -4.16110203937075 0.45250535405876
 N 1.74829689115324 -8.48011425805933 2.80141215026230
 N -1.30894619677995 -10.22656122220019 2.56283243381129
 N -0.49666025715584 -11.11288826295020 5.08307124253133
 N -4.31494860636261 -11.69376498834525 3.90851407641515
 N -2.61692546109537 -11.92272868675016 5.51657574042208
 N -4.70688876682030 -12.76088979914941 5.92816855922533
 C 4.73431391723595 -3.35838115996023 0.39307073041015
 C 4.87217605393477 -2.16705408079471 1.36608505890414
 C 3.60209506581210 -1.32375799431215 1.50032559179564
 C 5.94152522751976 -5.54130649768453 0.37020076999737
 C 4.81265429241170 -6.26569861255586 1.00836611833328
 C 4.50201120371730 -2.82925798188865 -1.01717371172157
 C 2.74500363633934 -7.76059791623656 2.16400451884493
 C 0.88855531655312 -9.38581035955449 2.04421099550146
 C 4.36145401546904 -7.44267294236653 0.40763155552053
 C 4.24859577538700 -5.86906243145876 2.22313290922626
 C 3.33401723841531 -8.17910553743154 0.96548477923807
 C 3.23064203283965 -6.60715952686362 2.79539909208108
 C 2.53529077780975 -1.91053206219369 2.39420752475743
 C -0.06813772205266 -10.06300358059177 2.98722809437203
 C -2.16429364710207 -10.84394224567432 3.38837328448281
 C 0.33110335374756 -10.51076014000617 4.25490042530107
 C -1.75990620755881 -11.29386366602302 4.65971214678642
 C -3.54377247884502 -11.04281236663785 2.94243962347647
 C -3.83740255252497 -12.09616090209395 5.12130603869822
 H 3.86745005497917 -3.96682954099984 0.66830036743888
 H 5.15759355418296 -2.56914873889598 2.34156180892055
 H 5.69010919939214 -1.52995577233216 1.01769807345685
 H 3.13420827439604 -1.16350300846638 0.52393504295426
 H 3.84594491361230 -0.33656803491728 1.90008784453237
 H 6.71071300999970 -3.76990118591791 -0.07815964589011
 H 1.51015458155135 -10.14587816824669 1.55904670472317
 H 0.32427225772206 -8.85167475456696 1.26813849717165
 H 4.82492533482016 -7.76959571501269 -0.51675633395395
 H 4.62892027670761 -4.99333688587815 2.73678474848887
 H 1.22535964553050 -7.92634095053381 3.46991447025946
 H 2.99872501575214 -9.08195266302025 0.47055695442147
 H 2.80279132797883 -6.29900214252589 3.74374817579553
 H 1.35337536653141 -10.36385750001585 4.59114009917701
 H 5.36594802935968 -2.50834126347057 -2.66841766614135
 H -5.27318581176968 -11.87722298089681 3.64880256844454
 H 1.92009550391498 -3.52826963661969 3.15370117358255
 H -5.69174611573020 -12.61706915801945 5.79132948978958
 H -4.39129886113788 -12.86450844291924 6.87813209719103
$end
$temperature
298.15
$end
$mult
 1
$end
$sigma
 1
$end
$pressure
1.00000
$end
$scale
1.00
$end
$msrrho
$end
$freq
7.22
10.96
12.83
18.11
23.71
28.44
33.93
47.80
59.30
66.20
72.75
83.81
102.74
118.18
133.46
136.84
147.84
168.28
185.04
191.95
199.50
235.73
258.07
283.31
292.72
301.20
319.96
328.92
342.55
368.69
373.91
382.63
397.92
419.57
442.14
453.35
462.73
467.36
477.40
479.19
511.49
534.53
541.64
548.55
567.02
570.40
577.40
584.47
588.33
598.51
608.58
617.66
621.31
640.48
648.84
662.00
675.60
705.26
713.93
720.49
737.99
744.37
754.30
790.40
802.95
831.54
838.31
855.40
864.10
870.54
883.96
899.35
920.23
940.02
969.62
976.57
1004.41
1011.65
1032.14
1067.18
1094.02
1100.58
1107.33
1112.10
1117.86
1126.05
1139.15
1146.09
1154.46
1160.15
1165.53
1184.89
1191.05
1222.92
1240.96
1249.61
1257.20
1259.37
1265.28
1270.48
1278.81
1281.34
1290.23
1299.94
1319.49
1325.68
1331.40
1333.98
1337.67
1385.26
1396.92
1415.13
1429.28
1432.61
1440.54
1442.31
1460.32
1488.21
1493.94
1511.44
1541.07
1570.26
1594.24
1601.89
1734.55
1766.58
1797.90
1814.11
2968.45
3012.07
3019.33
3021.74
3038.40
3049.75
3049.85
3094.01
3096.32
3112.43
3117.32
3127.39
3455.28
3459.25
3491.46
3509.37
3543.90
3548.72
3614.02
$end
