
$molecule
 O 4.06811797804567 -3.78795892634690 -7.21751642833847
 O 5.15031612694548 -7.64020790027668 -8.02792053320196
 O 1.96586651091684 -3.58369437800397 -6.52100352107292
 O 0.03511597108280 -5.33596334354167 -5.38382656507735
 O 0.40830483668128 -6.80779867520143 -3.77140024717544
 O -1.43851449548229 -6.41157621962428 -12.71144738831516
 N 4.29213861444106 -6.31407236639222 -6.42676476372078
 N -0.98657858085895 -9.58461868895329 -7.33299457575510
 N -1.57942245796965 -7.34905031516855 -10.01269839473294
 N -1.12684555310911 -5.43294262381552 -8.03706420732502
 N -0.94442066057501 -4.35616648933776 -11.92147998915435
 N -0.76540265207770 -3.81125052789811 -9.64343496629668
 N -0.37541933426480 -2.21410586754913 -11.23815049226329
 C 3.12887483488373 -5.59730580046254 -5.95553918404311
 C 3.16739447798539 -5.45174885148445 -4.41839361533202
 C 1.85360755219821 -4.90436319362760 -3.84473954244822
 C 4.21299471988251 -7.38245852511989 -7.30752594253688
 C 2.92850017494781 -8.13074342045453 -7.29013141407093
 C 2.98535547374537 -4.22985856400570 -6.59623755063100
 C 0.34035496184526 -9.17400873558080 -7.34824066063310
 C -1.86631354162031 -9.11647347927884 -8.40031358956942
 C 2.31248650844575 -8.42361554338727 -8.50809091857208
 C 2.27994598418557 -8.48086391756968 -6.10125025320155
 C 1.03091113042545 -8.94013391914226 -8.54266291802102
 C 1.00260165519732 -9.00353819918109 -6.12728062218923
 C 0.69036253279672 -5.77541639792663 -4.31246004627174
 C -1.62809251892768 -7.65878979865971 -8.72838327583290
 C -1.31427130341837 -6.07504009252794 -10.33231828314974
 C -1.41098948844431 -6.68468155446994 -7.74158339399621
 C -1.06986747897130 -5.10851097141004 -9.33960697297551
 C -1.25520271171876 -5.70775144308886 -11.74680893978045
 C -0.71838953116117 -3.48724001946643 -10.89485759812331
 H 2.23197030138699 -6.16424994634552 -6.23124958991319
 H 3.35527791095493 -6.44479926732633 -4.00258846072148
 H 3.99926922957982 -4.80323343052691 -4.13211822769634
 H 1.70344867263270 -3.86458637877330 -4.13825152121890
 H 1.89793128304067 -4.96192674252981 -2.75544194533013
 H 5.11495752126140 -5.74590912640427 -6.58725016032790
 H -2.89639514939192 -9.27097308433618 -8.06398310492745
 H -1.71070610321328 -9.71092512482096 -9.30552966591060
 H 2.83480993357732 -8.19853000291433 -9.43125770000797
 H 2.77928454329676 -8.33392902790887 -5.14988973651697
 H -1.40477902010832 -9.48355873685882 -6.41495404424881
 H 0.55410727251616 -9.12498524852009 -9.49702018733500
 H 0.49116069183847 -9.23007196337939 -5.19873227158516
 H -1.45272765748822 -6.94180776910252 -6.68773502944833
 H 3.89151863665837 -2.91551126186731 -7.60794231298797
 H -0.86991821388453 -4.04761591962055 -12.87982368689546
 H 0.41317405011356 -4.54132462793264 -5.81458566890390
 H -0.42882442034662 -1.56071168250239 -10.47405370636043
 H -0.66992721856017 -1.87399490933759 -12.13696818570692
$end
$temperature
298.15
$end
$mult
 1
$end
$sigma
 1
$end
$pressure
1.00000
$end
$scale
1.00
$end
$msrrho
$end
$freq
5.64
16.64
19.80
34.05
47.20
48.91
53.81
57.90
71.78
77.78
86.29
121.04
125.22
130.15
133.86
145.01
157.81
176.19
182.98
211.62
225.24
228.79
258.51
294.29
301.78
312.18
341.21
344.48
357.32
374.29
376.41
381.68
397.38
402.48
443.28
449.56
453.67
476.86
486.73
511.65
522.70
534.54
559.52
565.19
576.23
578.88
583.10
586.18
599.81
603.58
621.24
632.03
642.67
649.29
658.60
675.64
691.33
710.09
711.40
722.35
726.36
735.25
739.87
795.62
801.59
830.99
833.75
838.41
871.26
876.95
899.05
900.54
916.34
937.92
963.26
998.03
1002.88
1007.99
1011.74
1067.28
1079.73
1081.07
1087.12
1109.56
1112.24
1114.58
1122.45
1145.01
1155.45
1158.18
1159.87
1182.63
1183.52
1224.12
1240.29
1248.78
1253.69
1256.09
1260.64
1267.47
1273.76
1281.37
1292.46
1295.52
1307.80
1322.12
1323.86
1328.77
1338.38
1380.56
1388.42
1426.91
1429.23
1440.90
1443.34
1444.35
1455.03
1488.41
1490.16
1508.03
1537.56
1570.50
1591.54
1603.16
1751.01
1761.26
1766.48
1809.15
3009.19
3011.97
3026.04
3035.41
3038.05
3052.25
3074.52
3102.73
3105.48
3113.42
3117.28
3131.12
3383.23
3458.38
3472.35
3492.12
3504.92
3538.93
3608.46
$end
