
$molecule
 O 3.72017314318391 -0.46213272773037 -1.84681021864668
 O 6.66595138866247 -2.80741917534517 -2.07513794079427
 O 4.10844855377496 1.63217498185391 -1.19951962969302
 O 6.60432381886329 4.22666397719749 1.46755752161456
 O 8.18532040276062 2.78733885892270 0.83719595901008
 O 6.08245565304967 6.19212170255278 -4.43880688099290
 N 5.78885520781715 -1.44134156060949 -0.53954630585237
 N 9.47547024904982 2.79099603565757 -3.64720717293049
 N 8.18800699020058 5.05042736815231 -2.87889350947805
 N 8.12888094532055 5.62213079422557 -0.15101058664338
 N 5.23109445971574 7.08394521951931 -2.54700486521848
 N 6.19336369968548 6.84854212117335 -0.41566883966825
 N 4.22906080426800 7.99324563287115 -0.66696007221012
 C 5.28860545280162 -0.15953153468045 -0.07898701109824
 C 6.41273602829895 0.81809526242961 0.28360142338581
 C 5.97304098352289 1.94788893461813 1.21923007950528
 C 6.57138821502689 -1.68032459506385 -1.64557711846085
 C 7.33644114846325 -0.51357770383532 -2.20139836863104
 C 4.32657168663009 0.45529864605649 -1.09652650580876
 C 8.77347083825188 1.69235905149089 -3.14057794913770
 C 10.14182003902148 3.66601484602905 -2.68341245140169
 C 8.63953502819741 -0.28032622048150 -1.76231764309715
 C 6.78114589019424 0.32782956000903 -3.16271874855962
 C 9.35353763380628 0.81186922736861 -2.22414235413220
 C 7.49308137980781 1.42025456474084 -3.63002830906620
 C 7.04750583907138 3.02083918991636 1.16842097572522
 C 9.11250433625373 4.57752287808591 -2.05598660731513
 C 7.22964212557784 5.82303570052679 -2.35879179212491
 C 9.08086418573642 4.87767613066406 -0.68895811331673
 C 7.18626043891881 6.10633835187517 -0.98170533718782
 C 6.18551302035058 6.33934087105685 -3.24469475925696
 C 5.26469402154453 7.29846276868844 -1.20061567222065
 H 4.68613643291500 -0.36894668274870 0.81626955899890
 H 7.23250793411994 0.26168783547901 0.74378420783967
 H 6.79692676552166 1.27550969653326 -0.62955115004133
 H 5.86140553401698 1.59750938712009 2.24835984384286
 H 5.02666262235832 2.38960064402799 0.90295337347584
 H 5.20139534074409 -2.23448354122598 -0.31865224488018
 H 10.88108929709691 4.26441728676005 -3.22733626529959
 H 10.66292071054064 3.07871054532389 -1.92632803257706
 H 9.09165337386244 -0.95434321373377 -1.04340119486493
 H 5.78267376003829 0.13399998865207 -3.53829390622558
 H 8.86756863775365 3.36600215654593 -4.23008687943296
 H 10.36450856057702 0.97412898623218 -1.86972236261890
 H 7.05016829635074 2.07950744279528 -4.36831425786856
 H 9.83279095842655 4.48094098654885 -0.01570824190290
 H 3.12070575429983 -0.02562268302633 -2.47454907478993
 H 4.46588318846546 7.43818246243190 -3.10236736443972
 H 7.27684285845160 4.90427241029894 1.14935493396416
 H 3.68172382104862 8.58752002698398 -1.26314544512537
 H 4.36740854570214 8.29209910716214 0.28341330560126
$end
$temperature
298.15
$end
$mult
 1
$end
$sigma
 1
$end
$pressure
1.00000
$end
$scale
1.00
$end
$msrrho
$end
$freq
8.11
21.65
23.57
30.17
34.12
40.55
44.01
62.37
66.71
82.71
95.64
109.64
123.79
133.74
138.24
149.73
167.00
168.81
188.31
212.47
230.34
242.03
266.03
280.35
295.76
309.18
316.22
342.04
355.05
363.59
370.23
393.72
401.71
411.08
429.54
452.62
466.56
476.53
482.02
495.04
517.43
523.18
524.48
553.84
557.47
567.71
575.98
595.40
596.79
599.29
617.86
639.40
643.38
658.91
676.03
688.88
698.97
702.30
710.11
734.46
758.70
761.64
781.92
785.85
811.85
833.44
840.88
847.57
856.89
880.30
892.08
909.75
915.91
944.23
969.20
992.28
1008.44
1009.94
1027.71
1066.28
1072.24
1081.58
1102.67
1111.38
1113.57
1126.38
1143.06
1155.58
1159.09
1170.37
1181.68
1196.03
1215.72
1217.08
1229.69
1246.03
1257.17
1262.30
1262.88
1266.73
1274.02
1288.55
1292.61
1299.59
1307.18
1314.67
1324.98
1344.64
1359.38
1384.86
1387.37
1422.26
1426.81
1431.69
1441.83
1444.74
1458.36
1485.42
1488.30
1500.61
1542.09
1573.18
1594.78
1598.03
1752.84
1767.48
1769.32
1803.30
2924.18
2971.32
3002.29
3025.04
3043.64
3067.12
3068.15
3081.71
3104.41
3108.54
3113.19
3117.11
3120.48
3396.34
3481.75
3491.09
3514.83
3546.29
3621.07
$end
