
$molecule
 O -4.27733394085184 1.39804864396498 -5.53490182747453
 O 0.24634530433019 -0.48769221934059 -4.93642530496212
 O -3.43181460308230 0.64757563010447 -7.45298372333677
 O 0.24289583925070 1.78639228266828 -1.96726370522431
 O -1.87582769792435 1.38301586144728 -2.52185632194418
 O -0.59581246548734 -2.92019442710163 -12.68341162332423
 N -0.93415077711677 0.56652723423696 -6.54850294771206
 N 3.35636761954384 -2.70333209569050 -10.05001090249405
 N 1.40857011571934 -4.17324792681989 -11.08988493539566
 N 0.78127930532351 -6.70191061623779 -10.09642491191511
 N -1.91900773399711 -4.72058294397432 -12.35210782061883
 N -1.29594702625670 -6.61714693187577 -11.10966655209223
 N -3.34396061850300 -6.53496578881625 -12.12894086578160
 C -1.93549324355404 1.02436071190018 -5.60213642985254
 C -1.62042575142459 2.44334968855986 -5.09266999428718
 C -0.42968977353279 2.44624165365605 -4.13355939865267
 C 0.05319953739987 -0.27750200518989 -6.12253697492864
 C 0.88929342542105 -0.88263125226500 -7.18741169902103
 C -3.27414329399273 0.99165947868666 -6.31114058581033
 C 2.52858660346319 -2.14394054435502 -9.08009504282230
 C 3.56454458582589 -4.14623593099876 -10.02718849671503
 C 1.71853020313603 -1.94810676947928 -6.82314346953527
 C 0.91330048542418 -0.43824152668800 -8.51234849204650
 C 2.52681828263613 -2.57594097475448 -7.74978045115915
 C 1.72476348094768 -1.05630085853601 -9.44330763662829
 C -0.78935927447286 1.80726841958362 -2.81229973053546
 C 2.25867333882456 -4.84612856876404 -10.33087242620851
 C 0.23052962971230 -4.74684927791919 -11.35773777875065
 C 1.93442124344965 -6.11767893237531 -9.83966190831958
 C -0.09341157947219 -6.02186972300620 -10.85686677187931
 C -0.72984397745724 -4.01046536123211 -12.17949387383553
 C -2.15006365791202 -5.95845957565764 -11.82541965884489
 H -1.97096713070105 0.33524148260003 -4.74662874978597
 H -1.40776172863605 3.08939862782029 -5.94808520593697
 H -2.50184194405850 2.82899285702318 -4.57347608195913
 H -0.10465082535316 3.47023377678788 -3.93113904726533
 H 0.42290095718993 1.90535250367559 -4.54962454380003
 H -1.25436292900203 0.51631803804595 -7.50666248594704
 H 3.97054272104705 -4.46273347970999 -9.06439204076168
 H 4.30321938929543 -4.38520938249767 -10.80018859156433
 H 1.71427162974539 -2.28004790767146 -5.79034311935511
 H 0.30613676183039 0.40512131368116 -8.82336004854420
 H 3.04751701350830 -2.42809128052286 -10.97992265625790
 H 3.15872732031126 -3.39768840291931 -7.43448729767447
 H 1.73588133807503 -0.70710584730428 -10.46997736611200
 H 2.63713465072239 -6.66591822454469 -9.21873731032728
 H -5.11165283109787 1.34867458645530 -6.02921392887430
 H -2.62002516721795 -4.26690048200797 -12.91962569125949
 H -0.02557998966315 1.33371263937993 -1.15136089742945
 H -4.11173120993483 -5.93632883918115 -12.37769763024372
 H -3.56423761137778 -7.34148433297960 -11.56842904487626
$end
$temperature
298.15
$end
$mult
 1
$end
$sigma
 1
$end
$pressure
1.00000
$end
$scale
1.00
$end
$msrrho
$end
$freq
1.49
5.46
10.46
15.35
25.62
30.11
43.97
51.31
51.99
58.92
74.50
90.16
99.48
127.98
133.95
136.91
153.52
166.90
205.10
221.66
235.10
250.39
274.41
281.53
303.97
312.87
331.33
342.95
354.25
369.61
374.89
390.59
398.07
404.01
421.51
450.00
468.67
474.42
475.37
483.80
490.54
508.46
518.99
539.52
559.86
561.35
574.68
588.58
599.55
608.52
619.23
619.92
626.46
638.20
639.91
647.41
670.76
692.87
705.13
710.35
736.60
747.66
792.05
801.79
820.88
830.64
848.40
852.02
864.02
880.80
894.16
912.65
939.32
947.92
966.45
970.85
1006.77
1010.22
1010.97
1068.34
1086.44
1087.74
1100.59
1114.36
1122.22
1131.80
1139.02
1143.15
1157.00
1160.26
1169.16
1174.06
1179.33
1197.09
1209.88
1230.84
1242.95
1256.36
1259.39
1269.95
1272.61
1282.55
1291.30
1299.61
1319.99
1330.26
1330.35
1339.41
1339.66
1392.45
1401.84
1412.48
1427.91
1439.86
1441.29
1446.12
1446.26
1488.46
1492.27
1505.70
1539.61
1573.87
1592.92
1601.47
1704.81
1763.88
1798.23
1804.83
2978.54
3004.53
3024.62
3026.80
3052.99
3055.33
3061.29
3088.97
3099.85
3109.14
3111.70
3120.48
3422.87
3473.89
3491.43
3507.49
3553.62
3556.90
3611.72
$end
