
$molecule
 O 5.15593266688827 0.24976024744414 1.60594303291560
 O 6.95747770912491 0.56701629819256 6.27911453003780
 O 3.52076735692649 -0.03233555521412 3.08812309521526
 O 9.82917143506521 0.54607121608004 2.91882583632040
 O 7.89372039335757 0.40178235454723 1.85447949626344
 O 2.88997238804214 -0.84589461249750 17.28623679604529
 N 5.10616615452377 -0.12142150596202 5.19528699425085
 N 2.88820075607292 0.60477111052705 11.18472751172144
 N 2.69759751613619 0.34876947543545 14.69673698480061
 N 0.44153500703209 1.93355485098625 14.25308125952647
 N 0.93594855290024 0.14054039383438 17.83584756827807
 N -0.31071422541252 1.51877085531693 16.39793588401299
 N -1.03567171968533 1.13821114833621 18.53545311023321
 C 5.77096423901202 -0.03994423144817 3.90952199723045
 C 6.67868052730169 -1.27054600082134 3.67449014410173
 C 8.15571032728870 -0.91084638765276 3.84561359437096
 C 5.76657457350344 0.28137194757863 6.31267058007637
 C 4.97557445059826 0.33117423757656 7.56505465270098
 C 4.68805143432029 0.06179171994897 2.82820122770887
 C 3.62580905072247 0.49976116748234 10.02099547681459
 C 3.54365351898187 0.76615249996861 12.47897735422170
 C 5.58232904556114 0.91352206744642 8.68302154962701
 C 3.67734840418165 -0.17126385381309 7.69759846210152
 C 4.92442572275482 1.00638453113616 9.89279921637686
 C 3.01296941945597 -0.08800294210079 8.90459119368062
 C 8.59339815674152 0.06922670556596 2.77867567463631
 C 2.49581318496445 0.95804093588914 13.54162864697038
 C 1.77755601347033 0.52704244120393 15.65402211792180
 C 1.35922266620337 1.75115321250619 13.32687417523878
 C 0.63906100667286 1.32626007363515 15.43629244059476
 C 1.97603511423707 -0.13375550281196 16.94443179835480
 C -0.13478303818872 0.93170403995030 17.53822116219069
 H 6.37742692728679 0.87592883581864 3.88479801302780
 H 6.40507937331179 -2.05101699923783 4.38753242366043
 H 6.52125734042787 -1.66527914653207 2.66670966895399
 H 8.78153914550229 -1.80390746647012 3.76364734571776
 H 8.32820862949405 -0.46779471624734 4.83072458016295
 H 4.09802470998006 -0.18703312121031 5.15465511104959
 H 4.18635759686778 1.65221052413870 12.44628799991600
 H 4.16490095845474 -0.10464102806320 12.72732739075977
 H 6.59113135595484 1.29991684274732 8.58347104700153
 H 3.17820678941379 -0.64673901782611 6.86025031808787
 H 2.10832557643844 -0.04074690879255 11.22495817499251
 H 5.42271089546019 1.47090612873919 10.73461415263328
 H 2.00637914962131 -0.48169876708235 8.99791425560296
 H 1.20514658967469 2.23980308175380 12.36920651883670
 H 6.13741716433071 0.34343828002605 1.56359066831264
 H 1.02783142380104 -0.27346317321235 18.75207776643966
 H 10.27340843310768 0.25137806308929 3.72570526817724
 H -1.09400654655901 0.46104188629074 19.27530252762772
 H -1.90065132134864 1.55254176381855 18.23060120449611
$end
$temperature
298.15
$end
$mult
 1
$end
$sigma
 1
$end
$pressure
1.00000
$end
$scale
1.00
$end
$msrrho
$end
$freq
7.09
9.36
16.11
26.84
30.78
33.97
47.13
60.70
71.15
80.73
90.04
91.02
105.89
126.96
133.28
144.08
160.26
170.87
187.01
193.35
226.76
242.22
271.41
290.34
300.29
305.81
328.12
341.36
342.55
368.35
371.31
388.83
393.30
406.17
422.42
443.00
468.40
470.04
470.54
479.32
480.47
498.65
513.15
536.69
544.26
557.74
570.49
583.59
590.01
605.08
618.51
625.92
629.52
636.35
640.42
654.97
675.53
699.31
703.29
719.98
724.48
739.20
789.09
818.37
826.02
837.79
838.47
867.73
871.20
891.59
892.88
911.90
930.25
939.60
969.09
985.40
1006.02
1011.28
1013.06
1066.51
1067.17
1088.62
1094.81
1098.22
1112.15
1121.72
1133.34
1136.40
1154.42
1158.52
1171.76
1183.85
1196.30
1205.22
1222.79
1234.93
1245.03
1252.39
1257.30
1272.53
1278.40
1284.62
1296.33
1303.30
1326.35
1329.28
1336.19
1336.33
1337.69
1386.80
1398.99
1401.83
1429.85
1434.88
1439.58
1442.21
1454.41
1488.19
1496.78
1511.73
1540.96
1569.40
1593.93
1602.00
1682.02
1766.15
1776.11
1817.25
2968.96
2975.76
3012.88
3013.44
3024.59
3041.88
3058.20
3094.24
3097.69
3110.28
3111.65
3126.03
3257.68
3462.22
3472.21
3491.48
3509.27
3603.36
3613.92
$end
