
$molecule
 O 1.26453135441809 0.60947366409309 -2.99457367490226
 O 3.78031702336872 0.75911691079037 -3.59272360434236
 O -0.36516908136907 1.95164053664356 -3.69972301929559
 O 2.04592161593798 4.56945626190323 -1.50538136994429
 O 2.31291794600864 6.44004147861862 -2.68343614332772
 O 9.38751936355652 -5.74680840126177 -5.58523562291516
 N 2.71142693976415 2.09018274714267 -5.05725381430670
 N 6.84586453574875 -0.98027091798145 -8.89200779003063
 N 8.08340555491780 -4.00068031036224 -7.43237478025982
 N 5.73294419122962 -4.97867171510854 -8.58070310394540
 N 7.74597526743857 -7.25831743225465 -5.92529444889384
 N 5.92878662749261 -6.94409504502484 -7.38204109923966
 N 6.09506437973200 -8.86817359936416 -6.15463276590293
 C 1.90204522957249 2.69832612354079 -4.00535447757622
 C 1.29508579221832 3.99955641593605 -4.53286952646914
 C 0.66551788399636 4.84547558011032 -3.41486984638307
 C 3.64447482666461 1.15747377899089 -4.75325024519535
 C 4.47241343814857 0.64603146289141 -5.86018918080027
 C 0.80079587651268 1.70529347502121 -3.55135344553275
 C 6.10563400339726 -0.45001646632683 -7.86137059563241
 C 7.92851229703570 -1.92131164048558 -8.64349750127379
 C 5.27391646391284 -0.47358669538226 -5.60339245587312
 C 4.51165538889228 1.21742966819939 -7.13750794612631
 C 6.07382506394880 -1.02290314516952 -6.58269848344508
 C 5.31382354692716 0.67966713320041 -8.12218095220076
 C 1.74635624212604 5.39549756739585 -2.51514545990326
 C 7.38762981904009 -3.28853422022746 -8.30133381706436
 C 7.61480301255879 -5.21654323149137 -7.12145236895187
 C 6.20963471872783 -3.78775496379888 -8.87478812175986
 C 6.42791665203846 -5.71291500552592 -7.69379569330798
 C 8.36080415601164 -6.02574992089320 -6.15711113342959
 C 6.58905490830455 -7.65859513402479 -6.52730655768661
 H 2.56365734421044 2.88089437839975 -3.14823436269416
 H 2.06950068295136 4.58381864173386 -5.03826125834570
 H 0.51671883060766 3.75546341206156 -5.26181884161761
 H -0.03627935050481 4.24177810617912 -2.83781637475916
 H 0.13670997444812 5.68735446140715 -3.86519180695695
 H 2.44968536847509 2.27915740947985 -6.01071649931480
 H 8.58391134789040 -1.57681028929038 -7.83404715331344
 H 8.52036165224312 -1.98497250034737 -9.56259283350429
 H 5.25101313681541 -0.91238790815968 -4.61188311429411
 H 3.92479313924545 2.10108473931647 -7.36633834586477
 H 6.99474641874039 -0.36151275080807 -9.67626060362379
 H 6.67188580991422 -1.89629450580461 -6.35724669354980
 H 5.33938670786909 1.12976363823819 -9.10886571884563
 H 5.64860661848227 -3.18545496003596 -9.58341559290144
 H 2.26906552666302 0.57152649052438 -3.02936554228404
 H 8.20393015871209 -7.85258581668733 -5.24964192398094
 H 2.75221062187233 4.96219915131806 -0.96643294524032
 H 6.72460131273822 -9.54520285558158 -5.76184563165906
 H 5.36079566032877 -9.21742380174560 -6.74735571132832
$end
$temperature
298.15
$end
$mult
 1
$end
$sigma
 1
$end
$pressure
1.00000
$end
$scale
1.00
$end
$msrrho
$end
$freq
7.84
9.66
12.61
18.18
28.36
41.81
45.73
56.99
58.39
71.70
76.33
96.28
130.27
134.58
141.96
146.66
154.00
167.05
202.85
211.48
220.43
245.13
274.13
282.77
299.30
301.98
315.71
332.07
339.17
349.19
366.23
367.54
385.49
393.90
399.84
413.57
441.71
466.27
470.12
475.58
480.78
505.87
511.13
534.82
564.40
571.83
577.28
581.72
591.22
600.99
612.69
618.24
628.35
636.44
651.95
672.60
696.99
724.19
732.39
737.25
739.24
787.89
788.96
805.35
827.42
831.94
835.44
857.44
867.42
884.80
892.10
912.37
914.98
939.02
961.83
991.45
1003.86
1008.58
1031.48
1066.42
1070.94
1084.52
1107.48
1112.57
1121.73
1126.71
1147.77
1150.24
1154.67
1169.40
1173.44
1190.23
1198.01
1222.32
1227.65
1252.39
1256.24
1258.07
1266.39
1272.28
1280.22
1285.98
1288.51
1310.12
1322.71
1327.24
1337.06
1339.44
1343.11
1388.53
1409.58
1428.73
1432.38
1432.71
1435.07
1442.37
1453.48
1487.37
1499.65
1510.22
1540.81
1563.91
1591.55
1601.15
1636.91
1766.54
1810.65
1814.15
2900.51
2978.63
2995.09
3016.76
3018.11
3039.95
3046.13
3081.28
3094.12
3094.18
3106.98
3116.60
3138.87
3491.15
3498.75
3510.93
3529.62
3547.82
3616.12
$end
