
$molecule
 O 1.75642211973594 -4.14948572384927 -7.77116201975013
 O 1.67983373128888 -2.37762021883993 -5.87156948820513
 O 0.09932450577733 -5.47900435665736 -8.44001385754087
 O -4.34021899889638 -4.99775961396134 -5.85634197580563
 O -3.94333551802657 -6.20271590866655 -4.02542494530528
 O -2.83472595075823 1.09065764618419 -2.43114535345979
 N -0.45923905364539 -2.88041594390095 -6.35514727215004
 N -0.74025470622758 3.52323876417555 -5.82589233331844
 N -0.97078307162397 3.07825071206434 -3.26124685089005
 N 0.68872964222398 4.11307198381483 -1.27610482405501
 N -2.04918589156304 1.30077451352742 -0.32269111691246
 N -0.32661835153736 2.77143604767905 0.31213646295059
 N -1.35148707830557 1.45911537908020 1.88155836547515
 C -0.18206206541442 -4.31309893503600 -6.35534790354241
 C -1.49031115504179 -5.08904209258400 -6.23272972242106
 C -2.18549930870748 -4.80366024797201 -4.89589360900798
 C 0.52590563870522 -1.99064392734024 -6.07892260351006
 C 0.15038185674460 -0.56761628484709 -6.03051700804843
 C 0.57311766190092 -4.71108948763843 -7.65055112235805
 C -0.40784737153631 2.17516328531406 -5.86747666813611
 C 0.06003551556173 4.40611788816833 -4.98884873354262
 C 1.18410744398009 0.37284989554086 -5.94219337056654
 C -1.17271371510768 -0.11013452222764 -6.04143382537093
 C 0.91700492617426 1.72420665447974 -5.86934304406665
 C -1.44637606721053 1.23902976116211 -5.96660551425608
 C -3.56234387816873 -5.42437221926509 -4.85392427354901
 C -0.04621751358358 3.98103495671356 -3.53956852304889
 C -1.07191574541099 2.66387333147351 -1.99334148319227
 C 0.78215306826986 4.49712313540576 -2.53260823695206
 C -0.23821252398765 3.18324531562170 -0.98576020415692
 C -2.06445632763484 1.63794888180575 -1.67647737267224
 C -1.20599208159528 1.86288955709001 0.59255576379868
 H 0.48109235638387 -4.52081844094656 -5.50409711472510
 H -2.14994014846655 -4.81779523641602 -7.06189498948451
 H -1.27157229882169 -6.15625595053408 -6.31968129370201
 H -2.30336074204251 -3.72359657860665 -4.76734114892142
 H -1.60062364902336 -5.19304966098937 -4.06029360297645
 H -1.32819815000141 -2.58096018237962 -6.76708410436194
 H -0.32703951579241 5.42325088990278 -5.11189809160998
 H 1.10170775986452 4.40446553227107 -5.31959093256014
 H 2.20944533338751 0.01936118312333 -5.93290173173601
 H -1.99981720378488 -0.81110343241526 -6.08118678744058
 H -1.72481629365352 3.63854109534420 -5.60033086086893
 H 1.73922356683146 2.42696271662915 -5.80880240672300
 H -2.47426220164697 1.58391263372797 -5.95381771136851
 H 1.53782604489728 5.24173532577684 -2.76583377520428
 H 1.94016424737280 -3.50190352671645 -7.02537603914320
 H -2.72255175608750 0.60459766951921 -0.03741160762753
 H -5.20813898880742 -5.42856099761912 -5.78932729298684
 H -0.59873550677451 1.73555880631454 2.48962105357820
 H -1.77450159019806 0.56561792745474 2.06045810143115
$end
$temperature
298.15
$end
$mult
 1
$end
$sigma
 1
$end
$pressure
1.00000
$end
$scale
1.00
$end
$msrrho
$end
$freq
1.65
4.53
13.41
18.69
23.55
25.56
35.31
50.17
64.34
69.66
72.66
90.82
97.53
133.70
136.98
141.26
148.89
162.01
198.36
206.77
234.23
246.37
267.70
282.13
306.11
315.45
327.31
342.08
345.14
359.04
370.31
373.43
385.05
395.88
404.70
407.67
445.77
471.28
475.04
479.40
504.62
509.79
516.47
560.24
562.69
575.27
585.98
600.61
603.36
609.09
618.16
636.29
638.15
641.52
666.96
689.70
698.55
699.14
732.44
736.17
743.33
777.05
792.09
800.13
827.09
831.21
852.42
860.85
876.09
886.40
892.35
911.30
922.71
949.56
958.40
966.87
1008.04
1009.01
1058.30
1061.68
1067.23
1088.05
1107.10
1114.45
1122.74
1137.90
1145.93
1157.38
1159.06
1168.81
1178.06
1180.68
1200.90
1214.72
1221.67
1254.98
1257.10
1261.44
1266.29
1272.54
1277.16
1283.33
1291.26
1292.61
1314.95
1321.35
1336.00
1340.36
1346.08
1395.10
1407.38
1427.80
1434.01
1440.30
1440.70
1443.50
1457.54
1487.10
1492.40
1508.34
1538.67
1569.21
1589.98
1600.24
1636.93
1760.63
1819.06
1821.45
2918.96
2978.73
3008.36
3016.00
3030.44
3039.98
3054.24
3065.03
3089.59
3098.23
3112.00
3112.58
3123.33
3435.61
3490.62
3509.39
3523.35
3552.51
3614.21
$end
