
$molecule
 O -2.54172344991716 6.12629886664510 0.97603461938306
 O 1.39411379324885 6.80858838080816 0.52236048132944
 O -3.06063821479324 5.54639789523616 -1.11796017096943
 O -1.65025797884039 1.07447164116405 -2.52803473108204
 O 0.43652505547954 1.65490546335807 -2.03735483524904
 O 9.59056814057869 6.80289132420530 4.14220062828583
 N -0.14192935229870 5.16648868261287 0.84572541099333
 N 4.12944144348164 3.84450170337493 5.45131389736222
 N 7.17862643637138 5.71595592745939 5.22015068552990
 N 5.73191007973670 7.40234270077371 6.91167218195325
 N 9.16881248448979 8.72155155210954 5.25377145860288
 N 7.29741169604363 9.07843740741252 6.62992104685975
 N 8.82216834404175 10.75475985426295 6.30980365910674
 C -0.75429513363016 5.43280107706021 -0.45080064323390
 C -0.50197071230782 4.31178270250766 -1.46207404457428
 C -1.30431666816576 3.03843785251805 -1.16078218901294
 C 1.04662539220572 5.82787400156025 1.14449425254868
 C 1.80802456567325 5.27558402561378 2.28293017422947
 C -2.24912822607241 5.70350084740730 -0.25125924074989
 C 3.40226777850132 4.31580933597593 4.38196587740338
 C 5.58332853526086 3.92750426899759 5.46849994487098
 C 3.12707889493284 5.71703811791968 2.44537652322015
 C 1.29087367103969 4.35865091027458 3.20510304206655
 C 3.91929680072413 5.24700298920406 3.47130275944789
 C 2.07234803255424 3.88951796268810 4.24072404905253
 C -0.73672141200353 1.86706456485441 -1.95339162540849
 C 6.04647295083793 5.32943761333072 5.78184342997660
 C 7.60778611999780 6.95472045980906 5.49479628785366
 C 5.32701946587431 6.18177852067550 6.63124984808967
 C 6.88065871261386 7.81064806736933 6.34403598996468
 C 8.85622504785356 7.41158164934324 4.88319111346465
 C 8.40193427893126 9.48170271243460 6.08747233224662
 H -0.30597007468310 6.36376431349631 -0.82691882618008
 H -0.77946337390989 4.67910922875908 -2.45342908465257
 H 0.56451362137840 4.07138667037796 -1.47124742619240
 H -2.36415254334737 3.18740034502341 -1.37760119518736
 H -1.20649022434581 2.76887179647552 -0.10435986500402
 H -0.19775658664650 4.20267562118289 1.14458371348679
 H 6.01543052925670 3.60808549552915 4.51206906890215
 H 5.93762152235102 3.24738202824597 6.25020609348090
 H 3.52288263064499 6.43868320073106 1.73903157613126
 H 0.26205441031468 4.02116777541903 3.13140717732971
 H 3.75405946633831 3.01253032905751 5.88473953754755
 H 4.93567373228652 5.60553664469820 3.57062677937206
 H 1.66101542021434 3.18598672419125 4.95671781611501
 H 4.39576134746279 5.84819997361335 7.07970653320354
 H -1.71855692960724 6.13479972575486 1.50915962530675
 H 10.01039571627641 9.10032529455044 4.84432424427636
 H -2.56149670932663 1.37461356400116 -2.41027352358780
 H 9.79334705102027 10.97143620679095 6.17230742502813
 H 8.35447942187581 11.21927298313855 7.07003811704926
$end
$temperature
298.15
$end
$mult
 1
$end
$sigma
 1
$end
$pressure
1.00000
$end
$scale
1.00
$end
$msrrho
$end
$freq
6.11
7.89
10.70
13.46
18.25
31.53
37.07
50.70
55.96
60.68
65.70
85.67
98.00
128.28
133.17
140.12
151.61
167.98
180.77
198.28
204.77
226.78
251.80
274.95
299.79
309.09
337.39
339.49
347.17
367.70
369.14
392.17
397.55
408.52
429.13
446.60
456.88
463.38
470.21
477.17
485.70
488.66
507.64
535.21
564.78
573.34
574.98
578.01
583.08
589.02
602.79
617.96
621.88
642.52
646.55
652.83
672.14
677.29
708.92
724.22
729.38
739.02
777.21
787.83
792.41
828.63
832.95
852.12
867.78
893.24
902.37
912.93
929.71
939.00
958.08
961.87
1004.34
1008.68
1010.32
1056.46
1066.52
1073.80
1083.30
1084.77
1098.39
1112.51
1120.32
1129.54
1154.59
1165.23
1168.95
1191.13
1192.80
1213.58
1220.37
1222.67
1240.69
1251.72
1257.78
1268.11
1272.28
1281.94
1285.57
1287.74
1288.84
1327.04
1336.40
1339.48
1340.41
1374.63
1391.59
1427.44
1428.53
1431.94
1434.45
1441.89
1442.30
1487.54
1498.18
1509.86
1540.89
1565.46
1592.03
1601.14
1734.88
1766.82
1825.05
1829.12
2972.43
2978.32
3007.13
3017.50
3027.20
3050.20
3060.74
3093.73
3094.48
3106.74
3115.39
3138.02
3381.19
3485.67
3491.17
3494.49
3510.79
3608.63
3615.87
$end
