
$molecule
 O 0.29558329739800 2.25185911653567 5.34527250725226
 O 2.40648522733380 -0.14680133045020 5.48848787120467
 O -1.05167097530402 0.68366280720436 4.51205806831821
 O 3.95489420667401 -1.06195697891440 3.27599352121250
 O 4.17822255910377 0.44737829704020 1.66553731180700
 O 14.04243083447118 2.95098296926517 6.34454500336131
 N 2.36668644616205 1.46021448245109 3.89597297487381
 N 7.79548432631479 2.89706519354718 6.98574789615146
 N 11.26438533041889 3.50669875237483 6.72674741391157
 N 10.65284864128457 5.28082418764324 8.79480085932651
 N 14.50951976349545 4.34594091105997 8.05574678869326
 N 12.89515038123708 5.51252599685681 9.30211990033257
 N 15.11428928367430 5.71064196245870 9.82892982236782
 C 1.05783789333915 1.07436795025767 3.41346712288894
 C 1.01638010554211 -0.37880523939587 2.92071571202154
 C 2.05494236715585 -0.63897494676200 1.82727483121793
 C 2.91979821358390 0.83960047672822 4.98003980971678
 C 4.19940131879854 1.41489597846089 5.44977410583440
 C -0.01417605671135 1.28478401173304 4.48464061472444
 C 6.63431818484264 2.38936442149897 6.43085787032971
 C 8.94057686083591 3.23553529766253 6.14548342676289
 C 5.06347764509232 2.13110204887484 4.61899663048964
 C 4.57882322226312 1.17402316750249 6.77471228376646
 C 6.26641681112270 2.61464123052714 5.09969189462630
 C 5.77005359592800 1.66416289299800 7.26471985836303
 C 3.49026108502714 -0.34204714315453 2.25123172188226
 C 10.01686926142775 3.84427472355787 7.00264544228988
 C 12.22935995961739 4.05434389672524 7.47733167879483
 C 9.71907485717820 4.73705461602785 8.04247038393658
 C 11.92659643768186 4.94730644868814 8.52282384184537
 C 13.62027303907097 3.69841472685488 7.19423327634986
 C 14.12530994041671 5.20223182512542 9.04554162321696
 H 0.80486229086420 1.74929539179125 2.58466272426297
 H 1.17236418191794 -1.05386607255905 3.76493880647238
 H 0.01541818296178 -0.57088575919183 2.52599221664199
 H 1.84146584650950 -0.02885633885548 0.94634712083591
 H 2.00844069799150 -1.69223386013512 1.53812243573141
 H 2.71027370075159 2.36444028818711 3.61661420994301
 H 8.62813000207532 3.96631654152618 5.39209278237930
 H 9.33661536714037 2.35146977862574 5.62849842744199
 H 4.81849653343223 2.27953754461695 3.57270491225294
 H 3.91655742128461 0.59868112609974 7.41242861822104
 H 8.07292011939130 2.41445192537590 7.83268322942478
 H 6.92073985148966 3.15830358337949 4.42971906005431
 H 6.05344490079610 1.48445145367005 8.29631936403325
 H 8.68813371510066 5.00279167781000 8.25766909111745
 H -0.40948701351374 2.31996763401127 6.01019751649596
 H 15.48520350039957 4.12490173021576 7.91981298989664
 H 3.26946006538412 -1.44194088927231 3.85035731809391
 H 14.82533424786892 6.48237945738767 10.40673262612775
 H 16.04567932374582 5.75127203620936 9.45423448266143
$end
$temperature
298.15
$end
$mult
 1
$end
$sigma
 1
$end
$pressure
1.00000
$end
$scale
1.00
$end
$msrrho
$end
$freq
7.87
11.26
16.46
27.10
38.09
40.80
44.95
53.32
65.36
75.59
80.95
85.11
113.34
122.93
132.95
142.74
148.35
153.49
177.77
190.92
191.66
231.66
268.60
283.87
297.27
304.19
328.28
337.47
346.70
354.88
370.47
372.34
396.44
404.77
422.62
428.91
443.23
451.26
467.93
473.29
477.89
489.62
508.84
516.75
543.54
558.64
575.00
580.20
581.88
597.93
602.21
607.98
620.23
638.17
647.94
655.83
663.24
676.10
707.17
715.80
728.72
739.39
788.12
816.67
829.22
833.88
837.92
854.87
869.02
890.59
894.56
911.07
929.05
939.66
944.69
969.25
999.72
1011.97
1025.61
1041.80
1067.43
1071.47
1092.08
1094.79
1112.09
1120.41
1127.54
1145.54
1154.50
1164.35
1175.06
1184.95
1187.59
1204.38
1222.58
1237.11
1250.55
1253.70
1256.88
1271.40
1276.89
1283.81
1295.60
1298.67
1311.43
1329.23
1330.48
1336.77
1338.28
1386.26
1399.23
1429.47
1433.92
1436.54
1439.14
1442.21
1457.40
1488.68
1493.92
1511.57
1541.17
1571.14
1593.42
1602.18
1693.68
1766.80
1804.69
1812.05
2970.05
2982.26
3013.22
3019.87
3035.84
3052.74
3067.55
3093.66
3100.05
3106.80
3116.86
3126.44
3458.87
3491.62
3508.49
3529.03
3534.73
3548.93
3612.89
$end
