
$molecule
 O -0.95881552310509 2.51634280753662 2.28730709380376
 O 1.70771399960082 4.89341080367857 1.39037940450070
 O 0.50285862638291 0.89525465905049 1.83566499063794
 O 3.90793061165005 4.58694866516077 -0.14845096127183
 O 4.41697639838316 3.58965311829867 -2.06762554598710
 O -5.49756838168213 12.11206943687104 0.02703728097642
 N -0.16587361459304 4.08594864486172 0.37744326292720
 N -2.11205836008767 9.85581608808737 2.38657011667899
 N -3.24893861098729 12.13148326199445 1.77784689096800
 N -2.61282722764532 14.58864097192783 2.92917344595863
 N -5.75529834067761 14.32459949653986 0.40594088146929
 N -4.36977081068682 15.59940770282022 1.81486828966470
 N -6.08537553645056 16.60154082517148 0.68054302553289
 C 0.27921864333398 2.70462336613684 0.25513152569303
 C 1.75433706588199 2.53543856648417 -0.12888702717277
 C 2.15166775448542 3.42373552229645 -1.31540038471254
 C 0.52977936419524 5.03469850905430 1.07495536609469
 C -0.20678599266575 6.27780391177416 1.37923632029624
 C -0.01713753058676 1.93360160451950 1.54043552625299
 C -1.44865184901435 8.70712440000712 2.05189541671928
 C -1.41249667758751 11.02458839429989 2.89558214831238
 C 0.41249103345642 7.19126498030482 2.24317108780782
 C -1.46511754635365 6.60482145436355 0.85677124272392
 C -0.19341378724350 8.38042250607732 2.58693652404651
 C -2.07598780909101 7.79554761944943 1.18580980951636
 C 3.61456617619946 3.86632193423188 -1.22134123563850
 C -2.22967036732482 12.25744112044585 2.60873439409300
 C -3.96919346990697 13.22722526339731 1.50740280770062
 C -1.91984411090755 13.49942080294699 3.18435258034477
 C -3.65106499068407 14.47137776153042 2.08171602293590
 C -5.10348628811309 13.10477397302463 0.59226884488999
 C -5.37560934936214 15.49058599423552 1.00564626790018
 H -0.34757646624710 2.24638349206847 -0.52384055760681
 H 2.37917939927153 2.75147788300708 0.73950965192559
 H 1.90736782611220 1.48243692832334 -0.37991839039406
 H 1.53597945394778 4.32668665272471 -1.33275179233394
 H 2.01011553757272 2.89620849538188 -2.26052636164580
 H -1.17206309449716 4.16986945235603 0.39228763714130
 H -0.42796681913350 11.12337466279071 2.41548830514153
 H -1.24742400591952 10.92819944471349 3.97584314935411
 H 1.38652273900109 6.94198690097730 2.65015156728197
 H -1.96980928213372 5.93660716434938 0.16653874261964
 H -2.89837041105043 10.10457801487905 1.79208923465566
 H 0.30240030403052 9.05629860041419 3.27298018163549
 H -3.04676740813190 8.04236943498234 0.77046945694651
 H -1.08294377100611 13.59607551754980 3.87001611836034
 H -1.09867580550667 1.98418862257160 3.08829026194729
 H -6.53771388039809 14.30842069720980 -0.23210245698953
 H 3.14012305454710 4.73851901993259 0.45645586563686
 H -5.91186671437270 17.39537470078618 1.27399809456551
 H -7.01880215490644 16.49200314846193 0.32605887809349
$end
$temperature
298.15
$end
$mult
 1
$end
$sigma
 1
$end
$pressure
1.00000
$end
$scale
1.00
$end
$msrrho
$end
$freq
6.92
9.90
18.00
21.46
33.64
38.16
42.35
51.93
66.24
72.68
83.09
95.08
112.40
128.19
135.81
138.49
149.27
172.46
184.60
196.77
235.02
241.48
273.19
289.59
306.85
317.81
328.83
336.00
341.42
368.37
372.45
397.74
402.46
421.94
428.08
432.29
463.24
466.97
476.92
481.15
499.15
504.62
520.56
548.49
558.42
575.08
575.36
592.79
598.94
604.86
617.52
619.58
640.11
642.98
664.14
669.04
681.77
701.12
715.96
728.15
732.17
736.21
787.79
795.05
823.74
836.35
857.00
860.51
872.34
890.47
893.31
911.14
931.97
945.61
958.13
958.93
1001.06
1010.84
1030.35
1062.36
1066.59
1085.20
1107.80
1114.83
1127.69
1133.70
1142.64
1157.71
1164.11
1167.38
1174.22
1191.10
1200.68
1205.47
1232.01
1246.38
1250.67
1259.06
1261.29
1269.13
1276.22
1280.12
1286.74
1302.93
1307.81
1331.61
1336.90
1341.16
1343.95
1392.68
1416.55
1429.64
1434.55
1442.36
1444.00
1446.75
1468.85
1486.72
1501.67
1511.61
1541.68
1560.06
1591.79
1600.14
1671.18
1764.61
1816.42
1821.62
2949.34
2965.19
2988.09
3026.61
3038.07
3060.53
3072.58
3089.96
3094.91
3111.16
3112.46
3124.35
3204.16
3411.36
3490.49
3507.04
3510.99
3544.40
3616.29
$end
