
$molecule
 O 8.15045942741579 -1.93492369646834 2.05839823218556
 O 11.30607616858442 0.05350018199814 -0.19957677914555
 O 7.39750934948115 -0.07264552777035 3.01485203337631
 O 11.17456713777725 3.75462556217899 0.44504610284491
 O 10.38900345385687 2.64731221311807 2.21005909653963
 O 14.17636056226010 -5.83017050506664 -10.01974668969249
 N 9.18985320882202 -0.70484257861300 0.01985809065528
 N 11.52129504174968 -4.68995580802228 -4.45082836221095
 N 13.23667722401196 -5.81640000852843 -7.32043525100582
 N 12.40847668898134 -8.28386263881104 -6.30840361103542
 N 13.78090889102250 -8.05068107270294 -10.09758385037299
 N 12.91932829641987 -9.31323431843253 -8.31293770733332
 N 13.46325380739223 -10.33875087732637 -10.28581173223429
 C 8.94277825239599 0.13647388245739 1.17864975909979
 C 8.28547611553561 1.47031647432096 0.78878718879841
 C 9.26638419325166 2.40928422150701 0.08715131404661
 C 10.44115634952874 -0.74046962229878 -0.52750719258463
 C 10.66667648155960 -1.77952967288060 -1.56325621543268
 C 8.08035372674337 -0.60205781109831 2.18269196290635
 C 11.27942204451384 -3.69310932406909 -3.52343970710318
 C 12.74680925117803 -4.69407940329059 -5.24432678355827
 C 11.98820112576952 -2.00596196811135 -1.96129893603763
 C 9.65101219371095 -2.52413681663189 -2.16963984538783
 C 12.29985429612992 -2.95039072958757 -2.91855820824397
 C 9.95156726064643 -3.46610301432286 -3.13360081670497
 C 10.31921586667186 2.92222746039799 1.04250053978111
 C 12.78506683482132 -5.94144065410271 -6.08484675187832
 C 13.28956377682919 -6.92529644771448 -8.07015528188192
 C 12.36994865537379 -7.18437957842252 -5.58515940644955
 C 12.87494405020786 -8.17217492389739 -7.56451480604512
 C 13.78824220472580 -6.81717380022129 -9.44165595600511
 C 13.35970926114913 -9.21563288418622 -9.52637582169390
 H 9.90765515354960 0.34216749830908 1.66692028022455
 H 7.43249862226992 1.27132002478428 0.13499099508508
 H 7.91816219302320 1.94471559653152 1.70320214069459
 H 8.73934546215342 3.27406463496906 -0.32446196150154
 H 9.77752700591666 1.91081294774217 -0.73956433460218
 H 8.57474228991174 -1.49478872696077 -0.09639392425617
 H 13.60948347948454 -4.69100520902659 -4.56986806316264
 H 12.80986674826799 -3.81034340160778 -5.89306515036710
 H 12.77625939697314 -1.42243296753922 -1.49734537317705
 H 8.61090984410162 -2.35992246426366 -1.90769019468991
 H 10.70576807165765 -4.92716756891501 -5.00350998937283
 H 13.33529504532513 -3.10518700471854 -3.19519901818362
 H 9.15610075143864 -4.03710980250293 -3.60090798122495
 H 11.99486912985599 -7.26866489391161 -4.56931719245078
 H 7.60517911973353 -2.33878940457885 2.75355025926565
 H 14.13414609765744 -8.04237068966713 -11.04335423139742
 H 11.84958984002330 4.02706209970490 1.08768496289548
 H 13.48265789392189 -10.24010750823236 -11.28543057622281
 H 12.96640165622767 -11.13283947350511 -9.91794425578331
$end
$temperature
298.15
$end
$mult
 1
$end
$sigma
 1
$end
$pressure
1.00000
$end
$scale
1.00
$end
$msrrho
$end
$freq
7.13
9.54
13.85
18.94
28.54
32.62
37.88
52.15
54.33
65.45
72.02
86.69
99.84
106.61
129.95
133.22
144.45
168.14
185.91
192.92
221.69
234.74
264.52
280.92
288.67
303.09
325.03
337.09
341.20
368.82
371.48
390.81
400.34
410.90
415.08
442.84
462.67
467.21
472.88
478.83
479.47
494.29
510.68
514.76
544.55
566.63
571.25
584.17
589.61
604.65
612.24
618.52
623.38
632.99
639.06
644.25
655.62
675.56
702.88
706.83
723.53
739.14
788.49
806.62
825.92
826.75
837.93
859.80
868.79
886.83
892.41
912.32
937.43
939.95
962.45
969.15
1006.31
1009.54
1012.01
1067.16
1087.36
1094.51
1106.50
1112.10
1122.91
1132.24
1139.03
1142.81
1154.42
1163.90
1170.20
1177.80
1184.66
1202.64
1222.70
1230.42
1245.01
1252.34
1257.35
1267.65
1272.42
1283.84
1284.34
1296.48
1328.20
1335.33
1335.75
1337.57
1340.02
1386.22
1397.71
1414.63
1429.80
1434.44
1439.22
1442.24
1445.81
1488.22
1496.35
1511.66
1541.11
1570.22
1594.25
1601.94
1708.07
1766.55
1805.33
1811.25
2962.65
2969.38
3014.16
3023.90
3025.82
3052.88
3058.52
3093.85
3093.93
3106.07
3112.23
3126.56
3460.55
3491.44
3509.35
3523.63
3549.49
3555.83
3614.00
$end
