
$molecule
 O 1.66974404864121 10.75181461897075 -4.90303848535268
 O 1.57890497274945 12.87035127181320 -6.27649382699624
 O 0.30050581372185 9.00301963286279 -4.82914383836567
 O -1.43964411559379 7.22754410729335 -8.17642567833915
 O -2.14722797774541 9.31890708122724 -8.41877063014738
 O -7.36309034799724 17.89832231438105 -6.95172002181934
 N -0.56858439796724 12.18955117340372 -6.09420339992734
 N -1.10054833550266 18.60315407207581 -6.38618768339307
 N -4.66998997445690 18.54064548312331 -6.24910618299703
 N -4.11684274719067 18.64575614754926 -3.51378204014192
 N -7.85578084813960 17.75926674993409 -4.75320418755814
 N -6.30977543753222 18.11221364601818 -3.01868735036189
 N -8.46988070230734 17.53643341943306 -2.52995397894481
 C -0.33037366310833 10.76330262135312 -6.29031997041541
 C 0.25967174494202 10.48664416546593 -7.68766690194833
 C 0.19263643203042 8.99192080757195 -8.00877808288213
 C 0.37266499673706 13.14713794837794 -6.23593494572672
 C -0.08934370928870 14.54658805697745 -6.29204699526275
 C 0.58595313693965 10.10112769635299 -5.23363432448708
 C -0.79643186314008 17.26289444669643 -6.39318682894688
 C -2.39644632671091 19.09348025746764 -6.83217925244384
 C -1.42735818705317 14.93415179405467 -6.41963956267434
 C 0.89067178233304 15.54835093522366 -6.22505468521891
 C -1.78110649554917 16.26821131553625 -6.46726402367879
 C 0.54881578224424 16.88066974254841 -6.26978089223558
 C -1.25045220656971 8.55215421336299 -8.21557413376164
 C -3.46140571331885 18.82502659246206 -5.79649154774142
 C -5.62561354767123 18.30593224968895 -5.34002936302329
 C -3.19204950757064 18.87586630851072 -4.42143846780609
 C -5.35193588865174 18.35517305288024 -3.95975717319234
 C -6.97251476359113 17.98273938415269 -5.81189545302838
 C -7.50246718297141 17.83050178492001 -3.43742714176969
 H -1.31005098691246 10.27929592510742 -6.21123804931632
 H -0.31968357218239 11.04158473883280 -8.43084627392491
 H 1.29466137646579 10.83314328513053 -7.72763068696322
 H 0.65164474411249 8.39429014243570 -7.21724223812317
 H 0.73065352536913 8.78643180468072 -8.93845875201012
 H -1.54022100640036 12.45607867322088 -6.12052146567863
 H -2.69333045326446 18.63787332653509 -7.78494020673260
 H -2.30045298894396 20.17391082840839 -6.98200764933527
 H -2.21579030959216 14.19218229789165 -6.49399299640001
 H 1.93045161022685 15.25489168825746 -6.13217596545467
 H -0.32429944195226 19.22046959560965 -6.57686038841445
 H -2.82557932753436 16.53605503045197 -6.56190158604266
 H 1.31532196168416 17.64566707827734 -6.20990371294424
 H -2.19028956017213 19.10288443175305 -4.06852205844629
 H 1.76780054659808 11.62193800704071 -5.42800360329423
 H -8.79816116704350 17.51152490498239 -5.01775438212980
 H -0.64989482341993 6.72745738859496 -7.93086614050306
 H -9.43164805656382 17.63060267999470 -2.80416518037949
 H -8.23940884117800 17.78419508110789 -1.58231861332039
$end
$temperature
298.15
$end
$mult
 1
$end
$sigma
 1
$end
$pressure
1.00000
$end
$scale
1.00
$end
$msrrho
$end
$freq
5.99
9.50
11.68
14.23
23.90
34.55
47.45
55.09
63.39
73.74
85.72
96.74
100.79
132.75
139.60
152.21
161.28
165.34
204.09
213.65
233.02
268.29
280.12
294.43
302.12
304.24
335.43
339.01
354.80
357.97
362.71
368.92
394.82
401.83
427.79
433.74
449.09
454.55
470.29
472.97
477.61
494.85
506.07
533.32
542.14
559.29
574.95
578.54
586.62
600.97
616.78
619.19
633.54
641.12
647.64
666.50
673.46
699.39
723.22
728.93
739.29
787.73
801.23
808.29
827.48
833.92
853.37
867.56
882.85
889.73
904.41
912.50
928.36
939.04
960.57
979.31
1002.56
1008.42
1030.01
1043.25
1063.77
1066.46
1084.67
1096.06
1112.53
1126.43
1129.15
1154.56
1159.64
1178.87
1184.04
1190.33
1218.46
1220.94
1222.28
1242.84
1256.57
1259.03
1270.10
1272.74
1287.62
1290.88
1296.44
1319.19
1326.87
1330.91
1338.14
1343.70
1355.16
1387.99
1418.09
1424.75
1429.56
1434.21
1436.02
1442.42
1452.99
1487.47
1500.13
1510.25
1540.71
1563.50
1590.38
1600.95
1621.03
1766.78
1792.24
1820.07
2657.72
2978.52
3017.13
3018.53
3023.00
3027.19
3046.99
3062.05
3094.60
3096.43
3103.20
3121.00
3136.93
3490.91
3499.65
3510.66
3522.91
3610.95
3615.75
$end
