
$molecule
 O -2.74095012374625 6.09737021285834 -5.76356453014000
 O -4.44054022703540 8.86117419328925 -2.04566902587344
 O -4.92558636731108 6.38744678160135 -6.08101113210856
 O -3.37025373620098 3.92858836869699 -1.15553207784689
 O -1.19265848944704 3.71804874251295 -1.55630445273284
 O -10.25489507005081 10.98483561975886 2.54171475021316
 N -5.25662386512346 7.67303063229656 -3.76962356324969
 N -10.21137764069718 11.53761862745569 -2.28053246121995
 N -11.20247948519578 10.33531375439673 -0.06911846871847
 N -12.35274298677050 7.81103732912105 -0.36035025014005
 N -10.90469394662152 8.93684000414803 3.23651637747141
 N -11.95520019036376 7.33981221806903 1.86778107985210
 N -11.57940227113451 6.88628237552341 4.07975431519749
 C -3.98289377815874 7.00804060956506 -3.95448399780818
 C -3.83463076113322 5.88052602131456 -2.91124914857468
 C -2.43408324063714 5.27372560113272 -2.89337237878830
 C -5.37034875394203 8.62222694270178 -2.79982966291298
 C -6.67219058895027 9.32828745966608 -2.71653357079292
 C -3.95966685738093 6.47576733755553 -5.37148215259644
 C -9.06724402428103 10.76150610418433 -2.42033076545833
 C -11.51610708530817 10.89301665567832 -2.38195333599439
 C -7.81861717015077 8.95440522959633 -3.42031118549325
 C -6.74468509678966 10.43461591772712 -1.86105690997663
 C -9.00041858644003 9.65963467138076 -3.27945621716635
 C -7.91664399857120 11.14531368419291 -1.71849353111738
 C -2.24483215401411 4.23664104067050 -1.80952411725231
 C -11.67878481337961 9.92342680025391 -1.23411894223500
 C -11.29179172288164 9.49415283030173 0.96638545371112
 C -12.25578186305971 8.65463502984238 -1.36884628394047
 C -11.86845797739746 8.21716530106478 0.82512052832103
 C -10.76449370312097 9.92594616711776 2.26133846940569
 C -11.47579178774608 7.71836534301548 3.00913284632875
 H -3.17021288702543 7.73393349686128 -3.81357465545665
 H -4.04728810946893 6.32256326635958 -1.93458281613772
 H -4.58266804991557 5.10683730676486 -3.10206934145624
 H -1.67417274347997 6.04554240243217 -2.74217723222705
 H -2.20059759841466 4.77994015407405 -3.84064385704445
 H -5.95892497445209 7.51044976698523 -4.47497224490189
 H -11.62779818562834 10.39623961719908 -3.34754934051581
 H -12.27396372443141 11.68065791484905 -2.31375519821665
 H -7.80729762910692 8.09464163840004 -4.08212512801328
 H -5.85745902312978 10.72282298678509 -1.30763157787717
 H -10.17384420547873 12.08978875993995 -1.42718679522242
 H -9.87060105287092 9.34338384996571 -3.84217113967480
 H -7.96050854843747 12.00066261714796 -1.05334472694470
 H -12.64335304291501 8.32274667723193 -2.32778574006855
 H -2.78567175927844 5.76197034684681 -6.67448499714038
 H -10.56902745208631 9.18116115255378 4.15683984619649
 H -3.16636998782123 3.26128369908779 -0.47983193516126
 H -10.94366590127090 7.01543499217985 4.84706111844497
 H -11.81329876172193 5.93678974765936 3.84151010304672
$end
$temperature
298.15
$end
$mult
 1
$end
$sigma
 1
$end
$pressure
1.00000
$end
$scale
1.00
$end
$msrrho
$end
$freq
3.47
6.52
9.86
13.51
15.85
27.36
33.30
44.44
47.73
52.24
55.47
81.85
93.67
117.46
131.94
134.99
138.68
157.26
177.81
187.75
224.58
229.82
254.26
285.87
303.08
309.52
318.72
331.28
345.19
357.62
365.38
372.01
380.77
393.81
410.23
415.63
452.53
474.32
479.53
481.90
497.94
504.10
520.32
555.21
561.86
574.63
581.68
592.75
599.25
608.76
614.61
620.38
632.80
638.79
640.36
645.77
673.87
688.43
703.07
720.84
732.77
741.88
766.39
788.25
798.87
832.20
845.37
852.78
864.51
888.91
892.20
902.06
914.74
946.27
970.50
1006.94
1011.01
1016.63
1055.86
1068.11
1081.31
1084.93
1097.42
1114.07
1122.35
1125.40
1142.02
1144.99
1155.99
1157.12
1168.70
1180.16
1192.92
1216.17
1228.60
1244.55
1250.05
1256.60
1258.32
1268.64
1269.92
1284.40
1285.48
1294.39
1310.05
1319.85
1336.64
1339.67
1346.06
1391.81
1400.30
1420.41
1427.95
1436.74
1441.87
1448.25
1453.78
1488.34
1492.89
1503.79
1539.82
1573.50
1593.49
1601.53
1698.81
1765.57
1802.39
1811.47
2976.62
3008.72
3021.56
3032.49
3043.66
3055.48
3061.68
3088.49
3098.49
3104.82
3117.80
3119.58
3428.78
3491.31
3505.69
3508.20
3541.79
3551.90
3612.57
$end
