
$molecule
 O 7.66501835744503 1.07367681790678 2.89312857388472
 O 6.71913875147343 4.61006567293083 4.38967893607975
 O 8.55003917961653 0.17916767383985 4.73427457800012
 O 1.58519391351365 -0.11672348580672 5.04539868805147
 O 2.97529440971446 -1.19866980914169 3.69016571427977
 O 4.01464648079015 3.10971173541376 14.02096795305904
 N 5.96498387428208 2.49174168302346 4.45558427275033
 N 7.28037248810299 3.66009610152238 10.66214234980323
 N 6.45801301854443 4.24191084811178 13.08487336035330
 N 7.97816982369798 5.61097590011774 14.97786897117516
 N 4.47053028656233 3.93629771716825 16.07345479916004
 N 6.40080447730515 5.16689523210489 16.61037302373164
 N 4.85658961889264 4.69016644063518 18.23054159052584
 C 6.34299509443672 1.14975143335658 4.86994387239853
 C 5.24938279870942 0.15427484074962 4.45796639259041
 C 3.90283754580181 0.52151341993270 5.08270474652888
 C 6.48581235985709 3.62815081833237 5.06104677499464
 C 6.67395650532703 3.59654866590801 6.53164395482600
 C 7.64843944941016 0.74742815039926 4.18608739563844
 C 7.08552472689189 3.69120280396056 9.30227218483567
 C 8.06339127893789 4.68694013971796 11.33280515531975
 C 7.75999593300524 4.29265974815670 7.06851492199360
 C 5.77818838337184 2.96945398043456 7.40338404312412
 C 7.98097171891437 4.32681809312455 8.43123490593136
 C 5.97769830246219 3.01534892903317 8.76830200081145
 C 2.79653540320562 -0.36134129933277 4.52180132060554
 C 7.61144903540441 4.80143850533852 12.76504720115328
 C 6.04421261050451 4.35231273267058 14.35339916046573
 C 8.36828340964316 5.48841919109986 13.72687674711094
 C 6.80641456826158 5.04207316311150 15.31359825125820
 C 4.77239160417783 3.73378589414405 14.72593962545098
 C 5.27124527379667 4.62482995183235 16.93837062824313
 H 6.50286369426532 1.12015559551762 5.95184421556280
 H 5.15115155981341 0.15610596552323 3.36868956097248
 H 5.53934820358410 -0.85304978966409 4.76662866221930
 H 3.66141359471203 1.56655889452718 4.86430811779658
 H 3.92876725329249 0.40512035793239 6.16982845219824
 H 5.98421178822692 2.59881692742405 3.44518809287892
 H 7.93205866852817 5.65931015135970 10.83528576786675
 H 9.13040513367231 4.43594312230102 11.29599407425185
 H 8.44220360751014 4.79736850101141 6.39317668577307
 H 4.89420744650010 2.47933496698050 7.00937952811062
 H 6.46620846646928 3.38876091684639 11.20781025690415
 H 8.84807528880759 4.84673539737565 8.82017487458416
 H 5.27320198329348 2.53630802205062 9.43926633203364
 H 9.31608505434136 5.94627118585891 13.45854238950242
 H 8.51237439083757 0.80505255119492 2.50103539699334
 H 3.61113553798761 3.51592243553785 16.39622497371981
 H 1.57545461714733 0.59062079548036 5.70299613778711
 H 3.87917073192608 4.56937337368000 18.42858355401439
 H 5.35588229702776 5.35877393930530 18.79297583266951
$end
$temperature
298.15
$end
$mult
 1
$end
$sigma
 1
$end
$pressure
1.00000
$end
$scale
1.00
$end
$msrrho
$end
$freq
8.72
12.33
16.00
22.58
26.75
29.76
30.06
41.63
54.37
65.89
74.86
87.14
95.68
107.34
115.29
135.79
139.33
154.23
178.87
186.69
197.15
207.65
217.57
257.08
280.30
307.93
317.57
340.25
359.48
370.06
376.29
392.45
397.48
419.35
441.48
444.80
446.47
468.02
475.72
480.29
484.85
505.68
532.83
545.28
549.02
574.00
577.61
578.96
590.11
602.32
613.75
614.05
617.73
641.64
645.64
648.69
669.37
701.99
706.42
731.24
736.32
742.08
773.42
789.34
793.46
830.23
851.32
860.76
873.22
887.61
897.62
912.50
930.65
953.48
959.01
959.58
1004.42
1011.39
1049.32
1063.62
1067.05
1084.32
1096.36
1105.05
1114.83
1119.74
1130.19
1144.34
1157.99
1161.14
1168.32
1189.73
1190.55
1201.85
1225.10
1240.52
1247.73
1258.16
1266.33
1270.63
1274.10
1282.50
1285.24
1289.68
1306.56
1329.27
1334.39
1340.44
1342.47
1388.48
1393.50
1423.41
1428.12
1431.75
1442.05
1444.84
1454.12
1487.25
1497.65
1510.99
1541.80
1564.50
1593.71
1600.81
1734.59
1764.01
1820.34
1837.23
2944.47
2991.49
3007.96
3028.51
3033.39
3037.99
3058.91
3089.54
3100.89
3111.07
3112.76
3123.36
3410.15
3435.84
3490.87
3510.03
3545.85
3615.00
3618.81
$end
