
$molecule
 O 2.46275020370647 4.92465043685973 -5.36790705626077
 O 2.43043240873322 0.86895423764161 -5.97242092486858
 O 2.63628705382201 4.74987512554514 -3.15077215418546
 O 5.52352351383079 5.18591955343495 -2.99541577069597
 O 5.07971035126193 4.93157092973635 -0.82953153463529
 O 8.33369255452397 -3.29503341639578 -15.48180457518592
 N 3.68375114590417 2.76477363494763 -5.93149187200050
 N 4.98080338624083 0.48630458247254 -11.79459994741222
 N 6.37863654473209 -1.62094115374885 -14.24085483295916
 N 5.06019787748073 0.16915943149519 -15.93053189244054
 N 7.84859341906620 -2.31873270188493 -17.45818089526543
 N 6.26378611415705 -0.60711101654680 -17.74329815535691
 N 7.48098742798187 -1.35260317636465 -19.53216990892845
 C 3.46312780275739 2.93116305733388 -4.49728142094634
 C 4.77847322711337 2.67402942461727 -3.74473924382588
 C 4.73299737763271 3.04347277620703 -2.25972077230725
 C 3.21780134919769 1.60047006337223 -6.53318557364367
 C 3.71510331229909 1.35471971470148 -7.90337456834569
 C 2.82486921720926 4.30810237600623 -4.24579637943480
 C 4.57795104613396 0.71937383600122 -10.49912120194465
 C 5.13836664388972 -0.86711978887640 -12.31729566567658
 C 3.45512587252323 0.09777202498017 -8.46283909113277
 C 4.40069359580037 2.29943618891681 -8.67544249780695
 C 3.87849104401602 -0.22434049706085 -9.73523107923818
 C 4.82230983051403 1.98923304047666 -9.95160533945953
 C 5.10442258915130 4.47790820539386 -1.93861935736393
 C 5.45368370805169 -0.79347206695973 -13.78713929329729
 C 6.65573371930641 -1.57337633625730 -15.55039391913525
 C 4.79654927688205 0.10264761540491 -14.64242025831819
 C 5.99474629775329 -0.67215293180076 -16.40711130768653
 C 7.67540310327191 -2.47911857152122 -16.08139366109974
 C 7.15758678264276 -1.41752761776854 -18.21395149113468
 H 2.71232497426784 2.18882950936553 -4.19186234205690
 H 5.00373771593892 1.60793774220205 -3.84007805613005
 H 5.58753534908516 3.22272800818776 -4.23628904520391
 H 5.44041677241591 2.41978394484679 -1.70497772617872
 H 3.74447248238263 2.86090856818398 -1.83211722180020
 H 4.58172065988553 3.10156766247769 -6.25097106906532
 H 4.20109244806519 -1.41588158589727 -12.17740803736533
 H 5.93942352296702 -1.40754373686147 -11.79598292985164
 H 2.91173164247431 -0.63040644793084 -7.87029093411221
 H 4.59247766484590 3.29520838562094 -8.28913389687423
 H 5.69665434935747 1.12178688715003 -12.12467243004142
 H 3.66243284251707 -1.20724360788328 -10.13461636343103
 H 5.34510448356942 2.73091555211284 -10.54603475378982
 H 4.04183443836698 0.77946530042050 -14.25250158419212
 H 2.67642264128482 4.32989284434130 -6.12187171460083
 H 8.55255287971909 -2.90733305297446 -17.87942451250854
 H 5.69047434555155 6.09592656449602 -2.69970705831806
 H 6.82854665564083 -0.83085569623015 -20.09327637507382
 H 7.90902833407324 -2.15386182198954 -19.96117730742395
$end
$temperature
298.15
$end
$mult
 1
$end
$sigma
 1
$end
$pressure
1.00000
$end
$scale
1.00
$end
$msrrho
$end
$freq
6.48
9.73
15.06
17.40
25.12
30.52
41.24
44.07
53.38
67.96
74.25
95.06
98.74
104.21
126.96
133.44
144.25
160.32
188.08
193.33
226.05
253.53
280.99
289.15
302.88
320.03
335.24
342.16
358.59
369.31
371.99
378.18
393.90
407.78
429.25
454.53
468.13
473.34
478.29
482.52
503.34
509.57
533.57
543.12
562.49
571.12
576.39
577.00
585.75
599.72
603.96
619.41
629.77
641.91
644.70
654.34
675.94
677.71
700.12
709.45
723.05
739.35
788.55
792.18
822.64
825.06
837.98
862.18
868.58
889.37
893.56
895.55
911.90
938.96
968.51
980.77
1002.94
1011.25
1055.74
1062.39
1067.01
1070.85
1083.58
1094.34
1112.07
1121.31
1132.35
1143.21
1153.96
1167.44
1168.20
1182.27
1183.01
1219.15
1223.24
1241.93
1250.41
1257.85
1258.09
1267.42
1272.45
1280.70
1284.07
1299.53
1316.35
1330.17
1338.03
1338.73
1341.56
1374.87
1392.82
1418.94
1430.30
1435.25
1439.26
1442.71
1470.17
1487.94
1497.65
1511.61
1540.86
1565.39
1592.57
1601.10
1734.14
1767.16
1813.43
1835.99
2971.51
2980.06
3013.91
3017.77
3020.40
3041.94
3052.88
3093.46
3094.88
3107.52
3113.28
3128.64
3320.60
3468.94
3481.28
3490.74
3509.52
3553.67
3614.33
$end
