
$molecule
 O 4.61080634772124 7.87861894404149 -6.27671415842055
 O 5.31931268725270 7.10353069746916 -2.23751703135394
 O 2.37863257842584 7.88635686244624 -6.17021958991464
 O 1.73783937566797 10.31238773785003 -0.13859952026034
 O 0.49648218610762 10.16043590808084 -1.97538673366634
 O 4.27544694651118 11.15686723152591 0.02894203661140
 N 4.93086486381959 8.66856598358866 -3.84151059632715
 N 8.98871812965446 11.83838302288084 -0.06171413291716
 N 6.52026966006994 12.88746988744995 -0.19218702936476
 N 5.96123934136271 15.58863319217875 -0.59112720704854
 N 2.92552049901214 12.95956870183473 -0.18243821607417
 N 3.68965037635785 15.16207024303883 -0.50716266741645
 N 1.44804749791949 14.70647897813271 -0.48844232960475
 C 3.61046946344668 8.10955534920926 -4.11886924553430
 C 2.49824990843258 8.97233939163418 -3.51656974797458
 C 2.65561084700211 9.10613667570723 -2.00099643230086
 C 5.58844746531175 8.18733489645496 -2.71078676001481
 C 6.59088338510579 9.10454945958328 -2.13357431101316
 C 3.44458901248217 7.95039945268353 -5.63456723966944
 C 8.22611666529714 10.93235519156305 -0.78632904602187
 C 8.91278436336017 13.25122977895218 -0.39747933807659
 C 7.13443368835904 10.20241828694826 -2.80735385712598
 C 6.94858345741566 8.89086053587855 -0.79627804054843
 C 7.95474095936083 11.09867834946856 -2.14993931259869
 C 7.75444809104803 9.78738653184585 -0.13069589142074
 C 1.51315284873467 9.90314672713054 -1.39780966327139
 C 7.48683181350074 13.76638419325235 -0.37434433466047
 C 5.25640751590751 13.33148958475698 -0.23616472655405
 C 7.19258499353347 15.12734198709868 -0.56703716515012
 C 4.96549264901924 14.69435503735365 -0.44164979921259
 C 4.17280660939059 12.36787489863764 -0.10833338333245
 C 2.72854309705337 14.29815612104881 -0.38111028267521
 H 3.58625359088549 7.10174062918924 -3.68182185153434
 H 2.51186579683570 9.96644181459899 -3.97373712320350
 H 1.53513565218016 8.51302829969793 -3.75360290650674
 H 3.59961951298211 9.59648185049415 -1.74811306310379
 H 2.66463148096377 8.12020541956515 -1.52650377813939
 H 4.97290249530549 9.67201013365350 -3.96644095754428
 H 9.34751676293183 13.42143057233842 -1.38810550963363
 H 9.52318958483708 13.79847039632093 0.32778297598476
 H 6.92654862325868 10.35880632055219 -3.86110120837023
 H 6.54719979194518 8.02462436383260 -0.28210222427864
 H 8.87368519052215 11.69660824112916 0.93649359039217
 H 8.35736042067346 11.94650893189085 -2.69093336109718
 H 7.99667096900946 9.63470003117233 0.91526456495576
 H 7.99225628686730 15.85024923659450 -0.70137307260792
 H 5.33561019252783 7.97539637539045 -5.62362030124288
 H 2.12586426118050 12.33815163153381 -0.12337149951437
 H 2.68589842972826 10.22708781969705 0.11849060541448
 H 1.29142404768206 15.69829808988828 -0.49824319012180
 H 0.69502558591938 14.09668300271579 -0.22856293703822
$end
$temperature
298.15
$end
$mult
 1
$end
$sigma
 1
$end
$pressure
1.00000
$end
$scale
1.00
$end
$msrrho
$end
$freq
11.76
23.83
30.70
39.32
47.50
55.74
58.72
71.82
72.86
82.32
96.27
108.03
114.72
134.08
145.41
151.08
158.07
161.15
187.27
197.76
214.36
229.65
248.70
253.29
269.28
303.39
325.90
340.31
340.87
366.17
373.77
400.35
401.59
406.02
422.13
454.00
457.99
470.02
480.01
497.67
510.02
514.63
539.85
562.09
568.35
580.01
597.45
601.77
603.93
610.15
612.56
634.41
641.92
651.23
667.49
671.63
678.45
686.78
703.11
708.30
724.99
735.58
779.44
786.99
794.26
828.95
852.45
859.08
866.28
893.77
908.84
912.44
941.82
946.90
959.05
965.12
1005.26
1007.59
1056.23
1065.09
1066.12
1080.25
1085.73
1089.48
1110.91
1122.96
1124.79
1133.16
1148.27
1166.16
1169.59
1190.89
1193.65
1196.48
1220.00
1227.59
1241.08
1257.44
1264.69
1267.79
1274.41
1280.76
1287.36
1294.89
1298.03
1325.03
1338.24
1341.30
1344.14
1379.11
1393.02
1419.33
1427.69
1436.65
1438.74
1442.02
1455.55
1478.30
1490.51
1510.61
1537.03
1570.89
1590.67
1599.10
1702.05
1732.20
1821.13
1841.58
2982.25
3005.50
3013.60
3023.30
3027.06
3040.94
3055.49
3088.79
3095.11
3103.89
3119.38
3120.80
3277.01
3384.18
3424.67
3451.54
3471.66
3526.76
3636.75
$end
