
$molecule
 O 0.65582572067574 4.04768485580908 -3.83409457048480
 O 1.13425567276806 5.14748233984935 -8.61939729617690
 O -1.38957592303598 3.95231887994753 -4.70299747837478
 O 1.66534907882182 9.10218898742602 -3.85559019511382
 O 0.04307073962162 9.17965530390625 -5.38107862599643
 O 0.01604936780262 6.17403090454629 -17.50735557220075
 N -0.45540835239022 4.44335743647110 -7.18728606453761
 N -3.23606358017466 3.28340841193807 -12.86541750292982
 N -1.36267974732399 4.43783883624481 -15.70368040566229
 N -0.30956750459526 1.86366366995405 -15.44925850148686
 N 1.49218756732834 4.51358372140518 -17.90422473660391
 N 1.37899917564131 2.37296084075847 -16.94218663309487
 N 3.03870295385787 2.87138451056564 -18.43869657914140
 C 0.31758815904586 4.92988965642166 -6.06222447082988
 C 0.16032610506890 6.45891958261313 -5.93522402777515
 C 1.00234103879031 7.04273220868444 -4.80259639679329
 C 0.02159756196107 4.67771335148106 -8.44753938156089
 C -0.87346411879875 4.29961426935477 -9.56538973592152
 C -0.23697836230826 4.24889690752569 -4.81542177783963
 C -2.44986289622200 3.66456480460525 -11.79620434172130
 C -3.14127351078234 3.97372519001932 -14.14392830112822
 C -0.49860715565327 4.70594199965310 -10.85069374464369
 C -2.04744930475872 3.55488786223056 -9.41524017655916
 C -1.26845005066153 4.39925261476193 -11.95403423615388
 C -2.82319506032784 3.24001168096393 -10.51288662973074
 C 0.83047275917466 8.54544455917894 -4.73772018686115
 C -1.91229079081075 3.53989760301676 -14.90483803976234
 C -0.27370919758517 4.06410792850471 -16.38892612392083
 C -1.37859567522125 2.24865363093129 -14.78499717815374
 C 0.26299967139225 2.76892076076189 -16.26193185121801
 C 0.35848698162848 5.03819407335948 -17.27889714019499
 C 1.94645019705172 3.24107660118977 -17.71627934410160
 H 1.37309546260023 4.67798050073279 -6.22649168196668
 H 0.46860471749624 6.90936847222360 -6.88209268352481
 H -0.89331543144169 6.70234453085550 -5.77465126527022
 H 2.06478711938747 6.82297299802736 -4.93853658202774
 H 0.70344211520397 6.64036640175035 -3.83019575043980
 H -1.43791391505414 4.29788610447993 -7.00570426667623
 H -3.12385423858636 5.06333145686623 -14.01561734574087
 H -4.03317159986901 3.71055243185332 -14.72243850893589
 H 0.41793462863257 5.27408576536028 -10.96849928471341
 H -2.35738845948086 3.20028828903093 -8.43810417731522
 H -4.17538254508558 3.00743277101875 -12.61430955316679
 H -0.94994355883525 4.72420334284249 -12.93621327438459
 H -3.72887537968949 2.65578527153229 -10.38888309839499
 H -1.84203952427078 1.52542218868167 -14.12041612126055
 H 1.56611177794256 4.26120701615268 -4.07949902906031
 H 1.96442228276555 5.13675231002430 -18.54290028599885
 H 1.51732875088920 10.06211931196970 -3.83923420477563
 H 3.46389577315242 2.01379751003951 -18.12725119130958
 H 3.66221250426589 3.59179734249608 -18.75813544837297
$end
$temperature
298.15
$end
$mult
 1
$end
$sigma
 1
$end
$pressure
1.00000
$end
$scale
1.00
$end
$msrrho
$end
$freq
7.39
10.21
13.58
21.84
24.24
34.02
44.70
52.09
60.59
66.26
71.24
79.23
87.17
119.00
131.47
137.77
144.71
159.72
165.85
176.64
206.36
223.26
250.14
279.94
299.87
313.82
322.61
332.23
340.75
346.43
369.05
373.79
391.27
397.27
401.62
434.44
450.84
460.29
468.03
475.53
477.76
485.04
498.33
511.83
534.74
559.54
572.95
578.65
590.18
603.94
618.24
621.39
625.99
637.47
639.10
646.42
654.51
671.47
703.85
713.83
725.81
738.84
775.48
789.22
792.81
829.34
833.29
857.34
868.41
892.57
898.62
904.60
913.22
939.42
962.41
1005.17
1010.24
1014.33
1052.49
1057.97
1067.72
1080.76
1085.45
1096.53
1112.89
1116.19
1126.76
1138.23
1154.09
1155.34
1170.96
1189.51
1190.94
1205.97
1221.88
1227.36
1241.67
1252.07
1256.98
1266.25
1271.86
1284.35
1286.46
1288.44
1305.40
1326.62
1334.09
1338.08
1346.17
1384.91
1396.98
1423.16
1427.93
1431.76
1434.28
1441.81
1448.98
1489.28
1497.35
1510.34
1540.87
1569.35
1593.45
1602.51
1701.72
1765.79
1819.39
1827.31
2975.20
2991.79
3014.76
3015.62
3031.43
3038.46
3060.90
3095.60
3097.08
3109.56
3113.62
3135.88
3491.26
3491.76
3496.88
3507.11
3549.96
3607.43
3611.18
$end
