
$molecule
 O 2.33563758036121 -12.31972734320579 1.62266651561663
 O 4.52284143097723 -11.06624582197533 -1.33402260512978
 O 4.33018523067848 -12.13235052209454 2.57852821130381
 O 2.59995509937909 -9.81638436115584 -2.74103373871445
 O 1.10900166027941 -8.20813377659826 -2.38758914672567
 O 7.38485776564283 -10.40182723414412 2.27231328507910
 N 4.86144650027303 -10.05967040758959 0.68909693094317
 N 10.85278285734373 -9.90259965743098 -0.90393749698328
 N 9.82906954225333 -11.33738607834965 1.12275498420002
 N 10.54729552894730 -13.95504105955652 1.72196976371073
 N 7.11219889072655 -12.43885246391479 3.19880208959242
 N 8.63663947726912 -14.22042817607575 2.99894157811284
 N 6.64744588999467 -14.51446264146231 4.09252857883691
 C 3.52908793020979 -10.28587506387098 1.22971987369679
 C 2.40250977064915 -10.06262571103614 0.21439104250006
 C 2.57156178446589 -8.75732363288950 -0.57633252289572
 C 5.26784248450629 -10.51123414200709 -0.53245087050566
 C 6.69676037638153 -10.24184978482385 -0.80311276440298
 C 3.46756735033104 -11.67273246598416 1.87077273536606
 C 9.46157353663848 -9.97944976876945 -0.99613042932242
 C 11.55849034355354 -11.13683237866229 -0.57010526711817
 C 7.44234095534559 -11.17241593082836 -1.53061527486074
 C 7.33225868994411 -9.10236653667099 -0.30088965718983
 C 8.81553237489389 -11.04929333018357 -1.62580012092480
 C 8.69757215485442 -8.95624816428878 -0.42283583488662
 C 2.00941960716341 -8.89519873837549 -1.99471483389415
 C 10.86345952475006 -11.91042078447603 0.53539095810672
 C 9.08655800802341 -12.07673705813207 1.95570667999479
 C 11.23749610400184 -13.22053546633563 0.87515115758835
 C 9.42619464883673 -13.41492192417009 2.23564374061660
 C 7.83684262838364 -11.51700711701432 2.46297089427471
 C 7.51408116227109 -13.72282371935492 3.42047723127774
 H 3.41592589307246 -9.57632901183831 2.06316973903932
 H 2.35944184191661 -10.91489988117292 -0.46618282634521
 H 1.45738049786887 -10.04002033260401 0.76346536444374
 H 3.62913895318220 -8.49664383650345 -0.66150254583769
 H 2.05676044035097 -7.93280742646493 -0.07968575287189
 H 5.58909675499424 -9.92511653699072 1.38473758503704
 H 12.57669582403678 -10.86524764373419 -0.27388794998163
 H 11.63104418141651 -11.77315827196145 -1.45858408465471
 H 6.93623347869135 -12.02482878344400 -1.97033619135473
 H 6.75272617298274 -8.33947193365146 0.20635132135220
 H 11.11516646250408 -9.16738305333273 -0.25349394743262
 H 9.39188228492805 -11.81130550862001 -2.13671056055084
 H 9.19393324059686 -8.09166883627739 0.00346951536580
 H 12.12135499553130 -13.67471078850767 0.43609790701741
 H 2.34945646636883 -13.19263773223227 2.04881770524731
 H 6.17029107750019 -12.15680624872576 3.44407804255874
 H 3.33041111854955 -10.30646761192857 -2.28535527077668
 H 5.88057837393575 -14.09852246116833 4.58798672990229
 H 7.00791905223512 -15.39659783935561 4.40939153268416
$end
$temperature
298.15
$end
$mult
 1
$end
$sigma
 1
$end
$pressure
1.00000
$end
$scale
1.00
$end
$msrrho
$end
$freq
13.63
19.00
26.00
39.02
43.52
58.76
63.69
72.93
79.67
86.68
100.56
115.13
125.03
142.91
158.01
164.23
174.48
186.07
209.05
227.29
233.92
249.47
256.84
275.38
287.51
312.00
317.81
328.13
340.32
355.32
377.87
398.39
403.12
408.65
426.86
430.74
440.62
459.66
482.31
497.81
503.76
523.87
537.32
561.32
569.39
596.96
597.89
605.64
611.95
619.62
622.94
633.71
647.24
657.27
672.88
692.16
699.93
703.68
729.14
736.12
740.30
749.12
789.00
796.53
810.44
826.66
854.26
858.04
865.68
884.35
895.55
909.60
930.58
948.56
950.44
964.23
1002.04
1009.20
1031.13
1065.21
1067.79
1076.89
1086.14
1115.04
1122.47
1135.63
1143.10
1157.02
1166.00
1167.23
1174.04
1193.33
1197.48
1212.83
1233.68
1245.75
1257.31
1267.40
1268.49
1273.08
1274.51
1280.03
1281.13
1294.11
1298.45
1322.41
1329.55
1339.58
1342.19
1388.47
1413.62
1426.63
1437.58
1441.42
1442.68
1447.67
1471.29
1478.94
1484.94
1507.73
1534.83
1572.86
1588.55
1596.40
1679.90
1720.97
1777.75
1819.45
2960.86
3004.56
3024.29
3030.22
3036.39
3062.11
3073.16
3087.22
3103.19
3109.85
3116.64
3121.73
3173.00
3416.75
3438.29
3454.87
3526.09
3543.61
3636.31
$end
