
$molecule
 O 7.36462406010273 5.96718382193147 -5.04678927719637
 O 8.75123989466410 3.94186805288581 -5.76604893941488
 O 5.42264224080284 6.03448228400014 -3.96851760862948
 O 6.87985407916089 5.96069389994283 -1.50572789881635
 O 5.23410101029133 4.60615475171182 -0.84234020706903
 O 8.93413550399209 -1.26432413913411 -16.44731433254990
 N 6.71867904364997 3.12671893753725 -5.22514144154747
 N 8.34885480414746 -0.53182502338602 -10.25914829805806
 N 9.11104000186072 -1.34792474879297 -13.59659435692387
 N 9.38357621122745 -3.88747856500725 -12.46800632011274
 N 9.11580516828144 -3.51382146173815 -16.47891706528330
 N 9.34277434655868 -4.85756317490569 -14.56432841969179
 N 9.34196532525895 -5.81406917912974 -16.64313598337688
 C 6.56208943957893 3.92646151725474 -4.01353973380003
 C 7.75605115218330 3.72533847633657 -3.05104309954476
 C 7.30225025022838 3.63639084892994 -1.58821520493898
 C 7.83720773811543 3.13744165047040 -5.98182549972127
 C 7.91609061584216 2.16276654435181 -7.08697107409266
 C 6.38652811933428 5.43266087047906 -4.35580980582290
 C 8.22549064851668 0.39484457670298 -9.24972321769784
 C 9.16996787855857 -0.27749647240089 -11.43863257019717
 C 9.00057680673310 2.27796742778150 -7.96646900752163
 C 6.99276923114232 1.13261721917662 -7.30268200563857
 C 9.16009943589415 1.41548844178445 -9.03024436770927
 C 7.14471943839833 0.26372722163905 -8.36254511339475
 C 6.34905511332997 4.76654599142492 -1.25485822425236
 C 9.20711917989207 -1.51831475920880 -12.28971033640319
 C 9.15771367787346 -2.44469609316841 -14.36376856860978
 C 9.34288322634877 -2.79724618636222 -11.73108569619558
 C 9.29619899433738 -3.72791097318572 -13.80038977711610
 C 9.05684959157384 -2.28596703011156 -15.81531072054095
 C 9.25198467620385 -4.71577447524660 -15.84849786500317
 H 5.63196445933164 3.59051553999250 -3.54118487658663
 H 8.28082347005125 2.80452843688160 -3.31534957175229
 H 8.46088959816991 4.55275444527142 -3.16454840342379
 H 8.17562826189936 3.70828389734391 -0.93588495385593
 H 6.79288429176819 2.69049202102452 -1.39327316609026
 H 5.97225528373379 2.48373461191862 -5.43149858856358
 H 10.18760204037044 -0.02932057295430 -11.11912735802839
 H 8.77582433889460 0.56085737885714 -12.02785090775416
 H 9.72245117327000 3.06989220758604 -7.79918312499934
 H 6.14746829979625 0.99395119185974 -6.63633756539666
 H 7.49086050758498 -1.02434773646456 -10.47467895891911
 H 10.01026193745672 1.53666795498435 -9.68962818175307
 H 6.42563119351219 -0.53350029367302 -8.51761231544172
 H 9.41469262711836 -2.92065800584009 -10.65433759973444
 H 8.05378183765905 5.28152053925170 -5.32460196155858
 H 9.07068702470104 -3.46604167196621 -17.48645800686444
 H 6.18355260906990 6.63899299977347 -1.46195175007295
 H 8.96523988110379 -5.76726556931829 -17.57318239823390
 H 9.24435026041369 -6.68864462710396 -16.15515727412127
$end
$temperature
298.15
$end
$mult
 1
$end
$sigma
 1
$end
$pressure
1.00000
$end
$scale
1.00
$end
$msrrho
$end
$freq
6.46
9.24
12.47
19.23
26.18
30.26
46.27
60.54
64.45
78.37
82.72
102.49
107.87
116.93
128.96
133.46
143.85
156.06
182.82
192.26
206.95
253.62
264.33
282.39
292.28
304.54
331.62
342.17
349.62
362.97
369.24
371.92
382.14
396.03
413.80
423.72
443.22
462.88
472.00
477.32
483.28
510.87
540.07
543.21
558.14
563.93
572.86
579.98
587.90
604.36
617.76
618.30
636.61
645.61
669.98
676.04
691.89
697.70
722.61
736.98
741.20
786.89
813.59
823.28
837.87
841.00
858.38
867.97
870.12
889.27
890.68
910.34
911.23
938.95
968.25
983.05
996.96
1010.78
1021.33
1046.28
1063.39
1066.73
1094.49
1111.94
1122.27
1129.16
1153.87
1155.99
1162.78
1173.14
1185.52
1186.31
1205.52
1223.36
1243.70
1247.20
1252.98
1258.09
1272.82
1275.53
1284.70
1295.43
1299.77
1310.39
1320.89
1330.48
1338.26
1339.53
1342.48
1391.45
1424.02
1430.80
1431.75
1435.72
1439.04
1442.95
1453.35
1487.59
1499.11
1511.49
1540.95
1563.12
1591.73
1600.92
1628.85
1767.63
1808.87
1818.72
2807.08
2972.43
3013.42
3013.66
3026.85
3033.41
3056.22
3066.67
3092.67
3093.06
3106.82
3115.47
3129.32
3469.13
3490.86
3510.50
3531.85
3535.44
3615.54
$end
