
$molecule
 O 3.57829958034542 11.00852652264118 -5.70303257015161
 O 4.12283786920120 6.76832732480933 -8.25022480977512
 O 5.72078187600237 10.69557246890943 -6.21797274170459
 O 0.13345267095208 7.55099359944868 -6.06640517028816
 O 1.35132610720780 9.39940996649679 -5.90728168920664
 O 10.65758733765434 9.37983084763101 -8.37111644089181
 N 5.39937665331301 8.20394480689512 -7.06822425183397
 N 9.86954866569317 5.54120951054530 -10.80542999431838
 N 10.32090650506321 8.09678872273158 -10.88047998611742
 N 9.94326625856369 9.75548463300845 -13.08253985304653
 N 10.46736197232569 11.37598684361561 -9.41673843530274
 N 10.12474059932716 11.63075392407607 -11.73252673700280
 N 10.21965796283196 13.46956795073608 -10.37535903400141
 C 4.22580904911907 8.84338201540213 -6.50716568561465
 C 3.70265124293335 8.05367627783093 -5.28374353469104
 C 2.43901963678495 7.26565210507607 -5.62882065144305
 C 5.22917400871204 7.22573466879025 -8.00082196694065
 C 6.46486139724113 6.76424242898617 -8.67683352495217
 C 4.59871463763853 10.28020476881690 -6.13053048894185
 C 8.71745827525264 5.93471411026882 -10.10502852945822
 C 9.99062247494843 6.08556614268341 -12.15607821921939
 C 6.32893554930906 6.11710178442172 -9.90832966000595
 C 7.74428039636573 6.95094337400870 -8.14717063606664
 C 7.44001575477399 5.71076684141427 -10.62271257889715
 C 8.85743648694951 6.53066880064262 -8.84848231388216
 C 1.28028151901784 8.18936161494599 -5.87802036148643
 C 10.08717811050687 7.59520454758132 -12.08141429419359
 C 10.33358591879999 9.42632291549867 -10.74927125529825
 C 9.90981606318674 8.44167940964462 -13.18528861524256
 C 10.13541048356728 10.27143619660503 -11.85571299629048
 C 10.50738410781471 9.98272499967184 -9.40920031484714
 C 10.28317435151448 12.12396033820448 -10.54493565581246
 H 3.44562966506923 8.88071403789802 -7.28031902870128
 H 4.48395413117968 7.36593919087968 -4.95337286769098
 H 3.48696338662080 8.73804864917754 -4.45810190591845
 H 2.16580106133153 6.57846543671118 -4.82440744140375
 H 2.59428180311171 6.66904200894637 -6.53398370352127
 H 6.25455612397230 8.74137117688550 -7.01371855446339
 H 9.13331538110526 5.78434237861107 -12.76305223827420
 H 10.89332607020866 5.66539628740227 -12.61190344389672
 H 5.33233282774318 5.95212942264302 -10.30366552527273
 H 7.87661633029424 7.42366905407978 -7.18020285565663
 H 10.69096784651473 5.83188800307354 -10.27601839631440
 H 7.31673103713853 5.21998578480920 -11.58142012012278
 H 9.84926298933964 6.70992073970262 -8.44915816738370
 H 9.73554444810694 8.02997650268556 -14.17534792510959
 H 2.71442458758375 10.53246305171612 -5.74158791691575
 H 10.53710815245667 11.82188594437109 -8.51340529460593
 H -0.57523721450078 8.19272484424944 -6.24085167114077
 H 10.27404485179974 14.00299130170882 -11.22635742704024
 H 10.62624899805055 13.87469072248087 -9.55135551972238
$end
$temperature
298.15
$end
$mult
 1
$end
$sigma
 1
$end
$pressure
1.00000
$end
$scale
1.00
$end
$msrrho
$end
$freq
3.36
11.62
17.02
25.05
36.69
50.23
53.58
53.99
73.99
83.55
94.15
96.59
126.63
138.46
141.73
150.62
157.34
169.35
203.20
229.41
234.99
249.08
270.15
298.22
307.87
318.24
338.52
341.21
358.34
368.18
372.25
390.19
396.11
405.57
417.94
446.45
459.75
462.80
477.17
479.82
503.25
506.57
523.52
553.69
560.91
574.32
598.77
600.86
607.12
616.83
618.52
628.74
638.14
651.03
655.97
668.20
695.95
705.11
711.99
720.76
736.46
776.36
801.55
827.52
834.57
841.49
854.69
856.02
869.06
885.32
897.67
913.74
928.75
949.34
971.96
984.81
1006.99
1009.54
1016.93
1066.08
1081.53
1085.46
1093.27
1115.42
1116.65
1129.65
1136.70
1148.18
1158.81
1159.18
1167.92
1175.24
1196.95
1203.01
1208.84
1234.14
1249.12
1251.30
1257.85
1271.28
1277.52
1279.93
1287.23
1301.63
1318.94
1323.99
1335.98
1340.72
1349.43
1387.34
1396.01
1398.28
1427.47
1436.99
1439.79
1442.63
1455.22
1485.00
1486.80
1507.63
1539.71
1577.55
1591.19
1598.55
1693.16
1752.41
1757.32
1816.07
2973.68
3007.59
3009.67
3023.57
3042.74
3043.06
3057.33
3088.58
3105.23
3105.94
3116.78
3119.04
3252.50
3405.60
3468.80
3489.61
3514.28
3542.77
3620.15
$end
