
$molecule
 O -1.25509538931368 -4.74748013603131 -7.77074406064649
 O 0.10860726477687 -3.63366533404988 -3.20520463408540
 O -0.77925345064853 -2.56910237142009 -7.73961747243322
 O -4.72466723498618 -4.99801998264654 -2.65092981429656
 O -5.14933026236801 -3.27480911310185 -3.98808492587095
 O -2.87764448044755 -1.31983935310177 -2.03748157344858
 N -0.55863302754448 -2.52848375262886 -5.05823268709280
 N 0.62942833141709 2.57546672302267 -1.57335498251466
 N -2.13214433777973 1.37211422006843 -1.49079950913808
 N -3.58745515392415 3.34388985224162 -2.81373267462131
 N -4.59052983643310 -0.53704663648732 -3.28256928452899
 N -4.98477777312120 1.73964310812042 -3.72799767856981
 N -6.34836549267131 0.11957744255974 -4.61581007779783
 C -1.14835046854660 -3.70641410335280 -5.64584428411352
 C -2.64808542314204 -3.82241631468889 -5.30368428098001
 C -2.88226084560426 -4.05919539846403 -3.80896086868519
 C -0.01600572030962 -2.58187621096435 -3.80574447329230
 C 0.33621389111797 -1.25362879054306 -3.24546074140171
 C -1.01896257419204 -3.58828430964306 -7.15265188348235
 C 0.60352175553553 1.27706608061394 -2.10093638295588
 C -0.49099251969181 2.93190211575493 -0.68692380928277
 C 0.21285682420268 -1.08437573013050 -1.86444533540126
 C 0.68958697817497 -0.15887936014379 -4.03568497160748
 C 0.34611315429680 0.16556151964581 -1.29422878610960
 C 0.83500844172314 1.09425031296896 -3.46692771493858
 C -4.35422763370953 -4.05845654307897 -3.51180764140389
 C -1.78545132386003 2.64863782011985 -1.41188304575451
 C -3.17507087760731 1.05445638686294 -2.26334628065462
 C -2.52725290300966 3.62969105049233 -2.08321397348381
 C -3.91982911479319 2.04586085819532 -2.93321589997955
 C -3.48625814898471 -0.35955796556507 -2.46460067912387
 C -5.27736512337569 0.48275370503291 -3.86886904871556
 H -0.61164698405863 -4.59105444821042 -5.28277434116803
 H -3.15941719376661 -2.90388358251273 -5.60735841254386
 H -3.06845116769362 -4.65252806056713 -5.87839471646943
 H -2.45508756484557 -3.23541115069969 -3.22669142254416
 H -2.41951217007579 -4.98621868528284 -3.46836578547484
 H -0.77030972013250 -1.64827444548566 -5.50267436831318
 H -0.39007206527996 3.99028028131381 -0.43548388706695
 H -0.42858238859901 2.33897321210957 0.22797699153641
 H -0.04392304872988 -1.94195673975236 -1.25352489244629
 H 0.84828486201144 -0.28014611260498 -5.10224053247646
 H 0.70011734265632 3.25888287616136 -2.32323531325828
 H 0.19527077015828 0.28871469052292 -0.22926980387449
 H 1.08596909824398 1.94716855217855 -4.08892001632143
 H -2.24957811940223 4.67775027451148 -2.01054905095063
 H -1.18008431388546 -4.62255510335508 -8.73129315468119
 H -4.85967200976261 -1.49745592586810 -3.47783631425715
 H -5.67480951491876 -4.92184688511555 -2.46427404728397
 H -6.40719520008560 -0.83371097949648 -4.92958978503062
 H -6.72323313706101 0.83626344235273 -5.21255867089397
$end
$temperature
298.15
$end
$mult
 1
$end
$sigma
 1
$end
$pressure
1.00000
$end
$scale
1.00
$end
$msrrho
$end
$freq
13.96
19.46
32.00
34.26
42.27
46.95
57.05
64.40
70.69
83.98
85.96
100.30
112.61
127.44
132.50
145.38
151.85
156.00
169.80
195.80
234.61
240.42
250.44
263.71
293.33
307.37
322.51
341.87
365.25
371.86
382.73
389.61
396.68
408.27
413.49
423.75
436.83
446.85
449.80
483.48
501.56
528.08
535.50
545.70
568.96
578.15
584.68
595.90
602.36
613.27
621.39
638.86
645.38
649.97
663.20
682.50
691.89
705.34
712.80
730.08
740.61
757.97
774.86
793.84
803.04
831.96
843.63
863.55
866.17
893.71
907.15
909.25
941.34
949.88
955.95
974.55
1007.99
1020.20
1044.99
1046.35
1069.33
1074.23
1090.43
1113.39
1121.64
1122.89
1136.65
1151.36
1159.32
1160.62
1170.40
1176.64
1178.28
1209.83
1227.80
1231.42
1241.37
1251.48
1266.74
1271.10
1272.52
1277.12
1291.85
1299.64
1312.57
1319.36
1322.55
1338.19
1349.03
1381.46
1401.76
1408.42
1427.83
1432.17
1445.11
1447.99
1455.66
1483.35
1485.73
1499.88
1538.52
1575.95
1591.30
1596.49
1716.92
1731.45
1750.25
1811.38
3006.00
3011.68
3020.19
3029.17
3045.38
3061.97
3071.03
3083.79
3093.12
3105.23
3120.12
3131.69
3382.41
3421.83
3509.13
3512.55
3546.23
3549.24
3618.23
$end
