
$molecule
 O -0.10314367184571 -5.94932938518041 -6.02577049095318
 O 3.95008007251414 -8.24227588368290 -7.76515197337443
 O 0.87827305962530 -7.08736312854977 -4.38011414268481
 O 0.90396706579101 -11.03542484685092 -7.93871250003339
 O 0.62076401307548 -10.60183150885915 -5.76900797616862
 O 2.52232111197949 -13.04725519331606 -7.49931636798791
 N 2.49687438613594 -8.43221023569026 -6.06014369984080
 N 6.52484296022953 -13.39380096618741 -5.10747794767758
 N 5.25194500572448 -13.79677645869529 -7.41238270571462
 N 6.55370693738300 -14.03332940581223 -9.86373680554694
 N 2.68867428494736 -12.86433608940936 -9.74526093478082
 N 4.62119757077248 -13.40422318394195 -10.97782230861512
 N 2.75557833876603 -12.62238750430545 -12.04737393482879
 C 1.64116234776246 -7.42575778167411 -6.64531504648825
 C 0.79577838771443 -7.97281641503761 -7.81105418136657
 C -0.22832064907850 -9.03395034224537 -7.38082415630720
 C 3.61111398459251 -8.81382864735598 -6.73785526558422
 C 4.38185217091955 -9.94813890021239 -6.17115280952734
 C 0.78741941206616 -6.82855695796477 -5.54717483436666
 C 5.86164268178016 -12.20546579507674 -5.43284330089811
 C 7.30312658744430 -14.03590044105515 -6.16223773321158
 C 5.67416483561064 -10.15188302671465 -6.66623657302506
 C 3.86451288002757 -10.86184296627138 -5.24971926541303
 C 6.41870682260947 -11.25257172995458 -6.29117375672500
 C 4.59777660044546 -11.97340192794614 -4.88184495600877
 C 0.46828875961524 -10.30196313130408 -6.92588924254210
 C 6.54930871542268 -14.03512043161999 -7.47632469058975
 C 4.59778188088498 -13.60042512543825 -8.56330170260106
 C 7.18664917482779 -14.18674567539819 -8.71881062962419
 C 5.25633760834730 -13.68443668267291 -9.80389505001133
 C 3.20902221889692 -13.17592522259932 -8.50103924713396
 C 3.39422101773143 -12.99461372890542 -10.91136255509903
 H 2.28089885156851 -6.62854790712178 -7.05159280471630
 H 0.26638646971512 -7.13330986866998 -8.26835174026315
 H 1.47685889666028 -8.39711134042210 -8.55331647267799
 H -0.86483420180657 -9.27345157810695 -8.23534150514298
 H -0.84800736128291 -8.65817550692829 -6.56421909120884
 H 2.14456559093753 -8.92523708907087 -5.25305999124699
 H 7.51667013531647 -15.05954605505968 -5.83802949157995
 H 8.26039673163268 -13.52015327073464 -6.28861726829395
 H 6.08082636529781 -9.43492828400844 -7.37164611878925
 H 2.86343631624800 -10.74398780593284 -4.85263867485820
 H 5.86771345552375 -14.05633739688860 -4.70609530063277
 H 7.41159931602542 -11.39589895742766 -6.70116981862835
 H 4.17050921901292 -12.70246555356625 -4.20209886834685
 H 8.24310190118686 -14.43426222425056 -8.77066083698819
 H -0.61490156807651 -5.58539700369358 -5.28466765223674
 H 1.75929699117973 -12.46534689467030 -9.75629231731346
 H 1.42920144020716 -11.81901157344155 -7.58764233159429
 H 1.75279541999431 -12.57633927805206 -12.05441832040179
 H 3.21710445767838 -12.88579069191306 -12.90100461019994
$end
$temperature
298.15
$end
$mult
 1
$end
$sigma
 1
$end
$pressure
1.00000
$end
$scale
1.00
$end
$msrrho
$end
$freq
10.91
26.13
34.01
38.80
42.39
51.28
60.65
65.63
77.87
83.19
91.24
93.44
121.42
142.33
146.11
150.85
155.10
180.56
201.75
221.53
232.89
238.59
255.70
286.82
308.08
321.55
328.72
338.99
347.97
349.52
373.21
393.46
399.37
417.82
426.63
434.70
449.56
459.07
477.63
479.48
503.16
516.34
529.12
562.95
568.19
583.39
590.02
601.45
605.19
615.20
618.57
625.26
641.50
651.30
665.45
692.70
695.77
702.34
728.20
733.95
736.48
786.53
799.47
830.74
837.66
845.58
852.87
860.30
863.41
894.84
900.01
912.52
923.43
942.41
950.17
965.32
1007.64
1009.50
1020.91
1057.69
1067.13
1077.27
1103.76
1111.81
1123.68
1124.62
1138.65
1158.19
1169.59
1173.85
1187.69
1190.27
1198.67
1200.67
1218.46
1233.54
1256.02
1262.20
1270.25
1275.98
1282.56
1284.82
1294.76
1304.69
1315.37
1320.82
1326.68
1334.53
1338.16
1386.60
1405.07
1428.18
1436.76
1437.24
1438.00
1441.53
1447.21
1482.14
1488.56
1508.19
1535.40
1576.07
1591.20
1600.42
1688.93
1704.94
1784.94
1817.59
2926.63
2967.85
3006.15
3025.83
3027.44
3030.25
3057.55
3068.21
3088.90
3103.94
3107.41
3118.66
3129.83
3441.95
3471.17
3507.54
3517.52
3549.84
3624.43
$end
