
$molecule
 O -8.57063390039155 6.88327729788583 -8.02050505492346
 O -8.88446070725408 2.89718834243537 -6.60111240716488
 O -6.55993814249385 7.28004774365567 -7.13170956388717
 O -3.94660336875166 1.43086599725242 -6.65830772747076
 O -3.70008584766118 2.92378702214379 -8.28586961526578
 O -13.56116483299355 -1.68453950349283 -6.32180444542144
 N -8.21130373505134 4.34154360525576 -8.22194099900328
 N -11.65114899204195 0.14656413827132 -11.64509287843500
 N -13.52231881601225 -0.90131819829477 -9.06581023223459
 N -15.46358079502915 0.94926077097156 -9.83598078445479
 N -15.30535057942236 -0.28808991008803 -5.99536957760926
 N -16.29473228655921 1.01872738598509 -7.68068902123176
 N -17.12683298475703 1.07227010429201 -5.54996263989025
 C -7.28942616699984 4.99570792192674 -7.29983880031411
 C -5.84873933388660 4.51294121842742 -7.48433004728519
 C -5.64243198923426 3.11826472902204 -6.88916810766084
 C -8.87743335509506 3.20621294196166 -7.77670985003568
 C -9.59126070343811 2.44409772581192 -8.81939164051543
 C -7.41102774064631 6.51559771435532 -7.47564849215347
 C -10.99874801477161 0.88392000069379 -10.67723786381529
 C -12.54111331584240 -0.94883805896116 -11.26931040888205
 C -10.04584825323692 1.16169671887048 -8.48603214438507
 C -9.85502397866531 2.93520843118586 -10.10291529995545
 C -10.72671439876786 0.38313321779547 -9.39730708189882
 C -10.54818387094376 2.16861999340017 -11.01697289621894
 C -4.32999767134516 2.50978300409798 -7.35924372325346
 C -13.60180077481286 -0.46127119649928 -10.31053857962122
 C -14.41085182947404 -0.42586401053551 -8.18523356551557
 C -14.58007550115398 0.46913173197427 -10.68645687274266
 C -15.39088829238729 0.51068314466493 -8.56670709889634
 C -14.33426988604378 -0.88925232208432 -6.79902461111962
 C -16.21935230254937 0.61597634067207 -6.45146008324004
 H -7.63421254141315 4.76983577847398 -6.28103230487256
 H -5.59759323045084 4.49536037929374 -8.54919499571335
 H -5.17924047114186 5.22722522613757 -6.99725929624826
 H -6.43899465075013 2.44311364418535 -7.21545226673155
 H -5.67111120985836 3.15197587443692 -5.79705280335108
 H -7.88740374963345 4.31787932628260 -9.17964348680933
 H -11.96375129945929 -1.74838508883339 -10.79809886288667
 H -12.98829669969225 -1.33212182494621 -12.19075666087118
 H -9.84868648466201 0.78422724856930 -7.48853548212588
 H -9.54296580756393 3.93528058342289 -10.38568873332964
 H -12.01028363686243 0.70714910528758 -12.40784930755925
 H -11.06357064016618 -0.60419537630947 -9.10853081559615
 H -10.75778341181138 2.56116182664208 -12.00635824625197
 H -14.63432230992504 0.82807101760048 -11.71060673383657
 H -9.09223197196712 6.07934143048118 -8.22622793850643
 H -15.30931289640219 -0.57683050043177 -5.02782028913102
 H -4.54780156676191 1.19934668993406 -5.93820076822094
 H -17.65335900151701 1.87219090173906 -5.85901277163150
 H -16.89797805229009 1.02827571499767 -4.57277212179920
$end
$temperature
298.15
$end
$mult
 1
$end
$sigma
 1
$end
$pressure
1.00000
$end
$scale
1.00
$end
$msrrho
$end
$freq
7.18
8.47
11.08
12.80
19.73
39.49
47.62
49.67
54.89
63.00
74.25
86.85
97.15
105.15
130.13
134.89
142.82
155.78
198.84
205.37
233.55
240.04
263.91
282.64
289.67
306.77
338.48
346.78
352.91
371.22
375.81
385.99
401.30
411.30
423.73
447.45
455.01
469.99
471.26
478.60
488.28
498.38
530.22
547.80
557.17
558.23
570.37
578.70
593.56
595.44
603.51
619.56
624.47
642.19
646.14
652.59
663.49
680.49
706.87
711.05
721.76
743.45
771.64
787.73
795.32
832.93
836.99
861.61
866.91
894.37
903.35
914.81
938.32
948.44
951.87
966.19
1004.12
1010.24
1048.55
1064.77
1065.34
1067.78
1074.27
1085.36
1096.54
1112.85
1119.65
1130.28
1154.44
1158.50
1168.46
1180.47
1183.06
1206.74
1222.95
1226.33
1245.81
1256.90
1257.94
1262.76
1272.72
1278.29
1282.11
1290.32
1297.73
1323.47
1337.18
1339.86
1346.41
1377.48
1391.42
1421.25
1428.98
1433.64
1443.24
1444.66
1451.02
1487.62
1494.70
1507.38
1540.10
1566.05
1590.27
1599.63
1718.74
1767.96
1833.02
1841.65
2980.53
3016.64
3018.59
3023.98
3040.27
3051.59
3053.03
3085.21
3094.91
3107.17
3115.12
3137.01
3386.35
3469.87
3478.02
3490.50
3510.08
3614.16
3615.04
$end
