
$molecule
 O 1.24547101740279 3.56066334754723 2.85426989941739
 O 0.85800999136571 6.10127141579998 1.97984514424609
 O 2.79771638992519 1.99877553739504 2.62951505345544
 O 4.63345400827027 1.62145396881972 0.62959559596567
 O 5.99382464489167 2.61228920781541 -0.80302786568111
 O 7.12065423407536 9.18721983061904 -5.71289076134185
 N 3.03382253407069 5.54415457555018 2.30402192731909
 N 3.22838753652997 7.36031707682080 -3.81309210933321
 N 4.33074586805216 8.61847225667319 -5.81720664878770
 N 3.05643934704200 9.16803596131353 -8.23435306714433
 N 7.01542014595490 9.87685304365073 -7.86209579237893
 N 5.05056808118525 9.89316614393780 -9.15447702763997
 N 7.03394858695605 10.56641661786937 -10.07350668762237
 C 3.43695875935114 4.18502461357946 1.95041972365683
 C 4.86050296538956 3.87786718614666 2.45910117413240
 C 5.85853447704420 3.63107565198642 1.32931346139601
 C 1.97737862007831 6.03406992035670 1.49200795388662
 C 2.31955811740620 6.39441798043456 0.12909620482368
 C 2.44303979115787 3.14857529580249 2.51364735860417
 C 2.89947373903350 7.07597751409679 -2.52795884213901
 C 2.28075755758948 7.84308972641917 -4.80042176352984
 C 1.28672419739196 6.61169235301482 -0.79743709083221
 C 3.65147898554418 6.54251543416751 -0.29547641263070
 C 1.56423863040155 6.93600350867009 -2.10486226127028
 C 3.93838393863051 6.87618576278409 -1.59639688715740
 C 5.48866657219401 2.57381999386785 0.28448415350548
 C 3.03870228483114 8.39571556904371 -5.97982756298060
 C 5.01041447469240 9.11539388300454 -6.85779943434762
 C 2.40652161378123 8.67854434493695 -7.19995282882526
 C 4.37419864151075 9.39216672449826 -8.08193401078903
 C 6.44253934916242 9.36662075867931 -6.69621243952492
 C 6.31970478850951 10.11368332367209 -9.01216058796118
 H 3.39863027744274 4.08831956567841 0.85802179660913
 H 5.20707311820239 4.72750395715527 3.05285656997522
 H 4.83413577332545 3.00736288057041 3.12064595993824
 H 6.81239587753279 3.30871229307002 1.75778630786705
 H 6.05198982722395 4.55529801736075 0.77869328323441
 H 2.72217684897373 5.56609484829601 3.27484151571494
 H 1.64837248082099 8.63370621122224 -4.37058226986353
 H 1.62128374658417 7.02862177393756 -5.12541302290554
 H 0.25989905398639 6.50346461377808 -0.46508200483893
 H 4.45471553045756 6.41577229028130 0.42193581252058
 H 4.19142290681031 7.61026124419192 -4.01400608472046
 H 0.75233774782465 7.07888481527503 -2.80733388590936
 H 4.96632690171742 6.99319942693731 -1.92006655708814
 H 1.34326644472009 8.49574970703861 -7.32604193030962
 H 1.01560126197595 4.50377321563188 2.64404285230578
 H 8.00904284788729 10.05154532843299 -7.81945803705140
 H 4.17175939935583 1.69140397411180 1.49573576342889
 H 7.91449793587997 11.02023097346838 -9.90812568157038
 H 6.47689112985564 10.90878333457550 -10.83811995582781
$end
$temperature
298.15
$end
$mult
 1
$end
$sigma
 1
$end
$pressure
1.00000
$end
$scale
1.00
$end
$msrrho
$end
$freq
7.83
12.99
16.63
20.53
27.36
37.71
56.74
60.18
69.66
86.15
89.84
110.69
112.96
135.64
137.67
139.42
157.42
170.10
185.51
194.18
209.52
251.56
260.59
306.94
314.04
320.16
329.82
339.19
341.31
364.38
378.02
389.26
397.45
428.20
443.41
458.47
466.63
477.45
491.01
501.59
504.58
507.56
532.72
545.05
548.74
575.78
577.19
586.23
598.31
603.12
613.02
617.22
642.98
646.75
653.42
668.89
702.44
711.95
726.49
736.49
737.34
756.52
792.93
819.96
824.08
852.23
860.53
863.97
874.08
889.53
903.37
912.13
914.62
955.77
958.98
993.50
997.92
1010.43
1023.51
1066.10
1081.89
1095.38
1098.50
1107.88
1114.51
1120.63
1123.70
1138.05
1156.61
1157.67
1161.61
1188.49
1201.31
1203.08
1212.55
1240.22
1258.55
1263.68
1269.74
1273.14
1279.41
1283.67
1306.81
1317.26
1323.29
1333.78
1345.07
1346.07
1351.00
1374.44
1400.47
1426.76
1429.91
1440.23
1443.18
1443.33
1457.60
1486.24
1506.55
1511.94
1541.78
1548.54
1587.38
1599.25
1683.01
1763.41
1766.56
1802.84
2949.20
2986.06
2993.44
3014.36
3023.91
3042.29
3052.00
3090.12
3094.28
3107.76
3111.56
3119.39
3125.30
3267.51
3393.83
3427.70
3490.14
3512.38
3618.07
$end
