
$molecule
 O -0.65810890375130 3.44930029673083 -0.50303749679426
 O 2.07245763094891 3.94915847995694 3.30439562856905
 O 0.76923645805623 4.90748843767560 -1.38841147268201
 O 5.60968929903815 3.64639425341522 -1.78276387309829
 O 4.68278140494910 1.80221037832444 -0.95769964782814
 O -2.85662429522996 -1.08686909581667 12.83256424319982
 N 0.60345236532151 3.22494992151042 1.75290079942564
 N -1.50944090901275 0.25462006562579 7.04502071036048
 N -1.98337460292079 -1.19073954731554 10.11257857194162
 N -2.75651360000898 -3.45346804108788 8.67243487613609
 N -3.89573748224175 -3.06643504045022 12.52557517896112
 N -3.88210234678812 -4.27953116291556 10.51298227634909
 N -4.96192923578810 -5.11603978998447 12.34930100245064
 C 1.34758356724314 3.90691906646398 0.71525546618127
 C 2.58046786626768 3.07893318981436 0.29240734817398
 C 3.53551589148987 3.87968264681942 -0.59257653214572
 C 1.10725735247835 3.25849957729887 3.02674539759203
 C 0.39029138336402 2.44056708054854 4.03242085030167
 C 0.47065480807022 4.16356479479023 -0.49149521977520
 C -0.84338503787366 0.95110112227400 6.06527733065360
 C -0.81151170865706 -0.26643258729259 8.21925623095951
 C 0.98234248169325 2.31583665190196 5.29452099520054
 C -0.84194674392352 1.81785691835228 3.80847136563397
 C 0.38371619231064 1.58560686727073 6.30020100777168
 C -1.45098384864218 1.08570527916380 4.80744540422248
 C 4.65206505845837 2.98638134235107 -1.11108828739474
 C -1.63444904796500 -1.35723522558861 8.84831096543685
 C -2.72155445644493 -2.15254967177280 10.68003049038862
 C -2.02325482176515 -2.50048494574187 8.13507723473958
 C -3.11944610573009 -3.29382944757640 9.95722080562833
 C -3.11830623493057 -1.99427096564582 12.08027851962886
 C -4.23902340940520 -4.13410457499918 11.74942396535861
 H 1.68750681205372 4.87030410466853 1.11633520596106
 H 3.10500235073265 2.77208078982703 1.20044456980442
 H 2.25938736583334 2.17455641909451 -0.23152215064335
 H 3.96938343934247 4.71577727844500 -0.03725670925958
 H 3.01311642342301 4.29521752148041 -1.45909203865481
 H 0.00368040343147 2.47126121155029 1.45672251118545
 H -0.66225119028700 0.53464681504665 8.95058640982749
 H 0.17106339970946 -0.66178724487767 7.92649260573021
 H 1.93061404309774 2.81162082270894 5.47286118209837
 H -1.34511606446344 1.91388766223427 2.85202983196666
 H -2.27768432952234 -0.31766664860161 6.72231069082810
 H 0.85999040119837 1.51656397294338 7.27032997676728
 H -2.41012090238681 0.61166457158539 4.62750131536126
 H -1.72197652836306 -2.63570504584910 7.09989453360581
 H -1.15175411882804 3.65594795301608 -1.31418756399654
 H -4.18544952666706 -3.02126361980466 13.49173158342412
 H 5.46043538870759 4.59924699606933 -1.83726147836020
 H -5.36330205085741 -5.78340993313959 11.71202640565748
 H -5.50147028475654 -4.88500890050157 13.16460898316926
$end
$temperature
298.15
$end
$mult
 1
$end
$sigma
 1
$end
$pressure
1.00000
$end
$scale
1.00
$end
$msrrho
$end
$freq
4.08
9.19
14.87
18.43
25.78
29.38
36.03
44.10
57.36
62.98
68.56
81.06
100.97
103.54
124.43
133.24
140.81
141.98
174.79
183.88
198.42
205.71
247.95
270.12
300.09
315.66
319.55
339.68
344.38
346.15
361.30
371.94
380.28
389.74
405.67
424.19
447.42
455.47
466.11
470.31
478.49
479.11
504.42
524.87
542.60
550.83
568.36
576.61
580.41
588.10
600.83
604.21
618.44
629.96
640.30
644.32
652.90
678.07
702.38
723.02
725.19
740.66
769.80
787.66
817.11
825.74
840.45
864.02
872.41
891.52
903.99
912.33
912.62
940.72
972.23
1004.60
1009.09
1011.71
1040.69
1065.79
1066.93
1086.83
1093.76
1095.90
1112.87
1116.89
1126.25
1145.07
1154.73
1155.85
1171.44
1184.76
1197.23
1214.29
1228.83
1234.22
1246.39
1255.11
1258.04
1260.78
1273.10
1284.11
1286.43
1296.55
1304.52
1329.88
1336.47
1339.02
1340.61
1383.73
1393.84
1419.67
1430.03
1433.23
1443.46
1450.11
1452.71
1487.83
1498.31
1509.24
1540.85
1566.90
1593.56
1601.02
1706.09
1768.21
1796.34
1833.71
2959.13
2998.56
3015.61
3018.30
3031.34
3040.36
3060.68
3085.24
3095.09
3107.25
3112.16
3126.52
3483.85
3490.92
3510.04
3525.17
3543.94
3614.93
3617.69
$end
