
$molecule
 O 10.49940661809033 3.40003020023433 1.33290477141819
 O 8.77544622082473 0.60047564940744 2.97116330671056
 O 11.83935342708482 1.62853452247463 1.50400163718957
 O 9.88362385346313 3.46638996791336 -1.55918703102797
 O 8.50217415713912 4.98512618225294 -0.69531461995992
 O 8.83891537755996 -9.82505303900720 8.36174835452818
 N 9.76052545157726 -0.05094919547769 1.02404290117542
 N 10.89453118091437 -5.13927209292259 4.75680946084784
 N 10.28373397817825 -7.73397458105608 7.05390028641183
 N 12.97038013174767 -8.26779832463820 6.51062746916162
 N 10.72168053992140 -11.06924693573112 8.35201263452688
 N 12.77972712417875 -10.36360720622987 7.46455195257872
 N 12.59928266295604 -12.42504838235381 8.44336497276761
 C 9.68836403311436 1.30495390318566 0.48700930478949
 C 8.27859562623995 1.90203901633287 0.60494308209054
 C 7.84325372494891 2.66543479068487 -0.65656040419600
 C 9.40591709321983 -0.23083230428635 2.34867822154759
 C 9.80359267582636 -1.53352463439217 2.93247871141887
 C 10.79059937614059 2.11222102767604 1.17272968558056
 C 10.49089941022157 -3.94398308764651 4.19107513725683
 C 10.42797654962568 -5.53195754347311 6.08384955894188
 C 9.72287427035173 -1.66761465730675 4.32229014903631
 C 10.22935576882921 -2.63067862003812 2.17770639745061
 C 10.06769252960795 -2.84720297878704 4.95078552388466
 C 10.56777845728689 -3.81736105106429 2.79634840072361
 C 8.74622895116697 3.83984614120916 -0.95048627058173
 C 11.05860821357305 -6.84614585260966 6.45593584123426
 C 10.84069524411280 -8.90279012344039 7.39775648985644
 C 12.40691271358908 -7.12286835459085 6.18642821367247
 C 12.19479285523276 -9.17699793976454 7.12676717433675
 C 10.00653239873969 -9.90442072282659 8.06274443256891
 C 12.03977911251304 -11.24948901323106 8.05057234658248
 H 9.97946222334160 1.23425502507960 -0.56973978359547
 H 7.56961599543591 1.08764665449212 0.76551635455050
 H 8.22413325522760 2.56198572328397 1.47253619182699
 H 6.83121253781604 3.04591922045921 -0.50614862411717
 H 7.85016210684069 1.99330159012062 -1.51810203379821
 H 10.60927075441491 -0.52527504987044 0.74396560927863
 H 9.33443176977549 -5.62660061391525 6.11449563653942
 H 10.73079732963336 -4.76925921591695 6.80915529940299
 H 9.38496692131882 -0.81856170979446 4.90677127046471
 H 10.27531645326003 -2.57033137548420 1.09550941552644
 H 10.88645060962708 -5.91289032768078 4.10239954079882
 H 10.00320092347671 -2.91424459337813 6.02968275723551
 H 10.89233564395242 -4.66606165192410 2.20346937129170
 H 13.02889108122976 -6.38446574734525 5.68884496872857
 H 11.23119178097328 3.84407548461996 1.79166978250406
 H 10.20211822246696 -11.79114972828015 8.82973967983241
 H 10.43645152424923 4.25369821803579 -1.69216573925393
 H 13.50074023957459 -12.60896272055553 8.03547080990088
 H 11.99724689938030 -13.21665394242912 8.58591140035818
$end
$temperature
298.15
$end
$mult
 1
$end
$sigma
 1
$end
$pressure
1.00000
$end
$scale
1.00
$end
$msrrho
$end
$freq
6.96
11.99
17.19
21.84
34.39
34.79
47.17
57.16
64.06
67.24
73.53
85.30
94.81
101.65
130.57
133.05
144.18
150.60
163.32
192.59
200.52
243.72
267.64
295.14
301.58
306.78
326.68
341.50
343.69
369.98
371.99
388.79
394.98
408.74
432.50
447.98
462.54
470.42
478.52
479.89
512.19
518.63
525.47
534.83
545.60
559.52
571.83
579.52
584.15
592.20
604.33
615.51
618.91
640.01
650.47
661.56
676.08
708.79
718.84
725.02
737.73
740.96
791.22
800.57
827.38
838.31
839.80
856.02
869.25
891.45
894.12
901.82
912.22
940.02
969.65
990.81
996.75
1011.60
1022.44
1047.68
1067.28
1078.49
1094.23
1112.01
1116.29
1126.76
1134.52
1153.87
1154.40
1166.11
1179.27
1185.94
1197.09
1222.69
1226.10
1238.13
1251.73
1256.77
1257.23
1264.31
1272.06
1283.10
1291.55
1296.53
1307.12
1328.44
1336.23
1337.48
1345.36
1386.05
1395.99
1429.80
1434.60
1437.49
1440.67
1442.23
1453.27
1488.35
1495.42
1511.77
1541.00
1570.08
1593.40
1602.00
1726.79
1766.54
1801.57
1820.69
2969.98
2986.98
3012.15
3025.25
3046.10
3066.06
3076.76
3093.98
3095.97
3108.56
3112.32
3126.53
3460.47
3481.87
3491.44
3509.03
3548.90
3552.66
3613.61
$end
