
$molecule
 O 10.00461467781245 6.74415683089184 1.18016556916690
 O 8.77894240904970 6.96239857044553 -3.66135311263403
 O 10.34089137842718 8.77243922280285 0.33054072718442
 O 11.35534699368322 4.13903220441389 1.04165861052239
 O 11.06141313470507 2.44910130143478 -0.37574425897871
 O 14.10984889702651 14.77976315594794 -7.86029005450612
 N 10.17751949655469 7.95738072102395 -2.20202048485360
 N 10.30320395930118 12.09156690625760 -7.11385345427002
 N 11.73389605962712 13.51052204426474 -8.79505138415450
 N 10.92420371106200 14.17796955545459 -11.37758636843883
 N 14.26368026162675 15.85139131491758 -9.84297385606393
 N 12.73710200895294 15.59484977707464 -11.61264081686726
 N 14.55187516039606 16.96792238445585 -11.85310053348262
 C 9.79226371010330 6.99012018431859 -1.18973247854644
 C 10.53180662749184 5.65664347696390 -1.41062275683815
 C 9.80719514894814 4.45928550799222 -0.76589507150897
 C 9.51282998786851 7.90132322050969 -3.40265202368453
 C 9.76824390456198 9.01109905451579 -4.34392711960716
 C 10.07604027194024 7.61577565385659 0.15618455475173
 C 10.12685027981043 11.04785830451704 -6.24102687671674
 C 9.86794337283295 12.00136302508210 -8.49857800901593
 C 8.97408831082300 9.07016044608400 -5.49532636658491
 C 10.75039460073974 9.99109097116269 -4.15813477680065
 C 9.13701864416449 10.07250116954372 -6.42863438519670
 C 10.92736757976306 10.99329720114485 -5.08876669089327
 C 10.79548128589527 3.56103242364668 -0.03205366929345
 C 10.64532381848651 12.98711830310555 -9.33057638540107
 C 12.43580409294441 14.37686303804213 -9.53629630294989
 C 10.24680730988211 13.33144704596586 -10.63145903160839
 C 12.03446175686180 14.71565606447415 -10.84128472502064
 C 13.64108468360065 14.96991806070474 -8.95758823924882
 C 13.80212955661903 16.12279840464009 -11.09839893398400
 H 8.70827709180216 6.80983238869885 -1.26687150477326
 H 10.59259641717090 5.49678384412551 -2.48897676506003
 H 11.55312787958868 5.74493623232914 -1.02995743475938
 H 9.30060221114092 3.86690171949917 -1.52945279005198
 H 9.05890638838697 4.80034930674764 -0.04664008750729
 H 10.52796502238362 8.83739950000908 -1.85012492405184
 H 8.79455071243340 12.21375866118153 -8.57363721881480
 H 10.03539357719514 10.98706206658912 -8.89087417066670
 H 8.21426993963959 8.30947447320947 -5.64027261049292
 H 11.39824086716526 9.96558550015939 -3.28834843161383
 H 11.17848515741198 12.59971833110350 -7.01901675680725
 H 8.49488221448083 10.10348797576372 -7.30058584428010
 H 11.69296575987671 11.74664537692809 -4.93948410279391
 H 9.34925098281715 12.90008779830035 -11.06540244176956
 H 10.15628116471720 7.23249796972282 2.00740376246147
 H 15.11354910555737 16.28005880652406 -9.50618158736446
 H 11.00210205972870 5.02769268196398 1.21477766987328
 H 15.16780854568218 17.61050859574013 -11.38742305328907
 H 14.09274581126266 17.29897122574906 -12.68510600273012
$end
$temperature
298.15
$end
$mult
 1
$end
$sigma
 1
$end
$pressure
1.00000
$end
$scale
1.00
$end
$msrrho
$end
$freq
7.39
9.94
20.37
21.37
28.27
33.79
45.18
50.94
60.22
67.66
87.85
97.17
107.31
113.19
132.08
135.33
139.25
152.96
182.47
187.07
206.81
240.25
266.90
276.50
297.72
309.19
320.41
333.38
340.45
369.85
372.26
381.71
396.60
397.77
418.93
425.44
433.55
466.91
470.28
475.38
482.41
505.77
535.64
548.29
556.82
563.69
573.09
574.90
590.11
604.03
605.39
617.90
628.24
636.07
640.35
657.22
669.31
685.49
703.22
717.93
719.24
736.31
779.76
788.84
824.83
826.01
855.03
860.82
879.73
893.25
908.34
911.80
929.74
957.63
959.94
993.11
1006.35
1011.55
1047.86
1059.17
1067.01
1090.69
1099.32
1107.72
1114.70
1124.27
1134.90
1139.47
1157.82
1160.56
1172.65
1176.26
1189.82
1201.65
1210.35
1232.46
1244.91
1250.00
1258.49
1260.41
1275.07
1277.58
1286.02
1292.81
1306.79
1330.23
1333.41
1338.39
1343.53
1381.00
1392.66
1429.09
1433.52
1442.34
1444.88
1445.28
1450.96
1487.30
1499.97
1511.11
1541.82
1564.09
1593.06
1600.67
1703.58
1765.07
1808.53
1841.13
2938.64
2942.12
2991.35
3025.60
3032.40
3059.03
3070.83
3089.33
3099.33
3109.98
3111.89
3122.25
3415.25
3485.37
3490.83
3510.13
3525.29
3531.24
3615.11
$end
