
$molecule
 O 6.37052070208409 -0.50892280773176 -0.90106849320929
 O 10.07379670739527 1.13443474409552 -1.70567211073517
 O 5.69348800231781 0.98058404850684 0.62024213907826
 O 6.74821999235871 5.60960935776670 -1.82699708332140
 O 4.67046057679599 5.49308993676323 -1.03629925128141
 O 13.81896101252806 -1.73117489153835 -12.56689595624833
 N 7.85237643575410 1.19443503561702 -2.17138563637984
 N 10.38451005132554 0.93255781179265 -8.06639030650146
 N 12.40303858245849 0.00643922091716 -10.79466531593994
 N 10.98797706762309 2.08809318630388 -12.00393022205270
 N 13.06956246243709 -0.49737353924549 -14.30195105216244
 N 11.68291966445275 1.38844227021948 -14.09313830397408
 N 12.40309042435853 0.71763289028091 -16.15906401361888
 C 7.53648144855013 1.57634668908005 -0.80057764255907
 C 7.18604131318331 3.06024251352839 -0.65683814990844
 C 5.89097681612326 3.44383724712939 -1.38496953804796
 C 9.19163843085470 1.14771017532395 -2.53799100074435
 C 9.45013172054377 1.06917868632655 -3.99124449692653
 C 6.42412107559910 0.66464806337491 -0.27201275916349
 C 10.12666007850707 0.94561206613066 -6.71412459960656
 C 11.72804791925211 0.70228881681498 -8.58826587849737
 C 10.77343140882712 1.24250425531470 -4.41487402984582
 C 8.46782618421527 0.82244061742497 -4.95707302633834
 C 11.11366310173377 1.19077023751859 -5.75036496718743
 C 8.79920002787598 0.76190415864606 -6.29464201497688
 C 5.67743680702322 4.94114049168895 -1.37711066301560
 C 11.71162794374189 0.87900920828009 -10.08284623017050
 C 12.40574280794026 0.16401525625258 -12.12469807370723
 C 11.00286105968555 1.92078979176322 -10.69816972765290
 C 11.69512066752484 1.21260100257354 -12.74003248511331
 C 13.16529303302575 -0.78620776634571 -12.93854922672844
 C 12.35422116523091 0.54601590870799 -14.81218332929487
 H 8.43377180987527 1.36760109840142 -0.20052726621824
 H 7.07141029899841 3.27320331279562 0.40928235524451
 H 8.01621932114098 3.65750837282928 -1.04100745681615
 H 5.02569337546363 2.96631756711657 -0.92183481244723
 H 5.94022563058289 3.13819435045509 -2.43487317017808
 H 7.20877563358772 1.54501425062188 -2.86667474016411
 H 12.08690417641880 -0.30536882747398 -8.34080874250743
 H 12.41340886986941 1.43336878212168 -8.14672531666439
 H 11.53703054620521 1.42471263076354 -3.66631772546350
 H 7.43578424217138 0.65387059880953 -4.66709288094350
 H 9.66620629957410 0.47920174079183 -8.61767354394700
 H 12.14598344655685 1.33727042203664 -6.04215957540245
 H 8.03138546964925 0.56677447582449 -7.03570195144682
 H 10.43402949878674 2.62576074130405 -10.09881796701084
 H 7.04856414875019 -0.52337667725767 -1.60754024634549
 H 13.59015519031326 -1.10921863180577 -14.91357074492573
 H 6.55672921562872 6.56156344438859 -1.80404835892068
 H 11.71995113399828 1.36204904787647 -16.52045072365492
 H 12.63455200110050 -0.07121638288874 -16.73634468635018
$end
$temperature
298.15
$end
$mult
 1
$end
$sigma
 1
$end
$pressure
1.00000
$end
$scale
1.00
$end
$msrrho
$end
$freq
5.39
6.51
7.62
11.89
20.46
24.92
38.23
48.29
53.14
63.58
73.34
80.13
88.96
108.79
126.17
132.88
142.78
153.03
179.43
188.29
193.12
221.46
237.81
272.14
300.92
304.53
331.38
341.14
348.60
368.64
370.83
391.84
405.40
409.49
427.63
454.33
459.40
472.76
477.86
480.93
486.00
511.16
542.45
546.95
561.54
566.97
579.32
580.40
587.31
603.83
610.38
618.28
625.54
639.58
643.46
652.58
675.41
685.36
706.90
720.89
727.34
739.28
779.25
788.89
813.53
825.06
837.88
865.87
870.14
892.73
897.75
911.85
922.94
939.01
955.57
968.50
1004.82
1011.09
1016.18
1062.11
1066.76
1075.55
1093.81
1097.61
1111.87
1114.32
1128.13
1150.53
1153.87
1167.23
1170.34
1181.93
1199.70
1217.61
1223.29
1240.07
1249.58
1255.53
1257.90
1271.77
1271.94
1277.05
1281.91
1284.25
1299.48
1330.21
1338.01
1338.84
1340.47
1376.59
1392.99
1425.09
1430.32
1435.33
1439.06
1442.39
1442.76
1487.61
1497.66
1511.57
1540.96
1565.49
1592.54
1600.98
1731.71
1767.44
1824.02
1835.89
2972.22
2976.22
3007.79
3014.09
3030.68
3059.13
3070.88
3093.10
3094.41
3107.18
3113.38
3128.66
3403.51
3467.97
3490.49
3490.76
3510.37
3552.26
3615.38
$end
