
$molecule
 O 2.34000631913145 6.61623349677408 -3.87033509265614
 O 0.34281844827167 5.30950794925999 -7.40923299493340
 O 1.21110328505154 8.53006877069497 -3.65302034430519
 O -1.33658321548068 7.51335098598033 -1.74878762830299
 O -0.32855011701022 5.63426281306674 -2.38326851757097
 O -3.55813846134443 3.88420114191558 -4.50062650464037
 N 0.41773190091315 5.42343609096542 -5.14812289501479
 N -1.37797505631309 -0.68673101414976 -6.22051499980236
 N -3.61923442856152 1.14439767788466 -5.29222270753515
 N -5.56238481786493 0.45357245093737 -7.16619261398699
 N -5.35440992854468 4.25344202738124 -5.81797539148600
 N -6.38947347227223 2.61345285080681 -7.14854787864732
 N -7.20472262021823 4.75195941230960 -7.12227107936778
 C 0.33857433237073 6.87410014596987 -5.15782462941109
 C -1.08517197130510 7.41405581619085 -4.94846769553304
 C -1.89850036329218 6.65515577621530 -3.88599704002673
 C 0.22374384289118 4.75089990125672 -6.33518173535457
 C -0.10132953286021 3.31023167621816 -6.21091638009643
 C 1.32826361205538 7.43842961947174 -4.13100289623038
 C -0.92195195305735 0.63235349991172 -6.18877936369537
 C -2.56054672799853 -1.01333697479450 -5.41219728545595
 C -0.50215117615069 2.69860842888809 -5.01997253909065
 C -0.07414035980872 2.54371755357116 -7.38171376330668
 C -0.89601995987789 1.37507371998384 -5.00520511082886
 C -0.46867510350397 1.22117905056448 -7.37404123736752
 C -1.11071327942260 6.52578939515023 -2.60678735758271
 C -3.67852749131576 -0.07698007835978 -5.80169905141281
 C -4.49724044076217 2.04889088885269 -5.73868430676598
 C -4.66062803719429 -0.41047638708552 -6.74475314464050
 C -5.48410044190347 1.70489300738665 -6.68221919267860
 C -4.38147328013842 3.42544920205729 -5.26299542354939
 C -6.29584225662113 3.82876234263533 -6.71307155895590
 H 0.69398002059631 7.20889143513109 -6.14290325583058
 H -0.99742282345946 8.46552622341898 -4.65880709192792
 H -1.63009828377961 7.36211329221613 -5.89397861288402
 H -2.14175080918696 5.65379524834601 -4.24657671234002
 H -2.82465214422986 7.19909268184597 -3.69355740922106
 H 0.08513350763570 4.99057207604253 -4.29533605164367
 H -2.31852448846109 -0.90216102782407 -4.35321570494679
 H -2.81931043807903 -2.05572220341686 -5.61228939824060
 H -0.54881731346532 3.25671275949442 -4.09150064460672
 H 0.24247543505230 3.01462988925302 -8.30620741672599
 H -1.50480484195093 -1.00499386845926 -7.17693947502871
 H -1.22906666473647 0.93414312779131 -4.07464706838919
 H -0.46172474067758 0.64286941682502 -8.29199633310600
 H -4.71341518126077 -1.41512033878605 -7.15493716145442
 H 2.18265179936837 5.76310842474943 -4.32428083726886
 H -5.33310196516539 5.21828861834525 -5.52135831606198
 H -0.73871734149575 7.42399650166570 -0.98762108019162
 H -7.75140883251300 4.46906864873167 -7.91854628710235
 H -6.96114414180194 5.72486085656908 -7.06302778256361
$end
$temperature
298.15
$end
$mult
 1
$end
$sigma
 1
$end
$pressure
1.00000
$end
$scale
1.00
$end
$msrrho
$end
$freq
8.08
14.35
20.49
27.14
40.38
44.97
50.84
56.23
59.94
64.76
70.96
85.26
108.81
128.76
139.35
144.33
151.93
159.77
201.36
216.15
236.91
251.23
278.53
290.21
295.64
309.30
341.53
349.81
364.52
370.19
378.53
401.71
409.86
412.18
423.22
448.23
475.10
479.69
485.05
495.28
515.62
528.68
558.29
562.55
569.08
577.41
578.64
595.67
598.35
605.97
611.04
620.43
639.85
644.39
665.52
685.92
703.91
704.59
710.72
733.95
737.98
745.77
785.38
799.27
810.81
831.25
840.90
859.08
866.86
892.12
899.34
911.70
913.13
939.71
966.67
972.45
996.08
1006.00
1011.34
1050.87
1067.98
1069.15
1076.62
1101.13
1116.55
1118.57
1129.28
1156.61
1157.12
1169.52
1170.91
1173.55
1179.14
1213.03
1226.18
1236.72
1247.80
1258.52
1261.12
1269.55
1271.38
1280.92
1284.60
1295.63
1310.11
1320.01
1329.69
1338.06
1340.49
1382.81
1389.17
1426.82
1431.87
1437.75
1440.03
1447.46
1447.69
1487.07
1488.34
1501.88
1538.24
1575.88
1590.38
1602.11
1718.39
1745.11
1781.33
1829.69
2977.60
3021.34
3029.66
3041.90
3051.66
3062.70
3081.26
3086.81
3097.70
3108.94
3115.73
3135.32
3404.37
3433.51
3462.76
3491.14
3508.88
3542.23
3613.45
$end
