
$molecule
 O 1.17911679363266 -8.75133664774212 -7.14300975273314
 O 2.92884840810263 -13.08480503263100 -5.44543664066408
 O 3.02532572502415 -9.33329791961250 -8.24859826982190
 O 1.06223103202291 -12.12016943305439 -3.83486984708365
 O 0.71709414374252 -10.32245467669281 -2.57832057065362
 O 9.79626597877069 -11.80813219797477 -6.55628571457592
 N 3.67376279663184 -11.24078332678191 -6.52058557354039
 N 7.97696202085224 -15.65476387770475 -8.35610010655710
 N 9.51328089142789 -14.63619984025483 -6.54116260727060
 N 10.67096907647235 -15.98351108566673 -4.39727362448111
 N 11.01613200584305 -11.96587243605804 -4.65896247614832
 N 11.47144370440054 -13.98598271356515 -3.54017168925546
 N 12.21583802051002 -12.00213651644626 -2.67682306500383
 C 2.53589875526913 -10.41889896256809 -6.15315481559870
 C 2.81264626313868 -9.61792923997469 -4.86601379809850
 C 2.85426318640837 -10.50766073526262 -3.61632723907584
 C 3.74691305044182 -12.55306587906595 -6.19857192280980
 C 4.87324390544664 -13.31351673803006 -6.77831201955024
 C 2.29248294281801 -9.45992706917817 -7.30524305302604
 C 6.94780501318207 -14.89569316008371 -7.79417485302145
 C 8.60286052916588 -16.65013300917058 -7.49282180267505
 C 4.84034979938405 -14.70750916083465 -6.65246185862766
 C 5.96768243178349 -12.72213880664503 -7.41887483230130
 C 5.85558687411745 -15.49350092880972 -7.15874964206255
 C 6.98893723402051 -13.50256231973817 -7.92125990566220
 C 1.43589950264249 -10.98186471502722 -3.27835640103558
 C 9.39836411594578 -15.94687630714394 -6.41350366600995
 C 10.18731190779861 -13.97396105116909 -5.59545970221067
 C 9.98751966101258 -16.61510316569469 -5.32994561489055
 C 10.77614153319528 -14.64776668981659 -4.51052751842234
 C 10.27785820874018 -12.51959363421207 -5.70448815896090
 C 11.56903551701034 -12.69909043037001 -3.64728078525315
 H 1.64900985651025 -11.05133420692320 -6.02233345046949
 H 3.76924788346984 -9.10037581442276 -4.97893634258146
 H 2.02724446869906 -8.86634425364237 -4.74676568687720
 H 3.20758042653819 -9.90682651672315 -2.77578928141013
 H 3.53358368936250 -11.34820315139134 -3.76159396753441
 H 4.24928028166868 -10.86023757324490 -7.25983439981597
 H 9.26484158819384 -17.26932977830806 -8.10759022880630
 H 7.84457796018437 -17.30212248717971 -7.05286339706780
 H 3.99347782904962 -15.16599181929879 -6.15359518789420
 H 6.04552016591503 -11.64355419372943 -7.50191281668393
 H 8.70361149323279 -15.03322303303891 -8.70817788723080
 H 5.79859792567202 -16.57171357544425 -7.06455243039215
 H 7.85312965750813 -13.03549683911702 -8.38026024369611
 H 9.89644237545937 -17.69279741970058 -5.22932906329827
 H 1.06090126279367 -8.14532370334726 -7.89315513457761
 H 11.09843652479799 -10.95958958483697 -4.66448734212892
 H 1.76381881327178 -12.54835183363350 -4.40187354751194
 H 12.56914403174278 -11.08746161516049 -2.89502334370087
 H 12.77084873696920 -12.56948789381645 -2.05820072124175
$end
$temperature
298.15
$end
$mult
 1
$end
$sigma
 1
$end
$pressure
1.00000
$end
$scale
1.00
$end
$msrrho
$end
$freq
6.29
8.56
17.32
22.28
34.83
42.88
50.46
55.87
61.45
74.44
84.44
98.88
124.83
133.83
138.81
141.64
151.48
168.94
186.00
208.86
227.17
245.30
272.09
304.43
312.29
316.47
339.92
344.16
364.21
368.18
373.34
394.60
396.51
403.01
431.79
452.54
455.85
465.02
474.24
477.95
502.60
517.40
541.96
556.82
564.11
574.28
596.30
599.60
600.96
605.55
617.61
636.46
638.40
644.66
667.35
695.38
704.83
708.70
727.49
736.32
771.80
788.45
793.38
824.67
829.64
833.47
855.47
857.71
867.30
886.27
893.34
912.83
946.84
949.75
969.15
975.17
1006.28
1007.92
1009.20
1066.85
1072.86
1087.43
1091.46
1115.07
1119.01
1126.19
1145.50
1156.35
1158.82
1165.12
1175.71
1178.89
1187.19
1198.62
1201.27
1246.18
1254.88
1258.01
1267.56
1273.49
1275.27
1282.49
1288.10
1303.17
1308.37
1319.97
1328.45
1329.49
1340.36
1394.42
1420.32
1428.17
1436.76
1439.40
1442.71
1443.54
1449.83
1486.35
1489.18
1508.74
1539.45
1572.44
1589.52
1600.03
1650.73
1757.90
1806.69
1808.82
2997.00
3007.20
3019.75
3032.33
3037.76
3044.58
3049.65
3076.69
3090.14
3102.21
3108.93
3115.78
3120.58
3411.62
3478.02
3491.07
3510.34
3545.83
3615.41
$end
