
$molecule
 O 5.82698152709228 -1.33596707780152 6.14181183273686
 O 5.12932295453603 0.96574807289402 2.62645574654108
 O 6.51483576298804 -3.17176924710931 5.08504275590679
 O 9.51887655096822 0.03652735909529 3.28503715668560
 O 8.58626715583403 1.49994917505043 1.90219064546319
 O 5.34370370399067 10.54317954761972 2.87976278781553
 N 6.60886261271191 0.22985752071888 4.16069102753295
 N 7.41391868555839 6.59794450319578 4.48645832150915
 N 6.85491320792905 9.14482749904938 4.85444573571998
 N 7.98566403975450 10.71148101004560 6.86448865087617
 N 5.79728921982266 12.47194930164613 3.96358357760981
 N 7.09012188440363 12.62369474821370 5.92102797281522
 N 6.23733509533918 14.51774238780066 4.95961121785604
 C 6.32047187942325 -1.14113127619040 3.81669901092289
 C 7.33474678808981 -1.75828501637403 2.83248745253935
 C 7.79177397889815 -0.75613677583641 1.77097672958795
 C 5.97095567681286 1.23097484439014 3.46826696441924
 C 6.36844826843261 2.61109691182088 3.80949976433012
 C 6.23652563617170 -2.00236265946517 5.06369071722237
 C 7.05288298507268 5.28436608399724 4.30650229374105
 C 7.75838585625302 7.11143796180156 5.80233722739870
 C 7.09882020005007 2.95821431693383 4.94838034900284
 C 5.98295942465350 3.62599669377391 2.92304998555364
 C 7.44063519265948 4.27433271885762 5.19737576596757
 C 6.32223775942256 4.93891163196338 3.15894636846073
 C 8.64785037995621 0.38043930328541 2.31269868639913
 C 7.58067144374541 8.60657362102848 5.81868931183023
 C 6.68437116686894 10.47267593654421 4.87333701042484
 C 8.14415247273306 9.40532386194589 6.82561320438416
 C 7.25259025311522 11.26891753289743 5.88425796233554
 C 5.88944458930477 11.08709739230812 3.81010160529382
 C 6.38249697085622 13.16626478312439 4.98211035417830
 H 5.32468683255460 -1.13783088743249 3.34813752894613
 H 8.19371146775373 -2.15133581495655 3.38833537140598
 H 6.85751796655302 -2.61251119963996 2.34633232035299
 H 6.93147871108060 -0.31025325294608 1.26637424529560
 H 8.39365910661833 -1.27571378571839 1.01981298345134
 H 7.41788703604013 0.42255405145246 4.72844915032061
 H 8.79599599863416 6.85649319533628 6.04965710690180
 H 7.11249443758556 6.66481068285969 6.57374139140898
 H 7.39699727506795 2.20023281893840 5.66585903593697
 H 5.41598861913571 3.35551109393483 2.03910281793784
 H 6.88970173736288 7.27216852473626 3.93569663506223
 H 8.01587840427566 4.51518992809403 6.08353998946527
 H 6.02771278314090 5.71685132963596 2.46341378102975
 H 8.73940995965411 8.95709796819890 7.61612075032451
 H 5.76930117989327 -1.94844197216951 6.89371359391598
 H 5.27577398851345 12.95588868779376 3.24718731968596
 H 9.53046147310832 -0.91087056206016 3.47748271069859
 H 6.50316999374191 14.97611265892143 5.81515446722745
 H 5.45773070584741 14.90739586773121 4.45991660763875
$end
$temperature
298.15
$end
$mult
 1
$end
$sigma
 1
$end
$pressure
1.00000
$end
$scale
1.00
$end
$msrrho
$end
$freq
6.96
9.05
16.68
20.41
23.64
27.11
38.68
48.86
52.48
53.87
75.96
88.94
94.70
125.33
134.53
135.62
138.78
151.47
184.86
192.22
208.74
262.20
267.03
283.59
287.88
310.03
320.71
339.95
359.70
364.82
371.57
372.14
394.72
398.22
416.20
436.53
442.64
451.58
472.12
476.73
478.56
486.11
506.25
511.23
548.72
561.81
565.51
575.89
580.26
590.26
604.36
613.50
617.68
626.95
637.87
643.11
655.84
669.87
702.27
710.67
718.22
736.48
786.00
808.43
828.60
830.39
852.62
860.85
871.01
888.67
897.98
912.76
919.58
952.87
957.70
960.78
1006.58
1011.76
1012.27
1045.40
1067.34
1072.50
1094.79
1108.28
1114.44
1124.55
1131.34
1142.37
1157.62
1157.78
1171.28
1186.59
1189.86
1194.90
1202.80
1218.88
1236.83
1249.33
1257.96
1275.90
1277.45
1287.32
1290.55
1303.84
1306.49
1329.29
1333.52
1341.45
1344.36
1381.42
1389.45
1418.80
1428.31
1432.15
1442.31
1445.84
1473.96
1487.80
1498.69
1510.66
1541.94
1567.04
1593.90
1601.14
1702.21
1766.19
1800.20
1831.05
2936.08
2963.86
2991.82
2996.65
3016.50
3045.38
3057.59
3088.41
3093.34
3106.37
3116.73
3120.67
3420.80
3491.08
3509.53
3531.43
3548.91
3596.42
3614.26
$end
