
$molecule
 O -1.65503984210832 7.71229613573703 1.67997292311646
 O -3.86838968873595 6.65229616984586 -1.79990802715831
 O -0.11348804388253 6.15547985056510 1.28084453714001
 O -1.17106233830007 9.05379507589854 -2.91969879303724
 O -0.23563499646723 8.22085744554492 -4.74720276170395
 O -4.16024400975520 9.75905201622256 -5.03111983979683
 N -2.32610623498955 8.02140166906588 -0.83384568241403
 N -6.96554081396312 12.18926646651474 -2.26007864558458
 N -4.80919275946972 12.21261753659226 -3.77247111376710
 N -2.77506249714519 14.09766797501147 -3.57828209736143
 N -2.04150119233490 10.51161007137010 -5.29127881029947
 N -1.29037201790147 12.63005909549296 -4.58094380396645
 N 0.17683369316798 11.10360693786908 -5.46636523680534
 C -1.50545490602503 6.84458406936291 -0.54427654006136
 C -0.31537981909280 6.71551556016963 -1.50842775713388
 C -0.74550748182486 6.68450397888265 -2.98388781478046
 C -3.61982772887320 7.75004039612762 -1.35027868911268
 C -4.52800504771135 8.89659693164348 -1.40911703569538
 C -1.00506144466552 6.85399803026162 0.88686564596176
 C -6.19011560874124 11.09698735355732 -1.90831757032364
 C -6.30429140200605 13.48795077964835 -2.37638107060968
 C -4.30590739897533 10.12012943886823 -0.76263564639982
 C -5.65659174669188 8.77169774645429 -2.23601694835897
 C -5.13177179448583 11.19980265231154 -0.99271443017574
 C -6.47950597996798 9.84716388922508 -2.47527416246676
 C -0.69270285275329 8.05621509853496 -3.64054418326541
 C -4.98923500579991 13.34803923710629 -3.11933852811463
 C -3.60399565795859 11.97270205439290 -4.29372790612545
 C -3.96864822680080 14.30595871862798 -3.05964668907360
 C -2.55479054048053 12.90548714500731 -4.16596073558282
 C -3.36210438465566 10.66016042607266 -4.89589149310139
 C -1.07238427080972 11.44662976104097 -5.07797064323592
 H -2.14309324828128 5.95389863831442 -0.65531981991157
 H 0.38375876625796 7.53955535423145 -1.33866712620921
 H 0.20301516661686 5.78638890395715 -1.25866110608415
 H -1.76923367461644 6.30897774053033 -3.07485506722174
 H -0.09477956801227 6.02019620921849 -3.55548017415445
 H -2.30893116202095 8.71069704537746 -0.09213569475734
 H -6.12973669287384 13.90975523838942 -1.38137767047680
 H -6.98873945538462 14.15681091681769 -2.90771232033454
 H -3.47501548942413 10.24010682033105 -0.07444019580010
 H -5.83842317107341 7.82188495047597 -2.72584438966775
 H -7.50593672425905 11.98921865126784 -3.09593485249608
 H -4.92894169587225 12.14148001966406 -0.49703461098840
 H -7.31795133310129 9.75295328789698 -3.15585571516819
 H -4.13121290055739 15.25889370189249 -2.56360922253803
 H -1.29526816836359 7.64061537996708 2.58008807097593
 H -1.76384164378763 9.58896817717195 -5.60243987734287
 H -1.63712316651885 8.71382092606535 -2.07368724412975
 H 0.38199268695615 10.11540557103446 -5.49184272565258
 H 0.90163851457585 11.70608575441510 -5.11307870875807
$end
$temperature
298.15
$end
$mult
 1
$end
$sigma
 1
$end
$pressure
1.00000
$end
$scale
1.00
$end
$msrrho
$end
$freq
19.72
32.96
35.63
38.84
40.23
50.48
63.59
73.57
84.07
86.46
103.37
110.86
128.56
148.43
151.76
159.95
170.17
181.13
216.76
233.19
255.45
258.49
266.79
292.15
310.53
325.47
339.08
344.53
369.37
372.50
397.58
403.14
418.76
428.76
456.05
457.98
467.79
476.95
501.83
509.77
514.84
542.83
564.15
565.21
580.87
595.31
595.73
601.44
616.62
624.85
633.31
636.66
651.16
659.70
665.67
677.55
694.80
710.58
716.33
729.90
737.78
783.10
795.08
823.17
835.74
852.51
856.40
860.25
889.21
892.37
908.90
918.58
940.23
953.67
960.33
963.26
998.86
1019.53
1033.51
1049.31
1060.56
1073.47
1082.51
1117.53
1121.53
1126.10
1137.72
1158.61
1160.31
1166.17
1181.89
1188.23
1195.82
1204.66
1229.85
1236.68
1259.83
1267.53
1271.77
1276.83
1281.89
1287.43
1296.87
1299.54
1323.16
1324.97
1332.41
1341.63
1345.60
1358.38
1394.88
1422.77
1431.09
1436.62
1445.43
1446.37
1456.47
1486.49
1488.30
1503.40
1536.80
1562.47
1583.82
1592.33
1727.78
1750.83
1768.64
1811.13
2563.34
2950.94
3006.98
3016.94
3024.43
3026.15
3052.10
3061.68
3084.20
3090.72
3109.24
3121.29
3124.37
3449.95
3461.54
3465.78
3471.92
3540.50
3588.51
$end
