
$molecule
 O -3.14329065875848 1.99131180993382 -8.71443009855810
 O -1.04944969835520 3.51880807747621 -10.36943948845667
 O -3.29679065799341 4.00125175942332 -7.76714358976417
 O 0.08495262104450 3.53622559523926 -4.95244503191181
 O 2.28820940227708 3.57986136682176 -5.20792468623650
 O 2.40230430639183 1.20361030254349 -8.28262414971590
 N -0.47992754715664 2.08639172587660 -8.70291274742066
 N 3.62827039889599 -0.28234345053237 -12.70555820732763
 N 4.32929325959689 0.94917392177073 -10.39357643014138
 N 6.81629646345303 2.09905940160856 -9.91590500712920
 N 4.00322509827531 2.17759459534732 -7.03335544512607
 N 6.15629391777615 2.73547668472445 -7.79263431327309
 N 5.44740228819376 3.36704389427831 -5.69611459458579
 C -1.16886189735924 2.87534133389398 -7.70333921929660
 C -0.53769016391181 4.26299710618417 -7.49943485799139
 C 0.93218562577082 4.17926065559154 -7.09364438584436
 C -0.43354246961161 2.53950274053093 -9.99526119422223
 C 0.47593881120663 1.73778704822380 -10.85180341311168
 C -2.63929838518494 3.04611961252108 -8.07934531812743
 C 2.52276656815578 0.39479560207311 -12.17683668317647
 C 4.89762472416349 0.43435148537639 -12.70416029390605
 C 1.24419857918881 2.39714242067491 -11.81201026769080
 C 0.65711101015110 0.36723266333644 -10.65673156821457
 C 2.26411884796452 1.73625402040752 -12.47149778291796
 C 1.65428422135187 -0.30553177118088 -11.33325202308097
 C 1.18087461835790 3.73995462240761 -5.67581185413440
 C 5.25349843230477 0.98513489269137 -11.33496531099560
 C 4.60659824837674 1.51654581150439 -9.21308767925477
 C 6.51011153160048 1.55719772067990 -11.07560916552035
 C 5.86119411634972 2.11008993190890 -8.96678687236004
 C 3.56036744841256 1.57604489430136 -8.19663849568763
 C 5.22687491426171 2.76309849712276 -6.88711936628245
 H -1.15150510992382 2.30773056780895 -6.76393848712343
 H -0.61692999451928 4.81937217266659 -8.43615323067933
 H -1.11360771560424 4.79758663363393 -6.74078449031316
 H 1.41322277919550 5.15553453206222 -7.20515065039094
 H 1.47382186309657 3.48732462266580 -7.74679011231610
 H 0.26614910322286 1.48138790683723 -8.38742345627417
 H 4.85359703415981 1.26035404056348 -13.42193795125698
 H 5.67307024050409 -0.25816188535765 -13.04647941153525
 H 1.06389216683056 3.45059127596081 -11.99725054966978
 H 0.02445119443264 -0.16873616195834 -9.95796193828630
 H 3.74034496052914 -1.17748987777435 -12.23706713301693
 H 2.88747104946089 2.27375088305979 -13.17635598206485
 H 1.81798679368528 -1.36287348632659 -11.15523276315252
 H 7.28077060890835 1.56667347859541 -11.84147841642072
 H -4.06381782854035 2.18305982944679 -8.95672636934162
 H 3.32299857545638 2.28922375675529 -6.29077459082787
 H 0.33113029638702 3.27077292107817 -4.05073431426041
 H 4.63991510066273 3.64099218351417 -5.15972912292346
 H 6.25281290667372 3.96853563397698 -5.66344848909181
$end
$temperature
298.15
$end
$mult
 1
$end
$sigma
 1
$end
$pressure
1.00000
$end
$scale
1.00
$end
$msrrho
$end
$freq
19.24
25.59
26.45
48.20
52.91
56.66
63.42
66.77
75.68
78.90
94.34
109.13
115.17
133.27
143.31
149.22
163.34
168.66
182.92
215.96
228.31
254.24
261.74
298.34
312.56
319.31
327.07
339.00
351.39
375.40
397.07
402.03
413.10
424.15
452.90
458.05
465.66
474.55
484.58
487.36
500.65
506.89
525.82
533.77
551.87
569.56
578.49
599.04
604.23
609.13
617.10
620.95
637.04
646.04
654.82
659.50
674.88
697.86
709.59
712.64
736.44
755.51
796.42
797.10
805.42
828.89
843.01
854.27
861.27
876.74
894.80
910.63
928.62
950.56
961.29
967.26
993.37
1008.99
1020.18
1060.18
1079.86
1082.96
1109.26
1115.85
1124.05
1132.38
1140.72
1147.41
1158.23
1164.68
1167.50
1177.84
1189.25
1198.66
1215.88
1231.52
1256.23
1269.38
1272.81
1280.26
1280.47
1288.56
1293.51
1297.89
1322.29
1325.20
1326.96
1332.98
1337.89
1386.59
1393.40
1410.83
1428.58
1438.01
1442.31
1442.98
1449.25
1485.26
1487.26
1508.89
1535.86
1577.73
1592.76
1600.42
1713.04
1732.66
1753.03
1805.15
2994.32
3005.48
3014.37
3026.68
3033.25
3042.70
3070.42
3085.87
3098.68
3106.94
3113.04
3118.57
3431.73
3445.62
3485.25
3494.66
3543.79
3557.64
3605.59
$end
