
$molecule
 O 9.72416302966915 4.24101708061342 -4.83606292764023
 O 10.21064753913579 4.91738435985519 -0.43410710570098
 O 8.77434248072419 2.28343978441470 -4.36543353142186
 O 6.73468999262071 6.20421416869003 0.42286558787339
 O 6.88046861981669 6.43798838419202 -1.78399066267795
 O 12.16002091072226 14.42139775151298 -3.88791679437365
 N 9.35913890087922 5.27920825743669 -2.49811040328104
 N 10.79238858517518 11.25280029638489 -0.65595553922938
 N 12.10667795483055 13.46499656359595 -1.20133948664860
 N 13.17192936677726 15.17369984818781 0.72669534188174
 N 13.15692805930303 16.30851237701126 -3.14847074834922
 N 13.67407648615692 16.74274561636904 -0.89663638924097
 N 14.13351889017881 18.30834737597915 -2.50169873348901
 C 8.92767242115108 3.90506168060796 -2.60425927953691
 C 7.44607152258572 3.71629943100146 -2.22339660591642
 C 7.13715057513407 4.23627676645618 -0.81917309255834
 C 9.91793326358565 5.70216076130835 -1.32362431031787
 C 10.15288304642624 7.15959244107664 -1.20799380462437
 C 9.13050817016831 3.37591882130091 -4.01302693174797
 C 10.62102737639894 9.89647130230438 -0.81253520584935
 C 11.57557918825835 11.78034027411799 0.45110392297885
 C 10.46815893141292 7.65840782728484 0.06025283757907
 C 10.07529514226739 8.05523393288346 -2.27962895636261
 C 10.68943863840648 9.00505808585373 0.26651123268543
 C 10.30510526982655 9.40191395534555 -2.08684001028016
 C 6.91601633011484 5.72975847166807 -0.81036972651136
 C 12.12882447985317 13.12984450270896 0.07655773361901
 C 12.61226935127731 14.65785933419040 -1.53946722000822
 C 12.66760305973447 13.99860452829783 1.03829888470613
 C 13.15178780037501 15.52442085585145 -0.57168486815690
 C 12.59108375061263 15.04790352778006 -2.94899259492784
 C 13.66228218344328 17.08411272283853 -2.14567923687994
 H 9.55472733049094 3.30688278138284 -1.92890480957089
 H 6.81483168387976 4.23911787720612 -2.94812296425111
 H 7.22364298576041 2.64849150279872 -2.28469876812082
 H 7.93971292257302 4.00010972931965 -0.11550691569467
 H 6.22114408326521 3.77628417420459 -0.43776882451462
 H 8.85303734036839 5.94293861636628 -3.06604796611633
 H 12.40998338597108 11.10425161752692 0.69066945809299
 H 10.95200501220101 11.86904214035747 1.34902211404509
 H 10.52781325926337 6.96358144808523 0.89135547720856
 H 9.85302133644912 7.69969562677779 -3.27984373940451
 H 10.96275436447362 11.76533908291942 -1.51758612681747
 H 10.90991381440354 9.36617350851627 1.26397991013239
 H 10.24834289807172 10.08973748261197 -2.92334105771410
 H 12.68256442345795 13.71800724380786 2.08763359590456
 H 9.82045016678402 3.82933795329298 -5.71064545227263
 H 13.15507769687010 16.64136887521491 -4.10168508843037
 H 6.60273604585906 7.16533368352388 0.38014940831512
 H 14.42631679495889 18.45121803209959 -3.45205775758184
 H 14.67270113789828 18.76746553687337 -1.78665686884809
$end
$temperature
298.15
$end
$mult
 1
$end
$sigma
 1
$end
$pressure
1.00000
$end
$scale
1.00
$end
$msrrho
$end
$freq
8.27
8.74
17.54
20.23
25.31
34.21
39.39
46.85
52.75
70.42
80.21
92.85
109.62
132.40
135.17
138.76
141.69
153.84
183.97
191.79
218.18
246.50
264.09
289.72
292.81
309.18
324.82
332.37
340.96
371.51
372.88
397.34
398.38
412.56
425.24
456.91
470.00
478.00
479.85
482.07
493.14
502.79
507.34
541.76
548.75
567.66
575.16
582.68
591.22
605.31
609.42
617.79
624.23
634.95
637.21
645.49
656.25
669.78
704.27
715.64
718.16
736.33
789.50
812.01
824.68
827.19
853.14
860.83
870.28
893.09
895.81
911.15
927.09
950.96
958.79
959.93
1007.50
1012.05
1039.44
1055.38
1067.34
1103.77
1107.55
1114.67
1125.72
1134.04
1140.99
1145.22
1157.95
1158.52
1170.89
1190.80
1196.90
1201.86
1205.28
1231.37
1242.42
1250.10
1258.23
1275.31
1279.65
1286.03
1290.16
1305.85
1323.79
1329.00
1336.21
1342.80
1343.96
1388.73
1401.94
1410.01
1428.91
1433.37
1442.15
1445.40
1451.65
1487.71
1498.18
1511.05
1541.81
1567.33
1593.75
1601.09
1696.44
1765.14
1792.82
1801.07
2941.84
2985.48
2990.84
3018.50
3023.39
3046.84
3056.79
3088.96
3101.29
3108.56
3112.93
3120.38
3412.18
3491.10
3509.32
3510.54
3550.16
3554.37
3614.07
$end
