
$molecule
 O 4.78577579105991 4.11269844553767 -5.04913177447669
 O 1.13383340102831 3.40735417468449 -1.65450579761908
 O 5.36111324125660 2.44784628651901 -3.68419172757447
 O 2.84285849458590 4.90186203309638 0.10881217759084
 O 4.94766631297068 4.20456339395478 0.08166627802515
 O 3.44428704836410 -6.38739469133150 5.46485042603780
 N 3.24645478889369 2.77894613644451 -2.09621113194837
 N 1.83486816625409 -0.81847891840519 3.04841632555247
 N 2.86544505028042 -3.64636708911330 4.89462880657318
 N 1.59608434541773 -2.22240060949306 6.93427624429364
 N 2.52097456771705 -6.10984256728328 7.50518421734989
 N 1.60138176092382 -4.09462991650165 8.28840843790726
 N 1.64307275416433 -5.93923796347031 9.64386148405264
 C 3.31483537491159 3.64677685994305 -3.25181929774983
 C 3.23015800316887 5.13538394896401 -2.86917260255792
 C 4.23767506594021 5.51734747306413 -1.78303308100220
 C 2.09976313562127 2.70551393949772 -1.37098508191960
 C 2.10318064405082 1.76144589312723 -0.23372786347395
 C 4.59718259200361 3.32027039628002 -3.99154606099287
 C 1.96429323145732 0.00525270026097 1.94525984357564
 C 2.91203681973410 -1.71744661340716 3.44943765530823
 C 3.26856501998775 1.29222348657994 0.37642060005923
 C 0.86446087064270 1.36282748523496 0.28217048814905
 C 3.20421444394641 0.42879839552242 1.45401433671927
 C 0.79197585444924 0.49310447592944 1.34842251305403
 C 4.04852783596625 4.78784193373424 -0.45573082908382
 C 2.54805572542814 -2.37129476936693 4.75472418737497
 C 2.56028529768476 -4.23075158556681 6.06106168382984
 C 1.90925304241536 -1.66403238106545 5.78385734987380
 C 1.92216462892119 -3.51697193949157 7.09310888666484
 C 2.90253667899106 -5.64126061352677 6.24546910950983
 C 1.90373423436356 -5.34264148009377 8.44928291037694
 H 2.47023554306658 3.42675127381487 -3.92146653932491
 H 3.41779864969576 5.73154119487501 -3.76540133465471
 H 2.21222520128928 5.34763273608317 -2.53313237482165
 H 4.14220287726326 6.58637523929053 -1.57371293890448
 H 5.25804394557028 5.32308934421899 -2.12137977483288
 H 4.06136953369630 2.21688030283565 -1.89756047975367
 H 3.83058977472573 -1.13743095808054 3.58597775942671
 H 3.09829148593944 -2.48846462373597 2.68986637530694
 H 4.24170354652938 1.62797406472448 0.03560922839213
 H -0.04055351172516 1.74531753342868 -0.17729637466713
 H 0.92344054790194 -1.25594949289949 3.11531740081071
 H 4.12495984676037 0.09426671843952 1.91546558799851
 H -0.17177902094833 0.18385273358852 1.73885207426428
 H 1.64902116956547 -0.61815786930303 5.64966480960803
 H 5.61103692046249 3.85966706328528 -5.49551396323593
 H 2.75044288274789 -7.07378708142813 7.69854264521445
 H 2.11892940820543 5.10960363886523 -0.50455735527991
 H 1.55954427696564 -6.94021585401678 9.66824584769322
 H 1.01583269978966 -5.41887928420096 10.23442869319439
$end
$temperature
298.15
$end
$mult
 1
$end
$sigma
 1
$end
$pressure
1.00000
$end
$scale
1.00
$end
$msrrho
$end
$freq
7.19
11.88
19.08
26.31
35.43
40.50
42.44
49.29
68.92
74.04
86.52
100.59
112.44
123.47
132.95
135.35
145.07
164.14
164.55
191.01
214.09
225.75
259.40
273.15
295.96
304.26
330.55
337.13
349.46
369.88
373.16
375.61
396.18
402.50
411.23
427.72
437.97
460.61
467.92
478.52
482.19
493.06
512.90
537.77
544.82
565.53
573.50
577.99
584.12
592.87
604.23
618.63
627.76
632.67
644.05
644.91
659.09
675.45
704.43
723.55
728.97
739.06
788.46
815.77
828.51
836.01
837.71
859.27
868.94
890.89
894.85
911.60
925.36
939.04
939.39
968.59
1004.63
1011.14
1012.72
1052.56
1067.48
1074.09
1093.65
1110.24
1112.25
1115.24
1124.54
1141.88
1154.66
1163.89
1170.84
1183.07
1191.83
1196.56
1222.15
1236.94
1248.13
1251.06
1256.75
1258.49
1271.92
1284.64
1296.18
1305.49
1311.92
1329.66
1330.93
1336.75
1338.84
1387.11
1403.56
1429.27
1432.84
1433.98
1438.29
1441.85
1457.01
1488.66
1494.83
1511.94
1540.94
1570.59
1593.55
1602.62
1671.91
1765.71
1803.37
1816.25
2960.17
2967.67
3015.83
3019.30
3031.49
3053.54
3060.98
3094.96
3099.44
3110.53
3116.50
3126.54
3462.28
3491.92
3494.21
3508.36
3531.31
3544.58
3612.78
$end
