
$molecule
 O 5.36422259936191 -2.56970920116618 6.69038074134595
 O 7.66799212120376 -1.32079086222872 6.86682534410287
 O 3.72401676598283 -2.19367549307148 5.23591509720910
 O 5.29780011996689 -2.51658529777959 2.83884330358014
 O 3.37314627828353 -1.80341678100617 1.96594823711098
 O 18.15646003719279 -1.14979012999309 0.79799146664721
 N 6.88889265029970 -1.02003705463731 4.76891257693313
 N 12.91835567219121 -2.97832716822504 3.69736345008280
 N 15.82734665119089 -2.48421685236979 1.77735145283457
 N 16.10726365447352 -5.21843300264900 2.26920118556383
 N 19.26360717231538 -3.11467063462894 0.88710680094845
 N 18.31528155074609 -5.14568558763622 1.59317254752815
 N 20.49128134873302 -5.07998032829433 0.88772560158546
 C 5.57201077222330 -0.64208124732733 5.26798624118547
 C 4.79549941981187 0.21584199164109 4.26117827051765
 C 4.94094711571819 -0.16977993103454 2.77965110100004
 C 7.86749411388412 -1.35815574338928 5.65119290347922
 C 9.16543699078223 -1.75306952204074 5.07634029723905
 C 4.78142244582090 -1.89779431946873 5.71670777411293
 C 11.68750649865526 -2.53042048864918 4.12245838280925
 C 13.51589649943354 -2.49989250270804 2.45452361904558
 C 9.50150010750698 -1.58779488912165 3.72933254460199
 C 10.11789527871532 -2.30958301797298 5.94152142263670
 C 10.74104747250359 -1.97049746787689 3.25406060603778
 C 11.35372652491528 -2.69771622908855 5.47611775809283
 C 4.42363990845568 -1.56112019848532 2.48451269174550
 C 14.82119709825271 -3.21347710220956 2.22699977679036
 C 16.99053909983955 -3.11101241140056 1.55874125892520
 C 14.97025147397031 -4.58620708976458 2.47132747013881
 C 17.13758329894516 -4.48974491906349 1.80486225973139
 C 18.12147702122093 -2.32877414516141 1.05763734636741
 C 19.31626669159071 -4.45155872249130 1.15340758075220
 H 5.73881635179455 -0.04548097020448 6.17597198096159
 H 3.73701542340875 0.16849383770619 4.53354963055173
 H 5.12381886891728 1.25392650461836 4.36195502725511
 H 5.98596187258641 -0.10103017753149 2.46837747338753
 H 4.35376349198412 0.53455533144529 2.18668541867797
 H 6.91149706142006 -1.42631856202305 3.84570715889610
 H 13.69076406216259 -1.41632676019131 2.48481562852865
 H 12.83619173861534 -2.71861539181997 1.62381817661660
 H 8.79592454265268 -1.13690723250510 3.03938859597672
 H 9.86270355028696 -2.43184173031576 6.98842698555714
 H 13.59442741940256 -3.08523780196671 4.44370550037610
 H 10.97163234831972 -1.82681808760194 2.20580115539924
 H 12.08178480278089 -3.13324946627410 6.15184364827271
 H 14.13470385590603 -5.17105989334700 2.84483353422752
 H 6.22755437039848 -2.15402074594267 6.97173341837187
 H 20.07324549513253 -2.63237977277584 0.52472853745745
 H 4.85933433168108 -3.37892568945427 2.74306127336112
 H 20.56220931354876 -6.00684015576537 1.27310396047617
 H 21.33350164481300 -4.53306888675811 0.86101678496245
$end
$temperature
298.15
$end
$mult
 1
$end
$sigma
 1
$end
$pressure
1.00000
$end
$scale
1.00
$end
$msrrho
$end
$freq
7.60
10.69
19.78
25.61
35.54
42.41
54.95
62.66
64.67
77.36
88.59
106.06
116.34
133.16
137.83
141.49
150.53
168.95
181.18
193.18
208.56
236.87
256.31
279.92
300.21
309.39
315.49
339.88
351.43
369.38
372.08
382.37
398.44
421.96
425.71
443.59
450.28
465.88
474.16
478.54
489.33
511.35
532.03
543.00
558.21
568.37
580.14
582.13
584.86
600.41
607.27
618.36
633.02
638.15
655.97
675.34
697.26
722.71
723.97
738.40
739.47
785.22
790.36
802.65
824.09
828.27
838.28
866.13
869.65
887.18
891.85
912.91
925.63
939.65
969.00
971.79
982.48
1007.01
1011.32
1066.85
1067.58
1094.34
1112.10
1117.43
1123.34
1135.36
1146.17
1154.03
1157.55
1166.86
1172.96
1188.12
1199.78
1221.96
1223.87
1248.30
1254.95
1257.82
1269.66
1272.60
1280.65
1285.45
1299.64
1308.25
1316.38
1330.93
1338.31
1343.51
1344.46
1388.32
1400.07
1430.06
1434.48
1440.94
1442.78
1444.91
1451.74
1487.69
1496.70
1511.34
1540.88
1565.94
1592.21
1601.09
1648.06
1767.05
1817.32
1830.42
2971.00
2980.43
3009.78
3019.71
3021.58
3026.70
3048.92
3063.33
3093.43
3101.76
3103.06
3119.60
3126.22
3467.56
3490.87
3510.14
3518.57
3539.80
3615.10
$end
