
$molecule
 O -5.62996529174071 7.25607486578665 -6.60715347322378
 O -5.20458732327030 9.38109645725149 -5.31589768819349
 O -5.55524474311358 6.83975032545720 -8.78908518205820
 O -0.47103715799350 7.39486799331872 -9.17126886104302
 O -0.77492491081545 9.47767940875759 -8.45859220145752
 O -5.89310110860045 13.83546699747043 2.18131723236883
 N -5.72133019756110 10.07806063145163 -7.40459297709233
 N -7.65834780059969 15.02337235058884 -3.77869913673888
 N -6.39576273585385 14.84865469372983 -0.44201930885359
 N -4.26865273993681 16.18893470101562 -1.65799258444191
 N -3.78773190718683 14.63694901459747 2.03792265425715
 N -2.93584970368853 15.81526478276869 0.19170129104971
 N -1.62228953675429 15.46261972888913 2.03229458542497
 C -4.98659535521331 9.04557757978092 -8.13043962833155
 C -3.47479529673994 9.14473326430247 -7.85889390647274
 C -2.71401252306820 8.07265345195422 -8.64336731142762
 C -5.67192286728414 10.24912938171291 -6.06340194414283
 C -6.22408283042609 11.50349340955487 -5.52100465854453
 C -5.45215549524074 7.59317664739887 -7.85549907888079
 C -7.20505413065166 13.84259207980130 -4.31165381833261
 C -7.83518249475367 15.19868695900986 -2.34472289848478
 C -6.09427947136199 11.71475695091276 -4.14097306613520
 C -6.86062375400114 12.48914854691249 -6.28614511854209
 C -6.56663763521224 12.86129600179400 -3.54025820898921
 C -7.34353923039501 13.63676851165753 -5.69405940635379
 C -1.23265153803173 8.40836747962514 -8.73140550758670
 C -6.50365227230602 15.36658095615953 -1.65296686856589
 C -5.22023615298231 14.99313025824166 0.18380301444123
 C -5.43106730465614 16.03812481907752 -2.25629140204192
 C -4.14381645966490 15.66665104154142 -0.42494616074240
 C -5.06962787068662 14.42669517937443 1.52475663394193
 C -2.79939411375315 15.30136542080361 1.37256823028210
 H -5.17245178856774 9.22946900806829 -9.19550288523173
 H -3.12072817255782 10.13592422949075 -8.15658989821242
 H -3.27931129861531 9.02552243219527 -6.79090647361997
 H -3.09550870121193 8.00376135801924 -9.66748051452851
 H -2.83971706007032 7.08870647518812 -8.18488390882295
 H -6.02446253824284 10.85166109601602 -7.97485747432631
 H -8.37135948394395 14.35160107347786 -1.89961023548108
 H -8.43682176195724 16.10199628019780 -2.19988726221414
 H -5.60466123075709 10.95413122226405 -3.54291952561441
 H -6.99461433005216 12.36476215731284 -7.35594551650934
 H -8.30120852114546 15.54436513487352 -4.35713112735549
 H -6.43975832130129 12.99769517087431 -2.47413510320237
 H -7.83581695098214 14.39270140684736 -6.29649233114478
 H -5.53610477754695 16.44980956966170 -3.25587519260604
 H -5.43847055952646 8.03204393750101 -5.97052320625210
 H -3.62739223181135 14.27871165745944 2.96819008306895
 H -0.96585235275382 6.58393811448598 -9.34901526642844
 H -0.86182192565720 15.77205221371668 1.45016584940733
 H -1.39492703973883 14.81937157165533 2.76983974400305
$end
$temperature
298.15
$end
$mult
 1
$end
$sigma
 1
$end
$pressure
1.00000
$end
$scale
1.00
$end
$msrrho
$end
$freq
4.15
9.38
12.42
21.18
27.83
36.57
44.78
54.45
61.82
66.11
74.14
93.25
100.18
132.53
137.57
146.58
156.14
159.25
171.40
203.75
216.33
224.82
267.95
295.43
301.85
316.22
331.39
339.53
347.99
354.49
370.40
374.46
389.44
400.97
417.53
418.55
453.76
461.11
468.57
473.49
477.47
480.78
510.24
534.68
542.09
565.66
574.39
578.22
590.38
603.25
615.34
618.30
637.48
643.38
646.25
660.40
672.44
698.25
721.88
728.08
739.41
788.20
796.60
804.15
825.44
832.65
839.36
867.23
888.85
889.64
912.32
912.80
930.25
939.27
960.87
993.39
1006.75
1009.28
1041.41
1058.40
1065.63
1067.12
1084.74
1092.34
1112.81
1127.13
1130.77
1154.56
1159.95
1179.32
1190.43
1196.49
1219.31
1222.58
1236.59
1248.80
1254.56
1258.41
1262.99
1272.51
1284.39
1287.72
1289.18
1313.65
1327.26
1335.78
1337.99
1340.57
1356.08
1391.06
1421.73
1427.98
1429.11
1432.60
1436.11
1442.67
1456.44
1488.29
1501.47
1510.21
1540.71
1560.96
1589.54
1600.98
1623.01
1766.92
1795.19
1833.00
2648.19
2980.26
3004.86
3007.54
3019.23
3027.45
3041.16
3064.58
3091.81
3093.92
3106.51
3118.18
3138.97
3490.97
3502.92
3508.68
3524.16
3610.96
3613.34
$end
