
$molecule
 O 8.63606330333505 6.25976787209287 2.66135742634556
 O 10.59922031823587 4.81283343424813 1.87559003946148
 O 6.61134958058526 6.44712572205926 1.75822165802792
 O 5.32803215676043 7.44374591587184 -2.84716625517178
 O 5.93165269942952 5.31589327300178 -3.06048208848575
 O 14.83520039273293 -2.78231009602495 5.87835062986829
 N 8.77833416493890 3.99937203410192 0.84134819475070
 N 12.01313299878856 -1.34348691262589 2.40016391025849
 N 12.81705622127208 -3.30381119751529 3.93489723574051
 N 12.06445388706905 -5.97069062987016 3.63467849421465
 N 14.89799123032758 -4.99284410339969 6.34147720559591
 N 13.56846676091904 -6.61046143810017 5.27122333430475
 N 15.08627079519221 -7.24258812237466 6.86211528717039
 C 8.31063178296681 5.33112888024014 0.46725561697090
 C 7.26098584977456 5.19234558484087 -0.63347335117432
 C 6.85352550190537 6.54701742789290 -1.21801820417686
 C 9.96014430245676 3.83079204407819 1.47704242274599
 C 10.43450497322772 2.45374285132614 1.68137655195763
 C 7.75179930921353 6.06975302929035 1.71240925243659
 C 11.46072445267360 -0.11459210013523 2.17163999023614
 C 11.25601384039796 -2.57363167788989 2.23838909531951
 C 9.82954811486480 1.32319948242008 1.12106429552971
 C 11.57791997080481 2.27494323949033 2.47634734665363
 C 10.33197320332428 0.05881577738457 1.35532132252883
 C 12.08428645500014 1.01984061653448 2.71945887912445
 C 5.99686707097847 6.34704801615393 -2.45985177017820
 C 11.89609413442247 -3.66343345721867 3.05876999693071
 C 13.38110029691975 -4.26725359547458 4.67375417090652
 C 11.52458808801527 -5.00920615412887 2.91638208569273
 C 13.00617596702213 -5.61528561212578 4.52731891994740
 C 14.40752044080841 -3.88760012460697 5.64436938410274
 C 14.47290246020649 -6.27333523789784 6.13558756326123
 H 9.18134903225629 5.90105965954987 0.11118085106557
 H 7.65965477505161 4.56347878355823 -1.43488948559222
 H 6.37279478755611 4.69926478560742 -0.22757870933989
 H 7.73596125626419 7.12058880919421 -1.51877128735519
 H 6.30431402082531 7.13810175247067 -0.48169642513372
 H 8.18587372285777 3.22014395216638 0.60766069812900
 H 11.23049474926394 -2.86803297826167 1.18180469277968
 H 10.21676239882200 -2.43291226242218 2.57034012593671
 H 8.96067645149381 1.42263964576092 0.47819019286551
 H 12.05540075739008 3.14986774799816 2.90355949742592
 H 12.69014842220763 -1.39780879714547 3.15621718900282
 H 9.85316025374736 -0.79702169267371 0.89500210455547
 H 12.96594286641225 0.89290643557576 3.33745726815007
 H 10.76620172982130 -5.29858226157455 2.19454111247150
 H 9.52099814068050 5.81705849849861 2.43982443105496
 H 15.62394244486607 -4.79645943343816 7.01527912874916
 H 5.44138392221885 8.19857590893904 -2.25465792279577
 H 14.62792851644980 -8.13789049303842 6.83365950305131
 H 15.53824302723040 -6.98833080240631 7.72237239409372
$end
$temperature
298.15
$end
$mult
 1
$end
$sigma
 1
$end
$pressure
1.00000
$end
$scale
1.00
$end
$msrrho
$end
$freq
6.20
9.78
17.27
20.97
26.88
39.09
44.74
48.01
60.88
75.39
91.65
93.64
114.93
121.77
135.51
138.70
145.85
155.23
170.90
185.06
200.28
242.24
246.77
271.75
283.46
308.52
309.97
324.70
338.31
351.44
368.65
373.20
390.62
397.74
414.69
447.44
450.43
458.41
467.11
472.02
479.51
498.98
504.67
531.07
549.15
551.47
556.40
576.17
589.29
601.74
606.72
617.52
632.01
637.02
647.86
659.98
669.08
695.82
716.28
736.33
737.16
783.40
784.60
825.46
826.67
855.15
860.49
863.00
881.62
888.50
899.66
913.13
913.56
958.32
958.78
1003.00
1005.05
1011.00
1060.41
1064.50
1066.61
1083.91
1105.32
1108.94
1114.64
1124.56
1142.13
1148.58
1157.36
1174.68
1187.20
1191.16
1200.87
1202.48
1224.02
1241.22
1247.02
1258.69
1266.44
1276.92
1279.26
1286.96
1296.71
1307.97
1331.41
1336.30
1343.69
1348.26
1353.56
1391.24
1409.02
1418.60
1429.06
1433.63
1442.79
1444.80
1455.95
1486.82
1502.36
1511.56
1541.76
1558.72
1590.59
1599.81
1623.00
1766.05
1805.95
1830.66
2765.28
2946.59
2965.16
2987.03
3008.60
3022.05
3044.99
3054.89
3089.49
3094.07
3108.41
3120.25
3121.90
3415.43
3490.25
3511.00
3532.78
3613.82
3616.27
$end
