
$molecule
 O 5.78040302032606 4.86789590484955 5.78856803930158
 O 9.14276610118780 2.16287198846588 6.20284221939228
 O 4.35428985170542 4.41731070723073 4.13304518115859
 O 4.45200106964216 -0.51785009940760 4.02976319230849
 O 4.41831291012336 -0.08299135503332 1.84858398845007
 O 1.88260668048176 -7.33051695634283 6.45636712588151
 N 7.64063553557482 3.33296810975982 5.03938912131074
 N 4.26412090273126 -1.63479353199663 7.62019525880737
 N 2.96092260391155 -4.91694007540870 7.54278043204491
 N 1.82756370571748 -4.04974667408519 9.94221895034688
 N 0.44090908585950 -7.41229506198109 8.19077936166743
 N 0.36880046155486 -5.84097402019626 9.93680186484873
 N -1.05196805457676 -7.63486406439433 9.94856057638339
 C 6.55790206278450 3.41759253909732 4.05723090803087
 C 6.17010877602259 2.05847120381257 3.42915627054253
 C 4.66177013058009 1.77833750965591 3.34303631811447
 C 7.98243571162207 2.26085789612904 5.86646701975827
 C 6.95150831979784 1.29890034974585 6.32088444798144
 C 5.41607881321948 4.26811660767839 4.66190861614039
 C 5.17236959334965 -0.70712350077874 7.17577241363140
 C 4.50303024268671 -3.06899523483477 7.48692235225174
 C 7.39693235078625 -0.00669498892960 6.57223179108745
 C 5.60765865789482 1.59919569855630 6.56039413779534
 C 6.53107745413808 -0.99742163709056 6.98264893610225
 C 4.72894460593721 0.61294859234149 6.97103257769571
 C 4.48582736462178 0.31093510492799 2.97298295977253
 C 3.38153935772027 -3.82176566664128 8.15129769779839
 C 1.96914202923143 -5.60132777914492 8.12607080772997
 C 2.81046736299402 -3.39606705928655 9.35876788950820
 C 1.38990670363755 -5.16617712700157 9.33393641321071
 C 1.48748875857780 -6.82238743541832 7.47755648863390
 C -0.06437104275618 -6.91448024626643 9.35565982329402
 H 6.94280467687776 4.06079107896866 3.25376251927144
 H 6.58537915780747 2.00926680303950 2.41883592325088
 H 6.64091233833715 1.25843200625308 4.00468506649412
 H 4.20285583558677 2.40062644984229 2.57373406162838
 H 4.16950252339912 1.97634155049748 4.29581866357229
 H 8.49794353419659 3.77260337261942 4.72317602799246
 H 5.44852698994991 -3.32150470717654 7.97860009517205
 H 4.56970351315218 -3.36403526972954 6.43173517339105
 H 8.44712414114993 -0.23255812057694 6.42371310075018
 H 5.24305048581255 2.61235196967503 6.45602383960866
 H 3.29668319686159 -1.37813245119046 7.46794307816184
 H 6.91030855510264 -1.99608647259198 7.15711206067976
 H 3.69399337304280 0.86334911632087 7.17651232501737
 H 3.16935850672095 -2.49602221918449 9.84961549739547
 H 6.69604148271947 4.55864376720555 6.00428121123725
 H 0.07719968282569 -8.26898765482537 7.79926969726176
 H 4.50449916249998 -0.06215621270715 4.88928627087142
 H -1.59955034754897 -8.25715672685303 9.38101895188355
 H -1.53345393556561 -7.14941097760101 10.68687425537632
$end
$temperature
298.15
$end
$mult
 1
$end
$sigma
 1
$end
$pressure
1.00000
$end
$scale
1.00
$end
$msrrho
$end
$freq
7.70
9.49
20.65
27.14
38.75
39.27
51.05
66.65
72.27
82.66
88.68
100.76
111.32
120.47
133.26
139.25
144.71
153.16
185.54
191.94
198.96
205.74
269.96
284.41
301.69
316.77
337.53
343.14
354.54
372.17
373.61
395.24
403.36
419.69
434.67
444.95
459.59
472.70
477.74
484.39
510.48
519.11
523.12
540.69
547.39
561.10
579.71
586.18
597.19
605.45
606.75
618.38
641.86
655.74
673.93
685.14
691.32
709.57
717.05
725.02
732.99
739.96
747.46
786.17
798.61
825.25
835.84
837.90
863.12
869.88
895.23
910.54
922.88
938.54
967.29
992.51
1001.26
1011.02
1031.70
1044.38
1054.99
1066.87
1082.62
1093.05
1101.56
1111.83
1120.39
1149.75
1153.78
1159.60
1166.68
1184.38
1211.56
1217.96
1224.18
1244.81
1247.07
1254.74
1257.90
1262.86
1269.78
1277.38
1282.60
1299.03
1313.90
1326.66
1334.22
1337.30
1338.93
1388.54
1391.10
1428.86
1432.59
1436.59
1443.38
1446.62
1464.27
1487.84
1494.94
1510.65
1540.88
1556.56
1590.40
1600.51
1725.95
1769.25
1835.57
1839.04
2975.66
2978.05
3012.53
3030.26
3047.93
3060.29
3083.21
3092.35
3104.94
3115.85
3132.56
3154.33
3213.26
3450.07
3453.88
3470.16
3490.66
3510.05
3615.00
$end
