
$molecule
 O 4.46493931974364 0.19509633850389 0.34948185550818
 O 8.74267769166409 0.21968137028321 -1.98358678557428
 O 5.01337771184667 -0.86577017956646 -1.52153110339350
 O 4.88523776475835 2.41691030633963 -5.42917528603220
 O 2.98953383891199 1.26199862000411 -5.61466789816776
 O 3.96400804026262 -4.30239545825129 8.14334717343081
 N 6.83215499625830 1.39470794944161 -1.91749764530899
 N 7.18838970672331 -0.71877576737478 4.15130657983291
 N 5.91500369507692 -2.82628874353960 6.66507934378623
 N 7.79635167668835 -1.43332168388541 8.18775267342947
 N 4.94610715136305 -3.60175233627144 10.05052090686950
 N 6.82760016928833 -2.19713251536351 10.14139091654501
 N 5.89190137058786 -2.98740676123069 12.07514106869550
 C 5.46027582067283 1.50136104155196 -1.44052409299724
 C 4.55816771250098 1.94830534231676 -2.60158528968841
 C 4.39908655112988 0.88156763651885 -3.69557559849025
 C 7.79836938721279 0.60213677532478 -1.33053799988816
 C 7.62274514874748 0.28812578867921 0.11432852154054
 C 4.97699828675964 0.14580027840796 -0.88789004793790
 C 7.31918156828807 -0.43061436929628 2.80450651105026
 C 6.90048864222756 -2.08072316315254 4.59504397650908
 C 7.87162558383892 -1.01909752666802 0.53524933895899
 C 7.26850283173915 1.24827999148632 1.06453060693761
 C 7.71305497476910 -1.38326570855220 1.85864209929030
 C 7.12084499627218 0.89563367950497 2.39353905057342
 C 3.98858416641916 1.51529596602919 -5.00417403037141
 C 6.86932150677372 -2.10874196835715 6.09890289033774
 C 5.88973483236231 -2.86750122813263 8.00378082563350
 C 7.80896072021568 -1.41062532152645 6.87140297400135
 C 6.83708763776817 -2.16901600513818 8.77641734466015
 C 4.84510389729481 -3.65630813377021 8.65805417911686
 C 5.90349422218802 -2.89633346089717 10.71861861717157
 H 5.40271235457392 2.26460745133710 -0.65219966718297
 H 3.57447153042589 2.20903387713623 -2.20122866563136
 H 4.99568856195449 2.85323949743428 -3.03286883843681
 H 3.65264576288110 0.13780925826456 -3.41507073799405
 H 5.34955310347121 0.36680729257415 -3.85965776024661
 H 6.94435790156894 1.42641154386856 -2.92302274775832
 H 7.69296182829186 -2.74755949812499 4.23968276253397
 H 5.94079760898275 -2.43802051436446 4.19902480334275
 H 8.17529153704904 -1.75634676929450 -0.19927896463427
 H 7.13911645692854 2.28465078892964 0.77033898638521
 H 6.63872597063091 -0.03095694104088 4.65316416278782
 H 7.90029711010773 -2.40831384714384 2.15252665822609
 H 6.85699628576752 1.64805697675539 3.12932029214506
 H 8.58211917916322 -0.81855196156984 6.39036961670361
 H 4.60377256568020 1.03740530623287 0.80508158015816
 H 4.26284086009525 -4.14528471116684 10.55752417221608
 H 4.58845384505176 2.78095191589460 -6.27939626041466
 H 5.03187186125804 -3.23608678453359 12.53097504718363
 H 6.47255705576586 -2.30935363460510 12.53964788459429
$end
$temperature
298.15
$end
$mult
 1
$end
$sigma
 1
$end
$pressure
1.00000
$end
$scale
1.00
$end
$msrrho
$end
$freq
6.46
10.50
12.09
18.00
24.95
29.66
30.51
52.21
64.76
70.79
76.79
84.27
90.92
116.60
131.39
133.83
139.13
151.15
178.29
192.21
196.21
202.33
234.74
262.06
284.94
300.97
308.92
332.23
342.64
368.50
371.84
382.65
397.56
407.48
412.31
419.73
449.28
467.46
475.98
478.81
486.99
506.71
513.70
545.23
553.91
567.85
581.33
584.93
594.02
599.37
606.22
612.26
619.02
645.76
674.71
677.28
687.33
693.46
708.59
719.98
722.30
738.27
750.71
789.84
798.87
829.40
838.16
856.08
863.27
870.02
895.71
911.34
919.23
939.61
969.44
972.55
1004.00
1010.97
1011.89
1061.21
1067.04
1078.15
1091.80
1094.89
1111.82
1116.58
1137.90
1154.16
1155.01
1160.32
1178.97
1182.75
1198.80
1218.54
1222.64
1247.50
1257.13
1263.37
1265.43
1269.78
1279.58
1284.55
1286.50
1297.66
1305.85
1324.34
1333.15
1337.56
1345.82
1370.45
1385.69
1428.75
1430.88
1431.85
1439.50
1442.26
1454.28
1488.07
1493.68
1511.75
1541.03
1568.27
1594.21
1601.77
1746.28
1767.03
1825.02
1828.04
2969.97
2971.45
3015.02
3020.22
3029.57
3047.56
3079.64
3093.71
3093.80
3105.78
3116.94
3130.04
3459.03
3469.18
3491.31
3509.66
3551.56
3591.34
3614.40
$end
