
$molecule
 O 4.79961296684715 -3.76477924400422 -0.38609617278332
 O 1.81941467466951 -2.91038454932140 -3.56002437181044
 O 3.55044570157379 -2.93010387942846 1.25808049949942
 O 0.41042340472103 0.67820913769921 -0.62876617531030
 O 2.50492118805708 0.01923416729553 -0.93882689321244
 O 2.23424891507320 -11.31703508619998 -11.79013131636029
 N 2.65895354765873 -4.13557109486073 -1.84316481819452
 N 1.40849612464595 -8.71785082237208 -6.15782222088442
 N 1.31364834110812 -10.41057509199354 -9.24126965818583
 N -0.00010700060955 -12.31262315811894 -7.67495705454992
 N 1.39341147660881 -13.35738536338519 -11.31702438010832
 N 0.28315790415781 -13.90926133774737 -9.32071964820651
 N 0.53082726622172 -15.47944402109394 -10.96720986354806
 C 2.63512728517117 -2.95823806457009 -0.97788508936710
 C 1.22722962951594 -2.71403367136462 -0.41682186112773
 C 1.10399727247292 -1.40648695230197 0.38301880735730
 C 2.11230321524021 -3.99796300839565 -3.11173146151741
 C 1.95746026756572 -5.25701430158211 -3.87252885322926
 C 3.69238542948834 -3.19615800143188 0.10039874348773
 C 1.59544652557398 -7.54785752617180 -5.45291162175838
 C 1.03264543106549 -8.69893438634353 -7.56872325981904
 C 1.20991126205900 -5.20586240868416 -5.05469917375730
 C 2.52942334890784 -6.47693723983813 -3.49553766331493
 C 1.02013151342751 -6.32870472289939 -5.83339875667413
 C 2.35112150111830 -7.60380198142618 -4.27128260679194
 C 1.42623247767318 -0.18219001423111 -0.46304358280915
 C 0.83777616065523 -10.11302547988844 -8.04488723454679
 C 1.13434912428644 -11.66342590379698 -9.67937020313330
 C 0.17966966971274 -11.07454834816446 -7.26467173793308
 C 0.47208797387607 -12.62670068258992 -8.89422043073201
 C 1.64888786134834 -12.02050918006285 -11.00220961671453
 C 0.74117848544890 -14.22442367545587 -10.49030673272005
 H 2.94779976754215 -2.10216502677701 -1.59024128231379
 H 0.52741345821984 -2.69180258644186 -1.25693612557631
 H 0.95062687828924 -3.54766934682636 0.23579483938386
 H 1.81154131151245 -1.42032198058597 1.21545502084341
 H 0.09283234970319 -1.33746189078059 0.79276145911609
 H 2.46559666814636 -5.00580665190370 -1.36655242037936
 H 1.79951207034334 -8.20712611360985 -8.18147156471325
 H 0.09269752831766 -8.14801643881425 -7.68067648274313
 H 0.77486869087647 -4.25765281284131 -5.35196266184150
 H 3.13910934084991 -6.54715984604117 -2.60074802087424
 H 2.09387914539144 -9.43319827212366 -5.94681258009253
 H 0.42999152552419 -6.25539974692267 -6.73824385477056
 H 2.80184950827376 -8.54474739683425 -3.97412832008357
 H -0.20096958227519 -10.81551455214689 -6.28090295711801
 H 4.70538109742006 -3.93768935611883 -1.33999513398527
 H 1.70922369492704 -13.65752703019122 -12.22785060949989
 H -0.41176181802747 0.40424050210179 -0.20274016039140
 H 0.23080030821644 -16.14204767917723 -10.27182662985132
 H 1.13337111139840 -15.82436688122937 -11.69327710635209
$end
$temperature
298.15
$end
$mult
 1
$end
$sigma
 1
$end
$pressure
1.00000
$end
$scale
1.00
$end
$msrrho
$end
$freq
7.21
8.70
11.73
17.70
22.57
31.98
35.25
50.57
56.56
72.64
74.24
80.86
98.32
107.07
132.98
137.42
144.79
175.93
183.25
193.09
209.62
225.81
256.58
270.22
298.34
301.90
324.28
335.62
341.95
369.49
371.12
388.75
397.82
409.76
433.67
440.95
451.58
462.19
472.70
475.87
478.97
485.53
512.13
527.92
543.58
565.36
572.77
581.68
583.53
586.65
603.00
608.51
618.44
637.70
644.60
655.38
675.59
700.78
707.70
716.31
724.66
739.41
789.57
796.78
824.08
826.31
838.21
864.50
869.20
888.63
894.45
912.08
916.21
939.60
969.00
989.38
1004.80
1011.30
1030.32
1061.11
1066.91
1075.83
1080.36
1094.11
1106.01
1111.98
1120.46
1126.01
1140.26
1154.00
1167.10
1181.14
1193.72
1200.01
1222.36
1223.36
1246.01
1250.08
1256.07
1257.82
1272.13
1283.79
1292.23
1298.37
1303.24
1329.57
1337.64
1338.27
1341.00
1375.98
1391.36
1430.23
1435.01
1435.09
1440.15
1442.73
1452.67
1487.85
1496.48
1511.43
1541.04
1567.03
1592.62
1601.13
1733.28
1767.50
1820.88
1831.88
2971.97
2997.95
3011.94
3016.01
3020.00
3044.97
3059.23
3093.02
3095.99
3108.06
3112.69
3128.13
3464.76
3481.09
3490.93
3498.57
3509.99
3614.89
3621.55
$end
