
$molecule
 O 2.87820431199576 -1.62885836066933 -6.23467103557648
 O -0.88905990416494 -2.33916501709004 -1.86494521351728
 O 3.15557980835445 -2.69773404773573 -4.30171121912352
 O 3.47649868246012 1.13280887320163 -6.97024325268955
 O 3.52472646112143 1.15982810901989 -4.74983531228581
 O 4.73645127809126 4.39254454916972 6.06438301239518
 N 0.45334385942078 -2.29673029953230 -3.64639941656165
 N 3.29051912802153 1.84189748960645 0.48816721990874
 N 4.05903191626137 3.77329792994168 3.35630631017391
 N 5.32081799775434 5.32095559887301 1.40401629267288
 N 6.12407083346312 5.99985741152920 5.30088783072780
 N 6.44923178777920 6.51184512570530 3.03117601564289
 N 7.54061199890800 7.71422208433312 4.64553228524390
 C 1.04931892391007 -1.54390706763462 -4.73770822550221
 C 0.95890276440535 -0.01845626472031 -4.54496952820117
 C 1.40123372077921 0.76211552353643 -5.78698096520219
 C 0.10858079937182 -1.86787520687247 -2.37473789926361
 C 0.97598829108731 -0.90441638709520 -1.65720663995285
 C 2.47450759730165 -2.02417222343605 -5.01669873241082
 C 2.49119325832019 0.91750874331078 -0.16096078049153
 C 2.83991492208665 2.51188384681928 1.70279384314309
 C 0.35631111098608 -0.00082934008296 -0.78947061331368
 C 2.37202425324011 -0.91395517452013 -1.73494732218121
 C 1.09524873931317 0.91214936244893 -0.06180468544203
 C 3.11759358828803 -0.01580909609490 -0.99872548160357
 C 2.90537415011612 1.02328594982534 -5.76203290687397
 C 3.82669947287850 3.58746120452584 2.06876439422521
 C 4.92391327244835 4.74038381540803 3.69104115936766
 C 4.46536147640944 4.36911454174600 1.09478245216164
 C 5.56199694059225 5.52372897461332 2.71084392377157
 C 5.19944580084843 4.96995258995056 5.10946489657459
 C 6.69637114959287 6.70910802328867 4.28586606274922
 H 0.47653912756619 -1.80010863325204 -5.64132243671644
 H -0.08006620835619 0.22180903231635 -4.30653118214897
 H 1.58016371163049 0.29629312448439 -3.70366265634737
 H 0.92594732928236 1.74753484079787 -5.77641727131755
 H 1.10824612153142 0.25791727682992 -6.71081182895393
 H -0.23253904637903 -2.97070972100210 -3.96562036020550
 H 2.73508552088288 1.80709678671762 2.53857511609003
 H 1.86488444630332 2.97425083581074 1.51740294239596
 H -0.72481476047233 -0.01560193947045 -0.70311947851991
 H 2.87392302362781 -1.64957176142673 -2.34871708584770
 H 4.26090620450608 1.55568591093291 0.54538079569253
 H 0.58218602182160 1.61309545823208 0.58505253808710
 H 4.20004972921826 -0.02928452885834 -1.06410921110233
 H 4.26692514889617 4.19986834225211 0.04049367531185
 H 3.79913082644200 -1.91236884829172 -6.36615943202451
 H 6.34058703988816 6.21669884811253 6.26281288263747
 H 2.87916585459331 0.92389612300120 -7.70017929298987
 H 8.09452688406821 8.07443102140257 3.88620064355951
 H 7.98955363354055 7.65882857006872 5.54280317386453
$end
$temperature
298.15
$end
$mult
 1
$end
$sigma
 1
$end
$pressure
1.00000
$end
$scale
1.00
$end
$msrrho
$end
$freq
10.97
10.62
14.55
22.74
27.06
30.70
39.74
49.22
62.22
71.09
81.98
86.34
103.52
117.28
133.04
140.66
143.73
160.52
182.86
191.96
199.79
246.46
249.16
265.77
292.16
301.97
323.54
334.45
339.97
357.26
373.41
374.72
396.30
410.59
425.53
436.27
456.35
468.65
478.58
485.01
491.55
516.27
521.00
543.59
547.72
567.91
571.06
579.65
584.59
599.27
601.03
608.19
619.16
643.65
650.52
663.04
674.74
685.74
711.01
712.26
729.90
739.42
766.79
782.24
796.45
830.31
837.22
858.32
866.67
869.45
897.43
898.54
915.68
939.02
967.58
973.45
999.89
1012.22
1030.69
1060.19
1067.74
1069.69
1092.18
1094.64
1112.28
1118.17
1129.70
1153.07
1154.89
1158.96
1173.43
1181.44
1191.20
1213.12
1213.96
1221.94
1247.01
1256.44
1267.24
1269.61
1280.07
1284.16
1294.06
1308.22
1324.25
1328.67
1333.77
1337.02
1344.64
1386.47
1405.05
1425.48
1429.05
1434.36
1437.37
1441.65
1452.35
1489.11
1493.17
1511.76
1540.84
1568.76
1592.15
1602.94
1715.32
1765.69
1824.85
1837.04
2961.00
2966.72
3012.98
3015.41
3032.32
3043.78
3068.64
3095.47
3105.42
3110.17
3124.18
3162.47
3461.34
3466.55
3492.07
3507.48
3532.52
3611.64
3617.99
$end
