
$molecule
 O 5.78122917926216 5.71385651961364 1.60694035450016
 O 9.60834732800813 5.72478078134072 4.38525877932890
 O 7.08674056283516 6.40921242757310 -0.06159212967001
 O 10.85012750500896 5.82676981300990 0.66971950911395
 O 11.59130460767667 3.75115898142410 0.36693327284697
 O 9.18235350399985 10.82893919897123 12.55177063388766
 N 7.61429530163469 6.22097704557266 3.38140441618092
 N 6.70230653618643 8.45883016704169 9.31903213189366
 N 6.72290613218442 10.24905940627782 11.23293429248048
 N 4.43912436580953 11.40631823688651 12.33523378911189
 N 8.03686269656072 12.08485081316535 14.03996515005573
 N 5.70940234738824 12.41483783202142 13.98399890835305
 N 6.97480223882341 13.43746190439108 15.59268372731720
 C 8.12945460810899 5.89797526561664 2.04526983750776
 C 8.59168051747579 4.43067861889176 1.96284216574259
 C 9.22202211001986 4.09286436850129 0.60255777905878
 C 8.50069489603559 6.21204534634923 4.45749223620481
 C 7.96386896975415 6.81399984801756 5.69533952719431
 C 6.96234726482450 6.05838591638974 1.07437083885152
 C 7.09351896872404 7.94733602020765 8.11120574357504
 C 5.44946363344966 9.17886738919453 9.47826981764751
 C 6.61164999014471 7.10512155247207 5.90037925083598
 C 8.87049019904048 7.07584209128947 6.73320330423257
 C 6.17655054708763 7.65782840103670 7.08937435588395
 C 8.44992573597097 7.63533511066366 7.91765172253860
 C 10.67537800003522 4.50764285874491 0.53339240460305
 C 5.52784119352390 10.04684721747140 10.70715154031266
 C 6.79969930902762 11.02882898804262 12.31843579000050
 C 4.38485957635934 10.63431405265042 11.27073541358851
 C 5.65142835982694 11.61782984965785 12.87867142275356
 C 8.11442084114496 11.25974883903370 12.91679731615537
 C 6.87313058023798 12.61451709211507 14.51726380004619
 H 8.94856963184108 6.57338825584335 1.77206214725053
 H 9.31516267541780 4.23479689835696 2.75576957901814
 H 7.72575541213336 3.78266989950201 2.12973265799493
 H 8.68427222935887 4.59132919031621 -0.20792004918146
 H 9.17973322292715 3.01471602516235 0.43796166128734
 H 7.02066839257716 7.04128078482436 3.36987676109188
 H 4.61506944525230 8.47302352485061 9.57216052978792
 H 5.25368998481538 9.81189754958666 8.59980617016730
 H 5.87880794152959 6.87404553177223 5.13366978280604
 H 9.91690790192028 6.83451878524568 6.58091241559397
 H 7.44330595912947 8.83404371043423 9.90471492492012
 H 5.12034381599913 7.85385969681656 7.23000160653435
 H 9.15896606455780 7.83971269176279 8.71196641921158
 H 3.40474534025193 10.46275644010375 10.83492111170655
 H 5.89006538243682 5.42933574377102 2.53208505303492
 H 8.91692817424459 12.29520714787763 14.48807113293621
 H 11.80034547984096 6.02469804643060 0.63806150872930
 H 7.77883937512973 13.35469559405432 16.18909990964426
 H 6.09767496447231 13.65335252966009 16.03602757534880
$end
$temperature
298.15
$end
$mult
 1
$end
$sigma
 1
$end
$pressure
1.00000
$end
$scale
1.00
$end
$msrrho
$end
$freq
7.66
10.18
12.88
18.56
23.78
28.22
44.88
46.45
57.15
63.20
80.76
88.92
114.35
134.34
135.12
137.77
142.44
157.07
172.08
185.67
218.85
239.03
247.73
267.77
284.21
309.04
318.42
335.06
340.42
364.87
373.17
373.96
397.71
401.05
425.38
441.69
444.56
461.48
470.25
480.84
488.96
505.39
546.87
549.46
558.42
575.33
579.84
584.95
595.24
600.08
610.17
617.88
625.54
635.18
645.90
667.50
669.78
706.07
712.69
717.54
730.21
736.42
787.25
807.27
828.39
833.20
856.16
860.75
862.15
886.19
893.80
913.79
915.16
957.58
959.75
977.70
1002.53
1011.20
1021.55
1055.74
1066.74
1082.26
1090.74
1107.26
1114.62
1122.09
1124.33
1143.15
1147.80
1157.39
1169.29
1183.83
1189.93
1201.95
1218.34
1237.73
1248.90
1258.47
1260.44
1269.22
1275.60
1276.28
1286.48
1306.93
1311.71
1330.26
1331.31
1343.11
1345.69
1378.80
1389.85
1428.75
1428.97
1432.43
1442.67
1445.31
1451.00
1487.01
1500.22
1511.14
1541.83
1562.52
1592.52
1600.03
1735.66
1766.05
1815.51
1834.61
2942.25
2989.48
3006.99
3020.02
3029.62
3068.72
3073.08
3089.25
3095.03
3107.26
3118.71
3120.29
3416.81
3464.53
3490.33
3491.46
3510.68
3551.23
3615.85
$end
