
$molecule
 O -5.08540196565739 -9.72034802641997 -5.24089384463170
 O -1.22327700501785 -10.84048663095772 -8.09252114863186
 O -5.92230857814222 -10.67237093915348 -7.07275599351541
 O -4.43745345790495 -5.86992720160354 -8.04772497199458
 O -2.36217611480481 -5.50082908212786 -7.34461907938353
 O 2.98357385614910 -11.24832383991115 -13.87700655282115
 N -3.45727405884427 -11.10617929167599 -8.06673959960679
 N -1.73760299870475 -14.96990998772038 -12.92173166744586
 N 0.62114709172690 -12.82156949462784 -14.19430800583095
 N -1.52470743977922 -11.55832265190286 -15.45495584478771
 N 1.89834359904504 -9.51148761825131 -14.82680094406090
 N -0.30371912239896 -9.60529328894465 -15.64323176369065
 N 0.91150225568476 -7.67538956992123 -15.83827064846222
 C -3.59255435243782 -10.07746072095134 -7.05675030677772
 C -3.41621086344488 -8.68279247657621 -7.69919373839334
 C -3.40864698401532 -7.55182565155703 -6.66433972602933
 C -2.21258088736927 -11.37072820624523 -8.56886762736043
 C -2.14588577111110 -12.33464889616819 -9.69151520989399
 C -4.98579634369522 -10.21098583465590 -6.47787961624702
 C -1.83644409857817 -14.07938289040393 -11.86609201192384
 C -0.63279595947938 -14.85796039691120 -13.86867087803060
 C -0.88896577874392 -12.55270407589287 -10.26854866129865
 C -3.24533218753084 -13.02765537075823 -10.20688069437592
 C -0.72624898341389 -13.41247982910249 -11.33469293472119
 C -3.09354291463062 -13.88752442886878 -11.27682700159546
 C -3.32386062542311 -6.20545032622707 -7.37110300157218
 C -0.52254382965880 -13.45035236379585 -14.40693893830112
 C 0.71329282838535 -11.55208201035938 -14.60895311291195
 C -1.59294652726010 -12.80742327028947 -15.04368749925805
 C -0.36850249248347 -10.90651727277596 -15.23789681445492
 C 1.96755514631621 -10.83316690480641 -14.38023661116329
 C 0.79912457954664 -8.96357881872865 -15.41977716553178
 H -2.82945148127032 -10.22483567055209 -6.28387441752141
 H -2.46126472167669 -8.68750877077572 -8.23068072415103
 H -4.21482851796178 -8.52672871724878 -8.43143895358238
 H -2.54422472963120 -7.65073753499289 -6.00509572294778
 H -4.31751596536855 -7.57558328729337 -6.05819997807667
 H -4.30271879422800 -11.35699174814338 -8.55697899876290
 H -0.82537283768777 -15.57072019770485 -14.67610996735253
 H 0.30604955892104 -15.13073734461730 -13.37923432880852
 H -0.03340704315072 -12.02446190420053 -9.86162686724147
 H -4.23329248340230 -12.90466093599104 -9.77585335361378
 H -2.62597463501625 -15.16067891657721 -13.36864392628526
 H 0.25856902839998 -13.55471942338982 -11.76111769338551
 H -3.95329782415987 -14.41813025400805 -11.67244577732455
 H -2.52912629124997 -13.33271741061138 -15.21234440236261
 H -5.99578781019338 -9.83165695058440 -4.91949648354742
 H 2.73839734729875 -8.96547919036442 -14.70160883103168
 H -5.15093832372931 -6.51680885925388 -7.97534165719872
 H 1.59772853413677 -7.08858214761307 -15.39734171653577
 H 0.03581497364754 -7.24286036779023 -16.08129258558637
$end
$temperature
298.15
$end
$mult
 1
$end
$sigma
 1
$end
$pressure
1.00000
$end
$scale
1.00
$end
$msrrho
$end
$freq
4.30
7.14
9.14
19.66
22.31
28.58
46.84
50.75
53.12
58.00
64.80
89.92
101.21
119.98
128.80
134.00
140.08
159.56
172.71
198.71
218.83
229.86
253.77
283.17
303.13
314.86
321.13
346.03
346.46
352.12
369.54
373.83
378.38
387.13
399.89
419.06
435.85
448.67
458.78
474.74
482.17
499.28
529.44
540.14
558.13
565.69
579.37
588.37
592.31
603.68
608.11
619.45
628.10
634.74
642.22
645.88
678.17
691.26
704.84
722.78
732.62
742.46
767.23
790.49
793.99
832.71
835.67
856.55
866.19
891.07
901.92
915.40
915.72
938.66
965.67
1003.56
1007.79
1011.23
1035.41
1063.13
1066.65
1078.22
1078.73
1087.71
1112.83
1125.83
1127.05
1140.49
1154.77
1155.97
1174.12
1181.27
1189.32
1215.86
1225.50
1232.24
1241.79
1252.35
1257.60
1263.63
1273.29
1278.25
1281.85
1297.02
1306.98
1323.61
1332.83
1333.80
1339.44
1385.73
1397.23
1428.83
1432.57
1437.06
1443.21
1444.29
1451.08
1488.68
1494.93
1507.84
1540.43
1569.83
1592.26
1600.22
1702.86
1768.12
1804.41
1843.57
3008.35
3014.19
3015.30
3029.84
3045.79
3051.57
3067.85
3084.48
3094.61
3106.89
3114.46
3134.54
3468.41
3490.73
3503.91
3508.22
3539.54
3612.52
3618.89
$end
