
$molecule
 O 0.14054042698481 0.61041390356629 -1.28950042612114
 O -1.40881155244207 -4.33767021686732 -2.00797201234769
 O -1.74928635698870 -0.35774431867613 -1.95038479107660
 O 2.09032281712554 -1.77238008029500 -7.31566038624427
 O 1.70176807715744 0.24468068259460 -6.46791066286469
 O 0.03262909967830 -7.84518374397321 3.52974126122003
 N -0.48196127783436 -2.52526388954291 -2.96089194125434
 N 4.36267273920638 -4.86197233600214 0.64450548884934
 N 2.48910686813514 -7.19267922529914 2.23169236953576
 N 3.37809428646467 -9.01299447280116 0.31255496584627
 N -0.11089699714549 -9.68652670092595 2.23072342928172
 N 1.50926150453424 -10.32966762977039 0.65333382339187
 N -0.34000567573128 -11.63377613175767 0.99671187853630
 C 0.30229326741070 -1.32416789069560 -2.73948870527022
 C 0.65138989507550 -0.66572190351298 -4.08454692419214
 C 1.36833240345895 -1.63753621158750 -5.02283537948316
 C -0.43882659354927 -3.62270289890075 -2.11825259401830
 C 0.84438042387938 -3.90092743435356 -1.41347094667789
 C -0.55755912533859 -0.32572597850150 -1.94518507633993
 C 3.17360856389657 -4.57649058312692 -0.01145199544183
 C 4.34721932981558 -5.70608582783820 1.83746801330836
 C 0.78599350473323 -4.27017816496811 -0.06772400677670
 C 2.08368738847360 -3.89034262374696 -2.05553378512168
 C 1.93316963644278 -4.58093805359451 0.63624772014181
 C 3.23442194953708 -4.22672457165975 -1.36616115849337
 C 1.72324526012331 -0.94085079024825 -6.33056200501772
 C 3.61594900824013 -6.99975286931983 1.56652322472977
 C 1.78639585208456 -8.29572673495872 1.94840493916250
 C 4.05464737751104 -7.92202870821833 0.60692207773602
 C 2.22506574978757 -9.21390507940739 0.97505761792644
 C 0.52967288609336 -8.52348304975866 2.66331767940212
 C 0.38555024907886 -10.51771477580639 1.27007954502170
 H 1.21477294641098 -1.57083332827010 -2.18534711163455
 H -0.26817576534065 -0.32041026318444 -4.56532586009750
 H 1.28408089046894 0.20819088031573 -3.90733128635464
 H 0.74196489886862 -2.51251956556493 -5.21608352213276
 H 2.30412138186488 -1.98702773969970 -4.57649945419959
 H -1.44316243899267 -2.31372267877695 -3.21744268806977
 H 3.85552067926195 -5.17704477242122 2.65800442229617
 H 5.38906812736083 -5.89236151181851 2.11365278727457
 H -0.17867318295946 -4.30273989802536 0.42604733845621
 H 2.14342726297331 -3.66222679805153 -3.11429618344427
 H 5.11286090270536 -5.10429900881217 0.00807389996192
 H 1.85771916774588 -4.85208997942081 1.68146496236828
 H 4.19132590826535 -4.23268944804358 -1.87757181912490
 H 4.98224467728396 -7.75491977887278 0.06609426829924
 H 1.10004545135981 0.52225479214405 -1.35558497669559
 H -0.98380697077341 -9.89968119346898 2.69127046070783
 H 2.04444442272150 -2.70866852523115 -7.08265258356691
 H -0.05984447875355 -12.11230367784242 0.15678191649554
 H -1.32270886632133 -11.62719519501893 1.20626819215690
$end
$temperature
298.15
$end
$mult
 1
$end
$sigma
 1
$end
$pressure
1.00000
$end
$scale
1.00
$end
$msrrho
$end
$freq
7.40
11.36
12.65
20.12
22.05
30.81
31.81
45.78
50.27
68.36
76.91
81.20
93.99
103.05
122.51
134.60
142.80
159.67
178.34
200.61
216.99
226.15
239.77
272.48
281.11
305.81
328.76
347.72
359.76
372.20
378.51
387.36
399.23
413.32
427.73
430.77
442.31
454.47
462.17
474.80
481.69
496.59
531.10
532.04
552.33
556.54
568.70
579.39
594.40
601.16
617.58
619.87
629.62
641.15
644.43
663.97
679.18
698.81
705.18
712.87
723.23
743.34
754.42
786.52
795.82
830.98
835.71
837.80
866.33
892.43
896.19
911.79
934.64
938.80
950.99
966.59
1004.43
1011.00
1051.12
1054.44
1056.31
1066.03
1074.59
1085.65
1102.91
1112.70
1117.92
1139.35
1154.60
1157.23
1164.35
1181.03
1187.70
1201.86
1226.39
1230.09
1244.94
1253.33
1258.27
1266.41
1271.07
1276.32
1286.47
1292.24
1297.72
1322.47
1326.40
1337.56
1339.85
1383.78
1397.13
1423.79
1428.57
1429.17
1443.45
1445.74
1454.34
1488.61
1492.02
1507.39
1540.36
1569.54
1593.40
1599.82
1744.37
1768.16
1835.34
1841.56
3009.18
3011.23
3016.83
3026.47
3038.95
3049.18
3054.74
3083.97
3096.02
3111.33
3117.00
3136.85
3421.42
3461.80
3490.65
3508.28
3612.64
3616.51
3617.27
$end
