
$molecule
 O -5.67635705044232 6.88412082446244 -7.82133119021593
 O -0.66742045365555 7.33492590033124 -8.49853765339157
 O -5.07102585292931 8.99684920187018 -7.47697952885652
 O -4.71130734204030 3.38350960255801 -6.71288207486159
 O -3.49250695028338 4.39072747828861 -8.27777380124631
 O 4.20031436947568 12.26151147918134 -4.74502518646468
 N -2.52326250320284 8.53536521143295 -8.04085610658371
 N 1.89368116316860 13.14319006334456 -8.93879312889524
 N 2.27479390144334 13.67579077805099 -6.30519143555501
 N 0.16147234041177 14.82368782362426 -4.89162474318939
 N 2.99466631106282 12.74934783806299 -2.89940517387162
 N 1.01287630025980 14.01371711990450 -2.90093549849106
 N 1.87362363091526 13.23226898214619 -0.92897165098905
 C -3.34267288466549 7.35741777215193 -7.82857965717568
 C -2.86301204737439 6.60449759492750 -6.56588600857823
 C -3.76553088649153 5.45596755835954 -6.11778133849946
 C -1.20172026994244 8.42015896083854 -8.35058449444043
 C -0.46242077032238 9.70079038331787 -8.49737328221078
 C -4.76691109836381 7.85300083897949 -7.69175142195022
 C 1.08300215693608 12.02735595780332 -8.76281173584670
 C 1.43926627382504 14.43039576633248 -8.42607724819526
 C -1.07172750983944 10.95096612994371 -8.61589694571152
 C 0.93500552222123 9.63113348621633 -8.54071012427830
 C -0.31351376142513 12.10049615464705 -8.75204161465415
 C 1.69794717222299 10.77196978632536 -8.66783082833704
 C -3.95085658000977 4.38599015459382 -7.16993545253687
 C 1.32036163022238 14.35623526011273 -6.92132750779101
 C 2.18859989864105 13.55781160724486 -4.97588301075483
 C 0.26412053453666 14.92891756667936 -6.20173572610344
 C 1.12331069595421 14.13334355951145 -4.25693862061200
 C 3.22835843510080 12.80368387787268 -4.27493058689406
 C 1.92806124334565 13.33769515073720 -2.28401297915554
 H -3.25937773647762 6.69041802037768 -8.69510218583235
 H -1.86906165012643 6.21115098817537 -6.79396779427542
 H -2.76685570298757 7.32211116111099 -5.74637146275231
 H -4.75761291825688 5.80774635549066 -5.82332923188626
 H -3.32667284846154 4.97270757726371 -5.24003356730153
 H -2.92952158578558 9.41158723931241 -7.74808323473148
 H 0.49334718205931 14.71747837837777 -8.88974077094268
 H 2.19385780529861 15.17439924926448 -8.70250769925887
 H -2.15295873397691 11.04116903996979 -8.62195073394921
 H 1.40990175362947 8.65894545851362 -8.46395774036187
 H 2.83931891627462 12.96106252917280 -8.61288999212378
 H -0.81846683919415 13.05387979596314 -8.85186628058865
 H 2.78021218021001 10.70712103857974 -8.69082075373560
 H -0.51684188745797 15.48349656333889 -6.71402893913672
 H -6.56535498469470 7.26731858965556 -7.74041171747579
 H 3.68820239837070 12.25340978732924 -2.35870562099699
 H -4.80617897270750 2.71766495332642 -7.41361764381719
 H 2.35561818047087 12.46716375774644 -0.49093118503819
 H 0.98656882509510 13.49406264712578 -0.53196168952733
$end
$temperature
298.15
$end
$mult
 1
$end
$sigma
 1
$end
$pressure
1.00000
$end
$scale
1.00
$end
$msrrho
$end
$freq
5.23
8.20
9.42
19.89
20.37
29.30
39.17
46.65
50.40
63.48
75.32
83.47
101.42
129.54
134.31
138.65
156.11
183.15
192.43
207.41
233.88
250.47
253.87
288.72
292.24
309.31
319.71
326.18
345.67
361.42
366.99
374.04
381.61
393.78
406.60
420.78
452.28
474.40
480.75
484.55
497.69
501.99
520.07
552.97
559.90
574.13
578.14
595.10
600.01
609.41
618.02
620.26
632.58
638.30
645.30
649.71
673.27
685.62
703.23
721.56
728.05
740.31
783.26
792.94
805.98
832.52
845.43
848.52
863.25
871.35
890.30
909.44
914.67
946.31
970.64
983.47
1008.10
1011.19
1023.89
1068.06
1081.32
1088.36
1102.16
1113.91
1118.29
1123.80
1138.45
1147.31
1156.26
1159.45
1169.99
1180.79
1186.72
1204.43
1215.67
1225.20
1242.68
1256.27
1257.52
1268.72
1273.95
1284.87
1293.76
1294.30
1319.71
1334.97
1338.01
1339.55
1341.66
1391.04
1404.06
1427.73
1428.48
1436.05
1441.57
1446.48
1448.25
1488.38
1492.57
1503.99
1539.71
1574.38
1593.85
1602.01
1709.95
1765.45
1797.20
1819.54
3008.65
3009.13
3020.25
3025.13
3043.33
3052.89
3059.71
3088.66
3099.46
3104.34
3117.39
3119.52
3433.62
3491.47
3498.71
3508.14
3546.73
3552.35
3612.51
$end
