
$molecule
 O 0.03241361311169 -9.02498098949357 2.53143778264812
 O 1.40817804401533 -9.41435938833919 0.35817104949705
 O -1.52345987018296 -7.46521401496898 2.85762954523450
 O 1.73091467273442 -4.72378161411411 0.66074995724870
 O 1.78268884067193 -4.65147661408935 -1.56329418352676
 O -2.00913250714177 -15.02099180140532 -1.44685614294791
 N -0.29279963009346 -8.05290470050557 -0.21324569717698
 N -0.37276821705864 -12.34394534392876 -5.00680865998104
 N -2.45337949586871 -13.40680263900504 -3.75192672141201
 N -5.04381081655769 -12.43164183021325 -4.08690011064938
 N -4.17386037280442 -14.72039311291829 -0.87476705274603
 N -5.71596629874422 -13.46291189473368 -2.12900964125807
 N -6.35906655871077 -14.43592412766656 -0.16118491371822
 C -0.07314913002968 -7.20836049707341 0.95658961035732
 C -0.76160449716229 -5.85759109017057 0.77150621154674
 C -0.31211766697754 -5.13751721469644 -0.50023973423757
 C 0.51031534308000 -9.12533110709333 -0.43603154793140
 C 0.24990274366183 -9.90685697304843 -1.65667104231358
 C -0.60924983529765 -7.91748639647663 2.22577080111623
 C -0.19865394342538 -11.51933819447594 -3.90586125248141
 C -1.64090341737425 -12.29398764459475 -5.72312251569380
 C -0.56293341969047 -9.46043953992490 -2.70304291531794
 C 0.86474419917680 -11.16117733507522 -1.77166819301066
 C -0.78253672441811 -10.24985994749169 -3.81534207102021
 C 0.64523802519649 -11.95552537599117 -2.87468110687965
 C 1.16660263583620 -4.82186420761788 -0.54837895748951
 C -2.77263543428152 -12.63586923595314 -4.77895922088470
 C -3.41793657179283 -13.69552052987121 -2.87206938006381
 C -4.07948008625741 -12.15825771560002 -4.94259359042964
 C -4.72578212641398 -13.19841928608823 -3.02958011382325
 C -3.07779645688496 -14.52640468002272 -1.71673388460231
 C -5.41308362705101 -14.19641471035731 -1.10484008338069
 H 1.01167166022996 -7.08443282346492 1.07144899923959
 H -1.84449936215311 -6.00869531449736 0.73687746200309
 H -0.54193901677258 -5.24144410015672 1.64665626321348
 H -0.83596832841032 -4.18011880894133 -0.58043069578654
 H -0.55436616079139 -5.71729472682334 -1.39443943634149
 H -1.18535061332966 -7.97872505730780 -0.67402085278234
 H -1.58919306755848 -13.03150137053216 -6.53109441512087
 H -1.78678213435679 -11.31010344564310 -6.17556899735842
 H -1.01971692522262 -8.47671670603462 -2.66314756185200
 H 1.50609704860681 -11.50306732742837 -0.96695488588176
 H -0.13832676025932 -13.30605324018981 -4.77943282573950
 H -1.41246949113594 -9.87422687876454 -4.61259401958004
 H 1.11136069533596 -12.93171799986322 -2.94722006218147
 H -4.33732675953805 -11.53283059436592 -5.79249833324343
 H 0.71763924273773 -9.26082159570386 1.83678644171392
 H -3.99422635643506 -15.26371469763361 -0.04283374065778
 H 2.67164118339763 -4.50613500642466 0.55318894355774
 H -6.24276399917479 -15.22131870925005 0.45383232016494
 H -7.29766626843534 -14.20610584397250 -0.44085282804655
$end
$temperature
298.15
$end
$mult
 1
$end
$sigma
 1
$end
$pressure
1.00000
$end
$scale
1.00
$end
$msrrho
$end
$freq
4.31
7.20
10.01
11.82
29.61
32.40
35.95
50.22
66.02
70.37
77.12
95.53
114.82
131.40
135.65
143.37
156.18
176.45
205.53
225.10
240.63
259.57
278.33
282.60
295.96
311.44
328.03
341.64
344.19
362.73
369.72
375.91
383.81
394.17
407.09
445.19
461.84
464.76
473.36
478.13
502.18
502.88
514.42
538.67
559.23
575.13
579.16
588.18
599.87
611.08
617.08
637.69
641.23
645.31
652.54
668.83
683.42
698.73
723.39
735.37
738.60
789.06
792.42
808.25
824.03
830.45
848.43
853.42
862.68
882.08
891.79
913.12
934.13
947.87
951.30
968.61
1007.91
1008.72
1010.53
1066.15
1076.54
1084.14
1113.77
1119.21
1122.48
1135.55
1143.74
1156.15
1156.89
1165.33
1171.88
1178.71
1200.21
1208.42
1222.25
1248.67
1257.48
1259.22
1269.51
1270.68
1284.74
1291.23
1296.25
1311.18
1321.13
1321.97
1340.44
1341.04
1347.75
1393.69
1402.47
1423.18
1427.99
1437.52
1442.00
1445.73
1456.84
1486.07
1492.73
1505.31
1539.51
1568.95
1590.49
1599.57
1642.99
1765.49
1814.32
1815.93
2934.98
2995.99
3008.15
3014.93
3026.82
3042.80
3046.16
3060.53
3088.41
3095.73
3107.87
3120.68
3122.09
3442.61
3490.17
3513.02
3523.56
3547.78
3618.65
$end
