
$molecule
 O 0.06222982933659 -6.71899832384448 -5.83034258043115
 O -3.87763390535038 -9.35948496976043 -7.59312205133067
 O 0.46761829820637 -7.42614166669525 -7.89994215209312
 O -3.87622853994106 -8.07432379008825 -3.32802137641134
 O -1.94154118824241 -7.25943641605906 -4.02956673238949
 O 0.69992515722346 -11.11087748183554 -13.22197804442035
 N -1.75122504505761 -8.83562821924838 -8.11739844085974
 N -3.89562047959283 -11.27768029141601 -13.68008913051868
 N -1.68847619428944 -12.62337339184509 -13.48673147979300
 N -1.46177965823795 -15.37267577606643 -13.11386434454100
 N 1.82322213999571 -13.03494205562644 -12.83503869335543
 N 0.82041520865511 -15.16348426873685 -12.76917366204772
 N 3.07711232685081 -14.94631609041361 -12.45644366137548
 C -1.49979784527001 -8.25766627195862 -6.81370873145376
 C -1.34460701839278 -9.35314173756220 -5.72988253089288
 C -2.57880864163338 -9.43063205748570 -4.82908484172629
 C -2.98320141513258 -9.30899761188240 -8.42963142463676
 C -3.16971076939094 -9.79328018937991 -9.81969878702379
 C -0.21860090862094 -7.41946498853148 -6.91647067476521
 C -3.65874290037977 -10.80862769427819 -12.38020642259812
 C -4.07004916812781 -12.72099406151112 -13.81091632885485
 C -4.30732638869841 -10.56496713820395 -10.07895512027602
 C -2.29097934264219 -9.51642293501794 -10.87072604040911
 C -4.55286203043531 -11.07218267623842 -11.33980964976815
 C -2.53540302220492 -10.01309762229518 -12.13672867412866
 C -2.75192398185547 -8.15249914583171 -4.03876067113351
 C -2.74878365415522 -13.41104415455115 -13.54524052235283
 C -0.50542782905097 -13.18682353696127 -13.22454694892430
 C -2.62125970059197 -14.79512495193787 -13.35738947786047
 C -0.38209803018857 -14.57495220326684 -13.03772940031650
 C 0.66171105185109 -12.31444666382799 -13.11289950325407
 C 1.85611818514466 -14.39129983223439 -12.67793761987942
 H -2.33808616689256 -7.59737798254150 -6.55432969720639
 H -1.18942550614811 -10.31583623923848 -6.22138442700571
 H -0.46553950955092 -9.14497339415010 -5.11319174917208
 H -2.48397758665414 -10.25735284793209 -4.11940113745097
 H -3.47670706318204 -9.60444389197447 -5.42903261970986
 H -1.00304893701769 -8.74926378663075 -8.79082031014054
 H -4.40892522812990 -12.93488460797509 -14.83034577538677
 H -4.83781111069022 -13.07417681058017 -13.11843067518663
 H -4.99815541853077 -10.76341097347565 -9.26637937705306
 H -1.40859955677689 -8.90651959061438 -10.71067268542688
 H -3.12132192190953 -10.99830891528692 -14.28195646305599
 H -5.44280138426298 -11.66439469402414 -11.52029767739557
 H -1.83454490253572 -9.81853137253232 -12.94104993570389
 H -3.49221282661688 -15.44231163960030 -13.40850409730798
 H -0.61135133988060 -6.80422396832285 -5.11414011882313
 H 2.66958091202053 -12.48973489451590 -12.75802486768780
 H -4.47366110508715 -8.82363113486105 -3.45786640015320
 H 3.04630617746705 -15.90406116603792 -12.14902248098965
 H 3.80255393457618 -14.36913387498851 -12.06916578534281
$end
$temperature
298.15
$end
$mult
 1
$end
$sigma
 1
$end
$pressure
1.00000
$end
$scale
1.00
$end
$msrrho
$end
$freq
3.31
7.80
16.85
23.65
31.19
42.87
50.69
52.10
59.79
82.84
87.34
97.17
124.73
135.79
138.91
152.30
161.66
176.36
199.83
224.15
233.39
247.19
279.87
297.71
308.20
316.95
339.87
342.83
365.58
368.96
373.80
379.97
390.46
397.04
407.31
447.33
449.74
470.60
473.20
479.04
497.01
505.46
520.25
536.17
552.30
559.63
575.09
600.34
602.11
606.68
618.36
625.84
636.71
637.15
647.78
667.92
695.90
698.54
710.85
720.51
736.37
778.20
800.02
831.72
833.84
840.00
856.15
859.69
870.25
886.13
895.77
914.06
928.46
949.58
971.00
984.79
1007.05
1008.47
1012.53
1066.44
1067.39
1086.02
1086.85
1096.98
1114.92
1118.54
1131.96
1136.38
1156.62
1158.98
1170.01
1174.95
1192.88
1202.52
1206.03
1231.53
1243.77
1253.21
1257.23
1272.68
1278.00
1281.34
1287.52
1304.12
1318.67
1323.88
1326.52
1335.81
1340.39
1389.83
1399.14
1403.92
1427.45
1436.36
1439.67
1442.75
1453.91
1486.90
1488.39
1508.42
1539.99
1576.12
1591.26
1599.38
1680.75
1760.62
1776.19
1818.43
2982.57
3005.22
3012.42
3023.76
3041.50
3044.16
3057.79
3089.10
3102.64
3105.24
3114.92
3117.21
3257.21
3403.75
3481.41
3490.33
3509.33
3603.42
3613.99
$end
