
$molecule
 O 0.03710648435018 -10.19509526632390 -1.07949453549016
 O -3.03957478425741 -12.28114045072322 -2.49263585852388
 O 0.23218156510350 -9.36870125126460 -3.12881202304272
 O -3.83898847509679 -9.02449010820750 -4.61268930877099
 O -2.93205406624166 -7.51037111111992 -5.96669182496237
 O -1.11609620830741 -10.90083853555688 1.21882970712595
 N -2.62037706541785 -10.44411656280501 -1.23913419459804
 N -4.36385550667564 -14.38126795902383 3.40413867820566
 N -1.85579473208398 -12.73604123779523 3.26062304200226
 N 0.04714669555931 -14.65609190759350 3.93894353099463
 N 0.92948002188931 -11.85791565213072 1.16573266982278
 N 1.56590666681295 -13.70936183777359 2.47182788471834
 N 3.04454195362030 -12.77677104539030 0.99181418623388
 C -1.99636310213870 -9.73696227621954 -2.33670484921114
 C -2.51217488543150 -8.28612183202909 -2.38185689951243
 C -2.17754300598233 -7.57348260415581 -3.69306480201767
 C -3.09992358673776 -11.71134782480249 -1.41997282625933
 C -3.62798038837771 -12.35774418681395 -0.18919967612148
 C -0.46486781493370 -9.75251495723832 -2.23023980459018
 C -4.21824101014815 -13.70493372004379 2.18275015491618
 C -3.58923793594157 -13.82185997301247 4.52503796670261
 C -4.05154665141114 -11.65083532891938 0.93753371850189
 C -3.62001995633322 -13.75413858434747 -0.14574998893698
 C -4.35562805560579 -12.31679847475475 2.10909185585422
 C -3.91139561733284 -14.42598012813960 1.02658710463705
 C -3.00312528880514 -8.01527480139496 -4.88040859242036
 C -2.14424854497530 -13.72095934805552 4.09708012244105
 C -0.63720335816202 -12.72511088888498 2.70585149114560
 C -1.17339030000832 -14.67724904968287 4.43374558759399
 C 0.32913298370985 -13.69379281443793 3.04229506701799
 C -0.34900215802310 -11.74166087612344 1.67381016241355
 C 1.82022625757030 -12.81584560460525 1.56750987795036
 H -2.26694312569940 -10.26636313465878 -3.25908605577263
 H -3.59634465770472 -8.30775048216271 -2.24125177770874
 H -2.07866026822191 -7.72656925772832 -1.54722480644571
 H -1.12716697418287 -7.71776008358603 -3.96200578233504
 H -2.33094079650256 -6.49647018181873 -3.58432599059974
 H -2.62825687882082 -10.02120297903772 -0.32464763137938
 H -3.71257151651390 -14.48901894702223 5.38102578106353
 H -3.98361194293202 -12.83580616500241 4.77851124934098
 H -4.13114799262940 -10.56961924268711 0.91276863959750
 H -3.33063008162641 -14.30271371577666 -1.03561771248700
 H -4.13157776310038 -15.36512917120096 3.28948895964538
 H -4.64531261328856 -11.75174598186890 2.98638478561954
 H -3.85341096450695 -15.50853529690650 1.06621828937764
 H -1.40463351004494 -15.47321605335438 5.13609788147305
 H -0.65212323329298 -10.42793040281551 -0.40269634654770
 H 1.18294496708054 -11.21856907267543 0.42155003858030
 H -4.31179748148577 -9.27092726677537 -5.42442631566846
 H 3.15655376170850 -12.29485356435607 0.11739760624746
 H 3.61716194147120 -13.58822580106972 1.15083356420955
$end
$temperature
298.15
$end
$mult
 1
$end
$sigma
 1
$end
$pressure
1.00000
$end
$scale
1.00
$end
$msrrho
$end
$freq
12.29
20.09
22.24
29.37
34.30
51.28
52.57
64.08
66.42
76.64
92.67
104.14
115.89
135.58
151.94
153.07
164.06
178.46
210.75
229.90
242.89
250.34
274.88
288.34
309.87
327.42
336.87
348.26
362.82
369.06
374.94
382.67
402.86
409.17
423.28
446.98
460.31
464.38
480.45
483.78
503.12
526.45
530.75
566.21
572.23
582.14
595.34
600.09
604.26
610.11
615.93
624.70
639.46
649.22
656.76
682.29
699.05
707.46
713.99
721.54
739.81
765.59
795.55
804.11
811.37
831.54
843.17
852.10
867.04
881.63
893.24
894.80
911.96
940.42
973.44
977.88
1006.83
1016.81
1038.04
1043.67
1070.72
1078.99
1085.41
1108.79
1116.96
1125.84
1128.23
1140.11
1153.09
1160.92
1165.50
1182.27
1186.87
1215.44
1225.72
1235.55
1244.79
1264.79
1265.98
1268.24
1272.11
1280.72
1281.97
1292.14
1319.20
1320.01
1323.42
1334.86
1335.81
1378.33
1398.55
1413.89
1428.02
1431.25
1439.47
1445.85
1465.11
1483.38
1485.78
1500.62
1536.28
1579.10
1590.85
1600.36
1690.81
1724.48
1804.21
1810.96
3004.64
3017.16
3022.89
3031.32
3042.81
3047.50
3064.48
3087.19
3098.70
3104.57
3115.48
3121.66
3124.82
3419.05
3447.91
3511.63
3521.71
3551.80
3617.67
$end
