
$molecule
 O 5.29476360322929 4.91443931096615 5.47478637151636
 O 1.32329904087661 4.08833132044237 4.34957756620740
 O 6.97619669652574 4.65491766759593 4.03776822684086
 O 7.20056308917525 2.72252424451034 2.08747997619545
 O 5.86150239576420 2.56879134227299 0.32060035317956
 O 3.25171524330905 -3.68650527789103 -1.89903728904290
 N 3.42214977117814 4.59094802872044 3.77298456308551
 N 3.19130639735136 -1.71104433185398 2.41903931882568
 N 2.79489292797512 -3.84002566453674 0.91279809910538
 N 2.41251714581608 -6.39934027634987 1.95094333186644
 N 3.10471617018780 -5.93785229389594 -2.00018537110982
 N 2.68241208532595 -7.32574975367030 -0.15045534892920
 N 2.91849296449424 -8.23552951853387 -2.23729858704065
 C 4.73427871529369 4.32949041911075 3.22094068346775
 C 4.92872561406618 5.09145844244940 1.89814373702556
 C 6.25261845234568 4.75726224360487 1.19676699247017
 C 2.36267314111961 3.69530157300892 3.86875676446261
 C 2.59782873560339 2.29005050479474 3.45158461612131
 C 5.79603052094170 4.66453142615845 4.27976842325966
 C 2.94275210765129 -0.40768033077857 2.76823482544611
 C 2.51172845704208 -2.81348467598138 3.08143541265495
 C 2.23495258134433 1.27701731329807 4.34239438733604
 C 3.09737262644530 1.93348014781797 2.19288405049351
 C 2.42063729156744 -0.05361170417383 4.02037747522698
 C 3.27092089943625 0.60726869117628 1.85644623956762
 C 6.42426213775181 3.24030654363405 1.13799853167505
 C 2.57063543722646 -4.03347188940595 2.20085527997329
 C 2.83424226839062 -4.91904775856195 0.12147923324317
 C 2.37860046392624 -5.32571974252231 2.71198609171487
 C 2.64173761110565 -6.21322998899292 0.63888925889642
 C 3.08043886360337 -4.72543624763815 -1.30773536840979
 C 2.91206568428980 -7.15447903536551 -1.41341402067031
 H 4.82543140445433 3.24974519161924 3.04769994860780
 H 4.09967543315853 4.82160522277010 1.23819308515062
 H 4.87185199548052 6.16711074570606 2.08638504832046
 H 7.09266431745076 5.22801723135899 1.70832255438292
 H 6.20766525158983 5.13207293548486 0.17239156136982
 H 3.12690403072275 5.55723276961018 3.81256590340036
 H 1.45801312616565 -2.55883468960323 3.27207424551483
 H 2.98434327881291 -3.02454696157359 4.04804531412418
 H 1.82174202241503 1.54835240743086 5.30774569108617
 H 3.31136173599047 2.69537841227095 1.45187661814944
 H 3.32235001655332 -1.88019031029274 1.42548774965237
 H 2.16030126558353 -0.81691973187949 4.74351361008334
 H 3.66212184598162 0.34498898788964 0.88033172662787
 H 2.19575258639740 -5.47800568970659 3.77190360791615
 H 4.31381883533372 4.82398889103718 5.42794244177678
 H 3.25520790874282 -5.86750767235196 -2.99610245434995
 H 7.49202674723248 3.38200751525380 2.75234755706061
 H 2.97441975835251 -9.11919356168194 -1.75897081100706
 H 3.40010529920746 -8.16478642274236 -3.11616822251129
$end
$temperature
298.15
$end
$mult
 1
$end
$sigma
 1
$end
$pressure
1.00000
$end
$scale
1.00
$end
$msrrho
$end
$freq
9.67
11.71
17.73
21.88
30.45
39.37
50.47
56.00
69.61
74.13
85.79
93.12
114.38
134.56
139.98
150.91
161.33
177.18
185.02
191.87
200.03
209.22
249.44
296.07
300.94
313.41
333.45
342.27
359.76
373.27
380.15
394.75
397.31
419.08
430.72
442.06
453.42
464.10
474.25
481.98
498.96
508.35
548.78
566.52
566.58
575.02
578.86
582.68
591.21
601.49
618.27
625.94
637.25
649.63
661.31
669.89
687.86
697.90
707.66
714.67
730.28
736.75
751.30
786.87
801.66
830.51
850.29
860.80
874.16
877.24
895.87
907.74
919.59
956.29
962.33
999.02
1004.50
1012.40
1016.10
1061.65
1067.45
1089.66
1099.61
1105.47
1108.18
1114.34
1120.27
1146.64
1154.70
1157.33
1160.87
1183.74
1188.23
1203.84
1236.28
1245.27
1246.34
1256.23
1258.02
1268.59
1271.94
1283.18
1289.49
1303.94
1307.55
1326.95
1329.81
1334.37
1343.07
1379.51
1387.90
1426.93
1430.70
1442.83
1445.14
1445.82
1456.30
1487.95
1496.87
1510.17
1541.96
1561.12
1591.41
1600.69
1740.57
1767.48
1789.93
1818.55
2937.47
2995.14
2997.40
3020.79
3039.33
3046.23
3077.89
3088.73
3109.34
3110.21
3120.75
3123.59
3282.58
3370.84
3419.47
3474.02
3490.98
3509.28
3613.98
$end
