
$molecule
 O 2.16134820194468 7.91104772232228 -7.04354646792490
 O 3.79348037058055 8.22766181837840 -5.09078605791588
 O 0.19793338479701 6.86114727519984 -7.05668730550564
 O 1.34296138265670 4.90792242229319 -1.07434404822648
 O 0.36535574455721 6.71720656895258 -1.91851467947918
 O 9.17807536305760 14.88056995491921 -2.70457840828002
 N 1.80148171452340 7.72794274920542 -4.18087505497072
 N 3.94672466206417 12.29958245884891 -0.20367846201043
 N 6.62729090422922 14.22711520158063 -1.59479144051148
 N 4.45189314882743 15.64058491588630 -2.62911087421861
 N 8.15440577127575 16.35901106201592 -4.06870933114715
 N 5.84498660990152 16.79260503040512 -4.06811435305844
 N 7.22813679891272 17.94747284120474 -5.48010678768343
 C 1.57903339257854 6.61728533119727 -5.10018688266530
 C 0.46375211975204 5.70515104129129 -4.59048385355294
 C 0.87123359841126 4.85839246618392 -3.38300153829604
 C 2.96141660970549 8.41382448944954 -4.19206697373860
 C 3.18332195764996 9.39891261895669 -3.11778542087888
 C 1.22748746715379 7.15703383727012 -6.51569846333186
 C 3.74727655322736 11.33171716519018 -1.16413121419656
 C 5.22622321558714 12.98279771635759 -0.07780032052195
 C 4.27918734637084 10.26070982287516 -3.25149511499516
 C 2.37695876883167 9.51385125366129 -1.97934089864561
 C 4.56041086729754 11.21761413563821 -2.29905878488684
 C 2.65366300975681 10.46475143367169 -1.01903917688980
 C 0.82511884062109 5.61466760151914 -2.07820416731043
 C 5.39605983248752 14.01883020698406 -1.16226209594658
 C 6.79230419927276 15.14664828236376 -2.55508511442571
 C 4.30949036026135 14.73391215592781 -1.68586761586083
 C 5.69892720763572 15.86036111157697 -3.08167492123354
 C 8.14376247300546 15.39540163039203 -3.05760512890262
 C 7.03907634155817 16.99996898098070 -4.52296063427705
 H 2.52532587277437 6.06378610264260 -5.19519431874035
 H -0.41475814610743 6.30691481935885 -4.34099873133768
 H 0.18261447374673 5.03872646324496 -5.40998287661311
 H 1.87278059874549 4.43714328681593 -3.50469663310560
 H 0.18192318682579 4.01542523739940 -3.27258616911953
 H 1.08170037816700 7.91000367368944 -3.49836484770695
 H 6.06591695875374 12.27756701012931 -0.11444431385751
 H 5.23535574813735 13.47797034030533 0.89893127897759
 H 4.90916123602818 10.16898003269812 -4.12955617181599
 H 1.53391080535665 8.85011694365917 -1.82627056187671
 H 3.47618403197736 12.12804139262473 0.67377417852236
 H 5.40721086186173 11.87743393891146 -2.43728333728576
 H 2.02360818377037 10.54753013042027 -0.13977699077674
 H 3.30398752003765 14.54442746152505 -1.32169524581200
 H 2.93475538134309 8.05061948870883 -6.40316664676711
 H 9.06328920568196 16.58259125502118 -4.44721742991791
 H 1.27358519541243 5.41547644329761 -0.24889682011784
 H 6.38073969626935 18.24886569089080 -5.93205434259658
 H 8.04822959273284 17.88393298597224 -6.05725442857845
$end
$temperature
298.15
$end
$mult
 1
$end
$sigma
 1
$end
$pressure
1.00000
$end
$scale
1.00
$end
$msrrho
$end
$freq
7.82
10.64
14.90
25.46
26.52
39.63
52.56
58.22
63.54
73.20
96.80
105.72
130.43
134.84
138.47
148.78
153.84
182.95
213.33
215.54
225.03
231.84
270.93
294.35
299.84
303.62
330.25
334.18
340.47
364.73
371.48
376.60
394.22
402.70
430.40
437.64
466.29
473.22
477.04
480.32
484.42
491.34
511.63
513.74
534.90
570.87
578.54
588.17
599.63
609.85
618.30
619.73
635.89
638.17
644.94
653.05
671.76
698.33
724.90
737.95
739.18
790.67
793.06
821.54
828.12
833.55
852.84
867.36
875.11
893.76
896.99
912.35
918.76
936.20
939.40
962.39
1006.46
1010.20
1054.70
1067.56
1068.57
1085.18
1105.11
1112.95
1126.86
1142.94
1151.31
1152.40
1155.04
1174.40
1182.60
1190.59
1204.42
1222.14
1232.55
1235.72
1250.18
1253.20
1257.60
1272.11
1284.50
1288.21
1296.09
1325.95
1327.48
1336.04
1338.87
1343.11
1351.83
1387.26
1414.34
1418.16
1428.40
1432.30
1435.21
1442.08
1450.69
1488.92
1498.25
1510.37
1540.77
1564.93
1590.56
1601.90
1620.31
1765.87
1789.09
1816.18
2765.69
2958.39
2976.60
3012.03
3016.60
3027.74
3038.39
3056.93
3095.09
3100.53
3115.78
3127.12
3137.31
3491.50
3495.13
3507.53
3513.23
3548.12
3611.80
$end
