
$molecule
 O 3.00955683826942 -2.44592983593804 -1.54421934822864
 O 1.29674225973824 -0.55755298328663 -5.20614254903489
 O 0.90957163755477 -2.57559253107476 -0.81516529308667
 O 3.61191071164220 -4.82587157649637 -3.35817315827532
 O 2.11998721774370 -5.73129607416678 -1.97629793999531
 O 3.15400961699911 3.41112946898063 -11.03507002681841
 N 2.36978993655303 -2.18448591987708 -4.06356676316937
 N 6.99396110156429 -0.32947881537694 -8.08578674872646
 N 5.08265754746751 1.40787819061255 -10.38142644053089
 N 4.73898772099666 -1.06695478775050 -11.62548514040601
 N 2.11323595006984 1.91033296725617 -12.36160650567998
 N 2.84528259325575 -0.29691594564843 -12.70315012680631
 N 0.93809931565756 0.45027232358750 -13.72368702776664
 C 1.24909144045144 -2.39834129483104 -3.17820897046131
 C 0.44644855483931 -3.66159229079497 -3.55899087639425
 C 1.34300573024919 -4.80391430655421 -4.05947579308370
 C 2.30797675870853 -1.20896619032691 -5.01719974949829
 C 3.55181940703095 -1.01959734332687 -5.80482207854738
 C 1.68444846297451 -2.48090058832625 -1.72585473139795
 C 5.82645931648640 -0.53392483457178 -7.36693710723104
 C 7.02521608364298 0.64748828605138 -9.16788570651748
 C 3.69567935381193 0.17921834536090 -6.50990618956714
 C 4.56276861147345 -1.97956686182851 -5.89888773210491
 C 4.81950870200868 0.43307471128201 -7.27030523451181
 C 5.68366528279620 -1.74150176581114 -6.67066116817420
 C 2.36395025591412 -5.18475332794519 -3.01465131100098
 C 5.91437099182190 0.40341673774304 -10.16289978916130
 C 4.06591562849767 1.19392025684539 -11.22573548928618
 C 5.73295261179347 -0.83520888258053 -10.79342629995451
 C 3.88336822432437 -0.05431119013109 -11.85103595534316
 C 3.12913763220774 2.28902384532494 -11.48063814953363
 C 2.01321266399177 0.67104269378016 -12.92233387349111
 H 0.57908611512027 -1.53102360030903 -3.26589666035710
 H -0.12363534499016 -3.98878593555314 -2.68553567293212
 H -0.25545544816520 -3.40577589895053 -4.35552518902169
 H 1.84954912813123 -4.50905351469570 -4.98010716204069
 H 0.71760099516263 -5.67744662797696 -4.25503615090979
 H 3.25361523929251 -2.58340276619317 -3.78942611568337
 H 8.00311020017437 0.56238489825147 -9.65180194987090
 H 6.92639653288727 1.65729952722272 -8.76036462266712
 H 2.90391369472949 0.91781314524137 -6.44563853618888
 H 4.46843394167666 -2.93365370345644 -5.39054335076109
 H 7.48063638325467 -1.18834626567020 -8.31079790782511
 H 4.90532439334145 1.37390951825810 -7.79893291162120
 H 6.46041590270433 -2.49529481585993 -6.74737062342669
 H 6.42086500953690 -1.65499807974047 -10.60496432638911
 H 3.18697972824482 -2.51227790515211 -0.59106635477803
 H 1.41988335070884 2.61807646367456 -12.55583909009187
 H 4.21520401550914 -5.06385331627227 -2.63506280144087
 H 0.99454078307650 -0.39172598882635 -14.27157718277129
 H 0.48361321903556 1.23976438571160 -14.14692711761258
$end
$temperature
298.15
$end
$mult
 1
$end
$sigma
 1
$end
$pressure
1.00000
$end
$scale
1.00
$end
$msrrho
$end
$freq
3.27
6.39
11.50
19.65
23.71
33.07
34.22
50.37
58.59
60.98
69.44
92.50
97.20
119.43
133.19
139.35
145.48
156.69
187.39
216.17
226.57
244.87
251.41
285.70
298.58
309.57
333.16
345.46
348.06
367.09
373.95
384.28
397.04
409.72
423.09
448.59
452.53
467.99
475.97
478.92
498.55
528.78
536.32
543.32
558.00
558.49
577.95
581.75
586.93
594.38
603.93
618.77
627.37
629.88
642.34
647.20
678.29
704.44
713.92
722.00
724.20
742.18
780.17
794.77
804.22
833.80
835.36
855.35
865.94
891.82
894.74
914.35
915.44
938.43
956.73
965.81
1001.99
1007.05
1010.94
1062.69
1065.99
1080.76
1101.64
1112.55
1123.49
1128.34
1140.98
1154.98
1161.12
1165.13
1167.73
1179.22
1182.71
1216.83
1225.25
1225.31
1244.49
1257.31
1259.36
1266.40
1273.45
1280.49
1286.07
1297.04
1312.47
1323.47
1324.93
1331.57
1339.27
1385.41
1401.81
1428.60
1431.86
1432.04
1442.83
1443.13
1444.64
1487.52
1494.41
1508.06
1540.55
1571.75
1593.07
1600.65
1717.57
1767.57
1806.34
1822.41
2975.94
3012.10
3028.23
3033.67
3043.99
3058.82
3072.27
3084.61
3093.74
3106.09
3113.73
3134.05
3469.06
3491.23
3511.27
3533.35
3544.21
3548.91
3616.38
$end
