
$molecule
 O 10.31101095005538 1.34397706180286 -0.33813942085048
 O 12.90580857257550 4.51521399344741 0.07625207452216
 O 10.79437669037375 1.92231103560169 1.75975400477645
 O 9.17783526604861 7.38404137588159 -1.53038549633854
 O 8.18413797354069 5.45441272519790 -1.05688907360721
 O 17.78465455881204 9.65692297367493 3.11857946593486
 N 10.89189818016871 4.54952476054159 1.14714045538313
 N 14.87398943364115 6.74211313044813 5.69592588380874
 N 15.54786595352623 9.22129195680816 4.83514497026984
 N 13.55114821827493 11.16761086446256 4.75934109801304
 N 16.81338769601999 11.57002088831315 2.41487123414319
 N 14.73722477807447 12.36622876947628 3.17805253705189
 N 15.89390231032117 13.52681453492295 1.57994055142299
 C 10.20758849442852 3.66702176477438 0.20874837461189
 C 10.52395250223512 3.91053099282405 -1.27048237578581
 C 10.51550034276574 5.39422110438405 -1.64067371051500
 C 12.25417047944433 4.73326291216864 1.08198856335521
 C 12.86778340356034 5.28889888982052 2.31333198471982
 C 10.48840514757045 2.23251811165824 0.64094463818781
 C 14.18086575837761 6.31081868926590 4.57268087559579
 C 14.37092359672782 7.88658221663640 6.44623645933060
 C 12.14711988549185 5.90416615949950 3.33891838651709
 C 14.26003825878924 5.20077004347445 2.43301022218667
 C 12.79019550369974 6.40842947385864 4.45495112465815
 C 14.90724634880938 5.69237861858073 3.54575985359959
 C 9.17416618133634 6.04901061310838 -1.37194938850349
 C 14.46069694018915 9.12532510230494 5.58510893530046
 C 15.65475309356612 10.28900392020881 4.03707139251818
 C 13.46455595324967 10.10864726255117 5.53973811820398
 C 14.64870945746524 11.27333323463723 3.99194061254672
 C 16.84450983438870 10.41192873533742 3.19411877011831
 C 15.79267842279021 12.47577543761954 2.43666771192020
 H 9.13128913177817 3.82278077815601 0.36892619598734
 H 11.49907707020516 3.48973582191201 -1.51987111632245
 H 9.76421942487496 3.38586116263678 -1.85654841291099
 H 10.72921874841461 5.50258199318784 -2.70810923941662
 H 11.29654246084387 5.93072046497746 -1.09671829697363
 H 10.52295949044120 4.43879238821877 2.08289569358283
 H 15.00928019396861 8.00236181430096 7.32868214975627
 H 13.34969926205451 7.70640300659256 6.78722429848747
 H 11.07059847153092 6.01782400977675 3.26478334059424
 H 14.82316357762740 4.73382615596241 1.63228734072473
 H 15.86024203561559 6.87760191856513 5.48902420973092
 H 12.20064835870026 6.88130055231056 5.23120206794155
 H 15.98544762978225 5.61362455141563 3.63101177505914
 H 12.57461217891683 10.02266556764011 6.15657154906108
 H 10.48751329763504 0.45238362418011 0.00490934783236
 H 17.60025451104284 11.70017209211336 1.79579112588030
 H 10.04236869164268 7.73965257366905 -1.77434524369710
 H 16.80722202388851 13.79644165834226 1.25977805928542
 H 15.23896025472637 14.26956351274680 1.75940332252443
$end
$temperature
298.15
$end
$mult
 1
$end
$sigma
 1
$end
$pressure
1.00000
$end
$scale
1.00
$end
$msrrho
$end
$freq
5.21
6.97
9.22
14.74
30.28
33.36
40.31
42.96
49.73
55.98
70.09
88.84
108.59
128.50
134.41
141.48
146.57
163.05
193.95
225.32
251.47
254.79
268.08
289.56
306.02
310.84
320.14
346.30
366.48
370.33
374.46
391.63
397.53
413.24
431.36
447.25
453.23
471.68
478.98
484.90
500.88
516.54
522.65
533.81
536.06
555.28
561.92
575.88
598.27
605.26
617.68
618.55
619.31
638.92
645.90
647.25
673.92
689.00
708.49
717.28
732.91
742.22
789.85
797.94
808.97
832.04
845.53
857.79
864.39
884.21
892.37
913.88
931.51
945.83
952.17
969.88
994.99
1009.91
1011.10
1049.71
1064.26
1067.68
1083.85
1109.78
1113.92
1126.18
1138.50
1144.59
1155.99
1166.31
1171.71
1176.54
1200.26
1210.73
1215.94
1229.08
1239.07
1256.48
1258.06
1268.68
1270.34
1284.59
1294.12
1301.21
1319.89
1323.93
1333.82
1337.65
1339.60
1393.06
1410.30
1417.65
1427.81
1436.57
1441.68
1448.19
1453.47
1487.86
1492.40
1503.89
1539.69
1572.82
1592.87
1601.67
1715.78
1765.50
1806.91
1822.85
2981.96
3007.77
3016.72
3033.65
3050.16
3055.48
3076.83
3088.84
3099.55
3104.82
3118.26
3120.25
3431.91
3483.70
3491.19
3509.15
3545.98
3613.79
3617.01
$end
