
$molecule
 O 4.04667670500580 3.40117243041354 4.25863018778245
 O 0.99988754988443 1.82421984486375 3.07059275023264
 O 4.66518371166526 1.53452615877471 5.29705932893249
 O 4.92747502235066 -2.71472650745923 3.96732448752362
 O 3.41216310416253 -1.75639136638599 2.64666431594782
 O -1.46094117743076 10.50331892678206 -5.38818418923967
 N 3.04134092128133 2.26155515275846 2.18196643013627
 N -0.67197006705575 6.67146890711613 -0.67044781102694
 N -0.92002832667338 9.34476735189698 -2.83143617955201
 N -2.00057513003071 10.68636978998066 -0.63508568641262
 N -2.66616022588988 12.10688832382562 -4.35433217633851
 N -2.96341225011522 12.25788330868738 -2.02820714904840
 N -3.88459502286930 13.83549161428957 -3.40712279517118
 C 3.67487234156374 1.34088420708751 3.10457776348704
 C 4.84321526549727 0.63260721908615 2.39434932108635
 C 5.41502445189071 -0.53382710809558 3.20043450073225
 C 1.69335361108604 2.50119835586788 2.33895192164362
 C 1.14777463747217 3.61286259422378 1.52165237895608
 C 4.17128566991068 2.07300484112944 4.34189735668273
 C -0.03937451771641 5.68886355188918 0.05630959862188
 C 0.08801397737389 7.66120136247982 -1.43192704150096
 C 1.83618102074090 4.23006798907496 0.47501916807580
 C -0.15561409760801 4.03807437613755 1.80848904554569
 C 1.25434155546903 5.25119829376490 -0.25401707824578
 C -0.74259963583058 5.05960355476775 1.09454962450791
 C 4.46231906742569 -1.70575295067894 3.22609112746851
 C -0.73079580574570 8.91220146539314 -1.59651038688589
 C -1.65088520034010 10.45510410130500 -2.99047017905430
 C -1.27261459291136 9.59734519168871 -0.49908490675845
 C -2.20413055627383 11.13268191327696 -1.88695701368731
 C -1.87164367695099 10.95766706442008 -4.34746994632999
 C -3.16801949578370 12.69409680470308 -3.23017414694612
 H 2.92221980211797 0.60455853564920 3.41430279531239
 H 4.46508575671596 0.25817581795751 1.43886086044038
 H 5.63368246816100 1.35901463874535 2.18521423571493
 H 5.63625197011770 -0.24653597728518 4.23105184174194
 H 6.35019491477175 -0.87941961079483 2.75174316998296
 H 3.61865909198514 3.03857623766334 1.89526641245405
 H 0.33624659680851 7.26448758596803 -2.42213118258163
 H 1.02351146202112 7.89789634333173 -0.90659402964518
 H 2.83253261410724 3.89942091068970 0.20036825124845
 H -0.69714290693369 3.54803572766978 2.61049829073143
 H -1.52650384422209 7.02303372731510 -0.25999101659009
 H 1.80116400104016 5.69745635617300 -1.07577399189152
 H -1.75171456014266 5.38328605640899 1.32605593412529
 H -1.10066768667739 9.24354363571460 0.51375290634828
 H 4.36151520176155 3.79602862239708 5.08858656260534
 H -2.84000750803656 12.50961977439154 -5.26371839690576
 H 4.27824558492434 -3.43714300163771 3.96164918430532
 H -4.40174427289615 14.12879074149171 -2.59514992392709
 H -4.31412251918303 13.99739611510279 -4.30079252464148
$end
$temperature
298.15
$end
$mult
 1
$end
$sigma
 1
$end
$pressure
1.00000
$end
$scale
1.00
$end
$msrrho
$end
$freq
1.21
10.54
13.28
16.93
28.21
33.61
35.86
39.77
45.55
53.68
65.31
79.48
87.43
114.59
132.62
140.85
147.56
170.00
183.35
200.09
216.46
248.61
259.72
267.68
302.17
310.49
326.23
338.33
343.26
362.04
366.01
375.99
385.29
404.98
427.84
459.41
468.61
471.22
479.77
480.32
487.03
497.57
502.57
526.95
548.89
562.02
578.17
578.74
587.36
601.82
603.72
618.54
623.01
631.78
641.17
646.19
655.65
677.40
704.66
714.02
723.42
740.26
787.19
793.36
818.87
828.72
839.94
858.78
868.14
887.77
890.21
893.21
913.51
940.22
973.56
982.22
1005.78
1011.78
1036.22
1067.12
1079.00
1095.30
1105.67
1113.01
1119.10
1124.86
1142.73
1145.78
1153.96
1155.23
1170.85
1182.54
1187.34
1217.26
1227.80
1228.60
1243.12
1246.58
1257.87
1261.45
1273.57
1279.03
1285.86
1303.19
1329.70
1332.26
1337.79
1339.85
1340.29
1379.97
1392.13
1414.57
1428.85
1432.67
1443.23
1450.52
1457.31
1488.09
1496.92
1509.08
1540.78
1569.70
1594.01
1601.29
1728.44
1767.63
1796.14
1812.75
2960.65
3002.86
3014.37
3019.71
3024.59
3046.26
3055.01
3085.82
3099.23
3100.50
3116.97
3121.77
3482.22
3491.06
3503.80
3509.32
3548.27
3551.80
3614.03
$end
