
$molecule
 O 4.20431256014951 -1.17574222823707 -1.76202891953590
 O 6.89780027547321 -3.41159635814758 -1.79374893822103
 O 3.51427705046795 0.11853120265277 -0.09138676344815
 O 5.69094460869758 -0.60390188274103 4.29387417952991
 O 7.11144098408964 0.81469097937578 3.33834182109106
 O 9.90867843612034 7.00541976874354 4.12703888957726
 N 5.34205505642767 -2.97670256352187 -0.24767522286890
 N 9.47466972138487 1.93573436098712 0.58241367728464
 N 9.11695843621430 4.57388904256072 2.84510546536414
 N 6.42843500532780 4.40850274273693 2.11041840898092
 N 7.78070720097672 7.73483839706769 3.95318322565498
 N 6.02990180922628 6.51819203233191 2.96719670767547
 N 5.64587508508209 8.62448421212583 3.78270230068175
 C 4.46522784926713 -2.04380969232481 0.43764611953643
 C 5.00539651066798 -1.62615024720224 1.82557795286149
 C 5.36547805555376 -0.14364456408035 1.98790155446501
 C 6.50067755404358 -2.66452340301244 -0.93039747706001
 C 7.24710545068174 -1.43886112559890 -0.49863224247784
 C 4.03033054560813 -0.89656838951628 -0.47346083317626
 C 8.72270684905499 0.81657394822187 0.26227935469508
 C 9.60046738429567 2.37943402650937 1.96961380722709
 C 8.04511278228747 -1.46717808062171 0.64503125598747
 C 7.23851670384947 -0.29233813403485 -1.29069225210450
 C 8.77827489116637 -0.35651872688932 1.02334110481993
 C 7.96135594480136 0.82563402003831 -0.91357157711381
 C 6.15883036074060 0.08559998284802 3.25007545902398
 C 8.62881077084567 3.49857006499971 2.25075247480287
 C 8.26716636275716 5.57976281234930 3.09496030294430
 C 7.27632942747163 3.42755742852011 1.88347242405078
 C 6.91173628140598 5.50157330389743 2.72542273237928
 C 8.78058359510910 6.77824362742730 3.75710732982564
 C 6.48372186013647 7.57238791918522 3.56295820506966
 H 3.53116857210468 -2.59873917658989 0.60637390831777
 H 4.26032233873396 -1.87994562443745 2.58415415018630
 H 5.88942931732268 -2.23486893900054 2.02869643145242
 H 4.45622780360058 0.45848515161097 2.06591644620957
 H 5.94371521335752 0.23361186078069 1.14425925706712
 H 4.85960022308551 -3.74128193601560 -0.70327139799782
 H 10.61889681329064 2.73919013786406 2.14617901459600
 H 9.40501888242798 1.54036767750468 2.64090623356306
 H 8.10586998258410 -2.37464226589922 1.23614786721561
 H 6.65002581641246 -0.27413097328473 -2.20106089411006
 H 9.29810956590595 2.71711191608463 -0.04019470357549
 H 9.39651854410697 -0.40608828493893 1.91089174108469
 H 7.93996957312983 1.71806025352884 -1.52970639711390
 H 6.88733186785357 2.54110960209381 1.39251584123656
 H 3.86872296549959 -0.44129635355685 -2.30266007543877
 H 8.08009617575393 8.59381477869265 4.39083928682614
 H 6.22816123280351 -0.39874277753101 5.07703351356938
 H 5.87778646074416 9.26380173152617 4.52271614322251
 H 4.67114924189638 8.39472474497053 3.67975710616569
$end
$temperature
298.15
$end
$mult
 1
$end
$sigma
 1
$end
$pressure
1.00000
$end
$scale
1.00
$end
$msrrho
$end
$freq
9.52
9.80
18.67
21.94
37.26
40.77
54.29
63.78
71.78
79.00
96.47
106.70
113.66
125.92
133.97
142.50
147.89
155.18
169.10
196.57
199.24
223.58
250.65
290.31
297.39
304.41
331.41
340.47
360.32
371.49
374.96
396.75
398.61
418.85
427.95
453.14
467.70
476.57
489.42
503.39
519.71
524.91
533.56
544.00
558.89
567.26
578.01
582.70
598.07
601.40
620.71
621.54
636.05
644.08
662.93
677.16
681.39
691.52
702.81
716.11
728.21
731.69
740.39
786.85
796.39
827.45
832.06
835.77
845.39
876.91
893.87
910.12
911.21
938.52
968.52
990.94
1004.05
1012.45
1033.05
1054.16
1068.42
1084.13
1112.57
1112.67
1114.05
1132.43
1142.70
1155.07
1156.84
1159.92
1177.22
1186.44
1203.86
1222.19
1248.79
1252.08
1254.77
1255.53
1267.61
1273.08
1277.60
1285.09
1289.08
1292.27
1311.05
1317.35
1324.30
1337.76
1347.71
1382.35
1389.83
1425.77
1426.62
1428.08
1434.92
1440.75
1460.23
1490.05
1492.03
1508.58
1540.20
1568.01
1595.94
1604.15
1754.84
1763.64
1797.39
1803.54
2973.70
3016.99
3030.43
3034.56
3056.06
3060.06
3083.76
3100.73
3103.91
3104.48
3117.84
3126.27
3448.03
3471.41
3492.81
3505.74
3544.68
3547.47
3609.24
$end
