
$molecule
 O -5.09298628213798 -2.41726746775213 -8.32558056862923
 O -6.38802964639684 -1.87839660367059 -3.69095918555101
 O -4.78236536850318 -0.35659762898768 -7.54620274100373
 O -3.56762803190464 -6.90832642216561 -6.66780292505302
 O -2.21726206567055 -5.51418974360647 -5.58336043960999
 O -7.82005851515769 -1.58777328020941 -8.17345298233716
 N -6.25407949687780 -2.66444875405528 -5.81481906707716
 N -12.51135589208505 -2.09637160787547 -5.55402760216673
 N -10.58297873061306 -1.03169511823145 -7.68960086667715
 N -11.24905833879002 1.65402472437607 -7.34784879277237
 N -7.41463145388700 0.62821643063554 -8.05734336128646
 N -9.04354963777634 2.27276980685498 -7.64748323512360
 N -6.83570848971978 2.85414829912257 -7.88279681167453
 C -4.88339673073153 -2.18369845435631 -5.96987440371838
 C -3.86187801234847 -3.31251924156195 -5.77678609130321
 C -4.25428661989031 -4.61365127900047 -6.47854208779897
 C -6.94435956599553 -2.31693396716669 -4.67764601874523
 C -8.41399308825456 -2.48006505562554 -4.79611331968469
 C -4.87657132052494 -1.54476453162129 -7.34640073081109
 C -11.16503273523051 -2.31918876028610 -5.23022789583118
 C -12.75725327678350 -1.77649677498193 -6.97346783980413
 C -9.01998653824979 -3.26078285110256 -5.78355734386185
 C -9.22183119350083 -1.71780777363164 -3.94761732279432
 C -10.38262708001661 -3.18943385089106 -5.99343670240915
 C -10.58558252968700 -1.63711391197787 -4.15735085488456
 C -3.23406496613896 -5.70051772616527 -6.18099440896647
 C -11.81257755195667 -0.66415249175027 -7.35900015017897
 C -9.65520963291247 -0.07238372235864 -7.80311380701113
 C -12.13749890605840 0.69192141588978 -7.20870445516330
 C -9.98152337934299 1.28583811322724 -7.60891384401864
 C -8.26747039098186 -0.46029989711394 -8.03693600934323
 C -7.81186486056007 1.91498493183942 -7.84135559806728
 H -4.70068784442939 -1.40439347074197 -5.21860870026036
 H -2.88290245163928 -2.98100352775060 -6.13211500168880
 H -3.77683799156843 -3.50857790764700 -4.70465187404316
 H -4.29888902867069 -4.48445952282911 -7.56280000150218
 H -5.24216081123440 -4.94276501097639 -6.14278592276416
 H -6.78235676461007 -2.72345685547949 -6.67782454516337
 H -13.80393220854799 -1.47976791595828 -7.06938216795400
 H -12.57570358922012 -2.66466986697757 -7.58155114706059
 H -8.42556834613709 -3.91477201207551 -6.41132053775786
 H -8.75259835565496 -1.14380953801036 -3.15586976259644
 H -12.89543632709312 -1.35798915821413 -4.96884357161557
 H -10.83204173422586 -3.76620570343061 -6.79196955658327
 H -11.19926865713931 -1.00074189887623 -3.52879137059989
 H -13.15428201142104 0.99163240070302 -6.97024369850587
 H -5.32563604721326 -1.94988417803503 -9.14557392628735
 H -6.42334180957022 0.42016980492165 -8.13511749472937
 H -4.41875388423226 -6.92187521075388 -7.12400283212576
 H -5.88771641364203 2.55613573469159 -7.72858110772669
 H -7.09914239510915 3.75506503159534 -7.52091631767598
$end
$temperature
298.15
$end
$mult
 1
$end
$sigma
 1
$end
$pressure
1.00000
$end
$scale
1.00
$end
$msrrho
$end
$freq
14.20
19.70
22.59
25.76
38.70
47.76
57.81
60.55
70.16
75.10
95.98
100.12
123.80
129.38
139.85
148.02
157.98
164.96
175.39
197.39
225.40
238.70
249.99
279.10
303.06
309.96
332.89
346.50
362.69
374.43
381.03
400.28
403.00
417.01
435.00
443.96
451.19
461.42
471.33
484.96
505.26
525.74
532.48
541.50
545.19
565.68
576.63
590.51
601.40
615.23
616.59
622.35
637.01
649.30
660.17
688.91
693.02
707.87
715.28
740.60
743.48
767.03
768.69
798.92
805.05
831.39
842.41
856.31
866.36
895.96
900.65
911.49
921.61
940.86
965.19
973.71
1007.85
1012.44
1020.76
1038.99
1055.93
1075.51
1082.54
1107.36
1116.88
1124.73
1128.06
1148.42
1152.92
1157.65
1165.75
1177.02
1195.90
1221.41
1226.01
1239.29
1248.53
1257.38
1266.25
1267.83
1274.37
1278.45
1288.99
1290.42
1302.30
1321.31
1323.94
1334.86
1346.72
1377.60
1395.97
1421.48
1426.73
1431.02
1444.01
1447.14
1449.44
1484.68
1485.09
1498.85
1536.30
1577.30
1589.46
1599.43
1709.36
1731.57
1771.80
1835.83
2996.41
3017.08
3030.28
3032.37
3046.88
3058.44
3066.44
3085.49
3099.72
3110.62
3115.53
3128.78
3395.00
3418.58
3453.61
3504.98
3538.41
3611.07
3620.88
$end
