
$molecule
 O -0.55010040402277 -0.50073371268227 -5.17303124131445
 O 3.29322064002689 -0.01229891672100 -7.00135809504299
 O -0.16317842931955 -2.69488354991791 -5.20613013855066
 O 0.46301311011831 -3.71368477324246 -2.70754495428053
 O -1.20148763662130 -2.35801815652442 -2.09212354746741
 O 12.23510684170810 -7.55743912124823 -5.80820284430169
 N 2.19380503875189 -0.27696160094827 -5.06006525841154
 N 6.67414761409420 -4.89119632840362 -4.64699803554743
 N 9.50076609788947 -6.90095793907663 -5.29531998824424
 N 8.15762864640336 -8.58759170861645 -3.52053857596265
 N 12.02928749104030 -9.31208300095567 -4.40401491794056
 N 10.05826600984269 -9.87434057277687 -3.25512256724028
 N 11.93032656216358 -11.17117198048543 -3.02344721150924
 C 1.49658116214661 -1.23288795896272 -4.21474040001019
 C 1.25583686341851 -0.60231306158365 -2.82761555360245
 C 1.07003711205640 -1.65764442229800 -1.72670146541431
 C 3.17149218627389 -0.63695477013498 -5.96959236624809
 C 4.07483636114829 -1.75238326306763 -5.58971598527772
 C 0.18046424010448 -1.58388092274567 -4.90988297815589
 C 5.85301326379135 -3.83803256875401 -5.00795023740865
 C 7.54173614677861 -5.53620845960808 -5.62822407456566
 C 4.54573088847140 -2.59211891905108 -6.60109358587906
 C 4.53094912079649 -1.94862180616881 -4.28312983789632
 C 5.40978534412239 -3.63274585054312 -6.31947640006693
 C 5.40785245588167 -2.97608033106681 -3.99544388151376
 C -0.02911197052463 -2.60227950195317 -2.16108432261329
 C 8.23250005747260 -6.70523968156346 -4.97999020363586
 C 10.11848551659224 -7.94885537414364 -4.73412840193336
 C 7.56593543516389 -7.55683755405270 -4.08698830683842
 C 9.44584066752504 -8.80312076608221 -3.83969021805773
 C 11.52256822424211 -8.19166239809515 -5.06723268556487
 C 11.30087243161800 -10.08660148774729 -3.54946269301902
 H 2.08843094876317 -2.14944280529942 -4.12634076709578
 H 2.12107367504908 0.01911193318703 -2.58434585969272
 H 0.37526759812213 0.04418482833651 -2.87032389166076
 H 0.77644069297309 -1.16217461608972 -0.80006210500872
 H 1.99701000586920 -2.21189399375384 -1.56988176947599
 H 1.58521572777096 0.44182557880216 -5.43793201588995
 H 8.29117885624626 -4.83837279299044 -6.02465538948338
 H 6.93115593371692 -5.89927050869047 -6.46160919612892
 H 4.21296818501743 -2.42191335401010 -7.61911157030565
 H 4.22642197401083 -1.26849404852278 -3.49474280765311
 H 7.14192144021179 -4.74519407880275 -3.76001818833221
 H 5.74257143393435 -4.27783262005194 -7.12296516191550
 H 5.76293146662406 -3.11948228819784 -2.98039604462971
 H 6.52496315915952 -7.37825994515243 -3.83360885290145
 H -1.37537710732152 -0.76720691704380 -5.61182300504395
 H 12.99053021051527 -9.54171110668506 -4.61041063613119
 H -0.24993785792968 -4.19721360340687 -3.16073798162696
 H 11.44125165271562 -11.59915641192256 -2.25504554054365
 H 12.93373091539200 -11.16372979048660 -2.97328824295568
$end
$temperature
298.15
$end
$mult
 1
$end
$sigma
 1
$end
$pressure
1.00000
$end
$scale
1.00
$end
$msrrho
$end
$freq
7.86
10.66
14.79
19.21
24.51
39.89
41.64
58.36
69.94
72.73
74.04
83.39
107.17
119.72
131.75
133.32
142.22
149.12
168.24
186.89
193.65
213.34
247.97
273.08
300.19
304.66
322.93
339.03
345.31
369.50
375.24
384.65
398.39
412.61
419.95
449.53
462.08
470.51
478.95
479.54
510.66
530.61
544.42
555.31
568.24
572.50
579.29
584.31
586.60
596.66
609.35
617.55
620.03
639.73
649.01
675.38
703.78
709.35
726.80
732.45
739.47
741.74
759.11
790.14
822.87
830.89
837.87
863.49
869.92
874.74
896.96
899.93
915.32
939.60
969.23
987.38
1003.68
1011.72
1029.83
1059.07
1067.23
1093.48
1096.69
1112.05
1118.48
1120.72
1147.39
1154.40
1157.36
1162.51
1168.85
1181.21
1184.76
1222.52
1243.76
1247.97
1249.70
1257.14
1263.24
1270.72
1273.93
1280.76
1288.73
1298.92
1310.23
1327.00
1330.47
1334.06
1337.53
1386.66
1390.19
1429.41
1432.97
1434.43
1439.11
1442.21
1453.37
1488.32
1494.34
1511.68
1541.08
1569.38
1593.95
1601.97
1734.91
1766.58
1810.74
1817.34
2969.44
3013.88
3025.24
3034.53
3036.13
3054.15
3074.85
3093.95
3096.67
3109.25
3113.26
3127.64
3449.77
3460.43
3491.50
3509.13
3526.98
3541.82
3613.73
$end
