
$molecule
 O -2.95702816405798 4.97694731663815 -2.48914626157291
 O -5.44552778255940 4.43981728934635 -2.23536776771269
 O -1.72581010437421 5.02601742220054 -4.34237858759226
 O -5.61239663011455 5.30674230383230 -7.37376743545374
 O -4.11415481455876 5.81664419654554 -8.93713087366710
 O -12.67663054606020 2.85328181761928 -2.62394256062835
 N -5.14294862278287 4.93889919968508 -4.40758200173252
 N -11.01746759739203 7.32954707511983 -3.21460579086489
 N -12.26828634596358 5.17868436742980 -4.22211499848574
 N -12.37757382850778 4.80151967128377 -6.98350126638369
 N -12.91494233644401 1.64805301464206 -4.51909326802864
 N -12.78630525396303 2.54521624669312 -6.68885044480943
 N -13.22389534236623 0.31911981562549 -6.39170291447390
 C -3.94198631080099 4.11225612348873 -4.50965417847854
 C -3.59912761904851 3.85907202924020 -5.97661144651780
 C -3.31080714481192 5.15112544461572 -6.76803119626046
 C -5.88174596192690 4.94537355097188 -3.27655075408714
 C -7.20493218112437 5.59259154467695 -3.33435462097717
 C -2.74914631208039 4.77247583332320 -3.76558998449994
 C -9.76552613800827 6.74486929941065 -3.29903077949881
 C -11.79629323637728 7.52534251750714 -4.43043189070940
 C -7.68921139036047 6.29250776592731 -4.44382912189768
 C -8.02028821935284 5.49696113127272 -2.19737568062275
 C -8.94624854711005 6.86598354990450 -4.42822083326918
 C -9.27646930969278 6.05966952387054 -2.17721220283316
 C -4.34537082833266 5.45670632846899 -7.81847483689074
 C -12.09026642871362 6.18441682880785 -5.06426906080304
 C -12.50401494756798 3.97062193012226 -4.74468161225649
 C -12.14930332944977 5.98467379591801 -6.44925297531124
 C -12.55851378890068 3.77278631875483 -6.13791279726518
 C -12.69464350532408 2.84291481679846 -3.83169708908728
 C -12.95072220302434 1.54724766501053 -5.87972038002249
 H -4.14268195661311 3.15601552566640 -4.00340768938397
 H -2.70797391823784 3.22738924860051 -6.00060054946997
 H -4.41594752109120 3.30450008206442 -6.44572183337282
 H -2.33808260273712 5.09421000020706 -7.25866821275629
 H -3.28030728960272 6.01147632383211 -6.09365266858715
 H -5.53839478156120 5.26062745164967 -5.27669627732238
 H -11.26957795194484 8.18751241569767 -5.12128155486053
 H -12.73273888255169 8.01384013918483 -4.14089047578181
 H -7.08287132621580 6.40679113197067 -5.33637496131521
 H -7.64656585373962 4.96107039151460 -1.33192305354879
 H -11.58691896091194 6.88613261086600 -2.49978601721224
 H -9.28743781450263 7.40641374315035 -5.30287826813600
 H -9.90139191762324 5.97092615487261 -1.29562726852524
 H -12.00065434754742 6.81442257293429 -7.13435998285372
 H -3.90004098546192 4.71753611630461 -2.21834276048644
 H -13.06980923588312 0.83472238557570 -3.94114694531362
 H -6.21646388960845 5.52687792263515 -8.10198086996338
 H -13.04173306234620 -0.49043679345252 -5.82557468201754
 H -13.05334693067886 0.23294284197427 -7.37961231639587
$end
$temperature
298.15
$end
$mult
 1
$end
$sigma
 1
$end
$pressure
1.00000
$end
$scale
1.00
$end
$msrrho
$end
$freq
3.76
8.18
9.99
24.10
27.38
32.44
46.07
55.57
68.12
77.48
86.83
94.45
113.06
132.13
135.51
144.34
161.45
176.26
184.13
217.59
235.28
252.23
281.31
296.40
309.44
317.09
320.11
345.28
359.65
367.41
370.87
382.64
395.42
401.69
408.52
421.16
453.37
468.83
473.68
479.22
501.56
517.54
541.06
553.80
560.25
573.90
580.61
589.43
599.84
609.74
619.71
625.06
637.70
643.13
667.42
676.38
681.30
699.69
719.00
738.89
747.03
790.45
794.69
820.12
830.01
846.72
852.80
863.33
877.55
889.76
898.34
913.86
933.92
938.69
947.08
969.20
1000.59
1008.95
1010.11
1066.91
1069.59
1084.43
1112.12
1113.76
1124.70
1131.84
1148.00
1155.94
1157.31
1171.71
1181.90
1184.94
1202.83
1212.71
1233.55
1252.50
1257.24
1259.12
1264.33
1269.81
1286.76
1291.69
1297.19
1301.30
1320.98
1331.23
1339.78
1340.63
1344.06
1394.22
1411.68
1423.25
1428.08
1436.50
1442.19
1446.73
1452.44
1487.00
1494.56
1504.35
1539.71
1567.10
1590.68
1600.33
1627.13
1766.20
1808.28
1822.82
2754.37
2956.48
3008.63
3024.61
3031.25
3047.52
3057.01
3071.73
3088.42
3101.83
3107.53
3121.03
3122.52
3443.91
3490.47
3510.74
3535.41
3546.06
3615.82
$end
