
$molecule
 O -4.70928840867710 -3.35855510154375 -0.15562750640092
 O -4.95213897585066 0.63548865089437 1.36264018933903
 O -2.51610195448125 -3.31566362402757 -0.57028576796109
 O 0.18372571728510 0.52078660715703 2.15818150405489
 O 1.01602021481245 -1.52471969458837 2.12788266060982
 O -1.75972166738480 0.76321814743864 4.20168883304019
 N -4.59622763986935 -1.58939243133672 1.71491359732634
 N -5.75472516459147 -0.04704934504273 7.69148580264828
 N -2.87368818542292 0.37405066211037 6.81824824604500
 N -1.53926109752311 -1.46197546310456 8.43619251372209
 N 0.01768217549841 -0.46159494200076 4.86399921288971
 N 0.09736025071266 -1.74319661515341 6.83048681449280
 N 1.73373735805663 -1.94311362385212 5.22011518064981
 C -3.45089838065437 -1.57838677122021 0.80717483335594
 C -2.16728458376871 -1.42194860612440 1.63445132113963
 C -0.92941220709275 -1.11720081369924 0.77789489814976
 C -5.02058827946533 -0.30812249931957 2.11424908615187
 C -5.44132864446072 -0.23276679026394 3.52561120859893
 C -3.48516467170568 -2.84813155227383 -0.04726767360049
 C -5.70025615331705 -0.06365400170098 6.30179724548862
 C -4.67247907956224 0.64230858990494 8.40549845166401
 C -5.17249564802489 0.96711123743084 4.19380411834392
 C -5.93413806366803 -1.31928553535220 4.25442903213135
 C -5.29678292402111 1.05404360016973 5.56365977090204
 C -6.08032564486049 -1.22965731786386 5.62522851664742
 C 0.19045593964558 -0.74834201455475 1.72430161915403
 C -3.34437538760873 0.03824780537859 8.01003108331405
 C -1.73952516995411 -0.20587857665379 6.40940174277179
 C -2.66657791569527 -0.89243312007414 8.80961179212978
 C -1.05179883818586 -1.13083970418102 7.22593497112139
 C -1.22100290415015 0.11053644330730 5.08040390421697
 C 0.58664161485068 -1.39766341306360 5.67698977318383
 H -3.57588864050791 -0.72131514426898 0.13150667439123
 H -2.32575946313027 -0.59970792591571 2.33954099651932
 H -1.99007312859350 -2.33195300127372 2.21548203141641
 H -1.13514567557835 -0.28709987083150 0.09885754956175
 H -0.64060477157535 -1.99631560732121 0.20056934227323
 H -4.44047763317998 -2.21213616024283 2.50069323747838
 H -4.85841969817564 0.52465675185028 9.47582714476824
 H -4.69584494191118 1.70563803941037 8.15737260743483
 H -4.80711713636029 1.81242961991167 3.62207127397593
 H -6.20751987505375 -2.23983313647705 3.74878095133456
 H -5.89170280240613 -0.98016691349275 8.06831413957534
 H -5.03028821142616 1.97465777558562 6.06605448903886
 H -6.44920324082419 -2.08002330046301 6.18888507858215
 H -3.05668695063645 -1.16792757813604 9.78565794161342
 H -5.32851998093736 -2.81477234614347 0.37684553431901
 H 0.47625943209463 -0.23527478401864 3.99075224767338
 H -0.67085313031576 0.97845211370735 2.09172082560984
 H 1.91075429291673 -1.89618323853154 4.22805223336080
 H 2.05202587475851 -2.76079848014988 5.71145872569242
$end
$temperature
298.15
$end
$mult
 1
$end
$sigma
 1
$end
$pressure
1.00000
$end
$scale
1.00
$end
$msrrho
$end
$freq
19.27
29.06
42.33
45.00
51.60
59.41
64.48
75.66
82.60
87.73
89.41
107.54
117.34
129.95
144.47
152.82
161.37
167.38
175.92
201.74
213.82
242.91
257.81
296.33
313.42
322.25
336.53
348.74
369.36
372.57
395.53
404.76
412.21
415.90
429.18
432.09
449.69
470.70
480.99
487.64
501.30
524.75
530.74
569.01
572.75
587.12
597.67
601.72
611.88
616.93
623.88
639.92
659.08
671.74
687.18
697.40
702.60
707.68
710.48
725.49
742.71
761.10
789.88
796.27
800.23
828.27
841.41
857.68
867.21
894.30
907.07
908.14
929.70
941.12
971.84
1001.08
1006.24
1020.71
1045.17
1054.56
1059.72
1066.57
1079.19
1081.32
1089.61
1118.61
1122.87
1126.21
1130.76
1159.66
1162.00
1180.37
1204.77
1222.88
1225.06
1226.23
1239.87
1253.05
1259.19
1264.67
1269.86
1274.53
1276.99
1295.38
1297.42
1322.38
1329.74
1336.24
1339.16
1376.66
1388.75
1429.48
1431.91
1432.62
1442.20
1448.21
1456.03
1485.82
1487.21
1498.90
1536.87
1569.03
1589.87
1599.10
1711.23
1755.54
1790.86
1833.89
2984.35
3016.30
3028.46
3033.94
3043.36
3060.60
3080.47
3084.06
3093.16
3105.73
3120.18
3137.05
3374.48
3437.20
3445.62
3476.07
3482.19
3530.70
3598.55
$end
