
$molecule
 O -1.53337432300802 4.74369810880320 -11.14111120310189
 O -4.44563023886031 8.72222906357753 -11.03904434457542
 O -2.25245283298117 5.03434607852335 -13.22948073885905
 O -5.95765995818128 3.02537047355570 -10.44359387106496
 O -6.28708794470012 4.12585928650403 -8.54134973218468
 O -10.49617403230727 10.74615643963442 -14.87678105815444
 N -3.56543632276964 7.28518564287186 -12.53320208737825
 N -6.04375347175119 11.86432587035274 -16.34181345095654
 N -8.33382130487486 10.50959020670029 -16.71988588075310
 N -8.29275815928982 8.19082575567066 -18.26880789568581
 N -11.23784416531400 8.72470060462789 -15.55829341014964
 N -10.21167454079287 7.42706656189562 -17.22924990259444
 N -12.12248298537681 6.68501506820043 -16.21114442019405
 C -3.26698921127016 6.33572524424363 -11.48100571339157
 C -4.56311585485195 5.62501317469361 -11.02942707373327
 C -4.34188797787892 4.70113368994489 -9.82619376535753
 C -4.23028720196285 8.43626911304429 -12.20405400314024
 C -4.64684550889916 9.29558773529581 -13.33575468949240
 C -2.30217109090898 5.32424555431330 -12.06441347937414
 C -5.57898266646127 10.98409937126266 -15.37255506624501
 C -6.30062504763247 11.34876915573263 -17.68221582352366
 C -4.25280894648531 9.09779756942015 -14.66115529291235
 C -5.49163585021997 10.37370468543305 -13.04224603520591
 C -4.70670311486902 9.93061470285763 -15.66749651184328
 C -5.95108839084066 11.20546953038588 -14.03983686541406
 C -5.62321174344524 3.93938800936598 -9.51404861895987
 C -7.37674308256555 10.28945659485770 -17.60806585905038
 C -9.28193069548531 9.57600499612440 -16.58933467498120
 C -7.36823132687518 9.12357828584022 -18.38385247402692
 C -9.26395303699401 8.40027098992870 -17.36416659601146
 C -10.34143563621902 9.79379567609310 -15.60367684846923
 C -11.14079661990371 7.61515170770489 -16.34703209543028
 H -2.82011660788831 6.86388045621997 -10.63121659672547
 H -5.28386320129977 6.40023362652953 -10.75766629581121
 H -4.96932663024255 5.06153898217394 -11.87560415817072
 H -4.06518642561250 5.28670031353861 -8.94749785725464
 H -3.54665907534270 3.98057534114527 -10.03247475912059
 H -3.58411713671545 6.90888134329414 -13.46959517649166
 H -5.38334688544684 10.95739802649899 -18.12700935904263
 H -6.64382399871228 12.18953604139061 -18.29414677300147
 H -3.57247948876774 8.29390625586669 -14.92223218738031
 H -5.78877828065144 10.53570302276037 -12.01178917513556
 H -6.86302704947614 12.36660813659333 -16.00921436185434
 H -4.37779457190826 9.75461634854328 -16.68470122320083
 H -6.61458663193413 12.02974137232471 -13.80302879546620
 H -6.58102444181177 8.94982573309417 -19.11191375890331
 H -0.93721533615192 4.10610717248994 -11.56837714559199
 H -11.99927740603000 8.82146670618778 -14.90229270351693
 H -5.32685742372170 2.95765586038369 -11.17181857549982
 H -12.63524141562596 6.65314127289621 -15.34769316710901
 H -11.91938670866050 5.80269004065558 -16.65055244849526
$end
$temperature
298.15
$end
$mult
 1
$end
$sigma
 1
$end
$pressure
1.00000
$end
$scale
1.00
$end
$msrrho
$end
$freq
4.71
6.50
9.09
18.43
22.72
28.39
29.23
46.32
52.13
59.53
66.22
82.52
99.84
121.73
131.89
135.54
139.65
154.95
174.43
200.62
218.36
240.85
250.73
293.65
295.40
310.75
320.02
344.60
347.01
366.03
369.08
379.97
393.96
394.76
407.25
417.63
431.04
447.70
452.70
473.40
479.62
501.59
519.16
539.53
559.51
574.81
588.05
589.14
599.79
608.11
615.88
620.06
630.28
639.15
646.90
672.88
689.19
690.89
704.21
732.38
733.68
741.10
767.67
792.92
795.63
832.19
846.34
856.83
864.56
890.58
902.22
914.56
915.36
946.86
970.27
1003.92
1009.16
1010.70
1035.04
1062.86
1067.71
1078.26
1080.38
1087.31
1113.99
1123.27
1127.30
1139.86
1155.72
1156.08
1169.69
1178.16
1189.03
1213.85
1215.19
1231.24
1240.95
1251.35
1256.91
1258.51
1268.97
1277.59
1285.09
1294.19
1307.45
1320.09
1333.15
1337.55
1340.21
1391.05
1397.18
1428.00
1436.95
1437.01
1442.04
1447.32
1451.03
1487.89
1492.14
1503.93
1539.79
1572.82
1592.41
1600.70
1706.08
1765.87
1804.24
1844.38
3009.52
3009.58
3016.69
3029.63
3051.43
3051.87
3067.87
3088.33
3099.19
3106.07
3118.47
3120.09
3432.04
3490.65
3500.25
3508.96
3539.34
3613.47
3618.46
$end
