
$molecule
 O -4.18784926194151 -4.23647063186743 2.53479474345216
 O -0.82375035558552 -3.55926232638227 1.50804182349104
 O -6.03107198205175 -3.98865732210106 1.31908510320608
 O -7.37766166320920 -3.59420282945000 -1.11557095370970
 O -6.68228417019951 -3.08301004058190 -3.16449712248222
 O -1.30045236851906 -0.67407545932503 9.47240757857987
 N -2.78447415441559 -3.00299880121673 0.56008852269397
 N -1.39335903474843 2.29720582198464 3.96549766758151
 N -1.90546923612027 0.93634838010490 7.19104572292144
 N -4.58455687840701 0.98341840924608 6.40995000025173
 N -3.48428686981452 -1.22935619859425 9.60228172701406
 N -5.14584124958652 -0.44708258322698 8.13577352598622
 N -5.70594292838398 -1.82892911742478 9.87188137022050
 C -4.13413712853641 -2.55779092164952 0.85247480085584
 C -4.88001528219485 -2.12329554744752 -0.41280342739724
 C -5.01913652760050 -3.25631743289926 -1.44765192416568
 C -1.70606575011045 -2.73809839282908 1.39548794341346
 C -1.67281190773862 -1.41203924986732 2.05712396417559
 C -4.89585053868081 -3.66359400753396 1.57659398433750
 C -1.48768295498828 1.05306811247217 3.37165625421975
 C -1.24485111289418 2.42051305574947 5.40807296686212
 C -1.08274258445794 -1.31945468139766 3.32071627171832
 C -2.12750471428376 -0.24438667500029 1.43688354609200
 C -0.99724208960914 -0.10942667325566 3.97976850318777
 C -2.03373145833669 0.97279886871513 2.08300734436098
 C -6.44010253249182 -3.30121369630966 -2.01413576374359
 C -2.31068654499507 1.65210987450776 6.15594620590206
 C -2.83314378966828 0.24024373685325 7.86018548597220
 C -3.65851667732483 1.66734233352145 5.77094369726478
 C -4.18606811611413 0.25963799184206 7.47099649601370
 C -2.41116042835938 -0.55511341689730 9.01416330988438
 C -4.77074815589174 -1.15175821686260 9.15576522711880
 H -4.07924927865004 -1.71144493629893 1.54971512370094
 H -5.86837164984263 -1.76584960828777 -0.10956661372810
 H -4.34459440847103 -1.28312834119555 -0.85971846950072
 H -4.80922339852570 -4.22632333786361 -0.99069953367380
 H -4.32241161774287 -3.11085625317761 -2.27440705273060
 H -2.73277820096808 -3.95560426983425 0.21583715179806
 H -1.30751064140072 3.48637725080626 5.65006195381565
 H -0.26027758795713 2.05832117675688 5.71767727453226
 H -0.69901504201534 -2.22109146717907 3.78519399373971
 H -2.52177284071224 -0.28506993173598 0.42703357631970
 H -1.99791934023228 2.99644911382455 3.55440842337676
 H -0.54852341039273 -0.06762979718025 4.96403641178680
 H -2.37940686144362 1.87695159239331 1.59340961964190
 H -3.98022229481072 2.25134773490677 4.91305345220419
 H -4.70593782687632 -4.93770066514209 2.96495169108133
 H -3.25732212973323 -1.77959420151505 10.41787452396454
 H -7.02355969383487 -3.78053912200886 -0.22044834367704
 H -5.41005934613139 -2.60235463448709 10.44046937599379
 H -6.59881498298427 -1.91296466550774 9.41568984600583
$end
$temperature
298.15
$end
$mult
 1
$end
$sigma
 1
$end
$pressure
1.00000
$end
$scale
1.00
$end
$msrrho
$end
$freq
3.78
7.92
12.22
13.72
25.09
33.85
45.93
57.23
71.72
80.32
83.53
110.47
114.30
118.25
132.37
138.23
154.60
174.19
177.98
197.41
235.54
238.68
246.04
288.49
302.51
309.89
323.08
342.36
354.27
360.06
370.48
378.34
396.76
403.63
430.37
451.99
467.28
477.58
489.88
501.86
514.34
524.58
547.14
553.15
563.98
576.76
587.58
589.03
592.52
608.69
617.80
627.16
644.33
647.14
652.61
672.87
678.71
694.00
704.42
721.58
732.71
740.41
750.56
791.73
810.33
830.82
832.97
836.25
864.37
882.50
899.62
915.02
927.86
938.13
958.23
963.40
998.92
1004.07
1009.14
1065.98
1085.02
1089.90
1101.11
1112.20
1116.51
1119.24
1145.83
1147.72
1155.01
1161.70
1165.96
1184.37
1204.54
1220.98
1224.18
1249.14
1256.28
1257.34
1259.47
1272.26
1275.10
1276.61
1284.34
1295.42
1311.56
1324.19
1330.71
1334.85
1339.65
1384.39
1386.63
1428.51
1430.54
1440.94
1443.22
1445.99
1452.06
1487.39
1494.01
1507.77
1540.90
1567.73
1592.17
1600.56
1741.29
1768.07
1768.60
1833.77
2987.27
3008.76
3024.56
3031.40
3037.87
3055.58
3070.77
3086.46
3097.71
3109.73
3114.82
3133.85
3369.69
3454.47
3479.27
3490.68
3510.98
3536.57
3616.09
$end
