
$molecule
 O 1.78506700743296 3.74334896252153 -5.87080837787932
 O 3.82358709580915 4.10141526048227 -7.31610209928947
 O 1.57545265875220 3.29206065225628 -3.70454454097846
 O 5.75586560192956 6.68009192783252 -2.46499650938880
 O 3.96493803682319 7.95476811736327 -2.81918773291816
 O 7.36699374484911 3.41030262094146 -4.73170904373987
 N 4.56858578832814 2.85092919000144 -5.56221747195108
 N 9.83940131643002 2.41334982073266 -8.76564376036147
 N 9.53829523438907 3.93294162200697 -6.52799949818829
 N 11.14845390343591 6.11028346944066 -5.88933457811076
 N 8.08591014293284 5.12561067135553 -3.45614296206745
 N 9.91989584767735 6.50199070572551 -3.96960857951878
 N 8.63656707923779 6.93223316760360 -2.11622767797204
 C 3.79069339677832 3.49607212268694 -4.50825813254772
 C 4.27348721193823 4.94856357772680 -4.32987290963567
 C 3.73982580616033 5.55834523382320 -3.02590552687961
 C 4.66268921739888 3.34355091045344 -6.82450446970049
 C 5.88982396382219 2.94022434061608 -7.53639432347518
 C 2.25280191243652 3.48068452473176 -4.68189535881430
 C 8.48441357376720 2.56088458725568 -8.47047567463221
 C 10.67561358222447 3.60156748716927 -8.66034931736101
 C 6.46230461675866 3.85805520397453 -8.42186306903117
 C 6.57462339844259 1.75562136110557 -7.24760773314135
 C 7.74898312094433 3.67506458754608 -8.88836213742744
 C 7.84969693410454 1.55497301676232 -7.73191046926472
 C 4.44700441374808 6.86163990307954 -2.76355627340876
 C 10.50438817138206 4.32598124182052 -7.33703388672075
 C 9.32499905701836 4.64027369458023 -5.41009259955322
 C 11.31893968903303 5.41899773614548 -6.99603247406804
 C 10.13081940884769 5.74851612791706 -5.08767474377938
 C 8.19013152891532 4.28953524418065 -4.55936046507703
 C 8.92488278206120 6.17366728651415 -3.21004005874834
 H 4.00138660477510 2.93359637832377 -3.59060298919653
 H 5.36674549118304 4.94272397585253 -4.30880524982951
 H 3.95363873010260 5.55301606116659 -5.18247513622139
 H 3.93775039539249 4.87922017891012 -2.19262830109795
 H 2.66562093609848 5.73747815431737 -3.08995832097569
 H 5.43461445806568 2.46543487101345 -5.20238933723991
 H 10.43761421651784 4.29216108825664 -9.47655630968480
 H 11.71662428003117 3.28877166917842 -8.78766455005312
 H 5.90409314626705 4.74890091920135 -8.68776944012580
 H 6.11223853694388 0.99634013760915 -6.62671758292711
 H 10.23895343464174 1.65362266378978 -8.22236188036379
 H 8.20254412693383 4.42420266271229 -9.52606027606927
 H 8.39536583628830 0.65338208596713 -7.47613839787524
 H 12.13004709488495 5.72807120749613 -7.64921201598783
 H 2.52899784375040 3.93827022958879 -6.54564354849124
 H 7.27192221865980 4.99460226370047 -2.87032804098930
 H 6.16764319499759 7.55621913906762 -2.37121964288398
 H 9.37712790542753 7.56029559566270 -1.84900321042638
 H 8.13509230526749 6.48863634202115 -1.36571331391582
$end
$temperature
298.15
$end
$mult
 1
$end
$sigma
 1
$end
$pressure
1.00000
$end
$scale
1.00
$end
$msrrho
$end
$freq
19.61
27.53
37.21
38.53
54.52
59.23
62.60
64.88
76.19
82.93
86.34
94.36
114.72
133.75
150.60
159.69
160.97
167.16
174.57
210.00
228.75
244.01
263.14
290.31
312.12
318.82
340.39
349.53
365.59
366.72
383.79
395.59
400.46
402.61
420.79
439.32
454.13
480.85
493.45
516.11
528.52
552.38
567.88
571.52
585.89
593.78
598.89
606.10
615.54
618.85
628.23
642.26
650.94
663.28
669.60
698.58
704.92
715.40
719.71
736.31
744.37
795.26
796.09
803.89
825.60
840.54
852.58
861.54
894.51
897.03
905.54
910.14
934.26
948.36
964.41
991.28
1006.07
1017.45
1039.48
1056.86
1064.92
1074.84
1083.59
1105.33
1117.62
1120.85
1154.59
1158.17
1164.61
1177.59
1188.76
1197.35
1216.10
1232.57
1242.19
1250.94
1252.64
1260.16
1263.68
1273.06
1280.34
1287.28
1294.85
1307.57
1321.83
1329.83
1331.65
1337.20
1359.88
1390.36
1424.68
1428.60
1430.46
1438.69
1439.30
1440.91
1456.31
1485.34
1487.25
1509.94
1534.12
1571.75
1589.74
1602.27
1646.42
1727.13
1797.31
1831.12
2630.61
3004.09
3004.76
3024.09
3027.86
3033.65
3058.24
3075.91
3088.97
3100.53
3111.38
3113.08
3122.73
3439.13
3463.34
3478.65
3499.24
3530.23
3603.19
$end
