
$molecule
 O 0.74717211472572 -7.19799194513971 -1.50627284252417
 O 0.41006794087325 -9.70605634227807 -1.17388318376283
 O -0.10473183387568 -5.87294282381188 -3.07802232382248
 O -3.66164977647485 -9.02969341024838 -4.38068223514712
 O -4.51771023115651 -7.30148065711324 -5.48950303069544
 O -3.08026289170484 -10.47682824501957 4.80090465463061
 N -1.26531234721941 -9.03924804414195 -2.51640511130748
 N -4.11638371958763 -13.45765257801716 1.23180470975194
 N -4.91178308036962 -11.53836600568182 2.89349448082153
 N -7.14493071777431 -9.96631352103536 2.33021257705074
 N -4.39691107682536 -8.65003129144251 4.98108059868746
 N -6.40568747728775 -8.33951837904494 3.79773715768649
 N -5.64012064524257 -6.70858372288249 5.20703092584198
 C -0.37693245432377 -8.24446164661728 -3.36135668917646
 C -1.07272654499131 -7.88985029580606 -4.67429411709049
 C -2.34723777142052 -7.04281929555348 -4.48210896307333
 C -0.77111806955524 -9.81385861887829 -1.52727904055758
 C -1.69708586161862 -10.75274698530474 -0.86836754936860
 C 0.09772290288498 -6.96518102922775 -2.61887673723340
 C -3.35035300731677 -12.54132002922849 0.52862083609118
 C -5.55515337689921 -13.24407939714380 1.32727060288125
 C -3.01796637337592 -10.96999857615927 -1.27284194611861
 C -1.21178188557851 -11.46642494104598 0.23709448239360
 C -3.83354120771846 -11.85214039754453 -0.59023805963609
 C -2.01888928999515 -12.34631409821795 0.92229610343814
 C -3.61355241457882 -7.76632244611737 -4.85625507870546
 C -5.82520979650856 -11.92542001785188 2.01743829853421
 C -5.09439205338530 -10.35877517836987 3.49600923687788
 C -6.94734843042456 -11.13172922326789 1.74741994924749
 C -6.21488953707090 -9.55545732291256 3.20940072181122
 C -4.08552857922729 -9.90398152722637 4.45335503054380
 C -5.51004807489413 -7.93618615844412 4.64257333499326
 H 0.52182128707045 -8.84497352852505 -3.56681839381871
 H -0.36196118161153 -7.32081438493827 -5.27824362503384
 H -1.31013950250626 -8.81009354705723 -5.21413989846971
 H -2.29453186372891 -6.12682220715498 -5.07230135303531
 H -2.45193799376703 -6.74395812599773 -3.43538719381225
 H -2.21143217923440 -9.15705063273566 -2.84141288807909
 H -5.96866471441989 -14.06848329278962 1.91791976879121
 H -6.01470047083176 -13.27624538721407 0.33667447418623
 H -3.42837586237021 -10.45088243307434 -2.13260443714980
 H -0.18707747086326 -11.30464340798135 0.55269013666547
 H -3.72832154484240 -13.62199416968413 2.15655360614586
 H -4.85149038519755 -11.99806979115110 -0.93112218337661
 H -1.63542831888872 -12.88364286260482 1.78239544890026
 H -7.69708455353865 -11.45893678725544 1.03270074860182
 H 0.77351583117286 -8.19102581744594 -1.29090376347510
 H -3.72234264510697 -8.26962488593885 5.62900288094975
 H -4.50435501768350 -9.42541322866395 -4.65782580591214
 H -5.14787387914773 -6.51200586052501 6.06005130709833
 H -6.54697996656050 -6.28851549850415 5.09220537773987
$end
$temperature
298.15
$end
$mult
 1
$end
$sigma
 1
$end
$pressure
1.00000
$end
$scale
1.00
$end
$msrrho
$end
$freq
3.03
6.92
10.20
24.39
25.58
29.52
45.34
55.02
69.82
76.02
88.07
95.00
114.17
129.16
135.13
142.13
160.10
179.93
187.57
219.45
238.42
248.70
280.70
294.45
310.40
315.08
323.18
343.39
362.33
364.01
366.50
380.98
392.88
395.59
410.67
418.25
452.23
464.98
474.23
477.74
501.90
514.91
540.85
552.93
558.66
575.23
583.29
588.65
599.91
611.09
617.21
626.28
637.41
642.80
669.69
678.06
685.49
699.37
725.06
738.94
747.12
790.68
795.83
819.88
829.98
847.58
852.58
863.17
879.88
888.90
903.76
913.73
933.87
938.68
947.66
969.03
1000.82
1008.31
1009.70
1066.17
1069.55
1084.16
1112.13
1113.87
1124.72
1132.11
1148.22
1155.98
1157.11
1172.46
1181.96
1185.51
1203.28
1210.35
1232.55
1252.75
1257.35
1259.05
1264.73
1270.46
1286.45
1292.27
1296.56
1301.55
1321.32
1331.95
1339.49
1341.08
1344.44
1394.64
1412.66
1423.69
1428.17
1437.26
1442.18
1446.62
1451.92
1486.03
1493.83
1504.87
1539.64
1567.60
1590.18
1599.71
1623.21
1765.49
1807.02
1822.52
2728.11
2959.19
3007.92
3024.84
3031.73
3045.39
3057.40
3071.69
3088.21
3104.31
3107.82
3120.70
3122.39
3439.99
3490.25
3512.94
3537.86
3546.88
3618.63
$end
