
$molecule
 O -3.97704644543781 -4.52180597122851 -6.81323621409288
 O -0.11076385227516 -3.64043006727790 -6.69620850145628
 O -4.87644336038383 -5.88986925070211 -5.30891675734150
 O -4.12525910238558 -1.75117004157822 -5.51538479205120
 O -5.81233705191198 -2.69778355682454 -4.41232364992903
 O -2.39163544897476 -7.68994226989852 -5.64731628341883
 N -1.89554671868827 -3.87481365628168 -5.35273161765464
 N 1.92631662823457 -8.52696670313303 -3.06249590112272
 N -0.63104095486291 -9.36233170954145 -4.20235676319852
 N -1.77310846509538 -10.97645753667270 -2.24019449533093
 N -4.11799447840700 -8.55262381869705 -4.47002319615333
 N -3.88248513128068 -10.17988352529490 -2.78295215688204
 N -5.93415071573745 -9.27262838662430 -3.23775413651145
 C -2.82443278647494 -4.78736581142586 -4.72378163503188
 C -3.36014471034731 -4.24511391519361 -3.38224051313412
 C -3.61961401194341 -2.73281624703595 -3.41861049779930
 C -0.63786533218979 -4.24080807580986 -5.78520631970960
 C 0.03566134935315 -5.34674527304803 -5.04583011590318
 C -3.99505850266331 -5.13132198637202 -5.63593709467212
 C 1.31450174279513 -7.46604839225817 -3.74578103151569
 C 1.61058827082984 -9.88380770055488 -3.52998268736279
 C 0.70549097134905 -6.32841681255249 -5.77869754160990
 C 0.07203035668492 -5.39980538432845 -3.65270672354753
 C 1.33296030469062 -7.38068930540674 -5.14060897008707
 C 0.71408202025751 -6.44336035714365 -3.00705370443590
 C -4.65144699990301 -2.40127273636757 -4.47178550194168
 C 0.12100527907623 -10.09817542489875 -3.39846751373712
 C -1.95308888464517 -9.38955775673524 -4.01598497282282
 C -0.46812992049675 -10.91550768659313 -2.42385522337262
 C -2.53888778952358 -10.18929735496983 -3.01660821677894
 C -2.77474212274259 -8.48099460455662 -4.80952979325786
 C -4.60661811185224 -9.37053653468158 -3.49421611710888
 H -2.30925357790046 -5.73602618515788 -4.53029748831158
 H -4.28414540064234 -4.77550748215415 -3.13581278081670
 H -2.62753266444958 -4.44902877848426 -2.59826779548304
 H -2.69185178651488 -2.19636630978221 -3.62456250060639
 H -4.01167226057744 -2.42054255719554 -2.44851896317962
 H -2.32243168086663 -3.19678427037741 -5.97434470568136
 H 2.17456493194681 -10.59012959678537 -2.91596552343425
 H 1.92318365445671 -9.98784135143685 -4.57103208452659
 H 0.70684597575420 -6.26758684388953 -6.86096718422099
 H -0.39063173854515 -4.61092465559000 -3.06892915309111
 H 1.73405411714469 -8.46089966865433 -2.06586621000541
 H 1.82038969099251 -8.15028684646699 -5.72655511749187
 H 0.73301292050272 -6.48057115628952 -1.92270368575978
 H 0.14709444112767 -11.53721102353210 -1.77914086064103
 H -4.73501558463962 -4.82066254874668 -7.34204885140755
 H -4.71478356361248 -7.85849322661778 -4.90820181655525
 H -4.81479279741291 -1.59171579503857 -6.18042787787200
 H -6.31646083086310 -10.00464203111050 -2.66469694078556
 H -6.53239687050608 -8.85686381959924 -3.92876882066779
$end
$temperature
298.15
$end
$mult
 1
$end
$sigma
 1
$end
$pressure
1.00000
$end
$scale
1.00
$end
$msrrho
$end
$freq
8.76
14.92
25.29
41.10
42.42
48.63
56.67
60.29
61.33
75.58
87.71
100.85
113.48
131.20
135.50
147.29
157.18
162.62
171.89
213.49
243.63
245.39
257.03
300.02
302.18
313.71
333.81
350.11
355.10
373.59
380.97
397.24
410.43
413.02
435.08
442.77
448.02
460.78
479.57
491.40
525.82
538.16
543.69
550.03
567.30
578.28
591.31
593.44
602.64
606.88
627.11
632.23
640.93
654.30
689.33
693.25
700.96
707.27
712.56
724.65
738.52
740.99
775.77
798.78
806.17
827.32
834.98
850.81
865.39
873.88
896.60
911.95
913.81
942.13
957.32
974.73
1001.96
1009.65
1013.80
1052.31
1068.10
1068.82
1109.59
1112.02
1121.58
1130.69
1143.91
1157.86
1159.81
1161.74
1162.94
1176.16
1180.50
1225.25
1226.96
1236.08
1243.02
1254.83
1265.44
1266.18
1274.86
1283.27
1291.84
1302.75
1313.35
1315.76
1320.09
1327.55
1340.06
1382.03
1394.70
1428.87
1430.78
1431.33
1442.54
1446.02
1448.28
1482.92
1485.96
1501.67
1539.49
1574.45
1590.61
1594.41
1737.55
1740.91
1765.73
1816.37
3011.36
3025.97
3028.88
3034.00
3055.05
3061.12
3072.99
3084.54
3092.76
3106.15
3114.80
3125.88
3420.62
3424.17
3463.72
3517.63
3548.52
3550.96
3625.15
$end
