
$molecule
  S     1.09925629  -2.05608501   0.79612813
  O     0.98885647  -4.56182664   1.82177634
  N    -0.53070228  -0.23078881   0.20905936
  N     1.81882675   3.14511431  -1.18706545
  N     0.73832307   2.56714691  -3.20248850
  N     1.09211984   2.40528154   0.88395919
  C    -1.26235340  -1.11899898   1.00719020
  C    -1.12913015   0.99647059  -0.37039175
  C    -0.51709242  -2.17143461   1.41524694
  C    -0.93457884  -3.28656632   2.31637089
  C    -0.13856315   1.79107772  -1.12111925
  C     0.71164695  -0.60551549   0.02888215
  C    -2.69018366  -0.82724697   1.31378684
  C    -0.41829356  -4.63085485   1.85363333
  C     0.91112550   2.47912908  -0.47655325
  C    -0.16104393   1.88898581  -2.50906915
  C     1.71518832   3.18491639  -2.51529840
  C     2.73476772   3.96840011  -3.28621202
  H    -1.55985850   1.54070313   0.47265424
  H    -1.94493710   0.67541382  -1.01931462
  H    -2.02453426  -3.30339248   2.38696582
  H    -0.54257298  -3.09575805   3.31966442
  H     1.39835647  -0.03453089  -0.57144623
  H    -2.78156969   0.10573710   1.87277181
  H    -3.27034428  -0.73642403   0.39427870
  H    -3.11175404  -1.62880150   1.91303163
  H    -0.81755866  -4.87222574   0.85936455
  H    -0.77289956  -5.40866398   2.54338298
  H    -0.94541673   1.38558234  -3.07638523
  H     1.79219653   3.04324603   1.23411312
  H     0.27210135   2.32447169   1.46214390
  H     1.36732165  -5.43730224   1.68046183
  H     3.59113419   4.19770427  -2.65517562
  H     3.04406372   3.40576920  -4.16746437
  H     2.27810238   4.90126653  -3.62688253
$end
$temperature
298.15
$end
$mult
 1
$end
$sigma
 1
$end
$pressure
1.00000
$end
$scale
1.0
$end
$msrrho
$end
$freq
19.04
32.67
37.13
40.72
60.98
104.42
120.96
150.68
160.25
192.46
207.24
225.68
246.06
266.32
301.62
306.27
328.60
333.67
347.78
413.32
419.93
481.46
483.18
498.78
526.97
565.23
599.04
601.03
627.81
640.44
689.72
698.58
716.99
808.37
857.69
865.77
901.84
914.79
928.19
964.95
983.73
991.34
1038.84
1054.05
1058.96
1076.68
1098.91
1111.57
1123.10
1126.05
1146.74
1155.71
1195.80
1214.14
1231.72
1239.32
1280.77
1296.01
1300.40
1318.05
1326.60
1375.41
1394.63
1399.69
1423.40
1432.64
1441.46
1442.63
1450.95
1453.42
1455.32
1458.86
1468.56
1490.95
1496.92
1533.65
1581.85
1629.72
1663.95
1734.23
1765.52
1831.96
3054.74
3065.61
3080.98
3107.54
3140.82
3141.94
3177.68
3187.33
3187.95
3197.48
3221.48
3229.01
3241.36
3375.15
3687.73
3823.88
3925.29
$end
