
$molecule
  S     1.95789657  -1.29953002  -1.78414913
  O    -0.14064307   0.92072538  -5.50901050
  N     1.37050484   0.29111553   0.07211769
  N    -1.00512076  -1.85316203   2.98477496
  N    -2.40997241  -0.08470464   2.31063426
  N     1.31337835  -1.79168423   2.76193918
  C     1.14400816   1.02031247  -1.09883061
  C     1.11665440   0.80413601   1.44089444
  C     1.42729086   0.29877146  -2.20694814
  C     1.28127362   0.71669113  -3.63423599
  C    -0.04730305   0.09835079   2.02314159
  C     1.79115022  -0.93265526  -0.14557185
  C     0.64688814   2.42282307  -1.04075527
  C    -0.08936924   0.39420846  -4.21085841
  C     0.07138394  -1.17377815   2.61287476
  C    -1.34199278   0.59169251   1.91641647
  C    -2.21455420  -1.30702246   2.82886190
  C    -3.40999655  -2.09180818   3.27873516
  H     0.94165788   1.87135294   1.34878723
  H     2.03504645   0.64918302   2.00685812
  H     2.04312286   0.22857731  -4.24432053
  H     1.44400177   1.79112412  -3.71283582
  H     1.97740082  -1.61363184   0.67286102
  H    -0.32617477   2.47078811  -0.55030633
  H     1.34487380   3.06273197  -0.49854574
  H     0.54140068   2.80743826  -2.05135964
  H    -0.86921143   0.82859371  -3.56789831
  H    -0.24620470  -0.69426102  -4.20365209
  H    -1.51618646   1.57764050   1.48503027
  H     2.03182815  -1.20205488   3.16277485
  H     1.22107829  -2.66202077   3.27198320
  H    -0.97421906   0.68110918  -5.93043684
  H    -3.18531108  -3.15705995   3.27029335
  H    -3.66048013  -1.79437641   4.30076160
  H    -4.26410012  -1.86961609   2.63997511
$end
$temperature
298.15
$end
$mult
 1
$end
$sigma
 1
$end
$pressure
1.00000
$end
$scale
1.0
$end
$msrrho
$end
$freq
13.47
27.17
34.39
41.36
75.44
76.29
90.48
135.66
170.98
185.75
197.89
236.87
257.76
283.05
302.67
307.54
323.92
348.71
357.03
380.49
406.35
449.56
480.01
500.67
543.05
558.01
598.66
618.28
637.07
677.08
705.52
763.20
793.68
799.27
802.51
850.52
883.81
919.40
937.00
970.13
989.72
1022.00
1032.05
1040.62
1050.34
1064.33
1094.23
1104.30
1111.23
1115.45
1163.56
1179.34
1203.53
1217.09
1228.57
1236.92
1265.47
1301.65
1313.70
1315.67
1320.49
1360.54
1382.72
1392.94
1427.44
1434.63
1435.52
1450.54
1453.24
1455.01
1459.64
1464.06
1468.11
1497.19
1500.33
1527.47
1578.97
1614.26
1635.24
1737.81
1769.25
1825.52
3030.43
3064.30
3084.10
3113.64
3136.75
3179.01
3179.81
3194.07
3206.86
3218.22
3220.69
3237.60
3288.28
3308.01
3617.65
3740.86
3907.97
$end
