
$molecule
  S     1.22872147  -0.28899061   2.28741545
  O     5.89179509  -1.14385938   0.97189985
  N     0.40437318   0.44863017   0.02902899
  N    -3.69967869  -0.93169880  -0.31352534
  N    -4.07668738   1.39629468  -0.27184124
  N    -1.62264842  -1.85985426  -0.75350382
  C     1.79892936   0.55115010  -0.05104155
  C    -0.48393948   0.79802460  -1.10910388
  C     2.40360579   0.19281702   1.10325334
  C     3.87039301   0.13036397   1.38003082
  C    -1.90359943   0.55538007  -0.79357077
  C    -0.01859581   0.02323328   1.19216639
  C     2.44534937   1.01258406  -1.31014035
  C     4.49227068  -1.20271178   0.94665743
  C    -2.42570428  -0.74755318  -0.65175932
  C    -2.80893881   1.59365021  -0.59072605
  C    -4.49427821   0.12451378  -0.14020430
  C    -5.93212554  -0.11443612   0.20970009
  H    -0.12454265   0.20374462  -1.95173422
  H    -0.30539351   1.85026727  -1.33380174
  H     4.05221166   0.29723841   2.44411672
  H     4.37063525   0.93112683   0.83521227
  H    -1.06399090  -0.10922593   1.41084247
  H     2.23776880   0.32164690  -2.12922501
  H     2.07949217   2.00104881  -1.59178591
  H     3.52115809   1.06604040  -1.16792415
  H     4.19366437  -1.41424196  -0.08562261
  H     4.09866084  -2.01188510   1.57610291
  H    -2.47877739   2.62911173  -0.68781142
  H    -2.13914356  -2.72796458  -0.75976722
  H    -0.86114642  -1.82526427  -1.41157646
  H     6.21554728  -1.26440179   1.87112483
  H    -6.07893844  -1.14685318   0.52064346
  H    -6.23958893   0.57380570   0.99761005
  H    -6.54685857   0.08826829  -0.67113972
$end
$temperature
298.15
$end
$mult
 1
$end
$sigma
 1
$end
$pressure
1.00000
$end
$scale
1.0
$end
$msrrho
$end
$freq
14.93
27.95
36.96
44.09
58.92
78.23
83.99
134.61
153.81
173.70
205.49
226.05
241.97
268.52
296.36
305.54
322.31
331.77
348.07
358.33
414.35
451.36
481.88
494.20
544.51
563.90
588.57
609.47
628.80
657.82
689.36
715.56
763.55
791.10
808.88
857.60
887.92
901.55
904.28
981.17
989.34
1020.81
1038.06
1054.68
1055.88
1060.04
1084.61
1097.49
1106.23
1110.82
1111.85
1156.21
1204.38
1225.24
1234.75
1280.86
1289.76
1304.96
1317.83
1326.26
1339.01
1372.65
1381.90
1394.28
1421.96
1431.67
1437.17
1441.28
1450.65
1451.52
1454.48
1459.59
1467.84
1474.69
1488.10
1533.12
1581.37
1628.84
1665.05
1733.41
1764.74
1833.21
3059.36
3065.50
3080.38
3123.01
3142.92
3157.65
3177.33
3188.48
3197.35
3207.84
3221.57
3230.05
3236.60
3374.84
3681.27
3816.34
3922.09
$end
