
$molecule
  S     1.09584755  -0.26889860   3.52319962
  O     0.38891980  -2.88454677   0.44526121
  N     0.85386401   1.06137163   1.40056697
  N    -2.45704078   0.92248663  -1.44038321
  N    -0.80616174   1.63319839  -2.96383070
  N    -2.17749096   0.97846372   0.84926184
  C     1.42816755  -0.14259872   0.99515412
  C     0.49581034   2.18015202   0.49330114
  C     1.61582694  -0.98457894   2.03719630
  C     2.12113582  -2.38436897   1.97812002
  C    -0.38614472   1.75710878  -0.61296442
  C     0.64085191   1.12853477   2.69511645
  C     1.78452027  -0.38169485  -0.42442491
  C     0.99003638  -3.33630065   1.63200143
  C    -1.67042989   1.21286967  -0.40277189
  C    -0.02274700   1.93851599  -1.94450964
  C    -2.02354630   1.13615275  -2.67942340
  C    -2.93696131   0.81216661  -3.82363914
  H     1.42744926   2.59762816   0.10814160
  H     0.02595130   2.91978047   1.14487981
  H     2.58101876  -2.66813556   2.93026872
  H     2.89032613  -2.44880774   1.20853319
  H     0.20900996   2.00489689   3.15881724
  H     0.89751032  -0.56631384  -1.02261686
  H     2.31779033   0.47694437  -0.82901125
  H     2.42323475  -1.25542324  -0.48875670
  H     0.26218193  -3.36355356   2.45512207
  H     1.39422790  -4.35337668   1.52789639
  H     0.95475129   2.35794796  -2.18656230
  H    -1.54534516   0.73657401   1.58682029
  H    -3.05235352   0.47680705   0.84942651
  H    -0.25935485  -3.52827070   0.13662123
  H    -3.82098951   0.28897217  -3.46528676
  H    -3.23537848   1.74146631  -4.31455954
  H    -2.40448829   0.20483049  -4.55696540
$end
$temperature
298.15
$end
$mult
 1
$end
$sigma
 1
$end
$pressure
1.00000
$end
$scale
1.0
$end
$msrrho
$end
$freq
21.57
25.23
34.28
40.54
63.45
87.95
132.48
138.87
186.78
192.14
196.92
225.54
269.62
273.28
289.65
310.12
316.30
324.28
347.14
359.45
416.89
464.16
478.04
490.73
536.67
564.54
573.91
599.12
619.40
640.94
694.13
706.42
741.86
811.70
833.31
858.76
885.68
909.66
929.64
962.66
981.82
994.37
1031.64
1040.89
1049.31
1058.95
1104.80
1111.78
1117.59
1133.93
1151.20
1156.61
1201.93
1217.06
1228.04
1244.64
1280.72
1295.37
1312.13
1328.93
1332.52
1380.49
1395.85
1397.69
1431.90
1433.97
1442.31
1445.61
1448.86
1452.56
1454.07
1456.37
1464.61
1495.72
1516.98
1531.94
1581.92
1621.95
1634.13
1734.27
1764.94
1830.37
3044.58
3066.82
3107.39
3126.42
3128.31
3138.87
3177.00
3199.48
3203.55
3221.81
3228.29
3245.88
3272.97
3304.59
3729.18
3909.17
3918.38
$end
