
$molecule
   O    -1.97401075   1.18976729  -5.74937442
  O     0.90692205   1.52441061  -4.82110998
  O    -0.93649937   0.99255902  -7.72017618
  O    -1.73130385  -2.52782595  -3.49575074
  O    -3.33960611  -3.78406409  -4.40000195
  O     0.86006503  -2.44667660   6.13624416
  N    -0.22942766  -0.40667147  -4.57718851
  N     0.86922440   1.15087013   1.57637751
  N     0.41880603  -0.11878397   4.54973883
  N     1.02454831   2.29793068   5.74306554
  N     1.59954958  -1.12657543   7.81822249
  N     1.69957516   1.21286052   7.70002332
  N     2.39289092   0.11298078   9.62678849
  C    -0.39887038  -0.56754436  -5.98027758
  C    -1.17760604  -1.82931612  -6.29095945
  C    -2.54665887  -1.86985884  -5.62645159
  C     0.42461566   0.69039137  -4.08813274
  C     0.49843019   0.77223911  -2.59496475
  C    -1.10235399   0.62783857  -6.59076127
  C     0.70444364   1.03528045   0.19350088
  C    -0.24611786   0.94376438   2.47590772
  C    -0.43108929   0.17621314  -1.75477237
  C     1.52648298   1.51844252  -2.02456746
  C    -0.33627391   0.30591519  -0.38081502
  C     1.63641901   1.64538677  -0.65830124
  C    -2.61107886  -2.83463410  -4.47743517
  C     0.24084396   1.00533475   3.89584538
  C     0.89093302  -0.06764677   5.79851875
  C     0.55202790   2.22959328   4.52096678
  C     1.20945843   1.14735401   6.41869850
  C     1.08554766  -1.33762463   6.53056363
  C     1.87772048   0.10577279   8.35184330
  H     0.57188843  -0.61394312  -6.49003258
  H    -1.29182945  -1.89860446  -7.37570594
  H    -0.57928763  -2.68780166  -5.98628407
  H    -3.31968247  -2.17812826  -6.33221661
  H    -2.81229595  -0.88750644  -5.24485646
  H    -0.59294569  -1.10335244  -3.95460680
  H    -0.67125637  -0.04513592   2.31110641
  H    -1.04527298   1.68364892   2.32274141
  H    -1.26095675  -0.38449525  -2.16277630
  H     2.24378300   2.00246269  -2.67664235
  H     1.44496053   1.93987654   1.82763587
  H    -1.07788288  -0.16175727   0.24964028
  H     2.44785645   2.22117320  -0.23041734
  H     0.39733531   3.16729326   3.98905958
  H    -2.36638174   1.95271753  -6.19317162
  H     1.79530648  -1.95817282   8.35136098
  H    -1.81388658  -3.19078933  -2.79665249
  H     2.16095834  -0.65387197  10.23683058
  H     2.41198252   1.02870376  10.04972262
$end
$temperature
298.15
$end
$mult
 1
$end
$sigma
 1
$end
$pressure
1.00000
$end
$scale
1.0
$end
$msrrho
$end
$freq
7.04
9.27
18.22
22.21
31.93
33.78
44.23
56.64
66.86
72.04
85.08
99.60
112.70
131.49
142.39
148.26
164.13
185.97
194.77
225.11
231.29
246.06
272.20
303.54
320.30
332.59
344.34
356.00
385.24
401.07
426.19
442.84
450.97
454.28
465.98
483.18
490.57
511.74
537.51
551.22
555.77
568.18
576.76
592.35
600.43
600.90
605.60
612.31
654.72
666.05
691.38
702.93
706.37
726.21
777.36
779.81
791.72
810.39
818.67
833.31
852.12
858.82
886.59
900.06
912.88
922.16
929.67
937.00
952.77
993.98
1006.75
1019.43
1033.75
1047.15
1057.47
1063.93
1081.79
1090.59
1098.25
1140.81
1149.94
1162.23
1175.41
1185.70
1189.83
1195.89
1204.89
1207.52
1220.64
1226.06
1239.82
1249.88
1287.44
1295.15
1300.30
1315.77
1338.34
1346.45
1347.26
1371.16
1377.82
1383.90
1394.72
1410.85
1414.58
1443.13
1452.54
1464.18
1468.61
1479.01
1482.08
1490.21
1511.71
1559.70
1575.48
1577.78
1616.49
1631.36
1649.18
1734.30
1741.59
1782.45
1789.32
1806.26
1850.05
1898.51
1908.58
1918.39
3062.61
3120.10
3147.09
3154.63
3201.80
3211.34
3221.38
3241.06
3254.45
3259.16
3280.53
3288.04
3692.57
3763.05
3816.76
3826.06
3904.60
3912.94
3924.99
$end
