
$molecule
   O     0.21275748  -0.93991113  -4.01841549
  O     2.13849249   2.84656284  -1.75813878
  O     1.41657353  -2.11931451  -2.56033656
  O     2.40181277  -1.97016147   0.02196074
  O     1.18339769  -0.21363311   0.58743188
  O    -1.05864583  -0.77894998  -1.33562389
  N     0.89432710   0.97077344  -2.07091992
  N    -2.83473830   2.62929471   2.45699338
  N    -2.34078471  -0.13335905   1.11457341
  N    -1.55990654  -1.61828226   3.30086297
  N    -0.22495871  -2.62752155  -0.37744048
  N    -0.32727178  -3.05512676   1.92526723
  N     0.85823135  -4.47436309   0.51728817
  C     1.85301123   0.24032776  -2.82929884
  C     3.20138021   0.05577493  -2.14658833
  C     3.18655273   0.18013870  -0.64231309
  C     1.13737229   2.20616262  -1.53824901
  C     0.06313157   2.56262072  -0.56085192
  C     1.16393108  -1.07616584  -3.11529521
  C    -1.87246439   2.71528820   1.42800467
  C    -3.63858359   1.41116822   2.43883775
  C    -1.27815051   2.39384034  -0.87599549
  C     0.42326066   2.89069662   0.73450967
  C    -2.23806194   2.49772488   0.10342686
  C    -0.53479786   2.95717341   1.72731281
  C     2.15362675  -0.66662554   0.04800773
  C    -2.78101268   0.17932197   2.31212157
  C    -1.52059284  -1.17004773   0.97834371
  C    -2.35724703  -0.58075929   3.41838640
  C    -1.12479892  -1.95152691   2.07160658
  C    -0.95522501  -1.46249204  -0.34173273
  C     0.08168677  -3.36585038   0.73605065
  H     2.02254487   0.72043244  -3.80277907
  H     3.61001046  -0.91022843  -2.44744219
  H     3.88765581   0.81869795  -2.52022873
  H     2.99693244   1.20487249  -0.35392851
  H     4.17006441  -0.09869491  -0.24985457
  H     0.07746784   0.47625761  -1.73509318
  H    -4.32120273   1.43992635   1.58933380
  H    -4.23207186   1.38075927   3.35881181
  H    -1.57571034   2.15556714  -1.88889875
  H     1.46720115   3.04040738   0.97934668
  H    -2.39989095   2.76665181   3.35980811
  H    -3.27740407   2.34417429  -0.14121070
  H    -0.24047489   3.15253820   2.75093162
  H    -2.69944291  -0.32364660   4.42009860
  H    -0.28963151  -1.76238243  -4.07841889
  H     0.31798638  -2.76132379  -1.22041760
  H     3.04825452  -2.17813394  -0.65771026
  H     0.83960105  -4.87912977  -0.40369868
  H     0.87580528  -5.11952376   1.29156408
$end
$temperature
298.15
$end
$mult
 1
$end
$sigma
 1
$end
$pressure
1.00000
$end
$scale
1.0
$end
$msrrho
$end
$freq
30.40
43.81
65.07
71.30
73.26
86.24
90.59
95.24
104.57
112.78
128.54
146.52
156.38
163.21
182.10
194.32
197.00
209.50
239.56
255.23
261.55
279.07
285.80
306.76
330.93
347.92
368.82
380.85
396.38
409.83
423.54
429.11
441.32
449.88
476.84
483.00
500.91
507.69
537.88
550.72
558.84
598.49
612.48
619.23
624.51
642.51
660.86
674.36
691.46
695.25
704.56
710.08
742.69
757.67
774.79
799.90
808.62
822.73
828.40
847.21
857.03
860.69
871.53
893.21
919.29
927.80
935.07
946.69
974.29
1011.06
1011.81
1022.75
1043.07
1054.83
1058.56
1065.09
1079.61
1099.13
1112.94
1131.30
1152.27
1164.63
1171.86
1174.78
1196.29
1206.23
1214.77
1220.11
1221.88
1229.48
1252.01
1278.50
1292.12
1314.03
1323.00
1327.60
1342.48
1346.89
1359.68
1375.68
1389.50
1400.10
1414.65
1432.06
1444.86
1450.27
1451.62
1460.51
1463.95
1465.24
1495.46
1514.06
1520.86
1568.02
1582.15
1601.74
1626.70
1641.04
1649.63
1741.10
1749.42
1798.51
1803.05
1822.74
1862.45
1867.87
1899.13
1938.64
3105.67
3114.19
3120.73
3124.03
3197.39
3207.83
3215.19
3244.02
3259.05
3265.38
3305.84
3324.61
3700.76
3707.89
3717.79
3752.78
3842.33
3928.16
4030.41
$end
