
$molecule
   O    -2.01221294   3.21231196  -4.11737859
  O    -3.36783130  -1.99178769  -3.85667189
  O    -3.25660555   1.71153786  -5.19695241
  O     0.31391432   3.41803405  -7.43013631
  O     0.34767836   3.74061459  -5.22912302
  O     3.84411911  -0.26150367   3.67410219
  N    -1.88136781  -0.37982002  -4.43436541
  N    -0.33162920  -1.43952783   1.74332666
  N     1.05605943  -0.76256016   3.91297769
  N     0.05118592  -0.89655342   6.47449864
  N     3.99959593  -0.19486060   5.93309068
  N     2.17708827  -0.50904667   7.37583441
  N     4.29226870  -0.08756837   8.24417957
  C    -1.35160123   0.89671408  -4.04134304
  C     0.06412746   1.07624152  -4.56599713
  C     0.13848665   1.49035398  -6.01618313
  C    -2.46184827  -1.26304386  -3.52915899
  C    -1.88145967  -1.27453378  -2.15004860
  C    -2.30597438   1.98749397  -4.51963418
  C    -0.86792531  -1.36914869   0.46491477
  C    -1.11734825  -1.14368266   2.90533200
  C    -2.73628269  -1.36837677  -1.06092923
  C    -0.50876041  -1.24966071  -1.92010750
  C    -2.24417648  -1.40478329   0.23003460
  C    -0.00579701  -1.29858488  -0.63896934
  C     0.26841875   2.99311189  -6.16917316
  C    -0.21796681  -0.98873312   4.10391689
  C     1.85622040  -0.60262079   4.97206311
  C    -0.71788718  -1.05417177   5.42589383
  C     1.36627660  -0.66614262   6.27853717
  C     3.29040332  -0.34667881   4.73491611
  C     3.43953223  -0.28311404   7.18331565
  H    -1.32426003   0.96283529  -2.95158603
  H     0.60289279   1.81019972  -3.96847888
  H     0.57136974   0.12161620  -4.43242211
  H    -0.73001902   1.15077419  -6.58190943
  H     1.01966182   1.05852040  -6.50283172
  H    -2.45801306  -0.32165750  -5.26485737
  H    -1.84938338  -1.93873710   3.09964099
  H    -1.70492187  -0.21901235   2.79313013
  H    -3.80652265  -1.40761416  -1.22945991
  H     0.17741719  -1.20416778  -2.75546230
  H     0.62741586  -1.13677382   1.82769401
  H    -2.92927162  -1.46732030   1.06288648
  H     1.06405254  -1.28236894  -0.47043807
  H    -1.77710111  -1.24141524   5.59849389
  H    -1.05521201   3.35705830  -4.05065121
  H     4.97721643   0.02758439   5.83797136
  H     0.19906727   2.68654603  -8.04648398
  H     5.26607346  -0.31087206   8.11789849
  H     3.89083667  -0.33510493   9.13610360
$end
$temperature
298.15
$end
$mult
 1
$end
$sigma
 1
$end
$pressure
1.00000
$end
$scale
1.0
$end
$msrrho
$end
$freq
9.04
13.86
18.99
25.24
30.22
34.39
42.81
56.67
64.37
72.71
86.01
98.05
120.88
143.40
152.14
162.79
168.91
198.86
202.28
211.84
225.94
236.84
294.93
312.98
343.16
349.04
356.00
368.98
388.55
418.03
447.39
451.96
472.60
475.35
483.01
487.93
498.40
504.92
530.88
535.86
541.49
552.17
586.64
600.48
605.91
607.09
636.88
638.64
647.06
664.91
670.09
691.67
700.12
709.60
731.94
763.26
799.22
813.73
823.27
827.76
834.65
874.26
879.88
890.16
914.75
926.69
930.73
949.54
971.47
993.64
1003.44
1032.83
1036.84
1050.11
1058.49
1084.27
1088.72
1095.68
1098.75
1145.66
1166.35
1171.77
1189.77
1192.68
1201.22
1205.28
1208.53
1218.90
1219.33
1226.76
1236.17
1243.34
1283.18
1288.64
1300.78
1302.55
1329.03
1332.11
1346.92
1361.54
1368.61
1388.56
1401.34
1420.03
1432.06
1440.66
1447.75
1458.33
1458.45
1488.10
1494.28
1496.74
1519.72
1528.27
1563.04
1578.21
1612.73
1632.49
1645.43
1737.43
1753.85
1781.57
1790.19
1805.54
1849.37
1894.80
1906.37
1927.31
3036.03
3098.06
3115.12
3155.50
3193.80
3206.38
3208.88
3232.64
3241.12
3244.05
3272.17
3281.44
3691.46
3735.24
3770.60
3815.47
3824.93
3836.06
3951.19
$end
