
$molecule
   O    -2.54862745   4.15408655  -0.40758631
  O    -1.29416582   1.45503990  -1.64023499
  O    -2.46240075   2.44438402   1.00071689
  O     1.77329282   2.40301573  -2.44124078
  O     3.09168004   2.52327983  -0.64147963
  O     0.62059146   0.15367164   2.06213481
  N     0.14036048   1.96230963   0.02364825
  N     2.03415879  -4.02558447  -0.84593542
  N     0.80227918  -2.62033462   1.54773976
  N    -1.56488772  -4.00198169   1.30793415
  N    -1.61270816   0.00283957   1.81196685
  N    -2.77899189  -2.01968296   1.54485083
  N    -3.90519866   0.01869443   1.54084059
  C    -0.38640626   3.28111900   0.14245170
  C     0.04230956   4.15533014  -1.00877576
  C     1.54338969   4.30571086  -1.07453084
  C    -0.36479360   1.12705689  -0.94159636
  C     0.32681516  -0.19530497  -1.02804210
  C    -1.89765769   3.23514979   0.27996048
  C     1.52409054  -2.70422635  -1.04544891
  C     2.07684528  -4.38577319   0.58500454
  C    -0.39174319  -1.30645054  -1.44334550
  C     1.66335402  -0.33650668  -0.68213238
  C     0.20376663  -2.55292096  -1.45044368
  C     2.26017521  -1.57863867  -0.70190622
  C     2.23139675   2.99720402  -1.33439879
  C     0.81014179  -3.88426294   1.19776920
  C    -0.36115706  -2.00625011   1.73616345
  C    -0.40645809  -4.58909569   1.12709283
  C    -1.58066054  -2.67517513   1.54894868
  C    -0.35290737  -0.54795390   1.91847405
  C    -2.76175889  -0.71990601   1.62309408
  H    -0.01546240   3.69484226   1.09064998
  H    -0.32313385   3.71398031  -1.92788242
  H    -0.41179583   5.14210277  -0.90770507
  H     1.95056336   4.71661107  -0.15019237
  H     1.80701692   4.98474226  -1.89185009
  H     0.57968166   1.51624839   0.82266502
  H     2.91716633  -3.91956814   1.10929883
  H     2.18406241  -5.47450667   0.66519971
  H    -1.43011619  -1.19083176  -1.72771748
  H     2.24259991   0.51463568  -0.36212062
  H     2.95342752  -4.13825289  -1.26187183
  H    -0.36258622  -3.43136301  -1.72701247
  H     3.28729420  -1.68766706  -0.38047718
  H    -0.40713394  -5.65178875   0.89043799
  H    -3.49408223   4.04693878  -0.23609701
  H    -1.68997063   1.01172857   1.74700236
  H     2.24638479   1.57099324  -2.56499316
  H    -3.79846711   0.99391615   1.30304888
  H    -4.70957297  -0.48160430   1.19792345
$end
$temperature
298.15
$end
$mult
 1
$end
$sigma
 1
$end
$pressure
1.00000
$end
$scale
1.0
$end
$msrrho
$end
$freq
29.19
43.13
46.17
55.33
75.26
91.00
96.37
105.74
108.33
118.12
124.31
129.32
142.64
157.38
173.83
188.48
197.47
198.87
216.14
252.71
270.90
291.45
296.43
334.16
368.28
379.20
391.22
394.85
411.06
443.92
450.94
457.57
478.78
484.75
503.88
507.53
525.81
540.13
547.85
561.23
569.27
593.69
601.61
605.07
616.68
644.44
653.33
666.90
675.92
680.09
700.35
709.99
754.12
761.24
770.18
801.28
806.92
825.29
831.46
856.37
863.73
872.22
898.82
909.47
919.85
929.68
943.15
951.61
972.11
1003.65
1031.34
1036.54
1052.78
1065.78
1072.32
1078.95
1086.48
1095.62
1102.88
1128.00
1138.11
1151.70
1164.51
1179.53
1201.39
1210.63
1212.75
1217.94
1220.54
1234.62
1248.47
1271.33
1284.32
1296.29
1310.43
1322.93
1326.20
1332.44
1351.48
1365.01
1378.74
1381.47
1399.55
1425.45
1436.50
1442.71
1463.30
1466.42
1469.40
1487.02
1497.35
1502.71
1518.11
1545.89
1579.06
1581.13
1628.62
1642.27
1646.49
1737.01
1746.21
1786.51
1798.60
1818.51
1859.34
1870.38
1891.41
1908.17
3076.01
3106.08
3121.36
3161.86
3165.39
3203.16
3218.86
3262.29
3267.83
3279.54
3299.65
3343.51
3623.19
3663.79
3685.65
3710.22
3837.55
3905.40
3943.48
$end
