
$molecule
   O     5.57196180   2.41305970  -4.67677140
  O     2.80648391  -1.42030411  -3.32993071
  O     4.10514820   3.11220905  -3.13450531
  O     1.08432944  -1.13866539  -7.75764834
  O     1.68708310   0.99402857  -8.05862338
  O    -2.59093752   2.30887894   5.02435058
  N     2.73575773   0.83281934  -3.20780644
  N    -0.61587785  -0.80309218   2.04157451
  N    -2.43065277  -0.30624835   3.92250601
  N    -3.90617036  -2.25983140   5.18545039
  N    -4.03363833   1.53351121   6.58951940
  N    -4.72924778  -0.70240495   6.72787802
  N    -5.50697396   0.85788523   8.26594376
  C     3.68834101   1.03771461  -4.25451219
  C     3.04020767   1.17358563  -5.61775598
  C     2.35353158  -0.09897536  -6.02588728
  C     2.45262028  -0.42079108  -2.73687884
  C     1.64732645  -0.46793631  -1.47657863
  C     4.46371249   2.29788069  -3.94361879
  C     0.10957973  -0.71062152   0.86549425
  C    -1.56380569  -1.85368736   2.26788736
  C     1.01963090  -1.66495086  -1.15144597
  C     1.50369787   0.60995203  -0.60301129
  C     0.25910160  -1.79243084  -0.00733938
  C     0.75239358   0.49400807   0.54523936
  C     1.68814633   0.00494319  -7.38189630
  C    -2.39634783  -1.53760530   3.48288645
  C    -3.18490586  -0.01430174   4.98691348
  C    -3.15902039  -2.52911950   4.14373910
  C    -3.94254602  -0.98959230   5.63962448
  C    -3.19942984   1.37869641   5.47508080
  C    -4.75768219   0.51874046   7.16422233
  H     4.39045360   0.20059196  -4.27015244
  H     2.31497570   1.98479853  -5.59101535
  H     3.79280386   1.43885575  -6.35989853
  H     1.58913743  -0.37383422  -5.30203305
  H     3.05944893  -0.93111049  -6.05722687
  H     2.49397147   1.64033475  -2.66259841
  H    -1.05784684  -2.81732346   2.41377675
  H    -2.24194988  -1.99988376   1.41248524
  H     1.13686547  -2.51013736  -1.81887848
  H     1.99190001   1.55707820  -0.79667406
  H    -0.88000127   0.07360411   2.46557502
  H    -0.21925714  -2.73443857   0.21732337
  H     0.65212041   1.33779375   1.21685315
  H    -3.13748631  -3.55886906   3.78883978
  H     6.00380061   3.24364090  -4.43394476
  H    -4.05375958   2.45455773   6.99647964
  H     1.20045631  -1.81221385  -7.07868989
  H    -6.15786962   0.14080749   8.54884282
  H    -5.82958039   1.80839300   8.34683600
$end
$temperature
298.15
$end
$mult
 1
$end
$sigma
 1
$end
$pressure
1.00000
$end
$scale
1.0
$end
$msrrho
$end
$freq
8.70
10.10
19.78
24.48
34.37
40.02
52.61
54.46
62.26
71.64
86.33
94.96
101.52
116.16
123.87
148.42
151.78
162.83
180.79
208.48
212.46
231.21
273.31
297.18
321.90
339.31
347.97
359.88
366.51
388.67
426.67
446.45
464.59
473.40
487.83
504.90
505.25
509.15
516.33
536.47
549.41
559.64
586.77
591.32
598.04
601.51
606.77
623.47
639.98
655.84
668.19
696.85
700.35
701.19
717.36
774.55
788.11
814.15
821.06
826.46
850.66
856.53
885.34
893.44
914.88
930.16
931.01
947.05
956.52
993.47
1020.47
1032.78
1048.17
1050.58
1063.05
1084.17
1088.14
1098.71
1145.66
1153.00
1161.39
1171.17
1175.54
1184.88
1190.20
1197.55
1205.63
1216.28
1218.47
1219.37
1229.08
1261.05
1281.67
1286.18
1298.57
1307.08
1333.92
1340.45
1347.28
1348.14
1369.14
1379.06
1394.41
1407.67
1422.52
1440.66
1455.12
1465.10
1484.01
1489.59
1498.00
1513.43
1520.35
1562.00
1577.30
1578.33
1613.04
1632.86
1651.02
1737.29
1753.77
1774.18
1789.67
1800.20
1831.20
1895.63
1906.71
1920.50
3035.48
3114.50
3138.83
3163.33
3198.64
3208.66
3228.84
3243.03
3247.67
3253.37
3257.40
3282.09
3691.89
3774.74
3814.91
3825.33
3881.46
3896.40
3948.53
$end
