
$molecule
   O     1.68470768  -3.89509937  -1.23219870
  O    -0.12093870  -3.53782111   1.27726837
  O     2.25041989  -5.58024211   0.11868550
  O     4.38737219  -6.65849930   1.85151041
  O     5.08654478  -5.01797326   0.49507017
  O     0.78893660   3.34913181  -2.30504648
  N     1.66616479  -2.22478972   0.83350160
  N    -2.98925247   2.15354572   1.74321750
  N    -1.48796016   3.70302464  -0.64308550
  N    -3.82946746   4.42138390  -1.90678435
  N    -0.45217260   3.97757570  -4.09276233
  N    -2.73414748   4.51159479  -3.97305019
  N    -1.63173695   4.55591519  -6.01854838
  C     2.57079891  -3.35050672   0.90595917
  C     2.70619379  -3.93663692   2.29164490
  C     4.10885990  -4.42950405   2.59129628
  C     0.33143309  -2.42699573   1.15427616
  C    -0.48420749  -1.18543139   1.30436378
  C     2.13999702  -4.41030952  -0.09848686
  C    -2.13052775   1.06863159   1.60607853
  C    -2.56039886   3.51267335   1.51892801
  C    -0.08454231   0.05880323   0.83125518
  C    -1.72670885  -1.28877369   1.92721358
  C    -0.88962532   1.17126965   0.97814074
  C    -2.53564538  -0.18748188   2.08277561
  C     4.58786697  -5.38031987   1.52997310
  C    -2.59284298   3.83958842   0.04905540
  C    -1.51763542   3.91055805  -1.96051817
  C    -3.78307876   4.20172922  -0.61402928
  C    -2.69514467   4.28110275  -2.62022899
  C    -0.27361852   3.70988522  -2.72983938
  C    -1.64271155   4.36233941  -4.65815296
  H     3.54374603  -2.98560979   0.55678140
  H     2.45434929  -3.16679128   3.02298110
  H     1.99357385  -4.74556223   2.40956586
  H     4.13176425  -4.93127086   3.56044117
  H     4.80764170  -3.58985474   2.61637431
  H     2.04689261  -1.32485319   1.07378278
  H    -1.54698717   3.69270136   1.88255354
  H    -3.24437204   4.17173545   2.06423057
  H     0.86013740   0.18392167   0.31623021
  H    -2.04957027  -2.25781701   2.28873664
  H    -3.70967834   2.02480749   2.43443684
  H    -0.55613456   2.11909675   0.58862802
  H    -3.49789246  -0.28453420   2.57011969
  H    -4.70792050   4.31223588  -0.05035561
  H     1.62731146  -2.93866720  -1.13373151
  H     0.35033309   3.81680944  -4.67971926
  H     4.57736671  -7.19466056   1.07037979
  H    -0.76351207   4.81697536  -6.45656895
  H    -2.46398092   5.00296968  -6.37234903
$end
$temperature
298.15
$end
$mult
 1
$end
$sigma
 1
$end
$pressure
1.00000
$end
$scale
1.0
$end
$msrrho
$end
$freq
10.12
12.71
18.04
25.29
32.75
52.94
63.03
67.65
75.69
99.10
104.87
108.93
120.90
134.47
149.86
157.68
165.20
171.15
193.69
245.05
258.16
272.19
292.79
317.06
343.13
345.75
348.31
355.00
388.95
399.74
411.15
434.21
451.18
467.81
474.52
491.36
500.79
527.26
528.56
548.48
551.21
565.56
571.17
579.11
598.55
601.20
603.38
616.35
634.95
645.50
677.16
686.07
708.03
722.14
777.56
785.24
793.05
819.04
821.98
842.93
846.88
858.33
872.18
893.19
898.46
919.18
928.33
936.66
962.90
1004.38
1006.25
1021.57
1052.95
1057.10
1066.34
1069.63
1084.99
1094.42
1109.63
1126.44
1144.37
1152.05
1156.79
1178.12
1200.73
1201.31
1207.73
1215.66
1221.44
1225.68
1256.99
1261.36
1263.83
1292.07
1311.52
1329.26
1335.87
1347.49
1349.74
1350.08
1368.67
1383.50
1392.04
1403.12
1442.50
1444.89
1450.29
1460.02
1467.50
1481.91
1487.04
1506.04
1513.95
1538.75
1569.64
1578.14
1613.77
1632.97
1647.15
1736.57
1747.73
1781.63
1789.04
1802.71
1869.62
1894.00
1898.07
1954.75
3102.08
3114.60
3143.97
3160.41
3198.33
3204.49
3217.38
3241.82
3250.31
3255.85
3273.57
3338.76
3694.12
3791.83
3814.71
3817.31
3827.72
3915.17
3975.53
$end
