
$molecule
   O    -4.18468638  -0.00576180   4.42190334
  O    -0.00703687   2.28480675   4.09357781
  O    -3.91803009   0.38853900   6.60902207
  O    -3.43149884   5.31133361   3.28320274
  O    -5.50890502   4.95307027   4.04007051
  O     1.13839521  -4.57019212  -3.85161704
  N    -1.87480107   1.03751626   3.83559261
  N     1.25402592  -0.40297750  -1.58635584
  N     2.28873858  -2.00258291  -3.44590020
  N     4.14362209  -1.18352666  -5.31080257
  N     2.42175590  -4.82478082  -5.70095085
  N     3.92661925  -3.20182705  -6.47765367
  N     3.66862312  -5.20169358  -7.63523588
  C    -2.46038361   1.49497871   5.05711786
  C    -2.98475553   2.91656961   4.96376944
  C    -3.99357671   3.09164727   3.85431812
  C    -0.64476637   1.49610241   3.43266176
  C    -0.17473070   0.96300150   2.11475854
  C    -3.57739214   0.56767287   5.47475936
  C     0.81568124   0.05411053  -0.35286752
  C     2.48563062   0.04779200  -2.16451315
  C     0.81366182   1.66728954   1.43822490
  C    -0.65514140  -0.21517124   1.54550214
  C     1.30165834   1.23127378   0.22288960
  C    -0.17033235  -0.66539771   0.33724443
  C    -4.42276970   4.52877806   3.74492752
  C     2.85043663  -0.82655470  -3.33574091
  C     2.62460055  -2.79257214  -4.47086818
  C     3.80020904  -0.42079984  -4.30273596
  C     3.56466614  -2.39709433  -5.42525105
  C     1.96894509  -4.11011169  -4.58474603
  C     3.36429725  -4.36536254  -6.58691466
  H    -1.70431505   1.46730441   5.84876736
  H    -3.42587625   3.19633523   5.92327239
  H    -2.13053125   3.56590637   4.78613478
  H    -4.88527880   2.49206992   4.02382362
  H    -3.55487814   2.80239800   2.90088808
  H    -2.44173105   0.51143787   3.19964380
  H     3.32004717   0.02901404  -1.44598000
  H     2.40608503   1.09044825  -2.49965004
  H     1.20138977   2.57604113   1.88309626
  H    -1.40224442  -0.81177934   2.05454553
  H     1.04757468  -1.36900293  -1.79231490
  H     2.06319551   1.80368712  -0.28618319
  H    -0.54527583  -1.58683673  -0.09111348
  H     4.27381963   0.55704793  -4.22341748
  H    -4.89933085  -0.56518568   4.75492459
  H     1.98056065  -5.71634643  -5.85831268
  H    -3.76360125   6.21795249   3.24048245
  H     3.55374895  -6.19296747  -7.49970565
  H     4.48388151  -4.91559973  -8.15629067
$end
$temperature
298.15
$end
$mult
 1
$end
$sigma
 1
$end
$pressure
1.00000
$end
$scale
1.0
$end
$msrrho
$end
$freq
9.83
10.07
17.93
23.87
27.25
37.69
38.15
47.49
54.97
65.84
70.53
95.30
101.77
120.44
135.55
151.92
162.84
170.25
188.57
199.79
211.84
234.27
254.82
299.18
330.02
340.00
348.20
359.49
369.36
388.88
426.51
427.80
446.93
449.23
466.76
481.04
489.39
522.70
538.78
548.00
558.57
576.27
584.81
595.26
602.16
607.17
618.13
621.08
640.16
659.72
695.72
700.28
700.73
717.76
777.20
781.12
787.75
814.25
821.85
826.55
842.54
854.84
886.81
888.88
914.42
923.53
930.96
946.17
961.96
983.57
993.52
1021.44
1032.88
1047.83
1062.34
1084.03
1087.95
1095.19
1098.89
1145.71
1148.44
1168.27
1173.12
1188.80
1190.19
1205.43
1211.34
1214.22
1219.15
1225.72
1228.11
1282.46
1286.52
1294.13
1304.44
1304.74
1329.84
1335.82
1347.08
1351.67
1368.45
1382.88
1395.99
1406.33
1412.47
1452.16
1461.67
1464.72
1470.86
1485.74
1487.57
1497.36
1520.06
1559.10
1570.66
1578.24
1612.84
1632.55
1648.53
1737.40
1753.87
1777.77
1790.05
1801.55
1845.66
1895.16
1897.80
1919.92
3035.95
3114.95
3132.86
3173.24
3174.11
3208.81
3237.10
3241.77
3249.99
3254.51
3261.10
3281.77
3690.98
3773.37
3815.20
3824.39
3906.71
3909.20
3922.85
$end
