
$molecule
   O     0.04577343   1.70006103   1.10494790
  O    -0.46331662   0.25637560  -4.00035305
  O    -1.06692561   0.04767485   0.08689160
  O     0.03336753   5.01229068  -1.61635661
  O    -1.39395831   6.21612683  -0.38290521
  O    -0.12044836  -0.06647416   2.98448330
  N    -0.94625441   1.64591183  -2.29890318
  N     3.80307986  -1.61862533   0.42797986
  N     1.39646746  -2.12151777   1.76985938
  N    -0.00764753  -4.34865542   0.93739477
  N    -1.98933317  -1.27589249   2.65418823
  N    -2.02421363  -3.37389458   1.61353650
  N    -4.01537533  -2.36315261   2.26806932
  C    -0.83892558   2.19742119  -0.98697994
  C    -2.08436103   2.99612331  -0.66740243
  C    -2.20589298   4.25350306  -1.50828856
  C    -0.16513698   0.68849978  -2.90845300
  C     0.99874647   0.16375026  -2.13068077
  C    -0.63652092   1.16973858   0.11207972
  C     2.92611382  -1.03230318  -0.49590623
  C     3.49195628  -2.95369983   0.88817703
  C     1.19468859  -1.20924360  -2.15505537
  C     1.84918404   0.94268222  -1.35976247
  C     2.15533229  -1.80089912  -1.36508813
  C     2.79367053   0.35561517  -0.54517153
  C    -1.17935146   5.27749988  -1.10169924
  C     2.02354123  -3.12001037   1.20302467
  C     0.07555645  -2.20616502   1.93637670
  C     1.29241927  -4.26016398   0.80179088
  C    -0.66006304  -3.31024538   1.49438214
  C    -0.62530170  -1.08496416   2.56385677
  C    -2.64541421  -2.37819263   2.15933983
  H     0.01538044   2.86800667  -0.92201286
  H    -2.96024813   2.36418151  -0.82778654
  H    -2.07495154   3.27540562   0.38721814
  H    -3.19071258   4.70508665  -1.36651288
  H    -2.06979652   4.03337626  -2.56639123
  H    -1.79090120   1.81806670  -2.81587417
  H     4.10107373  -3.15237808   1.77807025
  H     3.77377798  -3.69474443   0.13282722
  H     0.56552014  -1.82033921  -2.79009786
  H     1.76877264   2.01954109  -1.37059637
  H     3.97427793  -0.98776966   1.19928798
  H     2.28778084  -2.86929134  -1.40034149
  H     3.41572674   0.97163798   0.09149518
  H     1.80849011  -5.10435290   0.34624771
  H     0.10867523   1.06217686   1.85183069
  H    -2.51790434  -0.49883330   3.01501763
  H     0.64129488   5.70170588  -1.31604455
  H    -4.42360935  -1.83642049   3.02317295
  H    -4.44410335  -3.25423046   2.06711732
$end
$temperature
298.15
$end
$mult
 1
$end
$sigma
 1
$end
$pressure
1.00000
$end
$scale
1.0
$end
$msrrho
$end
$freq
12.90
22.37
24.20
26.94
38.38
40.45
57.40
74.99
93.64
106.73
110.43
121.11
136.24
153.65
164.37
173.73
178.61
199.62
230.88
239.32
260.70
268.70
281.29
328.54
338.87
348.56
354.56
357.24
387.28
399.23
421.73
423.84
450.55
454.86
460.59
485.27
497.40
522.95
544.81
555.59
580.81
588.14
601.12
612.71
617.38
623.32
646.47
664.20
685.58
686.69
704.03
721.26
745.04
758.52
779.48
784.97
804.10
817.02
830.02
840.19
856.45
863.39
890.93
896.29
913.43
924.08
933.99
937.42
941.53
1000.70
1028.51
1033.64
1046.56
1056.87
1064.56
1079.90
1081.61
1095.06
1099.98
1145.39
1150.85
1161.99
1174.02
1193.97
1206.69
1214.48
1216.39
1222.62
1237.65
1247.13
1249.80
1278.70
1298.66
1316.72
1324.64
1338.45
1342.03
1351.88
1353.70
1367.23
1382.71
1403.99
1424.12
1433.23
1446.13
1453.32
1459.82
1462.56
1471.96
1478.83
1485.60
1514.18
1516.46
1522.22
1571.52
1580.37
1614.83
1638.31
1652.41
1741.64
1754.82
1795.40
1799.64
1819.99
1840.66
1855.72
1902.59
1922.06
3080.06
3121.71
3132.93
3164.51
3202.88
3211.24
3224.31
3251.53
3262.11
3283.01
3302.89
3326.61
3543.07
3689.63
3720.49
3821.75
3828.85
3852.93
3900.68
$end
