
$molecule
   O     1.27399033   5.17313186   2.07595371
  O     0.26435950   2.95085344   1.29971136
  O     2.06120622   6.91085130   0.90694654
  O    -1.32705097   2.99467242  -3.05473668
  O     0.18963669   4.61721956  -2.94345967
  O    -0.31967852  -3.16168482   3.50986583
  N     1.34984982   3.85111298  -0.45687431
  N     1.85146814  -2.41393489  -1.77495439
  N     0.54148515  -3.79721544   0.87622181
  N    -1.19260941  -5.30453087  -0.64909355
  N    -2.20572761  -4.36448252   3.15524137
  N    -2.70426551  -5.44190626   1.13156523
  N    -4.20521215  -5.53659557   2.90361921
  C     0.91559395   5.21182152  -0.28382553
  C    -0.59160153   5.38422236  -0.28676149
  C    -1.33659299   4.35987743  -1.10304815
  C     0.89859643   2.79952380   0.26250469
  C     1.18649177   1.45328045  -0.30023631
  C     1.49352543   5.85433656   0.97422795
  C     1.65087949  -1.14304739  -1.25477060
  C     2.12646466  -3.55863955  -0.94002404
  C     1.20009543   0.36500164   0.56528185
  C     1.40119988   1.22675282  -1.65952597
  C     1.43646498  -0.91353107   0.10615425
  C     1.62468195  -0.04653969  -2.12985998
  C    -0.73761875   4.03847584  -2.45173218
  C     0.85092599  -4.10817264  -0.35921713
  C    -0.61973313  -4.22197604   1.37886986
  C    -0.04920223  -4.87439759  -1.12716959
  C    -1.51170752  -4.99078966   0.62218806
  C    -0.96625095  -3.84087695   2.76309873
  C    -3.01295545  -5.13064334   2.35281453
  H     1.33998742   5.75836261  -1.12568769
  H    -0.98639930   5.32620535   0.72742838
  H    -0.80069286   6.39152695  -0.65390396
  H    -2.36667595   4.69403677  -1.27222576
  H    -1.40583915   3.42418948  -0.54971487
  H     1.88794007   3.65022313  -1.27982314
  H     2.79646263  -3.31833522  -0.11256150
  H     2.61046038  -4.31536170  -1.56693931
  H     1.02374377   0.53126736   1.62147721
  H     1.36666010   2.03717321  -2.37635511
  H     2.25834376  -2.42672469  -2.69561131
  H     1.44643133  -1.73573327   0.80342772
  H     1.77419179  -0.21128451  -3.18971996
  H     0.19618118  -5.13020178  -2.15642558
  H     0.81987305   4.32014728   1.88518002
  H    -2.51816990  -4.10487909   4.07686939
  H    -2.03712692   2.64053726  -2.50944705
  H    -4.25794785  -5.63423751   3.90448156
  H    -4.68413266  -6.23908129   2.36057554
$end
$temperature
298.15
$end
$mult
 1
$end
$sigma
 1
$end
$pressure
1.00000
$end
$scale
1.0
$end
$msrrho
$end
$freq
9.41
10.95
19.12
20.75
25.84
41.73
54.18
68.58
82.53
85.33
98.87
125.87
145.33
147.02
159.06
165.06
170.74
179.10
225.17
235.43
265.80
282.10
294.88
318.67
329.08
342.62
350.63
356.68
360.42
389.37
399.68
421.18
453.66
462.28
482.99
496.14
502.65
517.31
534.96
546.25
551.11
573.19
593.26
598.39
605.06
614.14
626.36
645.50
671.35
681.69
703.08
711.30
721.55
736.18
780.34
787.29
819.66
826.25
842.34
850.60
859.80
878.22
894.26
902.07
918.27
928.78
936.15
955.21
993.48
1004.28
1018.71
1020.41
1042.70
1054.69
1057.25
1073.37
1086.29
1095.11
1100.80
1148.15
1152.37
1160.05
1164.34
1181.77
1200.24
1202.53
1215.57
1222.03
1248.85
1264.40
1277.47
1286.66
1295.36
1319.30
1324.43
1335.98
1337.93
1347.08
1355.33
1373.16
1385.26
1390.89
1403.44
1407.57
1437.20
1451.03
1460.39
1461.87
1465.10
1489.24
1491.27
1504.24
1513.74
1566.74
1578.18
1595.66
1614.15
1632.79
1662.33
1735.68
1747.15
1771.76
1788.24
1799.28
1808.84
1898.07
1919.01
1928.93
3097.24
3101.57
3127.41
3205.94
3208.24
3218.89
3219.54
3238.01
3243.72
3254.52
3266.68
3331.05
3481.52
3692.83
3792.84
3814.42
3826.26
3882.73
3962.21
$end
