
$molecule
   O     5.09250385  -2.51669302   3.28948474
  O     3.30243619  -3.52595374  -0.34313949
  O     7.16593481  -2.18021875   2.51292433
  O     7.80174662  -1.00636315  -2.55897779
  O     6.07871290   0.40132556  -2.77949734
  O    -4.46453546   5.10269767  -0.14534376
  N     3.99176965  -1.83366615   1.00229275
  N    -2.16006181  -0.21144756  -0.00686689
  N    -4.15750744   2.32513144   0.41720038
  N    -6.38214120   0.74414158  -0.00886116
  N    -6.60376664   4.71150906  -0.77055240
  N    -7.61605519   2.59689125  -0.71977762
  N    -8.81765019   4.44627181  -1.45086376
  C     5.36762473  -2.25200759   0.93354767
  C     6.19100685  -1.39772672   0.00498001
  C     5.74897654  -1.54294373  -1.43478899
  C     3.04072889  -2.50361720   0.24437026
  C     1.69275649  -1.86440173   0.22449943
  C     5.98818808  -2.29917235   2.33164513
  C    -0.89117908  -0.76394320   0.10767796
  C    -2.80994687   0.43717932   1.11342536
  C     1.26260761  -0.95212926   1.18105397
  C     0.80543803  -2.23077990  -0.78726751
  C    -0.00747083  -0.41176512   1.13072258
  C    -0.45716018  -1.69215781  -0.85306011
  C     6.53824246  -0.61190899  -2.33334539
  C    -4.10936776   1.03514950   0.65679680
  C    -5.30002586   2.85304885  -0.02846332
  C    -5.25422622   0.24377439   0.43744560
  C    -6.43787540   2.06701442  -0.25673781
  C    -5.34852652   4.30760066  -0.29264176
  C    -7.67096006   3.87127641  -0.95920739
  H     5.35627997  -3.28576133   0.57889976
  H     6.10365847  -0.35381026   0.30782701
  H     7.23785822  -1.67387009   0.12427595
  H     4.70428804  -1.27047980  -1.54681877
  H     5.86445229  -2.57389917  -1.77564770
  H     3.82209901  -0.85484333   1.16387237
  H    -2.17970196   1.24423249   1.48512298
  H    -2.98935927  -0.26169250   1.94311969
  H     1.90743791  -0.66245790   2.00201587
  H     1.12740954  -2.95305748  -1.52799710
  H    -2.77911581  -0.75604247  -0.58622214
  H    -0.31740889   0.28916973   1.89159374
  H    -1.12956723  -1.98103307  -1.65133446
  H    -5.22535253  -0.82528811   0.64367989
  H     4.21872948  -2.55171243   2.87910833
  H    -6.68585444   5.68627340  -1.01015881
  H     7.98675962  -1.83132370  -2.10027899
  H    -8.97646087   5.42448125  -1.27316571
  H    -9.62636852   3.84499880  -1.40656637
$end
$temperature
298.15
$end
$mult
 1
$end
$sigma
 1
$end
$pressure
1.00000
$end
$scale
1.0
$end
$msrrho
$end
$freq
7.17
9.03
17.40
24.91
28.53
30.48
45.57
48.65
54.00
67.03
68.22
87.01
99.90
123.33
129.62
147.58
163.80
166.00
200.13
212.57
232.76
250.20
276.06
301.56
317.98
343.91
354.20
371.45
387.47
405.14
434.42
442.23
453.65
464.34
478.64
484.45
489.45
507.15
526.43
530.30
547.36
552.20
570.30
598.02
600.88
603.44
634.47
654.18
662.70
677.85
692.76
697.55
709.57
724.28
776.71
779.63
789.22
795.88
818.00
831.59
834.42
854.97
884.06
888.29
915.84
920.40
932.98
943.73
955.72
1003.99
1006.20
1019.51
1039.78
1045.60
1057.24
1065.65
1086.01
1097.71
1118.53
1145.52
1150.33
1160.68
1173.59
1178.46
1189.09
1204.41
1205.37
1211.20
1217.85
1225.77
1238.89
1257.21
1284.23
1292.76
1297.60
1308.97
1328.87
1339.66
1347.76
1352.84
1380.28
1385.92
1391.46
1396.17
1415.36
1444.23
1455.38
1465.25
1477.38
1479.21
1491.95
1492.55
1512.58
1546.32
1570.90
1577.91
1617.40
1632.48
1643.68
1733.06
1740.19
1776.01
1787.45
1799.89
1856.24
1900.00
1917.49
1930.03
3065.78
3130.11
3154.56
3198.29
3210.79
3217.52
3225.51
3243.31
3246.57
3255.43
3264.45
3288.35
3695.42
3780.45
3815.30
3825.61
3829.12
3921.35
3980.35
$end
