
$molecule
   O    -0.36073531  -4.53671395  -6.55467233
  O    -0.45205612  -4.40225946  -1.51715208
  O    -0.05826919  -2.42766297  -5.88439740
  O    -2.37477628  -1.31615016  -4.63110462
  O    -3.12333355  -2.65718695  -6.25291153
  O     0.62740601   1.74933030   6.16757623
  N    -0.32889189  -3.04767977  -3.31985509
  N     0.38346097   1.20485943   1.45045449
  N     1.13561085   2.68990461   3.53321187
  N     2.01868322   5.29011836   3.31109726
  N     1.23803669   3.77352127   6.98060755
  N     1.92413348   5.56727272   5.63404939
  N     1.85405025   5.80500118   7.94591870
  C    -0.61291445  -4.08879899  -4.24816720
  C    -2.04398364  -4.59487820  -4.16052632
  C    -3.05837668  -3.48454459  -4.00395812
  C    -0.30313364  -3.28905553  -1.97374193
  C    -0.09996414  -2.07646709  -1.12038439
  C    -0.30539304  -3.57724994  -5.63592392
  C     0.25583349   0.12437491   0.58905167
  C     1.22201275   2.32357815   1.13636750
  C     0.41449949  -0.87933759  -1.60079944
  C    -0.42360087  -2.16281288   0.23304481
  C     0.59361137   0.20615057  -0.76337080
  C    -0.25655608  -1.08796632   1.07494787
  C    -2.89245431  -2.46246080  -5.08994946
  C     1.39169923   3.19438582   2.35384860
  C     1.30405184   3.45144582   4.61897843
  C     1.84474592   4.53107770   2.25760098
  C     1.75158233   4.77151752   4.52781821
  C     1.01052510   2.86293720   5.94063925
  C     1.67037215   5.06387193   6.80199934
  H     0.05563095  -4.93920726  -4.06927478
  H    -2.27064661  -5.18228723  -5.04999742
  H    -2.11642633  -5.25325663  -3.29403146
  H    -2.95368254  -2.99038975  -3.04229706
  H    -4.06852075  -3.89754257  -4.07210356
  H    -0.41534510  -2.10865138  -3.66146787
  H     0.79382578   2.92004121   0.32000105
  H     2.22166757   2.01803518   0.78895775
  H     0.70443346  -0.77858468  -2.63933341
  H    -0.81078033  -3.09943953   0.61584554
  H     0.37322742   0.97910214   2.43400145
  H     0.99833812   1.12549555  -1.16043886
  H    -0.51588638  -1.16803457   2.12343778
  H     2.06230705   4.96290811   1.28141856
  H    -0.22992493  -4.12611418  -7.42011404
  H     1.09867094   3.41738141   7.91228004
  H    -2.16831957  -0.75852781  -5.39351206
  H     1.30180337   5.57214696   8.75522393
  H     1.99375195   6.78880275   7.77110691
$end
$temperature
298.15
$end
$mult
 1
$end
$sigma
 1
$end
$pressure
1.00000
$end
$scale
1.0
$end
$msrrho
$end
$freq
9.35
11.94
21.91
27.25
32.56
51.44
53.37
58.65
66.13
88.98
92.43
101.96
125.48
141.89
150.72
153.35
162.76
166.77
192.77
212.29
219.46
250.41
280.19
302.21
320.80
348.65
353.20
354.15
384.18
393.02
434.28
443.75
445.96
459.36
487.82
492.80
502.72
513.02
537.14
547.00
555.90
572.69
575.73
590.60
601.05
606.73
610.58
632.96
638.29
662.52
684.71
697.95
704.14
720.69
776.26
786.49
798.53
813.26
814.18
828.27
836.71
855.45
884.08
894.00
918.15
929.03
930.96
948.68
972.07
993.42
996.03
1033.09
1042.11
1045.90
1066.65
1083.94
1088.62
1099.01
1101.83
1131.23
1145.69
1167.81
1180.86
1190.13
1191.21
1202.28
1205.39
1215.16
1218.95
1224.64
1228.84
1260.40
1281.06
1288.92
1301.11
1306.83
1334.59
1341.82
1346.98
1361.97
1372.92
1387.31
1396.13
1409.94
1425.06
1443.47
1451.95
1459.52
1486.93
1495.57
1500.05
1504.26
1519.91
1562.64
1578.22
1582.77
1613.11
1632.44
1650.86
1737.41
1753.68
1777.40
1790.07
1802.44
1841.54
1896.02
1911.14
1918.32
3033.91
3114.78
3127.25
3145.73
3151.81
3208.77
3224.43
3243.21
3252.83
3253.71
3256.92
3281.85
3691.17
3771.76
3815.45
3824.55
3905.08
3906.39
3911.86
$end
