
$molecule
   O     3.45886102  -2.20902031   2.09116459
  O     1.39836279  -0.68227561   2.18145630
  O     4.40934005  -3.24230932   0.35412027
  O    -1.45202221  -3.88224446  -0.07831938
  O     0.94143939  -0.59306940  -2.49084403
  O    -1.79779379   0.95933563   3.04460766
  N     1.98772663  -0.91614681   0.02118119
  N    -1.13492354   4.63773641   0.12124690
  N    -2.31288742   2.16736751   0.54591064
  N    -2.24282582   0.54010201  -1.66164402
  N    -1.33795210  -0.97894245   1.96989454
  N    -1.71966578  -1.30754812  -0.32131945
  N    -0.98234627  -3.06369266   1.00114122
  C     2.21022642  -2.33775259   0.07454729
  C     2.27235921  -2.89775956  -1.32078720
  C     0.93606746  -2.96190400  -2.02428535
  C     1.52826102  -0.19411487   1.05870620
  C     1.12358514   1.21143179   0.77592261
  C     3.49307055  -2.64618786   0.85019242
  C    -0.16912661   3.64359122   0.36133354
  C    -2.23622346   4.19153699  -0.74511456
  C     0.98846574   1.72738904  -0.50962050
  C     0.76350927   2.01502929   1.85201646
  C     0.37270490   2.93911851  -0.71136343
  C     0.12964937   3.22127978   1.65532619
  C     0.39012829  -1.66220137  -2.54859762
  C    -2.41327780   2.69343005  -0.65303731
  C    -2.11071138   0.86619997   0.67420899
  C    -2.41607223   1.84190960  -1.77168544
  C    -2.03306646   0.03188543  -0.44364629
  C    -1.77619667   0.34837234   2.01914534
  C    -1.36703873  -1.73389363   0.84438969
  H     1.39499901  -2.80321107   0.63341327
  H     2.97896213  -2.30927494  -1.90166822
  H     2.68292571  -3.90619002  -1.25661657
  H     0.17506528  -3.39925616  -1.37892360
  H     1.00562485  -3.62360344  -2.90064276
  H     1.97218826  -0.50113592  -0.89506250
  H    -2.03387310   4.45707136  -1.78886726
  H    -3.14367030   4.72408694  -0.44148363
  H     1.29428999   1.17139995  -1.38022991
  H     0.90788384   1.64079410   2.85600571
  H    -1.49466223   4.98204522   1.00245227
  H     0.21753915   3.30643343  -1.71469976
  H    -0.25235052   3.77151316   2.50444896
  H    -2.53952003   2.24762757  -2.77413238
  H     2.64231209  -1.68525669   2.25695926
  H    -0.80879847  -1.30623297   2.76581040
  H    -1.95604234  -3.25620537  -0.62604316
  H    -1.34955499  -3.47190291   1.85792246
  H    -0.59494532  -1.76535481  -3.03489005
$end
$temperature
298.15
$end
$mult
 1
$end
$sigma
 1
$end
$pressure
1.00000
$end
$scale
1.0
$end
$msrrho
$end
$freq
22.39
31.96
42.43
55.10
62.99
77.31
87.70
101.02
113.55
121.90
129.69
142.43
157.97
171.09
180.77
189.34
199.54
200.67
203.07
219.87
256.26
261.12
272.50
293.58
309.68
331.80
365.49
373.64
403.36
409.77
422.97
431.26
434.36
456.96
468.45
487.03
515.69
527.13
535.31
548.97
572.71
577.68
603.33
619.80
648.82
665.12
678.44
688.62
690.61
703.74
705.68
763.74
771.65
773.14
790.93
794.69
825.28
841.07
863.79
875.59
878.56
891.05
917.98
935.36
940.27
947.79
965.82
972.12
995.61
1000.65
1009.03
1015.62
1054.56
1062.42
1070.27
1073.05
1076.00
1095.50
1107.57
1124.17
1167.87
1179.17
1194.44
1205.28
1207.56
1209.37
1218.96
1235.73
1245.91
1259.73
1283.25
1287.45
1289.61
1301.37
1316.74
1344.52
1353.45
1358.51
1370.16
1388.48
1393.29
1406.42
1413.44
1419.41
1433.32
1441.38
1446.90
1454.16
1460.79
1462.65
1464.29
1480.43
1519.71
1531.74
1570.00
1598.91
1613.84
1632.54
1665.65
1749.38
1757.15
1765.44
1800.72
1812.96
1818.88
1837.54
1919.40
1923.61
3052.46
3080.84
3086.46
3152.31
3163.58
3212.32
3220.99
3231.49
3247.25
3268.87
3289.45
3295.77
3361.74
3502.56
3607.26
3692.39
3763.02
3779.16
3850.87
$end
