
$molecule
   O     0.67372682  -2.08645780   0.88127532
  O    -3.91020834   0.21944322   1.97272442
  O    -0.49420717  -0.66996764  -0.37304367
  O    -0.66560667  -1.83212292  -2.64263917
  O    -1.81012493  -3.48538936  -3.58192185
  O     2.49756556  -1.08727881  -0.53693439
  N    -2.76493068  -1.54563343   1.18278241
  N     2.12676344   2.19495623   2.97082060
  N     2.39722363   1.59699317   0.30459246
  N     1.58313643   3.44924457  -1.57340141
  N     1.67989939  -0.46881174  -2.53906519
  N     1.14695674   1.73852467  -3.11397115
  N     0.64352141  -0.02308672  -4.56554834
  C    -1.64229603  -2.36699744   0.86613029
  C    -2.02413713  -3.33290287  -0.25169688
  C    -2.59312505  -2.64342735  -1.48543203
  C    -2.83818644  -0.31613586   1.80720596
  C    -1.54745887   0.32413930   2.19848684
  C    -0.42663038  -1.59164705   0.41331972
  C     0.87598840   1.60394478   2.75299787
  C     2.54943583   3.23890358   2.06742078
  C    -1.34257307   1.64292640   1.82123023
  C    -0.55961188  -0.32570140   2.92317275
  C    -0.15384076   2.27948927   2.10013856
  C     0.63879592   0.30025599   3.19144289
  C    -1.66583065  -2.70807178  -2.67812858
  C     2.32325017   2.86157144   0.62159398
  C     2.06417158   1.22429186  -0.93265166
  C     1.93282607   3.80134189  -0.36195233
  C     1.60575158   2.13657885  -1.88846800
  C     2.12108909  -0.19349617  -1.27077732
  C     1.14629890   0.47062571  -3.39194389
  H    -1.31326319  -2.96422286   1.72776996
  H    -1.15805736  -3.94669888  -0.50393628
  H    -2.77227953  -4.02053267   0.15101532
  H    -2.81341415  -1.60160901  -1.26994176
  H    -3.51725508  -3.12965863  -1.79856400
  H    -3.67629536  -1.94189069   1.01900357
  H     3.61277835   3.43429504   2.25333948
  H     2.01191239   4.16955027   2.27715617
  H    -2.12424689   2.17112041   1.28890621
  H    -0.71160505  -1.33827675   3.27092478
  H     2.83887767   1.48717027   3.08764979
  H    -0.01653914   3.30357185   1.79447673
  H     1.41732041  -0.23000297   3.72458337
  H     1.90018496   4.86251703  -0.11664305
  H     1.46302080  -1.67619718   0.43280752
  H     1.63129419  -1.44143149  -2.79882366
  H    -0.68245905  -1.28244042  -1.82847836
  H     0.13948011   0.66966045  -5.10020692
  H     0.20291302  -0.93102633  -4.49879807
$end
$temperature
298.15
$end
$mult
 1
$end
$sigma
 1
$end
$pressure
1.00000
$end
$scale
1.0
$end
$msrrho
$end
$freq
23.23
34.24
41.23
44.13
55.41
76.04
82.19
96.54
107.71
119.32
123.83
140.83
152.20
164.56
186.97
198.22
212.11
216.25
244.66
254.59
265.53
279.16
287.21
325.81
338.88
354.03
364.61
390.84
408.63
441.75
448.23
456.14
458.60
472.82
489.00
503.66
505.63
537.71
557.65
590.30
608.26
615.92
622.81
639.27
644.73
662.48
670.17
678.68
687.97
702.86
721.17
743.12
776.68
790.51
802.38
825.57
827.45
842.19
848.80
855.47
867.75
890.18
898.27
923.02
930.51
938.18
943.46
953.87
998.89
1007.17
1021.32
1038.78
1050.72
1055.65
1062.77
1076.65
1082.26
1094.83
1109.39
1153.16
1166.52
1171.23
1178.31
1185.05
1196.79
1208.70
1216.73
1225.40
1239.09
1247.17
1282.70
1303.08
1321.17
1326.45
1336.61
1338.18
1346.80
1356.79
1371.11
1373.35
1404.39
1408.77
1430.31
1438.99
1444.12
1451.93
1458.24
1466.36
1468.29
1480.06
1481.26
1514.51
1522.48
1572.16
1577.28
1581.26
1612.63
1644.43
1652.47
1740.48
1759.03
1794.58
1796.67
1818.65
1836.61
1844.58
1890.07
1914.63
3078.07
3108.06
3128.34
3157.50
3163.03
3188.91
3206.79
3253.26
3256.35
3257.75
3277.57
3280.10
3322.11
3564.76
3657.48
3726.49
3791.50
3819.21
3821.81
$end
