
$molecule
   O     1.04272917   1.13871527  -5.26668951
  O     1.13936401   0.42865340  -1.31582865
  O     1.41003923  -0.77351032  -4.16367993
  O    -0.43174074   3.89563932  -0.94545091
  O    -2.33945107   4.60662600  -1.86590329
  O    -1.65869810   0.85329030   0.79379715
  N    -0.64694508  -0.37177786  -2.46074376
  N    -0.46334858  -3.97321107   2.87253046
  N    -0.75100537  -0.90871283   2.83973598
  N     1.81619869  -0.51451237   3.74552375
  N     0.32330493   1.91239818   0.89142620
  N     2.13070146   1.21341011   2.20572378
  N     2.40576962   2.87400919   0.58459226
  C    -0.48932768   0.55203027  -3.54156094
  C    -0.46815317   1.98692168  -3.07762454
  C    -1.65786236   2.31551601  -2.20762261
  C     0.27926246  -0.41086286  -1.44798241
  C     0.08332439  -1.52331864  -0.47112394
  C     0.76192833   0.21841596  -4.33675381
  C    -0.28528023  -3.30224271   1.62436316
  C    -0.93704495  -3.03581714   3.91306149
  C     1.17514808  -1.97354788   0.25609956
  C    -1.18107120  -2.02345314  -0.19527989
  C     0.99251105  -2.87260796   1.28596406
  C    -1.36505818  -2.90840444   0.84681717
  C    -1.55940918   3.71629852  -1.68241013
  C    -0.22527536  -1.73654260   3.71376365
  C    -0.01944529   0.09922612   2.37851154
  C     1.07322574  -1.49798464   4.19595856
  C     1.31047692   0.28533787   2.78770679
  C    -0.57702607   0.95239548   1.31340312
  C     1.63535716   1.95451819   1.26119063
  H    -1.33875354   0.40126432  -4.22269006
  H     0.44076847   2.15849148  -2.51943437
  H    -0.45133507   2.63571580  -3.95368624
  H    -1.70937671   1.65210547  -1.34618032
  H    -2.59430369   2.23529178  -2.75945473
  H    -1.07346908  -1.25633290  -2.68017571
  H    -0.73485798  -3.47742616   4.89670271
  H    -2.01248674  -2.84570499   3.83915844
  H     2.15936224  -1.58209224   0.03330884
  H    -2.04414890  -1.65707092  -0.73334890
  H    -1.10491212  -4.75575053   2.79272160
  H     1.82995002  -3.20235582   1.88428910
  H    -2.36253996  -3.22971883   1.11550755
  H     1.50338016  -2.15453172   4.95013699
  H     1.82351709   0.83668911  -5.75056111
  H     0.01480789   2.53491037   0.15840737
  H    -0.42898477   4.80361301  -0.61194141
  H     3.39160628   2.75076621   0.76745521
  H     2.16857779   2.97524117  -0.39172997
$end
$temperature
298.15
$end
$mult
 1
$end
$sigma
 1
$end
$pressure
1.00000
$end
$scale
1.0
$end
$msrrho
$end
$freq
21.54
29.70
37.97
41.99
52.65
57.92
68.37
80.10
93.33
104.39
114.65
126.09
129.34
135.78
149.15
181.83
187.42
211.48
236.86
246.07
256.71
275.21
285.35
321.46
348.14
357.98
364.36
379.87
387.80
400.15
433.27
449.93
457.37
467.39
476.34
499.13
515.24
529.97
556.14
559.87
577.21
590.22
604.51
615.71
622.63
634.82
659.13
670.11
681.24
685.64
699.44
706.71
741.20
754.90
774.07
792.07
810.46
817.16
834.18
841.10
860.96
870.12
895.22
906.29
910.44
927.24
941.97
947.62
967.09
997.31
1004.81
1031.16
1042.92
1057.08
1067.86
1072.44
1085.13
1100.59
1126.32
1138.49
1150.27
1155.59
1163.78
1174.09
1193.01
1198.30
1212.14
1215.68
1216.82
1236.05
1243.41
1273.42
1291.17
1294.68
1307.48
1320.71
1324.10
1332.86
1336.49
1352.01
1371.19
1380.42
1383.30
1413.14
1415.97
1435.10
1460.22
1463.05
1467.33
1478.79
1491.31
1493.33
1520.56
1547.24
1574.74
1586.93
1632.90
1639.08
1645.11
1738.21
1746.05
1791.49
1800.53
1817.98
1863.32
1886.62
1915.14
1923.16
3075.40
3115.18
3159.00
3165.19
3179.30
3221.40
3253.03
3264.22
3269.08
3281.59
3286.02
3339.85
3625.61
3663.71
3780.51
3795.28
3825.98
3899.79
3909.36
$end
