
$molecule
   O     0.00104696   7.02917363  -1.03007472
  O     0.19450353   4.62590650   2.27115212
  O     2.03928735   7.94292773  -0.85745644
  O     2.95989282   2.09702393   1.46996723
  O     2.60606975   2.83052812  -0.60184820
  O     0.70187218  -5.87174041  -2.45014215
  N     0.74328626   4.77683150   0.07186057
  N    -1.31120015  -1.30374842   0.41451751
  N    -1.15018068  -4.05987029  -1.26089635
  N    -3.21684496  -5.20050032   0.17383307
  N    -0.45740158  -7.59841743  -1.55900570
  N    -2.38745081  -7.34330347  -0.25190688
  N    -1.56864759  -9.46739561  -0.71841482
  C     1.61631919   5.89724914   0.30733500
  C     3.06713407   5.52191176   0.15238767
  C     3.45587410   4.36736651   1.04572330
  C     0.22628715   4.11710910   1.17690498
  C    -0.23250522   2.72243135   0.91400181
  C     1.25713737   7.07285686  -0.59953292
  C    -0.98932576   0.04264448   0.55541047
  C    -1.92053449  -1.81054450  -0.79762737
  C    -0.49681415   2.22247671  -0.35391480
  C    -0.36652515   1.86799426   2.00603894
  C    -0.87416752   0.90639662  -0.53516423
  C    -0.73038633   0.55305062   1.83738954
  C     2.97068518   3.04152814   0.52816997
  C    -2.06069792  -3.30212858  -0.69447089
  C    -1.24791997  -5.38524024  -1.13292356
  C    -3.10996711  -3.90024962   0.03099744
  C    -2.28535130  -5.98289389  -0.40402193
  C    -0.22826339  -6.23373671  -1.78724409
  C    -1.49608597  -8.09871147  -0.81626405
  H     1.42066083   6.23965284   1.32614110
  H     3.26265772   5.24721197  -0.88170638
  H     3.67567798   6.39917497   0.37877718
  H     3.07808862   4.48797276   2.06073408
  H     4.54630702   4.28676533   1.11926722
  H     1.04258447   4.17047980  -0.67589048
  H    -1.27848410  -1.58788867  -1.64942988
  H    -2.90279477  -1.35443047  -0.98648654
  H    -0.41831294   2.85580195  -1.22792739
  H    -0.16393414   2.25486702   2.99719765
  H    -1.67795479  -1.71083690   1.26054269
  H    -1.07494242   0.54457179  -1.53251060
  H    -0.81658655  -0.10155291   2.69582363
  H    -3.87444949  -3.27890317   0.49552605
  H    -0.39114448   6.20830416  -0.70231794
  H     0.18005289  -8.22994022  -2.01630019
  H     2.62948671   1.28154527   1.06938525
  H    -2.22818126  -9.79141472  -0.02732081
  H    -0.71785716  -9.99830680  -0.80828515
$end
$temperature
298.15
$end
$mult
 1
$end
$sigma
 1
$end
$pressure
1.00000
$end
$scale
1.0
$end
$msrrho
$end
$freq
7.96
9.25
19.24
26.77
31.92
42.19
48.85
54.93
61.26
69.33
81.49
92.31
126.15
142.35
148.02
162.07
166.67
179.21
209.15
235.17
252.22
269.11
281.33
315.59
323.72
346.23
350.83
378.24
389.19
411.32
433.89
442.48
456.84
470.07
488.59
510.72
526.90
531.16
540.92
550.25
551.23
567.15
574.40
599.02
603.86
627.88
643.34
653.50
664.26
669.51
697.74
701.16
710.61
721.93
764.36
784.52
788.62
801.46
816.82
835.36
856.03
862.02
884.78
890.52
917.33
922.06
932.92
945.79
960.20
1006.26
1017.14
1020.79
1044.15
1048.96
1057.50
1067.53
1088.00
1098.11
1108.45
1150.34
1161.20
1162.58
1176.46
1182.43
1188.66
1202.80
1205.20
1209.98
1222.30
1234.65
1239.99
1252.77
1282.45
1293.16
1299.26
1318.64
1333.98
1337.81
1346.73
1348.26
1379.57
1384.77
1394.32
1411.94
1424.36
1437.31
1454.36
1460.24
1479.85
1480.45
1491.94
1510.89
1512.46
1551.76
1572.18
1577.72
1617.19
1632.06
1646.46
1733.17
1740.00
1781.51
1787.99
1804.63
1862.35
1896.21
1899.55
1928.90
3067.69
3098.52
3146.24
3202.91
3206.46
3210.78
3214.11
3241.90
3243.01
3261.44
3264.98
3290.34
3694.63
3774.67
3815.49
3817.96
3828.27
3901.79
3906.27
$end
