
$molecule
   O     1.26193377   3.99000226   2.31277650
  O     2.00125238   1.40144522   0.92277780
  O     3.48496165   4.07265012   2.44772538
  O     5.77985689   2.83513349   6.10013214
  O     3.55908483   2.61814371   6.12104652
  O    -1.09070983   0.17439106  -5.07391473
  N     1.19147318   1.46414164   3.03487473
  N    -3.73903032  -1.28635642  -0.03409501
  N    -2.84877507  -1.09426325  -3.23021022
  N    -3.04479383  -3.84027009  -3.42066759
  N    -0.62741777  -1.84707967  -5.98214722
  N    -1.55764917  -3.86314908  -5.22640442
  N    -0.04494222  -3.86647501  -6.99161906
  C     2.31295229   2.23881653   3.49437619
  C     3.56868780   1.40701638   3.49987754
  C     4.77868304   2.08003199   4.10254044
  C     1.10035755   1.16249634   1.69372475
  C    -0.18601478   0.52724676   1.27508568
  C     2.45064128   3.51271982   2.68721581
  C    -2.56632501  -0.65159990   0.37676967
  C    -4.33852671  -1.00806132  -1.31703059
  C    -0.58191415   0.64109000  -0.05090908
  C    -0.99425004  -0.19051295   2.15249724
  C    -1.75690055   0.07073611  -0.49958174
  C    -2.16270272  -0.77422045   1.71298553
  C     4.60396031   2.52279370   5.52657297
  C    -3.62218535  -1.75919760  -2.40703239
  C    -2.16521237  -1.76767914  -4.15989863
  C    -3.70726837  -3.16242907  -2.51437995
  C    -2.25208381  -3.15970552  -4.27260779
  C    -1.28121866  -1.00927043  -5.06793170
  C    -0.78452762  -3.20863167  -6.03640590
  H     2.09118942   2.55616424   4.51734969
  H     3.34270722   0.49907699   4.06011380
  H     3.80196027   1.11804061   2.47830456
  H     5.05293141   2.96828608   3.53546865
  H     5.63800543   1.40420256   4.07829898
  H     0.31767191   1.59667483   3.51378340
  H    -4.32107626   0.05255328  -1.57593683
  H    -5.38504955  -1.32999055  -1.26700177
  H     0.04561634   1.19326877  -0.74029511
  H    -0.70143421  -0.31899170   3.18774869
  H    -4.38789603  -1.45618243   0.71779275
  H    -2.04473369   0.18893424  -1.53162764
  H    -2.77720373  -1.34229407   2.40054676
  H    -4.34071162  -3.72004516  -1.82729615
  H     1.41725672   4.80756691   1.82269820
  H     0.02731648  -1.39425749  -6.59894489
  H     5.59143424   3.13598066   6.99920491
  H     0.21021044  -3.36056845  -7.82409862
  H    -0.31959139  -4.82837288  -7.12225227
$end
$temperature
298.15
$end
$mult
 1
$end
$sigma
 1
$end
$pressure
1.00000
$end
$scale
1.0
$end
$msrrho
$end
$freq
9.76
12.79
15.45
19.42
28.84
39.37
47.49
56.78
61.64
76.71
92.13
108.25
115.37
141.29
148.06
163.54
167.72
172.51
233.68
244.16
264.99
275.93
285.62
307.59
334.00
345.29
354.75
361.46
380.23
393.79
397.39
424.14
452.18
461.92
483.53
488.40
502.99
514.89
536.74
543.79
551.08
553.91
574.39
594.11
597.61
602.69
613.91
621.35
644.83
652.46
679.64
685.51
702.88
721.74
740.56
781.86
783.45
797.81
819.89
834.25
841.63
855.22
859.66
884.24
896.05
917.99
929.25
935.53
938.96
992.95
1004.47
1018.64
1048.60
1060.24
1070.48
1083.05
1089.74
1095.65
1121.70
1140.18
1152.49
1158.98
1173.66
1175.38
1192.57
1200.59
1208.84
1212.83
1216.52
1223.85
1260.46
1263.29
1280.52
1292.21
1313.60
1323.86
1332.64
1342.63
1346.06
1350.36
1353.68
1382.96
1389.72
1397.38
1419.45
1450.73
1460.04
1462.92
1474.29
1481.76
1484.23
1500.92
1513.28
1547.85
1567.52
1578.28
1613.88
1632.10
1647.24
1736.05
1747.81
1784.94
1789.70
1805.25
1856.90
1890.71
1897.33
1918.50
3094.46
3124.61
3153.11
3199.47
3202.45
3223.70
3231.38
3238.98
3247.01
3255.60
3255.96
3332.84
3692.34
3773.43
3816.38
3825.69
3835.72
3903.45
3925.76
$end
