
$molecule
   O     0.75430290   3.23798124   0.03117193
  O    -0.31295459   1.39773902   4.37319660
  O     1.36055386   1.17398150   0.62007629
  O    -2.69276872  -0.26557280  -2.10593431
  O    -3.72114680   0.48798783  -0.28097128
  O     4.29297759  -0.88806420  -0.15347460
  N    -1.02869068   2.04394835   2.31395999
  N    -0.76886387  -3.92668618   0.62073245
  N     1.84556068  -2.23545986  -0.70277671
  N    -0.01578641  -0.82665582  -2.14589030
  N     3.51988484   0.90957432  -1.28896134
  N     1.38585121   1.03235681  -2.24436008
  N     2.73007474   2.92788053  -2.14408411
  C    -0.92231224   1.79094876   0.90628813
  C    -1.90538895   2.56790714   0.07282768
  C    -2.07037236   1.89980712  -1.27307417
  C    -0.65843189   1.09301181   3.25884932
  C    -0.73052351  -0.30983177   2.73780907
  C     0.51689860   2.01930496   0.49887464
  C    -0.76263162  -2.75533758   1.40338371
  C     0.32803496  -4.08888237  -0.32297232
  C     0.42573693  -1.06575611   2.63852319
  C    -1.92051021  -0.81197395   2.22532953
  C     0.41043157  -2.28119663   1.98188857
  C    -1.93925891  -2.02147995   1.56499810
  C    -2.90653848   0.63896664  -1.15151917
  C     0.68093354  -2.77950717  -0.97954443
  C     2.11071349  -1.00973505  -1.14279088
  C    -0.25475985  -2.05111599  -1.72650559
  C     1.16785976  -0.26980770  -1.85854891
  C     3.40521530  -0.39475323  -0.78383121
  C     2.51474873   1.57428992  -1.92091575
  H    -1.09310634   0.73383822   0.75528575
  H    -2.86411185   2.56827296   0.58600852
  H    -1.57800259   3.59923737  -0.04332977
  H    -1.10784105   1.66804340  -1.72717338
  H    -2.60467058   2.55114462  -1.97302073
  H    -0.89519735   2.99532829   2.62056319
  H     0.02731409  -4.84175196  -1.06074641
  H     1.22665004  -4.44633014   0.18210056
  H     1.35746279  -0.68389306   3.03746697
  H    -2.83207660  -0.22976923   2.28643988
  H    -1.66975577  -4.05779248   0.18223651
  H     1.32261433  -2.84926371   1.88089167
  H    -2.86192570  -2.37588341   1.12270255
  H    -1.22641176  -2.47871925  -1.95586384
  H     1.66431430   3.29010774  -0.29323478
  H     4.34623992   1.40956552  -1.00374550
  H    -1.80329378  -0.17197760  -2.48750386
  H     2.06628762   3.30854675  -2.80582081
  H     3.68667067   3.19742643  -2.32501056
$end
$temperature
298.15
$end
$mult
 1
$end
$sigma
 1
$end
$pressure
1.00000
$end
$scale
1.0
$end
$msrrho
$end
$freq
29.37
33.94
44.40
45.71
56.08
62.90
72.91
79.37
83.89
120.13
123.82
135.60
141.16
169.04
170.06
177.61
190.34
194.99
213.14
244.94
261.34
287.56
311.59
330.61
344.73
357.26
364.32
386.89
391.45
412.26
423.97
443.82
451.68
489.41
508.04
532.82
536.45
550.14
557.45
566.63
593.66
599.55
602.38
616.50
630.70
642.36
644.81
656.15
676.34
692.59
695.03
698.49
702.59
711.52
736.63
760.89
794.50
824.15
832.76
849.56
857.87
864.90
879.22
891.58
902.74
922.50
925.45
932.86
939.69
994.78
1014.37
1024.38
1053.65
1060.93
1063.51
1070.59
1095.66
1113.59
1126.31
1136.27
1163.17
1165.86
1172.39
1200.25
1205.74
1211.19
1217.17
1218.53
1236.03
1246.94
1248.61
1254.79
1282.32
1294.50
1315.10
1326.27
1339.95
1342.51
1348.09
1348.74
1364.50
1393.76
1401.08
1422.88
1433.49
1449.12
1458.23
1459.83
1464.79
1466.73
1485.03
1492.07
1514.08
1529.84
1564.99
1581.98
1626.98
1635.33
1640.30
1754.26
1762.37
1796.97
1805.35
1816.27
1863.30
1906.40
1912.82
1921.58
3095.10
3101.87
3172.98
3205.71
3218.25
3249.35
3255.61
3256.26
3256.86
3259.77
3302.32
3369.90
3647.29
3719.82
3775.09
3775.77
3788.43
3819.91
3894.16
$end
