
$molecule
   O     2.55057033  -4.64338451   3.90286030
  O     0.26565109  -3.86569653   2.88679964
  O     4.41060636  -5.19613902   2.78740403
  O     0.16559791  -6.41790287  -1.78728233
  O     0.49065587  -7.02280512   0.33947214
  O    -0.26377216   4.55785739  -3.51676302
  N     1.80265523  -3.85155714   1.23447076
  N    -1.24544871   1.68769834   0.10982476
  N    -1.37932921   4.11985186  -0.94028950
  N    -2.85082950   6.18969454   0.12616961
  N    -1.15498549   6.64098184  -3.52077091
  N    -2.43791720   7.51284036  -1.76090426
  N    -2.03797123   8.79470168  -3.65845352
  C     2.33150137  -5.13919197   1.60062800
  C     3.05699977  -5.76440281   0.44257858
  C     2.22303860  -5.80354095  -0.81723677
  C     0.75376107  -3.30643725   1.91679931
  C     0.25830197  -1.99791572   1.41335414
  C     3.22623494  -5.00300205   2.82930167
  C    -0.74547352   0.48434068   0.56679135
  C    -1.73461041   2.70259948   0.99532954
  C    -0.49668661  -1.20411184   2.26957523
  C     0.49657700  -1.53900586   0.11750667
  C    -0.98919032   0.01819163   1.86344173
  C     0.00524211  -0.32443992  -0.30177273
  C     0.89153144  -6.48359700  -0.65717705
  C    -1.93625265   3.98755369   0.23543438
  C    -1.53615985   5.26532850  -1.61152033
  C    -2.68999171   5.05982844   0.76860633
  C    -2.27609639   6.32778524  -1.08728331
  C    -0.90969451   5.38950899  -2.94215041
  C    -1.88713236   7.64001182  -2.92857808
  H     1.48426828  -5.75992320   1.88586659
  H     3.97618006  -5.21128668   0.24572210
  H     3.35005113  -6.77461707   0.72843565
  H     2.75607743  -6.32859021  -1.61675308
  H     2.01531305  -4.80238989  -1.19665548
  H     2.39103792  -3.22723939   0.71256231
  H    -1.04420301   2.89730442   1.83066243
  H    -2.68361911   2.40011429   1.45822902
  H    -0.69298529  -1.56069755   3.27377660
  H     1.05683827  -2.14262937  -0.58634709
  H    -0.83353885   2.05159777  -0.73615695
  H    -1.56870443   0.61841342   2.54934862
  H     0.19191661   0.02152341  -1.31098290
  H    -3.16050666   4.96138007   1.74626654
  H     1.61570331  -4.45563982   3.66922149
  H    -0.78888500   6.77312166  -4.44971166
  H    -0.67374712  -6.86790958  -1.62008050
  H    -1.32636944   9.02945729  -4.33114621
  H    -2.42221033   9.56236649  -3.12842341
$end
$temperature
298.15
$end
$mult
 1
$end
$sigma
 1
$end
$pressure
1.00000
$end
$scale
1.0
$end
$msrrho
$end
$freq
4.42
11.40
13.39
25.20
30.91
35.50
47.60
61.25
73.99
84.84
86.15
105.34
118.93
136.00
152.23
160.86
162.88
202.09
210.54
213.89
239.15
258.61
303.91
311.74
327.40
346.96
354.71
362.73
368.86
388.08
417.44
448.51
469.46
482.14
485.18
492.44
523.66
530.38
534.53
536.40
549.22
558.15
567.81
590.08
601.73
606.18
639.71
653.97
660.29
673.32
699.66
700.16
716.33
725.93
776.34
787.27
814.01
826.48
837.61
850.92
852.71
884.84
890.79
907.16
917.52
931.03
938.23
946.56
958.87
993.45
1032.55
1037.76
1051.00
1058.64
1063.58
1078.47
1084.27
1087.56
1098.36
1145.50
1163.09
1169.96
1183.60
1190.46
1205.23
1206.22
1213.29
1219.31
1224.87
1235.25
1247.46
1270.81
1283.18
1298.44
1303.47
1322.17
1333.06
1338.79
1348.02
1368.18
1375.80
1392.73
1404.36
1425.64
1433.15
1454.25
1457.86
1466.29
1487.26
1498.72
1501.57
1512.29
1520.75
1564.62
1578.39
1580.43
1612.89
1633.33
1655.30
1737.05
1754.12
1770.22
1789.14
1796.60
1812.60
1895.05
1908.40
1924.33
3037.87
3105.22
3113.91
3139.95
3192.23
3208.43
3218.68
3242.12
3248.26
3254.94
3267.90
3283.59
3563.65
3692.47
3778.51
3814.38
3826.02
3864.06
3898.05
$end
