
$molecule
   O     3.13708964   3.38350264  -1.49721664
  O    -1.14046039   2.48063394   1.35145422
  O     0.92051625   3.37488321  -1.22087055
  O     6.01291740  -0.49785873  -0.92273971
  O     4.10894497  -1.47073972  -0.25676428
  O    -3.73914669   0.69947417  -1.28617316
  N     1.11067349   2.37262100   1.30612652
  N    -0.68207674  -2.75725384  -2.23824538
  N    -2.85678203  -1.93865690  -0.78832978
  N    -2.71208412  -2.73369987   1.83432372
  N    -3.56038310   1.10678035   0.93239141
  N    -3.17953182  -0.55470979   2.54423204
  N    -3.29498185   1.69636389   3.16094244
  C     2.28203887   2.34406604   0.46614243
  C     2.82109856   0.95596208   0.19788780
  C     4.26718367   0.93449950  -0.23350268
  C    -0.14626446   1.92918386   0.92902204
  C    -0.19135109   0.71154317   0.06435395
  C     2.01487997   3.08469263  -0.83260258
  C    -0.39814658  -1.58852768  -1.50282937
  C    -1.50932037  -3.76193256  -1.55691592
  C     0.15488954  -0.52845320   0.58642671
  C    -0.60266936   0.79965314  -1.25510114
  C     0.07746892  -1.66064297  -0.19488785
  C    -0.69503429  -0.33511309  -2.03321311
  C     4.74969813  -0.47420156  -0.45929059
  C    -2.34829214  -3.11026382  -0.48854956
  C    -3.21997891  -1.11677403   0.18466703
  C    -2.35014175  -3.53013374   0.85384525
  C    -3.06684897  -1.47094989   1.53277496
  C    -3.55348174   0.27347409  -0.18002380
  C    -3.33075519   0.69446460   2.21480887
  H     3.04800309   2.92025216   1.00079015
  H     2.72316289   0.38146894   1.11451214
  H     2.22606866   0.45742569  -0.55600687
  H     4.92278587   1.38336425   0.51702957
  H     4.42878440   1.48718653  -1.15721961
  H     1.02119646   3.22124220   1.84894330
  H    -0.87668865  -4.52690855  -1.09089784
  H    -2.11853002  -4.26329700  -2.31678939
  H     0.48079840  -0.61578858   1.61592270
  H    -0.88117885   1.75771722  -1.67144734
  H    -1.10663291  -2.49553716  -3.11841983
  H     0.34798832  -2.62088917   0.21677947
  H    -1.08597561  -0.25986476  -3.03882857
  H    -2.01102906  -4.53092192   1.11821305
  H     2.88656584   3.86462381  -2.29808244
  H    -3.56881509   2.09576814   0.74358150
  H     6.26227343  -1.42425268  -1.04352752
  H    -2.78616007   2.51279579   2.84505386
  H    -2.99228488   1.34372817   4.05825038
$end
$temperature
298.15
$end
$mult
 1
$end
$sigma
 1
$end
$pressure
1.00000
$end
$scale
1.0
$end
$msrrho
$end
$freq
13.46
21.03
22.54
25.00
37.77
57.08
62.01
67.63
73.82
86.55
94.26
107.18
118.59
135.39
145.84
170.42
184.26
188.79
212.79
226.02
239.56
264.83
301.94
310.94
330.87
340.19
350.06
369.20
394.40
411.99
419.36
452.84
457.56
471.10
485.55
500.15
539.99
544.00
551.62
559.78
590.47
600.96
606.40
609.59
642.26
651.18
658.47
674.67
679.71
685.58
689.69
695.11
702.16
718.02
770.20
781.35
811.14
820.15
824.88
827.03
857.00
866.72
878.82
884.75
905.50
920.39
926.49
936.54
948.16
958.86
985.82
1041.44
1056.60
1065.29
1069.85
1089.60
1102.79
1112.53
1117.45
1120.62
1159.25
1173.33
1174.17
1175.97
1186.59
1191.53
1201.11
1216.17
1218.12
1227.19
1236.19
1278.62
1284.86
1293.58
1312.93
1316.16
1332.24
1334.75
1340.54
1348.42
1360.62
1396.58
1414.64
1420.34
1444.62
1451.73
1452.77
1459.38
1469.67
1472.94
1489.36
1506.34
1508.98
1517.22
1567.82
1581.22
1623.80
1632.27
1644.12
1734.28
1747.55
1784.08
1797.25
1815.88
1841.93
1898.75
1902.32
1930.20
3072.29
3127.74
3130.41
3154.87
3209.33
3211.89
3233.57
3251.29
3267.52
3290.26
3301.76
3317.49
3641.23
3700.00
3738.54
3774.11
3833.66
3895.56
3897.21
$end
