
$molecule
   O     3.25442642  -2.19294019   1.24394314
  O     3.19319199   0.93004471   0.78573896
  O     5.42665256  -1.75997919   1.57953239
  O     3.20727653   1.72568281   4.58112851
  O     4.44031645   1.26541549   6.38825928
  O    -0.48359275   0.64686479  -4.87756792
  N     2.45744677  -0.13463426   2.64977592
  N    -3.15129567   1.66385943   0.11841301
  N    -2.61292410   1.07798699  -3.04315102
  N    -4.72648249  -0.68831511  -3.18452141
  N    -1.64070800  -1.08134268  -5.77382213
  N    -3.72999198  -1.80071403  -4.98563805
  N    -2.70620144  -2.90877168  -6.75405997
  C     3.79426133  -0.59944136   2.89937488
  C     3.89266883  -1.28096649   4.24961335
  C     3.22595650  -0.52269683   5.38003618
  C     2.26080493   0.57828889   1.45888129
  C     0.83511832   0.85316098   1.13573627
  C     4.27461434  -1.55859680   1.83317371
  C    -1.81888925   1.42399995   0.43062823
  C    -3.55601730   2.24383929  -1.13989133
  C     0.49867556   1.18414148  -0.17216898
  C    -0.17421731   0.82350904   2.09562159
  C    -0.80468686   1.46046197  -0.52839784
  C    -1.47742931   1.10603720   1.75351404
  C     3.69858590   0.91174768   5.51405814
  C    -3.62026925   1.18834705  -2.21147949
  C    -2.63003183   0.10239944  -3.95409562
  C    -4.68955681   0.27331892  -2.29299244
  C    -3.69524965  -0.80101322  -4.04478194
  C    -1.47575314  -0.02594838  -4.86648711
  C    -2.73255036  -1.91159244  -5.80771793
  H     4.46776450   0.25729253   2.85406015
  H     3.42831412  -2.26886914   4.19009084
  H     4.95136647  -1.43383940   4.47223930
  H     3.44337950  -1.02124653   6.32609301
  H     2.14292235  -0.51455973   5.24682379
  H     1.73975365  -0.82209164   2.82110841
  H    -2.87256862   3.02512560  -1.47700973
  H    -4.54543498   2.69092725  -0.99473556
  H     1.27994467   1.22292747  -0.92230479
  H     0.05477092   0.59812336   3.12983715
  H    -3.72718836   1.88793723   0.91322432
  H    -1.03590043   1.70260641  -1.55330137
  H    -2.25287180   1.08443057   2.50922711
  H    -5.52591776   0.35247227  -1.60072156
  H     3.61735300  -2.78919496   0.57602612
  H    -0.86747679  -1.24648426  -6.39766943
  H     2.73015364   1.21400856   3.91009486
  H    -2.17132475  -2.75283084  -7.59295174
  H    -3.59118826  -3.37888820  -6.87078657
$end
$temperature
298.15
$end
$mult
 1
$end
$sigma
 1
$end
$pressure
1.00000
$end
$scale
1.0
$end
$msrrho
$end
$freq
8.70
9.83
15.89
23.43
45.80
50.36
58.86
66.90
74.22
76.88
96.21
103.21
117.12
133.59
148.02
164.16
170.01
184.15
214.92
229.64
251.43
273.00
300.93
310.07
337.79
340.96
349.74
357.51
359.32
391.64
406.91
427.11
451.82
457.06
484.64
494.15
507.52
536.97
550.76
554.33
563.24
591.70
598.31
604.81
612.03
619.18
633.04
645.01
668.42
678.87
683.69
703.10
721.77
779.13
788.99
799.35
803.63
819.35
819.83
842.25
845.52
853.48
870.70
893.52
913.57
918.53
929.48
936.15
945.87
1003.87
1004.44
1020.20
1034.44
1048.47
1055.65
1073.04
1078.57
1088.06
1095.36
1150.47
1152.28
1158.56
1175.04
1181.45
1200.39
1208.07
1212.60
1215.24
1217.06
1256.04
1264.18
1274.81
1292.45
1293.72
1317.88
1330.46
1338.97
1341.25
1347.04
1374.42
1379.87
1390.13
1398.00
1410.14
1428.78
1448.87
1450.78
1461.08
1467.48
1468.78
1485.23
1488.22
1513.59
1531.09
1569.02
1578.20
1614.03
1632.49
1644.29
1735.91
1747.29
1780.97
1788.81
1801.21
1878.89
1897.86
1916.83
1927.69
3101.68
3103.46
3127.65
3184.09
3206.52
3208.23
3218.84
3231.92
3241.20
3251.50
3254.29
3329.87
3691.91
3789.66
3797.47
3814.89
3825.27
3835.30
3919.69
$end
