
$molecule
   O    -0.57675782  -4.25314104   3.13213940
  O    -4.92543356  -2.87405780   0.83680716
  O    -2.68341191  -4.76400869   3.67945991
  O     1.07713897  -2.96599513   5.85157505
  O    -1.03255099  -3.67111526   6.04875373
  O     2.75279288   4.13157647  -1.02890957
  N    -3.60016490  -2.45362675   2.63341429
  N    -0.49874940   0.79618767  -1.97976570
  N     1.67463904   2.13670554  -2.74270106
  N     2.70654591   2.02551705  -5.29422151
  N     4.10207186   4.81468300  -2.71561555
  N     4.13055509   3.82838831  -4.84376898
  N     5.55714148   5.59906412  -4.36032718
  C    -2.24000159  -2.51210682   3.08432962
  C    -2.07439270  -1.70761296   4.35629844
  C    -0.65639725  -1.62907031   4.87298973
  C    -3.93505748  -2.35099007   1.28765905
  C    -3.00980320  -1.52310584   0.44960272
  C    -1.86696438  -3.96977613   3.32809011
  C    -1.31990531   0.00378836  -1.18878877
  C     0.18009596   0.26704273  -3.12693853
  C    -2.68337193  -1.95363686  -0.82797591
  C    -2.50067173  -0.30594621   0.89532232
  C    -1.84343345  -1.21059491  -1.63700328
  C    -1.67152119   0.44796472   0.09461262
  C    -0.24521833  -2.86902413   5.64380291
  C     1.23268031   1.24124335  -3.58795119
  C     2.62444790   2.99147107  -3.13507604
  C     1.77391680   1.19703509  -4.89414240
  C     3.16053461   2.95187484  -4.42460554
  C     3.11229704   3.99134764  -2.16510151
  C     4.56662801   4.71542709  -4.00395029
  H    -1.59288753  -2.10764548   2.30803744
  H    -2.43802748  -0.69846636   4.14982646
  H    -2.70741501  -2.14098987   5.12563028
  H    -0.55921856  -0.78816701   5.56962874
  H     0.05599103  -1.44369697   4.06563911
  H    -4.19221366  -3.12245353   3.11156465
  H    -0.52331576   0.07280722  -3.94718716
  H     0.66975068  -0.69735951  -2.91955027
  H    -3.08891148  -2.89153793  -1.19071280
  H    -2.76479034   0.06011773   1.87976359
  H     0.04856800   1.48211985  -1.48117982
  H    -1.59380780  -1.57088556  -2.62439274
  H    -1.28241461   1.39523332   0.44771119
  H     1.41555522   0.45564639  -5.60736308
  H    -0.12784644  -3.52418592   2.69742848
  H     4.50731265   5.49122633  -2.08917588
  H     1.53754716  -2.19871324   5.49877144
  H     5.60150769   6.48374481  -3.88139001
  H     5.74693752   5.61769757  -5.35106366
$end
$temperature
298.15
$end
$mult
 1
$end
$sigma
 1
$end
$pressure
1.00000
$end
$scale
1.0
$end
$msrrho
$end
$freq
8.62
13.23
20.30
22.65
33.75
43.44
51.51
61.75
65.82
85.71
98.76
107.93
121.60
127.12
146.61
152.56
162.92
173.13
182.04
210.98
227.35
260.94
295.28
312.28
327.59
345.39
349.20
356.91
373.55
388.32
419.02
431.67
448.41
461.37
475.13
481.72
487.48
498.63
532.10
536.12
548.00
553.15
591.79
601.76
606.87
611.71
619.41
638.34
652.69
668.79
678.65
698.22
702.44
714.38
747.57
774.50
808.23
813.79
821.05
827.65
833.13
852.16
872.78
892.10
915.04
926.63
928.71
930.83
949.95
984.50
994.05
1032.74
1051.25
1061.08
1082.93
1083.98
1088.72
1098.26
1136.16
1145.81
1147.73
1159.18
1166.36
1177.54
1189.45
1202.05
1205.01
1210.83
1219.03
1220.32
1237.24
1263.24
1281.47
1283.38
1300.12
1313.37
1324.15
1334.15
1341.12
1347.44
1367.90
1388.12
1400.86
1422.58
1439.55
1442.98
1453.88
1458.63
1462.17
1488.42
1490.95
1496.45
1519.70
1531.36
1562.05
1578.14
1612.79
1632.81
1644.44
1737.16
1753.01
1781.67
1789.85
1805.24
1852.38
1893.70
1940.88
1961.01
3035.98
3081.49
3116.89
3135.27
3162.66
3209.20
3239.60
3241.56
3242.27
3257.66
3262.17
3280.42
3692.18
3725.40
3769.71
3814.84
3825.77
3974.76
4017.40
$end
