
$molecule
   O    -4.26560619  -5.98543889   0.81615642
  O    -2.13807163  -2.88631198  -2.55795076
  O    -2.85869619  -4.62666555   1.89486654
  O    -4.28876444  -8.42056067  -1.88343836
  O    -4.43167177  -6.23941823  -2.32820676
  O     2.09865993   4.65730838   3.63971093
  N    -2.20972116  -3.34069111  -0.34400488
  N     0.67568560   2.40566931  -0.30085072
  N     2.25615021   4.23273648   0.83264279
  N     3.72083670   6.07263021  -0.60272549
  N     3.40523027   6.49318024   3.40936831
  N     4.24529339   7.24736514   1.35350356
  N     4.72360021   8.41411478   3.30718121
  C    -2.85932781  -4.60649000  -0.50046104
  C    -1.93590311  -5.62627721  -1.13123383
  C    -2.46912280  -7.03509936  -1.20166055
  C    -1.89609679  -2.55274909  -1.41892433
  C    -1.22014329  -1.25888066  -1.07643155
  C    -3.31338659  -5.05121815   0.86575005
  C     0.07400556   1.18453497  -0.57578361
  C     1.69964937   2.94451283  -1.14653626
  C    -0.52399453  -0.59956677  -2.08156786
  C    -1.27123922  -0.67246711   0.18687471
  C     0.11923555   0.59872750  -1.84330975
  C    -0.63863552   0.52619340   0.43567656
  C    -3.82394624  -7.15847780  -1.86359201
  C     2.36317312   4.11304781  -0.46561553
  C     2.86160510   5.25511016   1.44546660
  C     3.11814997   5.06703961  -1.18755527
  C     3.61058083   6.19692385   0.73619925
  C     2.71782196   5.37975628   2.90933083
  C     4.13247082   7.36657774   2.63973559
  H    -3.74091316  -4.50232594  -1.13231121
  H    -1.72238914  -5.26260122  -2.13321207
  H    -0.99662720  -5.64243734  -0.57381352
  H    -2.55014230  -7.47836257  -0.20830135
  H    -1.76690693  -7.65951298  -1.76635312
  H    -1.85052482  -3.12513751   0.56770326
  H     1.28395445   3.27213539  -2.10835050
  H     2.47646906   2.20405590  -1.39476647
  H    -0.49186036  -1.04497454  -3.06870647
  H    -1.82408016  -1.13929120   0.99290882
  H     0.82586699   2.60300076   0.67738486
  H     0.65617429   1.08771343  -2.64285434
  H    -0.68841670   0.97394840   1.42064857
  H     3.21379891   4.97959745  -2.26918130
  H    -4.51057989  -6.20571624   1.72508639
  H     3.30986241   6.65848493   4.39820724
  H    -3.65967685  -9.01859579  -1.46860200
  H     5.38997798   8.92405186   2.74692202
  H     4.96819213   8.28085113   4.27497639
$end
$temperature
298.15
$end
$mult
 1
$end
$sigma
 1
$end
$pressure
1.00000
$end
$scale
1.0
$end
$msrrho
$end
$freq
9.73
12.71
19.51
24.46
31.15
42.73
51.42
57.20
63.15
71.30
87.03
97.17
112.36
121.41
137.96
151.63
162.92
188.29
209.89
218.48
228.35
254.93
285.31
300.49
331.06
347.65
350.45
358.87
362.08
373.09
389.36
443.70
450.90
465.28
472.80
477.18
488.44
509.66
533.08
540.14
550.82
567.44
591.96
595.91
601.97
608.17
617.16
625.35
640.35
659.51
676.88
692.04
700.66
704.68
721.24
777.54
787.65
814.19
818.39
826.52
850.85
854.09
887.34
894.18
911.82
916.78
930.90
937.71
952.29
993.64
1005.14
1033.06
1048.84
1062.76
1080.49
1083.60
1088.37
1099.14
1136.09
1145.86
1154.86
1160.23
1170.49
1189.95
1197.06
1205.16
1208.54
1213.02
1219.02
1221.53
1224.78
1266.03
1281.52
1285.28
1291.09
1304.68
1322.81
1334.41
1343.57
1346.65
1354.82
1372.65
1393.49
1407.18
1437.43
1451.89
1455.64
1469.82
1486.58
1488.74
1495.99
1503.26
1519.80
1561.38
1577.68
1578.15
1612.94
1632.18
1649.09
1737.58
1753.53
1778.86
1790.44
1802.63
1843.41
1895.46
1908.38
1939.00
3034.41
3090.01
3116.47
3135.75
3189.73
3209.11
3241.82
3247.75
3250.85
3255.55
3256.10
3281.70
3690.75
3771.42
3815.79
3824.12
3884.93
3906.86
3972.64
$end
