
$molecule
   O     1.50616836   1.43826130   3.41177324
  O    -1.21426333  -2.51675460   2.14198376
  O     1.84557796  -0.69178403   2.86637945
  O     0.99058535  -3.61504869   3.53870401
  O    -0.41667043  -3.53299801   5.26952172
  O     1.30416267  -1.59828705  -4.22657760
  N    -0.82864429  -1.11366395   3.86934121
  N    -0.05338252   3.01894839  -0.92761107
  N     0.65618516   1.07460062  -3.49690721
  N    -1.31231081   2.30546575  -4.98811157
  N    -0.21615665  -1.48184248  -5.90029837
  N    -1.53375639   0.40830929  -6.33910112
  N    -1.76601081  -1.50295936  -7.64210282
  C     0.14624345  -0.25059815   4.46707714
  C     0.79280235  -0.92662981   5.66973697
  C     1.55206561  -2.19472191   5.34085008
  C    -0.93658963  -1.40169936   2.52032321
  C    -0.72250359  -0.24674840   1.60891770
  C     1.24780532   0.13341766   3.48566707
  C    -0.24668250   1.91748942  -0.09430805
  C     0.89012466   2.98460117  -2.01942453
  C    -0.00786784  -0.41810397   0.43303478
  C    -1.21621155   1.01350293   1.92044354
  C     0.23796866   0.64764942  -0.40708513
  C    -0.98834085   2.08183956   1.08227776
  C     0.61773077  -3.20578506   4.73613031
  C     0.28295714   2.29869532  -3.21380849
  C     0.07097913   0.44026854  -4.51641007
  C    -0.72794847   2.91122016  -3.98229517
  C    -0.92809383   1.04798246  -5.28495443
  C     0.48491254  -0.94661866  -4.81057719
  C    -1.17247610  -0.80645633  -6.61479845
  H    -0.33885541   0.67037424   4.82711516
  H     1.46819912  -0.21461844   6.15634359
  H     0.00392409  -1.16334754   6.38542233
  H     1.96454220  -2.61486505   6.26353730
  H     2.36501286  -2.01349013   4.64620549
  H    -1.13967838  -1.88068174   4.44606386
  H     1.81460058   2.46253379  -1.76569285
  H     1.14017190   4.02134722  -2.27137650
  H     0.38335687  -1.39746953   0.18684540
  H    -1.79243066   1.15610963   2.82567965
  H    -0.12874642   3.90261573  -0.44993322
  H     0.81356654   0.49312239  -1.30516191
  H    -1.38578525   3.05968880   1.32453439
  H    -1.04822263   3.92434015  -3.74673243
  H     0.88346462   1.94899935   3.93605684
  H    -0.01182721  -2.44271562  -6.12190390
  H     0.22751574  -4.02634832   3.10452105
  H    -1.23438504  -2.23337535  -8.08705202
  H    -2.32278304  -0.92377174  -8.25226285
$end
$temperature
298.15
$end
$mult
 1
$end
$sigma
 1
$end
$pressure
1.00000
$end
$scale
1.0
$end
$msrrho
$end
$freq
11.10
13.90
17.55
29.51
31.63
52.37
60.65
73.76
92.89
99.72
106.22
123.71
134.35
147.33
155.33
166.79
183.96
195.99
214.26
230.42
258.26
275.58
303.55
317.43
331.06
344.95
354.99
363.06
374.79
393.83
405.32
429.02
445.28
455.01
457.51
475.84
491.45
510.98
536.46
537.93
551.10
564.65
586.47
597.64
602.09
611.22
629.24
639.78
648.24
680.52
700.57
713.51
721.55
737.62
782.75
784.29
796.06
814.90
820.27
837.80
842.28
864.39
880.32
889.66
898.23
918.39
929.11
932.65
935.75
996.74
1004.68
1019.20
1036.27
1055.40
1058.96
1069.77
1090.36
1095.94
1105.28
1140.19
1152.21
1158.04
1165.79
1175.05
1177.87
1200.61
1208.65
1215.60
1221.34
1231.68
1259.89
1263.65
1292.12
1309.30
1315.81
1329.33
1337.48
1346.04
1349.97
1366.68
1375.81
1389.63
1397.57
1424.65
1442.43
1448.38
1452.39
1463.29
1468.39
1473.12
1492.06
1513.37
1520.31
1533.53
1569.62
1578.29
1614.05
1632.08
1649.51
1736.19
1747.93
1789.69
1792.01
1812.39
1851.37
1882.90
1898.21
1959.73
3075.04
3093.85
3097.27
3117.69
3188.92
3203.40
3222.04
3240.25
3260.76
3263.23
3279.98
3334.40
3692.07
3777.34
3797.76
3816.56
3825.38
3865.86
3999.84
$end
