
$molecule
   O     0.38433093   2.09585656  -0.75520213
  O    -0.76842088   0.24913357   1.97467773
  O    -1.62016660   2.67314289   0.03715673
  O    -0.87869735   5.14530034  -0.88929393
  O     1.06848461   6.20823113  -0.69734673
  O    -0.55702256   0.28856402  -2.17648601
  N     1.09231125   1.50980614   1.67964737
  N     2.27635668  -4.23902753  -1.14935487
  N    -0.13348217  -2.50235752  -2.02223778
  N    -1.87636997  -3.93015835  -0.43496371
  N    -2.16359247   0.09209697  -0.61886969
  N    -2.85292360  -1.94243640   0.31896907
  N    -3.67496549   0.08940383   1.13148355
  C     0.27979980   2.68883694   1.49078983
  C     1.07868258   3.96585749   1.52348527
  C     0.21644402   5.19461359   1.26829051
  C     0.38750200   0.31986218   1.62683289
  C     1.09383650  -0.84726518   1.01599732
  C    -0.42141908   2.50449738   0.16644394
  C     2.02056534  -3.08358046  -0.35354463
  C     1.33963939  -4.35906518  -2.28900486
  C     0.72993280  -2.12196119   1.43157810
  C     1.96657126  -0.70122763  -0.05327060
  C     1.20867322  -3.22923806   0.76702856
  C     2.42376723  -1.81247182  -0.73660147
  C     0.18039973   5.56842274  -0.20413603
  C     0.02106230  -3.79335432  -1.87137731
  C    -1.12935310  -1.89189652  -1.38029580
  C    -0.91410896  -4.51746761  -1.09933157
  C    -1.97661181  -2.58466701  -0.50321805
  C    -1.23407832  -0.43868521  -1.47119213
  C    -2.88232458  -0.64259045   0.29069375
  H    -0.49734612   2.70397989   2.25641825
  H     1.54622858   4.03838999   2.50888199
  H     1.88054807   3.91981551   0.78789035
  H     0.65377637   6.05724408   1.77335735
  H    -0.79183082   5.05178449   1.65717203
  H     1.94261950   1.50482596   1.13997529
  H     1.27181205  -5.41690042  -2.57257975
  H     1.68355797  -3.79375409  -3.16101629
  H     0.03922862  -2.23479697   2.25747123
  H     2.23626080   0.27844418  -0.42167500
  H     3.23338056  -4.26053582  -1.48607731
  H     0.91601353  -4.22313670   1.07352758
  H     3.03708502  -1.68904732  -1.61961863
  H    -0.82729866  -5.59991110  -1.01896273
  H    -0.04525498   1.56443994  -1.48645099
  H    -2.22013374   1.10418964  -0.57527260
  H    -1.41237636   4.49405880  -0.41425363
  H    -4.02314553  -0.45378780   1.90835472
  H    -3.30794751   0.99852242   1.37551081
$end
$temperature
298.15
$end
$mult
 1
$end
$sigma
 1
$end
$pressure
1.00000
$end
$scale
1.0
$end
$msrrho
$end
$freq
21.01
39.67
45.31
60.74
66.73
69.33
77.77
89.97
96.98
114.09
115.23
130.61
145.39
165.79
184.00
197.24
205.38
212.14
250.36
263.30
264.85
284.28
313.37
339.92
346.70
361.32
377.42
393.88
400.02
419.38
434.17
451.47
456.14
460.27
483.20
503.81
536.65
564.44
575.47
587.29
600.88
610.99
621.00
635.20
645.11
659.10
674.35
681.83
699.00
706.12
718.02
754.62
770.21
800.24
809.90
821.19
831.88
844.16
860.48
870.28
873.91
899.05
909.75
912.91
931.64
939.13
946.72
959.63
970.04
992.15
999.54
1034.19
1054.62
1069.34
1074.58
1082.62
1084.95
1100.52
1124.81
1133.35
1140.44
1164.04
1173.21
1176.21
1204.12
1212.27
1215.34
1220.69
1225.81
1249.43
1255.71
1261.55
1293.79
1301.31
1313.61
1327.13
1331.56
1340.96
1348.44
1358.50
1379.26
1392.55
1396.41
1434.02
1439.61
1444.48
1453.01
1470.07
1471.91
1482.81
1499.25
1516.71
1527.71
1552.04
1565.04
1590.96
1625.63
1641.79
1647.96
1736.02
1750.71
1787.13
1793.64
1815.10
1823.00
1851.28
1885.87
1910.79
3073.58
3116.14
3132.06
3155.48
3164.06
3205.88
3214.47
3218.88
3230.40
3261.55
3266.70
3287.19
3290.45
3632.46
3664.32
3683.76
3797.27
3817.93
3890.96
$end
