
$molecule
   O    -4.98018883  -2.24201333  -0.62236910
  O    -1.82965753   0.65909716   1.63828257
  O    -3.98047965  -3.77992729   0.65942875
  O    -7.40286647  -1.00147729   1.20449854
  O    -6.83180115  -3.07591766   1.80742973
  O     3.33265906   2.74422843   1.06900164
  N    -2.73177315  -0.77494767   0.12710946
  N     1.92738745   2.05169946  -3.35021013
  N     3.61047676   1.36921284  -1.39310104
  N     5.14122979  -0.91481756  -1.37002594
  N     4.65610885   1.18954357   2.05400825
  N     5.60068775  -0.63064744   0.91013490
  N     5.98791348  -0.35365161   3.18511039
  C    -3.52251271  -1.48757999   1.10382893
  C    -4.51051517  -0.56005651   1.77172150
  C    -5.51743192  -1.27082420   2.65732379
  C    -1.82400186   0.18618840   0.52499369
  C    -0.86435966   0.62833858  -0.53816285
  C    -4.19015138  -2.64176036   0.37246060
  C     0.98855212   1.57235257  -2.41840961
  C     2.98770164   1.13774914  -3.70829871
  C    -0.51068310  -0.14662030  -1.63674432
  C    -0.27273657   1.88059401  -0.39268321
  C     0.40372959   0.31670690  -2.56248501
  C     0.63153376   2.35187429  -1.31689781
  C    -6.64563418  -1.89754495   1.86331678
  C     3.74393378   0.66374983  -2.48698846
  C     4.20486862   0.96122402  -0.27442170
  C     4.53683999  -0.50304747  -2.46020233
  C     4.98582776  -0.19840705  -0.23939185
  C     3.99150466   1.74835348   0.95568589
  C     5.42456857   0.05245142   1.99887601
  H    -2.88891841  -1.94420988   1.86883580
  H    -3.93410653   0.14902204   2.36177509
  H    -5.02428971   0.01981361   1.00865783
  H    -5.95491866  -0.55978717   3.36591375
  H    -5.04196840  -2.06561321   3.22854716
  H    -2.50565099  -1.25602463  -0.72504145
  H     3.67036692   1.65308523  -4.39702257
  H     2.58859478   0.27319727  -4.24555360
  H    -0.92005543  -1.13799982  -1.78575025
  H    -0.52366633   2.47978698   0.47368275
  H     2.32193684   2.92098976  -3.01391278
  H     0.66513427  -0.29955420  -3.41052304
  H     1.10702503   3.31138481  -1.16488972
  H     4.66400931  -1.09952928  -3.36308912
  H    -4.97601298  -1.28316312  -0.68459274
  H     4.50492232   1.64753428   2.93818177
  H    -7.14960130  -0.10618647   1.44676367
  H     6.17694278   0.34338577   3.88667024
  H     6.67952619  -1.08025536   3.07852786
$end
$temperature
298.15
$end
$mult
 1
$end
$sigma
 1
$end
$pressure
1.00000
$end
$scale
1.0
$end
$msrrho
$end
$freq
2.44
7.79
14.30
21.16
27.72
33.06
45.92
58.80
62.04
75.25
86.94
97.67
113.73
128.98
147.38
151.38
162.11
174.34
206.01
242.59
254.31
271.50
279.45
311.44
331.64
342.55
345.21
359.35
390.33
397.15
412.85
443.46
447.45
454.04
463.21
485.08
489.40
509.57
516.89
533.40
549.44
574.22
578.78
598.39
605.08
612.60
628.55
637.74
651.03
666.22
680.60
700.95
710.01
749.05
774.04
787.61
798.99
815.53
826.31
831.71
846.03
858.42
872.94
893.20
902.13
930.26
933.89
941.26
945.59
993.04
998.24
1028.87
1041.50
1060.68
1066.62
1085.10
1091.39
1095.81
1096.60
1136.91
1146.26
1156.08
1163.41
1182.44
1199.22
1199.33
1211.36
1214.90
1219.14
1234.16
1238.22
1248.72
1258.20
1284.72
1310.83
1327.93
1330.95
1341.39
1346.63
1360.68
1365.32
1381.65
1392.91
1407.97
1429.37
1449.74
1454.20
1459.19
1461.64
1467.16
1481.96
1482.14
1516.06
1555.37
1571.04
1578.36
1612.11
1633.21
1644.33
1737.69
1755.30
1788.15
1788.93
1807.80
1851.94
1896.07
1937.26
1958.18
3075.22
3100.17
3170.43
3173.67
3195.65
3205.95
3222.95
3249.98
3255.17
3262.27
3270.40
3281.69
3694.20
3708.33
3814.60
3827.81
3863.87
3988.89
4020.66
$end
