
$molecule
   O    -1.19044554  -4.42837057   3.75498574
  O     0.04460889  -1.73330656   1.79313873
  O    -2.06699941  -2.38458090   3.93792197
  O     0.80132253  -6.53197368   0.88853839
  O    -0.67935577  -7.14705768  -0.67361301
  O     3.03244858   3.31345456   0.58503269
  N    -2.13292681  -2.06935002   1.24868290
  N    -1.56167702   4.24333021   0.11535610
  N     0.81001482   3.87398711  -1.08237499
  N     1.09440140   3.29871987  -3.75696843
  N     4.17953580   2.59556739  -1.23311984
  N     3.29615201   2.57694231  -3.40825899
  N     5.45690373   1.81187559  -3.01913896
  C    -2.09129781  -3.40720569   1.77951267
  C    -1.14324156  -4.28290320   0.99537536
  C    -1.41578860  -5.76411927   1.15599738
  C    -1.00710104  -1.27980961   1.40870460
  C    -1.20064841   0.16123429   1.06404096
  C    -1.77966896  -3.33545590   3.26578863
  C    -1.44782307   2.87292316   0.43512019
  C    -1.49070284   4.55493100  -1.29510526
  C    -2.16160629   0.58872885   0.15587630
  C    -0.36249568   1.10234130   1.65057425
  C    -2.28299146   1.92862173  -0.15740594
  C    -0.48506154   2.44165531   1.34728888
  C    -0.42917331  -6.56038942   0.34708071
  C    -0.19389939   4.06567183  -1.90054585
  C     1.95393833   3.38453501  -1.55471029
  C    -0.03064214   3.76925421  -3.26973409
  C     2.11971977   3.08383559  -2.91046523
  C     3.04922273   3.12606580  -0.59964158
  C     4.26884591   2.34992448  -2.58135392
  H    -3.11016187  -3.81182827   1.70084686
  H    -1.26054389  -4.01588217  -0.05481422
  H    -0.12285763  -4.05853511   1.28046439
  H    -2.41655734  -6.01992681   0.80439351
  H    -1.31611642  -6.06411336   2.19579610
  H    -3.00099196  -1.57563084   1.38395538
  H    -1.57179159   5.64365889  -1.41528180
  H    -2.33216175   4.11004031  -1.83210162
  H    -2.81096098  -0.12800237  -0.33224588
  H     0.40030338   0.76790796   2.34289404
  H    -0.84372585   4.76070528   0.60774250
  H    -3.03553200   2.25263243  -0.86248379
  H     0.19798504   3.15871167   1.78270555
  H    -0.85387865   3.92680026  -3.96570902
  H    -1.05064718  -4.28354118   4.70066813
  H     4.94345021   2.34198407  -0.62781529
  H     1.38582875  -7.05142157   0.32064209
  H     6.29104144   2.01527663  -2.49289820
  H     5.55375043   1.81208711  -4.02333880
$end
$temperature
298.15
$end
$mult
 1
$end
$sigma
 1
$end
$pressure
1.00000
$end
$scale
1.0
$end
$msrrho
$end
$freq
5.49
9.63
17.35
20.35
26.04
31.38
36.80
50.89
57.12
60.11
78.20
111.73
116.37
127.87
141.43
152.53
165.47
189.51
199.96
223.81
259.24
264.19
284.99
316.98
332.24
346.28
359.38
372.89
391.05
417.01
425.45
445.81
451.87
456.64
484.40
489.92
513.07
538.00
549.36
551.48
560.83
571.39
594.13
597.32
602.73
616.77
624.54
636.42
652.16
678.18
687.04
700.42
709.24
752.45
777.89
793.11
803.09
808.11
812.70
823.78
833.68
861.95
879.58
896.17
901.76
930.93
934.95
944.05
950.82
986.77
998.08
1029.70
1050.43
1065.03
1085.01
1090.09
1097.57
1103.79
1116.70
1140.64
1146.13
1149.20
1160.33
1174.29
1199.49
1201.89
1203.48
1210.86
1213.67
1227.61
1232.74
1275.09
1279.12
1285.70
1311.48
1323.53
1332.25
1345.06
1346.80
1353.00
1361.75
1371.59
1389.62
1406.37
1416.77
1448.24
1457.15
1461.45
1475.50
1481.09
1485.32
1490.01
1515.49
1540.86
1568.74
1578.11
1612.41
1632.23
1643.06
1738.58
1754.33
1789.83
1793.09
1808.02
1863.10
1894.59
1895.96
1911.63
3073.77
3112.85
3148.45
3172.59
3178.01
3207.01
3247.64
3258.89
3260.27
3269.44
3273.77
3300.84
3691.98
3699.38
3793.54
3815.46
3825.27
3905.60
3907.49
$end
