
$molecule
   O     6.61979251  -0.06845527  -0.25904616
  O     2.85450712  -0.41454647   0.76517483
  O     4.83045495   0.08110226  -1.58890300
  O     4.85896908   3.84350026   2.12864776
  O     2.64710940   3.62566438   2.35534161
  O    -2.52074917  -4.22105897  -1.76435217
  N     3.45924914   1.65908531   0.07841382
  N    -2.65283766   1.68470951  -1.77663063
  N    -3.48528956  -1.54236450  -1.77782428
  N    -5.51568680  -0.96695118   0.00102763
  N    -4.00529924  -4.71890510  -0.12945678
  N    -5.50501638  -3.16883943   0.79102893
  N    -5.49275122  -5.36842213   1.54506237
  C     4.83276143   1.42133561   0.37536586
  C     5.04833026   1.05462569   1.83020367
  C     4.04131819   1.70954784   2.74529102
  C     2.55967834   0.61647618   0.21216245
  C     1.20725392   0.91331172  -0.33555805
  C     5.41311888   0.39411176  -0.59436425
  C    -1.36183697   1.40283312  -1.32795297
  C    -3.39353751   0.74562022  -2.58338119
  C     0.45842750  -0.11173095  -0.89565327
  C     0.65926860   2.19142984  -0.26532615
  C    -0.80683361   0.12524491  -1.39718036
  C    -0.60761325   2.43280407  -0.74940106
  C     3.74449215   3.13843950   2.39529152
  C    -3.98904309  -0.33385451  -1.71965841
  C    -3.97455035  -2.48506627  -0.96666256
  C    -5.02358663  -0.05540512  -0.80296296
  C    -5.00206282  -2.21201534  -0.05722633
  C    -3.39748506  -3.84257016  -1.03961690
  C    -5.00779272  -4.36520284   0.73692955
  H     5.36544535   2.35858460   0.16856642
  H     4.97218068  -0.02157462   1.96997581
  H     6.05583713   1.36092525   2.12399775
  H     4.41104521   1.69159508   3.77632853
  H     3.09766734   1.17368441   2.72951287
  H     3.28142750   2.25228539  -0.71592129
  H    -2.78242743   0.26150622  -3.34788708
  H    -4.19154114   1.30318496  -3.08720775
  H     0.87979630  -1.10904928  -0.94706521
  H     1.21257638   2.99572585   0.20456396
  H    -2.79678931   2.65619098  -2.00140322
  H    -1.36161743  -0.68368406  -1.84424918
  H    -1.03653035   3.42452440  -0.67575548
  H    -5.43970973   0.94845069  -0.74613012
  H     6.88554301   0.29181643   0.59188567
  H    -3.68440878  -5.67287982  -0.16067112
  H     4.59491866   4.75729434   1.95883600
  H    -6.08773550  -5.03205775   2.28727030
  H    -4.86843730  -6.12097704   1.78656960
$end
$temperature
298.15
$end
$mult
 1
$end
$sigma
 1
$end
$pressure
1.00000
$end
$scale
1.0
$end
$msrrho
$end
$freq
10.12
10.94
17.38
24.97
31.83
45.90
50.45
64.48
73.04
79.55
100.52
107.07
122.52
143.23
153.35
159.79
166.39
172.17
216.39
231.95
260.11
269.06
282.62
330.01
345.87
353.32
361.39
364.30
380.54
395.01
407.83
430.65
450.43
452.62
483.09
487.95
496.91
504.99
541.51
548.45
552.35
561.57
580.17
594.07
598.03
605.67
613.19
619.88
643.05
666.26
685.80
698.59
703.09
720.78
742.34
778.16
784.18
804.40
818.92
842.84
845.44
862.93
868.30
892.73
898.06
917.64
926.93
935.51
948.76
1004.62
1018.24
1027.29
1048.51
1057.22
1061.57
1066.16
1088.57
1092.30
1096.41
1139.17
1152.68
1159.60
1175.25
1178.75
1189.03
1200.75
1212.12
1214.13
1217.39
1235.13
1262.96
1275.09
1290.35
1297.90
1312.27
1325.63
1332.49
1345.27
1351.44
1358.91
1383.17
1389.30
1394.49
1398.14
1439.93
1443.82
1450.70
1463.11
1470.51
1472.81
1482.25
1485.50
1513.08
1554.04
1568.54
1578.35
1613.68
1631.50
1645.55
1736.24
1748.03
1786.76
1790.33
1804.24
1870.57
1897.64
1905.55
1941.92
3093.67
3108.31
3120.95
3140.70
3199.10
3224.67
3234.72
3241.09
3248.50
3258.20
3267.06
3331.65
3689.42
3774.98
3813.56
3817.23
3822.84
3914.72
4000.81
$end
