
$molecule
   O     1.20080561  -0.42498589   6.33483330
  O     2.69713220  -0.09050022   1.69106773
  O     2.77775580  -2.00639834   6.19978483
  O     0.51055576   2.66406000   2.98155871
  O     0.52524616   1.78386636   5.02173112
  O     0.52102828   1.71959218  -4.38714638
  N     1.51821442  -0.39649619   3.59215744
  N    -3.25611993  -0.64167860  -0.65363453
  N    -1.82795061   0.44897231  -3.40932167
  N    -2.66917711  -1.79137918  -4.78118010
  N     0.62527608   0.18707735  -6.05112831
  N    -0.91326903  -1.56475435  -6.31045990
  N     0.86313948  -1.34425316  -7.79285832
  C     2.65629306  -0.37923678   4.46084948
  C     3.21671685   1.01709644   4.74504958
  C     2.61517256   2.08031597   3.87121707
  C     1.63840702  -0.31328899   2.23096693
  C     0.34024347  -0.42433144   1.49772797
  C     2.23093311  -1.03221951   5.76658360
  C    -2.05996526  -0.53053584   0.05083141
  C    -3.58239324   0.23742729  -1.75051322
  C     0.19178640   0.27957523   0.31015289
  C    -0.72836504  -1.18957229   1.95658526
  C    -0.98963957   0.24094026  -0.40295886
  C    -1.90697576  -1.24761477   1.24534575
  C     1.12987386   2.15358019   4.03816467
  C    -2.88865117  -0.20928344  -3.00938545
  C    -1.16808345   0.01819704  -4.48725867
  C    -3.30234125  -1.35523539  -3.71866858
  C    -1.57993181  -1.11527757  -5.19758276
  C     0.03962880   0.75471572  -4.91149088
  C     0.14287972  -0.92060742  -6.70133227
  H     3.43779795  -0.99942585   4.01921266
  H     3.04039258   1.28936296   5.78410997
  H     4.30103206   1.00607472   4.60847040
  H     2.82654618   1.90821072   2.82052204
  H     3.01634964   3.06689369   4.13138486
  H     0.61000242  -0.56739126   3.97658537
  H    -3.29564272   1.27367909  -1.56067250
  H    -4.66884905   0.20205332  -1.88831887
  H     1.01860617   0.87711253  -0.05457806
  H    -0.64437391  -1.77193069   2.86670668
  H    -4.03370761  -0.94878427  -0.09221774
  H    -1.07808962   0.80853407  -1.31512440
  H    -2.72629706  -1.85803227   1.60473951
  H    -4.17760119  -1.91118109  -3.38768882
  H     0.97370850   0.42413108   5.90367446
  H     1.48066709   0.61719857  -6.36349269
  H    -0.43877570   2.67932934   3.16443348
  H     1.40189718  -0.66228849  -8.30131350
  H     0.38811164  -2.04131315  -8.34612066
$end
$temperature
298.15
$end
$mult
 1
$end
$sigma
 1
$end
$pressure
1.00000
$end
$scale
1.0
$end
$msrrho
$end
$freq
8.83
12.10
17.23
20.92
39.78
56.90
62.35
72.58
78.09
98.17
108.53
117.54
137.71
151.13
165.65
170.78
177.06
207.24
226.23
234.35
253.46
271.37
298.33
315.57
324.46
338.53
347.26
354.90
360.51
390.55
397.25
409.82
451.51
454.39
462.73
482.32
498.89
520.49
532.50
550.89
564.69
573.43
591.98
598.05
604.13
638.41
645.11
656.11
661.64
680.66
702.60
711.26
721.63
731.91
780.78
792.52
819.45
828.35
842.16
857.02
857.40
859.98
894.93
913.65
918.52
929.22
933.34
936.02
970.75
1004.36
1006.59
1019.53
1023.85
1048.05
1057.97
1070.52
1088.99
1095.20
1113.82
1135.18
1152.37
1159.61
1177.83
1187.59
1200.49
1202.41
1215.19
1218.15
1224.98
1263.97
1283.22
1291.22
1293.50
1303.92
1319.86
1326.28
1334.84
1338.62
1346.82
1363.86
1378.35
1390.49
1396.94
1404.56
1421.65
1445.19
1451.34
1459.40
1462.82
1474.48
1487.58
1513.69
1525.97
1562.62
1577.93
1580.48
1614.15
1632.79
1649.68
1735.77
1747.59
1783.54
1788.97
1805.50
1856.50
1873.49
1896.99
1929.96
3097.48
3102.58
3121.70
3201.11
3209.20
3220.98
3221.23
3238.51
3244.64
3257.09
3271.22
3332.83
3631.56
3693.88
3783.61
3815.63
3827.41
3903.45
3934.91
$end
