
$molecule
   O     4.66162423  -0.05069151   1.60938233
  O     5.53259934   2.27456703  -0.62928551
  O     3.68803916  -0.10210311   3.60553879
  O     0.42497879  -0.31655348   3.76976030
  O     1.33088091   0.20286187   1.80136864
  O    -2.25653623  -4.21262309  -2.08581890
  N     4.63983059   2.59235718   1.42023920
  N    -0.43703366   0.18448803  -1.72853633
  N    -2.58908678  -1.40758308  -1.74857597
  N    -5.17205978  -0.45772343  -1.88986129
  N    -4.49656354  -4.42074837  -2.34504922
  N    -5.99334137  -2.61700601  -2.27164649
  N    -6.78562404  -4.77663226  -2.61647421
  C     3.93766119   2.02428675   2.53961987
  C     2.50812147   2.51076247   2.63520172
  C     1.61707134   1.75619868   3.58511971
  C     4.56488418   2.18336936   0.08646292
  C     3.24220826   1.68000796  -0.39402469
  C     4.06059615   0.51419594   2.64139751
  C     0.77994322   0.70413745  -1.29105173
  C    -1.66944047   0.80082869  -1.33262805
  C     2.14832931   2.52172270  -0.50005279
  C     3.11641018   0.36350962  -0.81609305
  C     0.92851867   2.04435219  -0.93811240
  C     1.90580604  -0.12314065  -1.25015930
  C     1.12678677   0.47318677   2.95158946
  C    -2.82311078  -0.12874981  -1.60464275
  C    -3.61410564  -2.23766311  -1.96809270
  C    -4.15525694   0.34163538  -1.68018035
  C    -4.93011854  -1.77623578  -2.04184069
  C    -3.32873425  -3.67715829  -2.12869717
  C    -5.75735587  -3.88355617  -2.41395570
  H     4.47161224   2.37774708   3.43431591
  H     2.54584060   3.56746228   2.91118934
  H     2.06199075   2.44134114   1.65841782
  H     0.73047667   2.35851824   3.81790310
  H     2.11065978   1.52342980   4.52680662
  H     5.59099241   2.86699068   1.62467491
  H    -1.83052797   1.74294095  -1.87302059
  H    -1.68624914   1.06300433  -0.26339313
  H     2.24176710   3.56933545  -0.23721806
  H     3.97848670  -0.28841508  -0.79989571
  H    -0.48732280  -0.82369315  -1.69966576
  H     0.08541927   2.71524966  -1.01380864
  H     1.81144785  -1.15703261  -1.55665885
  H    -4.36392571   1.40426007  -1.56218015
  H     4.70692935  -1.00176806   1.77402999
  H    -4.37328967  -5.41760823  -2.41645439
  H     0.44054702   0.03077870   4.66718252
  H    -6.57863616  -5.62495878  -3.11849624
  H    -7.66214020  -4.33188239  -2.84462986
$end
$temperature
298.15
$end
$mult
 1
$end
$sigma
 1
$end
$pressure
1.00000
$end
$scale
1.0
$end
$msrrho
$end
$freq
6.32
13.73
17.87
30.89
35.81
42.27
56.39
61.62
79.03
80.47
99.63
123.89
130.46
142.20
151.07
162.31
179.21
190.98
208.01
214.05
236.41
264.45
291.62
314.66
323.98
348.84
353.60
356.26
370.51
389.60
413.83
456.21
462.76
469.99
486.11
489.64
503.88
534.24
544.34
554.73
558.77
569.90
593.65
598.25
606.19
620.85
631.60
635.77
640.77
659.70
669.47
673.26
698.51
706.20
746.68
793.10
800.44
810.83
814.07
828.99
835.04
845.58
869.73
888.26
910.83
918.84
926.97
930.80
950.90
984.74
993.28
1033.85
1049.43
1060.51
1066.03
1084.21
1092.80
1100.04
1125.52
1145.95
1156.97
1169.09
1172.61
1189.98
1195.10
1204.98
1215.05
1217.60
1218.58
1223.89
1242.88
1271.97
1283.16
1286.89
1304.61
1328.65
1334.63
1345.77
1356.92
1367.82
1373.26
1392.77
1401.42
1429.42
1443.13
1448.46
1453.07
1457.23
1485.02
1488.01
1494.84
1495.58
1502.28
1519.34
1568.45
1578.08
1612.82
1631.28
1650.98
1738.14
1754.15
1791.35
1794.87
1818.32
1850.98
1896.49
1901.29
1931.30
3037.78
3089.18
3100.53
3116.05
3138.31
3208.78
3218.83
3240.12
3251.75
3280.87
3284.27
3416.04
3688.39
3745.13
3759.33
3816.89
3821.83
3923.40
3969.43
$end
