
$molecule
   O    -0.33131004  -3.30062184  -4.99146776
  O     0.67431258  -3.39652730  -2.58864611
  O    -2.49796878  -3.20994436  -5.52546834
  O    -4.28295153  -5.60762089  -5.98566999
  O    -2.15548124  -6.15444217  -5.54923666
  O     4.46213395   4.32652657   2.33672144
  N    -1.53584917  -2.98931603  -2.38931179
  N     0.94645454   1.20834089   1.81407094
  N     1.82436042   3.45111175   2.92721665
  N     0.49392906   4.82052139   4.91249969
  N     4.24987965   5.94514260   3.90805978
  N     2.32385569   6.25007144   5.21229297
  N     4.16575388   7.63617020   5.51116998
  C    -1.89571329  -3.99993439  -3.35580083
  C    -3.33942893  -4.39760960  -3.18175377
  C    -3.63958444  -5.78321494  -3.71772109
  C    -0.23105304  -2.76883413  -2.05817261
  C     0.01889809  -1.72071388  -1.03316682
  C    -1.61063346  -3.46660367  -4.75713059
  C     0.61562804   0.25472346   0.87194943
  C    -0.04237624   1.95343338   2.53490825
  C    -0.95110521  -1.27688084  -0.14174606
  C     1.29893369  -1.17038747  -0.95179357
  C    -0.66304177  -0.30738790   0.79831458
  C     1.59613948  -0.20008124  -0.02569883
  C    -3.26480661  -5.88521660  -5.16982745
  C     0.61177917   3.09691843   3.26536176
  C     2.40367877   4.47810047   3.55672427
  C    -0.05723291   3.80977584   4.28796556
  C     1.74521470   5.18755045   4.56406659
  C     3.77755435   4.85344784   3.16855666
  C     3.52853587   6.59667214   4.87728202
  H    -1.23602415  -4.85279556  -3.19181557
  H    -3.57782324  -4.38424374  -2.11473624
  H    -3.97207403  -3.66610761  -3.67922453
  H    -4.70215548  -6.00738532  -3.60538609
  H    -3.06210040  -6.53306251  -3.17306458
  H    -2.20340473  -2.26654173  -2.18885734
  H    -0.57040112   1.31540014   3.25657716
  H    -0.82162842   2.36334194   1.87358935
  H    -1.94832087  -1.70069887  -0.15537238
  H     2.06077983  -1.51899203  -1.63867088
  H     1.80354496   1.71627975   1.65487624
  H    -1.43014913   0.01586453   1.48661571
  H     2.59065869   0.22604071   0.02134247
  H    -1.06690964   3.52351944   4.58036175
  H     0.19166960  -3.46499178  -4.17670848
  H     5.19892143   6.22422952   3.71852724
  H    -3.93540577  -5.55097134  -6.88588919
  H     3.55391956   8.19984768   6.08190152
  H     4.88839767   8.12809719   5.01138556
$end
$temperature
298.15
$end
$mult
 1
$end
$sigma
 1
$end
$pressure
1.00000
$end
$scale
1.0
$end
$msrrho
$end
$freq
9.03
15.38
22.21
25.63
40.93
46.90
50.45
74.01
84.70
91.29
99.52
108.83
132.56
148.87
150.99
154.59
163.60
170.52
209.04
214.08
238.34
264.91
295.51
319.41
336.52
346.87
355.35
365.60
380.75
388.34
429.11
444.66
449.22
464.36
482.95
491.46
503.01
530.83
534.97
546.83
548.60
562.02
575.28
590.01
601.52
603.36
606.81
639.88
656.43
670.37
697.82
703.75
719.14
775.42
788.57
813.87
820.63
826.47
845.95
852.57
856.04
881.22
890.94
911.32
927.26
931.06
943.73
950.17
968.17
987.15
993.24
1032.75
1043.67
1067.61
1075.00
1084.29
1087.69
1098.41
1120.53
1140.97
1145.39
1167.33
1171.32
1190.29
1206.14
1209.23
1219.24
1221.41
1224.58
1228.34
1247.85
1274.03
1282.43
1293.95
1297.30
1304.15
1339.57
1348.06
1360.75
1377.03
1380.29
1395.92
1406.72
1420.61
1443.00
1449.89
1455.48
1466.75
1487.37
1497.61
1504.44
1515.25
1520.78
1561.71
1578.32
1579.82
1613.34
1633.52
1655.02
1736.85
1754.00
1766.21
1788.88
1797.54
1808.26
1896.30
1905.76
1931.95
3035.91
3111.76
3115.71
3123.96
3201.95
3208.14
3218.92
3242.18
3242.54
3245.85
3257.44
3282.27
3555.57
3692.90
3777.30
3813.85
3826.40
3862.15
3908.44
$end
