
$molecule
   O     3.76166780   0.85196460  -3.97415706
  O    -0.11381015  -0.32170202  -1.83408663
  O     2.31709958   1.81122897  -2.55539338
  O     1.04943078  -2.92117126  -0.82066238
  O    -0.42417422  -3.51166133  -2.35783239
  O     0.67962931  -1.34049271   1.69369917
  N     2.02687120  -0.44899246  -1.11203781
  N    -0.84649722   3.54736124   3.10216183
  N    -1.00138458   0.48475987   3.05956404
  N    -3.66090175   0.47762836   2.35753630
  N    -1.11449764  -2.08861965   0.55951649
  N    -3.27293769  -1.19400261   0.77084070
  N    -2.79217404  -2.78833725  -0.85993651
  C     2.66256451  -0.55244771  -2.40450406
  C     1.91564673  -1.36269558  -3.43791341
  C     1.74089280  -2.82657898  -3.10427591
  C     0.72667247   0.08973515  -1.07745884
  C     0.45766259   1.12508836  -0.04964348
  C     2.88170940   0.83998670  -2.96913948
  C    -0.34115414   2.88142142   1.95867151
  C    -1.16451330   2.58695213   4.18195588
  C     1.30260241   1.40427272   1.01584951
  C    -0.75213916   1.80229900  -0.14332863
  C     0.90571609   2.27328429   2.00808164
  C    -1.14430126   2.68414402   0.83651729
  C     0.67370312  -3.10362137  -2.07777175
  C    -1.81612708   1.38350913   3.56406108
  C    -1.46700865  -0.39927681   2.18518330
  C    -3.17973030   1.34046381   3.22026583
  C    -2.80994848  -0.39094778   1.76991321
  C    -0.51204604  -1.29859456   1.51746775
  C    -2.42259675  -1.98806675   0.17301032
  H     3.65465022  -0.99340605  -2.23941725
  H     0.94615247  -0.91400342  -3.61793428
  H     2.49320917  -1.29791257  -4.36384937
  H     2.67691601  -3.26046482  -2.74519160
  H     1.43971725  -3.36210853  -4.00691276
  H     2.62795099  -0.01064206  -0.43038062
  H    -1.80514826   3.09215962   4.91173262
  H    -0.24265592   2.27469715   4.67230247
  H     2.24993146   0.90180191   1.13795117
  H    -1.40698484   1.58810455  -0.97767788
  H    -1.68107024   4.06538226   2.85316815
  H     1.53319860   2.43490289   2.87273733
  H    -2.11480775   3.15882609   0.77754541
  H    -3.87681002   2.05241402   3.66119256
  H     3.84845583   1.76380691  -4.28497217
  H    -0.47943954  -2.66563534   0.02556110
  H     1.63588532  -2.14568941  -0.72209399
  H    -2.06516547  -3.14116709  -1.47269667
  H    -3.69991163  -2.58795703  -1.24721836
$end
$temperature
298.15
$end
$mult
 1
$end
$sigma
 1
$end
$pressure
1.00000
$end
$scale
1.0
$end
$msrrho
$end
$freq
15.25
39.91
47.16
49.44
60.88
63.86
84.57
96.40
101.09
121.94
129.93
139.24
141.75
167.11
186.35
193.01
200.10
214.89
239.92
256.85
276.77
288.25
314.89
346.23
356.34
371.80
389.74
391.58
420.35
436.03
453.15
453.27
474.94
487.58
507.58
508.69
529.40
560.34
564.00
579.25
597.60
612.89
626.38
632.61
645.28
660.52
692.49
696.21
700.94
704.30
717.14
755.46
775.26
776.85
797.56
806.93
813.96
827.73
832.85
863.55
869.90
884.17
890.61
901.68
914.76
930.39
942.89
950.17
961.02
997.77
1007.50
1023.75
1032.27
1046.13
1053.56
1069.28
1093.64
1096.57
1115.17
1122.20
1142.90
1154.50
1176.03
1179.66
1185.18
1192.13
1207.06
1213.46
1222.26
1232.87
1246.48
1271.34
1283.44
1297.49
1304.29
1317.76
1345.96
1354.68
1360.86
1372.74
1379.25
1384.55
1399.13
1423.18
1439.95
1447.30
1448.89
1453.15
1458.70
1474.21
1483.12
1494.15
1512.11
1526.00
1568.66
1586.07
1626.98
1645.20
1652.87
1732.03
1737.01
1776.35
1799.28
1817.86
1874.16
1883.29
1911.65
1928.75
3106.77
3117.34
3127.37
3141.13
3200.40
3204.37
3217.56
3261.72
3276.24
3284.25
3298.89
3302.63
3623.28
3661.08
3664.55
3784.06
3799.38
3817.42
3893.37
$end
