
$molecule
   O     6.48766054   3.62140900   1.12886697
  O     4.54013262   1.05087213   1.12743223
  O     4.30976560   4.12745838   1.19533479
  O     1.86392767   5.64466261  -2.30742370
  O     2.35909516   3.48361203  -2.49991392
  O    -3.78180427  -3.87826372   3.41417397
  N     3.98747487   2.12305940  -0.77111621
  N    -1.09177052  -1.77950742   0.08503857
  N    -3.46611490  -2.76560860   0.81619160
  N    -5.53985365  -3.17732513  -0.95078168
  N    -5.80225648  -4.69134350   2.79236350
  N    -6.72838301  -4.39392830   0.65825144
  N    -7.90238307  -5.56951280   2.28536280
  C     5.15133780   2.93974485  -0.70792157
  C     5.14115809   3.98439871  -1.80648108
  C     4.04255725   5.01796540  -1.68437590
  C     3.74595415   1.21807219   0.22548587
  C     2.45655844   0.46624312   0.12776290
  C     5.24553614   3.61140817   0.64722938
  C     0.06640312  -1.01067122   0.08901196
  C    -2.18270827  -1.48271137  -0.79518262
  C     1.59757525   0.53343294  -0.96155534
  C     2.10331541  -0.35365942   1.19893425
  C     0.42037582  -0.19219501  -0.98460823
  C     0.93393587  -1.07790631   1.18872162
  C     2.69657626   4.60508692  -2.20224743
  C    -3.39549019  -2.28320045  -0.39781755
  C    -4.54957279  -3.45896160   1.18035311
  C    -4.46924620  -2.50334200  -1.29190859
  C    -5.61151858  -3.67823136   0.29982943
  C    -4.61051525  -3.99387218   2.55506544
  C    -6.79533950  -4.87051466   1.86224204
  H     6.05311927   2.32423631  -0.80803547
  H     6.10443874   4.50484418  -1.78999121
  H     5.06568183   3.47277428  -2.76632541
  H     4.30880717   5.92893196  -2.22829378
  H     3.88498283   5.30526612  -0.64531795
  H     3.26161340   2.38647246  -1.41560402
  H    -1.92159714  -1.71235208  -1.83645148
  H    -2.45693559  -0.41573786  -0.78587638
  H     1.82840497   1.15332269  -1.81710578
  H     2.77205177  -0.40873791   2.04913203
  H    -1.39270915  -2.10650866   0.99117923
  H    -0.22831044  -0.12626094  -1.84566575
  H     0.67173631  -1.70702383   2.03038541
  H    -4.42328423  -2.10644614  -2.30532745
  H     6.46402308   4.05739021   1.99108468
  H    -5.92451819  -5.04261469   3.72824013
  H     1.01100563   5.30983285  -2.61672220
  H    -7.78048488  -6.24715907   3.02038201
  H    -8.52040877  -5.83690066   1.53399534
$end
$temperature
298.15
$end
$mult
 1
$end
$sigma
 1
$end
$pressure
1.00000
$end
$scale
1.0
$end
$msrrho
$end
$freq
7.64
11.48
13.82
24.50
29.07
33.50
41.26
57.64
64.27
71.13
93.14
102.79
115.32
141.02
151.15
162.66
184.74
195.70
200.61
212.77
226.74
255.47
284.75
303.63
328.54
338.33
349.58
354.08
383.83
390.89
404.87
445.57
453.27
487.50
488.99
494.23
507.32
539.73
544.32
548.48
556.22
572.18
585.79
594.21
599.15
604.76
608.14
638.32
654.69
661.33
692.25
699.17
704.90
721.47
750.65
780.03
787.89
813.75
820.58
828.54
853.38
864.37
884.16
903.97
918.06
928.48
930.20
941.49
957.19
993.40
1003.74
1026.82
1033.61
1046.45
1069.52
1083.53
1089.19
1099.42
1110.47
1145.83
1150.95
1169.36
1186.11
1190.05
1195.98
1204.36
1205.80
1215.02
1218.74
1219.92
1232.12
1264.60
1282.31
1298.17
1312.89
1320.64
1330.66
1338.59
1346.46
1358.78
1372.97
1393.51
1400.54
1407.63
1420.05
1440.00
1450.83
1460.77
1487.46
1495.01
1507.98
1517.72
1519.48
1557.42
1575.54
1578.22
1613.17
1631.95
1651.87
1737.64
1753.38
1777.47
1790.51
1803.01
1840.99
1887.07
1896.30
1915.70
3032.39
3101.08
3115.75
3123.39
3153.89
3195.28
3209.01
3226.64
3243.26
3261.19
3280.33
3287.74
3690.14
3770.08
3815.88
3823.43
3837.66
3897.07
3907.96
$end
