
$molecule
   O     2.67804849   2.53871719  -4.56423353
  O     1.12047677  -1.08032341  -5.32655517
  O     1.59003850   3.58422508  -2.91409450
  O    -2.35229481  -0.04236161  -4.68011073
  O    -2.08747541   1.24153045  -6.48647849
  O     0.14049269  -4.48155286   5.30111636
  N     0.52531502   1.08668292  -5.18402824
  N     0.53396985  -0.56428012   1.04330865
  N    -0.30334613  -2.09904940   3.79238867
  N    -0.26179332   0.26620914   5.21996850
  N     0.34897731  -3.22555431   7.16957985
  N     0.15486679  -0.88947816   7.20797143
  N     0.60172918  -2.05508549   9.16880508
  C     0.32235200   2.35302702  -4.55657192
  C    -0.85670583   2.38889193  -3.61441338
  C    -2.17003968   2.32081059  -4.36479719
  C     0.85840800  -0.13041251  -4.63158008
  C     0.80024795  -0.23022294  -3.13575229
  C     1.57817502   2.89402403  -3.89608919
  C     0.59611122  -0.46270121  -0.34976129
  C    -0.70141237  -0.95126907   1.69438813
  C    -0.19538653  -1.00524715  -2.56172477
  C     1.72946027   0.38248119  -2.30825513
  C    -0.31172638  -1.10995731  -1.18811351
  C     1.62972395   0.27499470  -0.93762954
  C    -2.20802443   1.13238515  -5.29957024
  C    -0.50202766  -0.95369705   3.18258772
  C    -0.08966325  -2.09580573   5.11109727
  C    -0.47857522   0.24333304   3.92625052
  C    -0.06216079  -0.90668073   5.85200728
  C     0.13014120  -3.38946816   5.79358150
  C     0.35077271  -2.01771083   7.81759585
  H     0.12878896   3.05422959  -5.37935851
  H    -0.76893323   1.56647048  -2.91502135
  H    -0.81948915   3.30841641  -3.02855194
  H    -2.30684813   3.20853272  -4.98127363
  H    -3.00902641   2.26691277  -3.66383083
  H     0.57294638   1.07040717  -6.19043337
  H    -0.97782052  -1.96028172   1.38742695
  H    -1.53287564  -0.28206213   1.43188368
  H    -0.89469132  -1.53332490  -3.19795163
  H     2.55092686   0.93765169  -2.73245099
  H     1.01148461   0.19442973   1.50492661
  H    -1.10360007  -1.70951355  -0.76303714
  H     2.35770021   0.76551488  -0.30341905
  H    -0.64818751   1.19693631   3.42819900
  H     3.43449824   2.96812734  -4.14295227
  H     0.54711241  -4.06979716   7.68122633
  H    -2.43340379   0.08100541  -3.73060298
  H     0.36910767  -2.89561754   9.67213567
  H     0.41363531  -1.18449190   9.64219783
$end
$temperature
298.15
$end
$mult
 1
$end
$sigma
 1
$end
$pressure
1.00000
$end
$scale
1.0
$end
$msrrho
$end
$freq
9.32
11.24
12.79
25.82
29.63
40.57
47.58
72.10
77.66
84.16
89.93
110.56
121.05
125.23
147.25
157.48
164.44
173.11
190.92
217.93
227.62
235.73
283.49
324.67
328.83
343.97
357.15
382.52
389.69
404.28
439.58
443.99
452.54
455.31
479.46
482.79
496.07
509.05
529.81
533.40
548.16
551.23
561.33
573.55
598.85
604.91
620.92
635.80
654.00
661.19
667.37
690.57
699.46
708.18
745.47
771.63
798.39
818.41
822.29
829.85
837.73
853.68
883.35
896.94
907.76
917.53
927.31
932.94
946.99
1005.52
1019.16
1027.71
1041.77
1054.92
1060.91
1065.16
1089.35
1097.11
1098.77
1120.04
1138.89
1150.19
1163.08
1173.88
1188.88
1192.09
1205.00
1213.37
1220.45
1236.00
1241.69
1264.54
1287.64
1294.11
1300.46
1311.53
1327.15
1346.19
1353.53
1369.07
1379.63
1384.85
1395.70
1439.68
1443.57
1453.23
1461.45
1463.77
1479.81
1481.53
1486.64
1491.06
1511.22
1526.10
1563.34
1577.99
1617.09
1632.05
1648.42
1733.15
1740.80
1788.34
1789.41
1814.72
1859.00
1900.31
1909.59
1928.05
3066.62
3103.25
3126.13
3165.83
3206.24
3208.10
3211.51
3244.88
3263.07
3282.39
3302.74
3327.58
3694.57
3765.41
3812.92
3819.28
3827.94
3909.69
4006.36
$end
