
$molecule
   O     2.89243719   0.14651096  -3.79900456
  O     0.63915111   0.84290965  -2.36321670
  O     1.95561031  -1.52641754  -2.65439528
  O     2.24360182  -0.31219486   2.03242269
  O     0.58293303  -0.75452952   0.63308409
  O    -2.36650639   0.26909290  -1.99136142
  N     2.26093334   1.03707853  -0.82162311
  N    -3.26599858   2.65911281   1.98387362
  N    -2.84836614   0.24838502   0.79561658
  N    -2.09142533  -2.00418963   2.15882962
  N    -1.01948815  -1.52719364  -1.69274598
  N    -1.13256121  -2.89443256   0.21270675
  N     0.16267034  -3.51543966  -1.62204784
  C     3.19699889   0.17377162  -1.47293872
  C     3.75462690  -0.84817761  -0.49751607
  C     2.70374903  -1.71866702   0.15102119
  C     0.99830798   1.28785640  -1.29643785
  C     0.08249226   2.02483817  -0.39456872
  C     2.57382317  -0.49307110  -2.68597029
  C    -2.09077567   2.66401795   1.21594546
  C    -3.45834526   1.46420788   2.79438352
  C     0.20020445   1.98282122   0.98858354
  C    -1.07623205   2.55950277  -0.95005629
  C    -0.87285496   2.30401784   1.78706963
  C    -2.14122902   2.90632084  -0.15728595
  C     1.72061929  -0.90919719   0.95120192
  C    -3.00920364   0.19729995   2.09430992
  C    -2.27310652  -0.75994765   0.16164126
  C    -2.64350308  -0.97963501   2.77216957
  C    -1.84329837  -1.90574924   0.84000065
  C    -1.94628359  -0.58554768  -1.26521499
  C    -0.67978746  -2.64255466  -0.98032365
  H     4.03964573   0.76260438  -1.86521596
  H     4.47723624  -1.48517450  -1.01698123
  H     4.31731326  -0.30175617   0.26409396
  H     3.17939825  -2.45322293   0.80920864
  H     2.13342735  -2.24562191  -0.59842795
  H     2.57741543   1.56255627  -0.02772781
  H    -4.52038361   1.41058467   3.06566831
  H    -2.90007943   1.55081871   3.73380488
  H     1.09395007   1.61906672   1.46525962
  H    -1.16458444   2.61921892  -2.02547168
  H    -4.06274843   2.81024947   1.37901328
  H    -0.80074996   2.19514619   2.85870204
  H    -3.06745198   3.22720581  -0.61308874
  H    -2.80118134  -1.06631190   3.84679939
  H     2.42147237  -0.26525501  -4.53534079
  H    -0.59723294  -1.35937941  -2.59072823
  H     3.13944119  -0.62130249   2.19489541
  H     0.49028838  -4.26061387  -1.02845567
  H     0.83563019  -3.08961292  -2.24416007
$end
$temperature
298.15
$end
$mult
 1
$end
$sigma
 1
$end
$pressure
1.00000
$end
$scale
1.0
$end
$msrrho
$end
$freq
24.82
36.49
57.10
66.91
69.34
78.42
96.09
114.03
120.27
124.66
137.62
149.29
161.20
175.45
189.61
198.11
210.97
214.21
228.32
249.67
261.12
281.88
287.78
319.07
337.01
357.02
364.14
388.63
393.87
408.14
437.70
447.60
460.10
464.38
469.60
498.16
504.35
513.58
539.68
551.74
556.63
579.17
584.65
594.60
600.08
622.62
625.05
649.47
651.32
685.28
701.37
719.35
738.96
751.90
768.88
775.97
792.73
815.03
833.31
839.04
855.85
865.52
871.37
878.51
905.88
927.28
938.51
952.39
962.67
991.58
1009.65
1023.77
1040.25
1048.10
1060.49
1079.64
1093.73
1099.35
1109.83
1111.86
1138.05
1162.27
1173.63
1176.65
1182.17
1197.51
1206.90
1215.58
1218.62
1227.19
1241.27
1244.50
1279.46
1288.34
1316.76
1332.66
1344.17
1349.91
1352.36
1363.22
1376.28
1390.12
1407.82
1420.74
1429.72
1449.40
1453.53
1459.74
1468.99
1472.08
1478.89
1523.78
1525.41
1574.12
1583.70
1587.92
1625.92
1640.32
1651.50
1740.95
1757.25
1787.95
1795.67
1810.64
1860.67
1906.63
1917.08
1972.37
3065.29
3092.12
3108.37
3114.52
3146.15
3166.34
3202.96
3271.98
3292.19
3295.13
3359.74
3365.93
3682.68
3705.11
3826.94
3847.23
3883.83
3916.50
3992.36
$end
