
$molecule
   O     0.44375142   4.90497055  -4.43476464
  O    -2.59342527   2.59109090  -2.74155855
  O    -0.26297545   6.94570398  -3.84473950
  O    -2.82842948   6.44886055   1.07728230
  O    -4.60178197   6.93590559  -0.19376870
  O    -0.82527445  -5.90961841   1.94278043
  N    -0.74836839   3.84031587  -2.32856498
  N     0.75060431  -1.63697934   0.69126845
  N     1.31143524  -4.08025779   1.54648456
  N     3.80048676  -4.89868680   2.39486424
  N     0.63174098  -7.36964092   2.88117076
  N     2.92224572  -6.93534920   3.14485220
  N     2.03132119  -8.96244264   3.85066817
  C    -1.34019546   5.03957440  -2.86189137
  C    -1.87396187   5.96004882  -1.79480096
  C    -3.03402526   5.34281469  -1.04324093
  C    -1.50008810   2.67982031  -2.23567418
  C    -0.85383393   1.57410020  -1.47004227
  C    -0.32767620   5.75408840  -3.75856369
  C     0.24608388  -0.58454211  -0.04292968
  C     2.14688198  -1.95397546   0.73482973
  C     0.51381507   1.50097916  -1.23092304
  C    -1.66467546   0.54070335  -0.99662804
  C     1.06031586   0.44198212  -0.53281462
  C    -1.13513962  -0.51373451  -0.29339579
  C    -3.58999204   6.31813300  -0.02472871
  C     2.34454441  -3.29274040   1.39636394
  C     1.48055116  -5.27716278   2.11662841
  C     3.61639578  -3.72814271   1.83710294
  C     2.73457508  -5.71162404   2.55334722
  C     0.30151979  -6.15107089   2.27511074
  C     1.89531018  -7.71523892   3.29177241
  H    -2.15597350   4.71703480  -3.51428598
  H    -1.06437909   6.21170179  -1.10910979
  H    -2.18820277   6.89170513  -2.26403862
  H    -2.73078680   4.42781359  -0.53570759
  H    -3.84264750   5.09224736  -1.72623733
  H    -0.00428894   3.95232281  -1.66247369
  H     2.70988735  -1.18854976   1.28612268
  H     2.59819790  -1.99059735  -0.26899122
  H     1.18554137   2.26359951  -1.60691347
  H    -2.72951808   0.58200178  -1.19347071
  H     0.14456499  -2.43379107   0.81568576
  H     2.12660082   0.40639674  -0.36372536
  H    -1.77734819  -1.30494739   0.07344289
  H     4.48521831  -3.08180915   1.71731535
  H     0.22553764   4.00787094  -4.15390582
  H    -0.12361181  -8.02880636   2.97861139
  H    -2.06330268   5.86953438   1.02737802
  H     1.22991321  -9.37736754   4.29716000
  H     2.92286193  -9.11424520   4.29764664
$end
$temperature
298.15
$end
$mult
 1
$end
$sigma
 1
$end
$pressure
1.00000
$end
$scale
1.0
$end
$msrrho
$end
$freq
9.13
11.65
17.55
20.21
29.98
38.81
42.15
54.11
54.93
64.84
71.23
91.22
99.92
115.90
131.62
151.95
160.86
163.28
187.54
209.97
217.67
249.50
273.46
303.31
319.81
346.36
352.55
363.41
387.21
399.56
433.63
445.59
452.14
461.53
473.78
485.61
493.53
502.58
515.04
527.98
545.77
562.59
570.86
586.37
601.57
606.91
633.40
637.97
658.81
670.42
686.78
697.81
704.91
718.53
775.95
777.37
785.56
809.23
813.29
820.20
827.69
854.45
881.86
887.86
916.40
926.48
930.67
938.23
952.56
993.26
1022.92
1032.42
1038.29
1042.91
1068.00
1083.47
1087.41
1097.84
1111.86
1143.80
1145.22
1164.81
1177.07
1190.30
1200.49
1206.43
1209.86
1213.70
1219.12
1224.80
1228.42
1257.87
1279.01
1283.07
1297.74
1305.19
1328.38
1340.46
1348.47
1350.11
1376.98
1384.61
1394.34
1400.16
1419.62
1441.30
1456.74
1464.78
1477.57
1487.58
1494.38
1498.41
1520.92
1550.04
1570.81
1578.67
1613.31
1633.97
1648.11
1736.54
1753.90
1771.42
1788.39
1797.49
1856.37
1896.05
1921.67
1934.84
3035.64
3111.55
3135.30
3164.92
3194.60
3207.93
3220.36
3241.84
3244.99
3249.20
3253.82
3281.98
3694.51
3779.77
3813.41
3828.21
3850.42
3940.34
3995.52
$end
