
$molecule
   O     1.10315188  -3.38505591   6.04345884
  O     1.67066534  -1.42492761   1.42423990
  O    -0.02951114  -1.46940645   5.89155486
  O     4.66452884  -3.94711865   3.35999772
  O     2.94880030  -4.59646389   4.60898392
  O     1.23884707   1.66209351  -4.62699847
  N     0.58193654  -1.10057470   3.37442148
  N    -2.79576340   2.75078258  -0.51189782
  N    -1.19200615   2.49549632  -3.40318736
  N    -3.52228032   1.63131454  -4.60246948
  N     0.03834857   0.58945773  -6.21878652
  N    -2.30574684   0.53790228  -6.27486117
  N    -1.07590258  -0.57665309  -7.90264965
  C     1.39844764  -2.02550216   4.09285860
  C     2.79779529  -1.47260113   4.26526866
  C     3.76879021  -2.39804086   4.97296602
  C     0.77502580  -0.88147360   2.03876337
  C    -0.18079169   0.08263679   1.40739639
  C     0.74150215  -2.27681585   5.44134297
  C    -1.89667112   1.88788314   0.11380992
  C    -2.39287723   3.59957624  -1.60705385
  C     0.18596552   0.68707800   0.21153592
  C    -1.42670724   0.38863413   1.94991112
  C    -0.64841735   1.58207027  -0.42801469
  C    -2.27202133   1.27253373   1.31536228
  C     3.76341378  -3.75496376   4.31042545
  C    -2.35541295   2.81754309  -2.89273246
  C    -1.15724141   1.74851918  -4.51049546
  C    -3.53658767   2.36342203  -3.51465447
  C    -2.32782373   1.30189123  -5.13351380
  C     0.15983239   1.37422785  -5.06371128
  C    -1.15588854   0.21020560  -6.77714293
  H     1.44639176  -2.96192664   3.53539254
  H     3.16607649  -1.24840192   3.26652850
  H     2.74161104  -0.53420610   4.81879805
  H     3.48452245  -2.54946932   6.01259629
  H     4.77446826  -1.97042222   4.95899284
  H    -0.07135499  -0.56245853   3.91496901
  H    -1.40779879   4.04676070  -1.45953653
  H    -3.12778237   4.40905139  -1.68334407
  H     1.15021097   0.44873450  -0.22126332
  H    -1.76202854  -0.07767816   2.86834069
  H    -3.47814345   3.14594082   0.11512422
  H    -0.32837224   2.04280780  -1.34848901
  H    -3.24297838   1.49300188   1.74155276
  H    -4.50498356   2.62017496  -3.08962868
  H     1.73567958  -3.92131371   5.51560523
  H     0.90306135   0.26249925  -6.61810422
  H     5.17206149  -3.14704534   3.18751405
  H    -0.25964848  -0.48720447  -8.48556442
  H    -1.95639323  -0.68251547  -8.38361196
$end
$temperature
298.15
$end
$mult
 1
$end
$sigma
 1
$end
$pressure
1.00000
$end
$scale
1.0
$end
$msrrho
$end
$freq
9.74
11.77
16.40
26.99
30.82
43.97
58.82
67.13
73.41
94.07
103.71
110.84
134.96
151.16
165.68
166.91
171.34
208.36
223.25
238.53
258.19
275.02
286.64
313.30
336.46
344.95
354.61
362.80
372.52
394.55
409.14
426.25
446.23
451.81
478.10
491.41
496.24
506.80
513.38
538.15
551.32
564.51
593.19
597.72
604.45
628.94
637.63
645.88
679.35
682.61
697.86
704.27
721.79
780.35
787.59
806.68
819.74
826.54
841.61
853.07
855.86
870.01
894.95
917.93
920.04
930.86
935.61
943.86
967.20
1003.87
1004.85
1018.96
1048.53
1059.72
1071.28
1076.88
1088.96
1095.84
1112.23
1152.47
1158.23
1161.70
1170.05
1179.05
1200.79
1204.17
1215.32
1219.36
1225.59
1246.99
1259.19
1263.85
1290.42
1295.27
1316.37
1324.95
1334.88
1346.13
1354.47
1369.64
1378.27
1389.80
1396.99
1411.60
1446.53
1450.88
1453.72
1462.66
1470.80
1483.04
1500.14
1505.97
1513.19
1562.19
1577.57
1579.29
1613.71
1632.00
1648.83
1736.11
1747.88
1781.17
1790.03
1804.91
1830.65
1888.96
1896.61
1918.30
3095.34
3121.72
3145.75
3200.28
3223.20
3223.70
3229.75
3240.45
3248.88
3250.76
3256.31
3332.50
3537.39
3692.10
3776.11
3816.97
3825.53
3870.73
3962.70
$end
