
$molecule
   O    -1.88061920   0.23507677  -1.56491988
  O     1.07808228  -1.14932568  -2.01716630
  O    -2.04569592  -0.14575008  -3.74355016
  O     1.89474082   1.57115285  -6.80521402
  O     0.50556925  -0.04179141  -7.48338186
  O    -0.80991341   0.77407528   0.75343973
  N     0.65607584   1.06562048  -1.79539947
  N     2.62181983   0.17022136   4.06705577
  N    -0.01561429  -0.17609328   3.29645328
  N    -1.84082909  -1.71503389   4.66530946
  N    -2.73113289  -0.39077695   0.94935131
  N    -3.36782264  -1.54249978   2.89578963
  N    -4.75536855  -1.51943505   1.03462150
  C    -0.16684250   1.13395038  -2.97058575
  C     0.60394298   0.75469807  -4.21139598
  C    -0.07881753   1.16494169  -5.49968002
  C     1.19404037  -0.13573861  -1.37303148
  C     1.83158107  -0.06114234  -0.02674379
  C    -1.44925609   0.31889580  -2.81715709
  C     2.50196549   0.05374680   2.67627023
  C     1.76755981  -0.64951803   4.88829644
  C     1.91401585  -1.22167591   0.72912909
  C     2.22488906   1.13979239   0.55208029
  C     2.26627511  -1.17319050   2.06023394
  C     2.56571880   1.19915715   1.88231405
  C     0.77972029   0.82159210  -6.70007925
  C     0.32452143  -0.72623735   4.42596210
  C    -1.22810777  -0.41218859   2.78639771
  C    -0.64123801  -1.49028572   5.13410493
  C    -2.15954412  -1.21908220   3.44658752
  C    -1.52552260   0.07372247   1.43842020
  C    -3.61003563  -1.16022881   1.67571390
  H    -0.50164119   2.17911147  -3.04919664
  H     1.57811185   1.23726835  -4.13214009
  H     0.77417867  -0.31620429  -4.21100246
  H    -0.27434063   2.24152791  -5.51060132
  H    -1.02102398   0.64019399  -5.61363660
  H     0.52068082   1.75783189  -1.07980740
  H     1.81795407  -0.27591814   5.91864524
  H     2.14786512  -1.67929634   4.91359348
  H     1.65978492  -2.16741107   0.26533510
  H     2.24768204   2.05234840  -0.02913649
  H     2.60248866   1.14035060   4.34698344
  H     2.29393033  -2.07933915   2.64593571
  H     2.81919774   2.14909870   2.33491484
  H    -0.38906635  -1.91949932   6.10396424
  H    -1.26070042   0.58596529  -0.89582712
  H    -2.90353455  -0.21621274  -0.03282708
  H     1.94132175   2.19931297  -6.07922043
  H    -5.02419484  -1.08315352   0.17007287
  H    -5.45285203  -1.99262443   1.58472465
$end
$temperature
298.15
$end
$mult
 1
$end
$sigma
 1
$end
$pressure
1.00000
$end
$scale
1.0
$end
$msrrho
$end
$freq
14.80
24.08
33.94
39.89
49.39
62.26
68.08
80.21
82.93
92.08
103.60
113.75
123.21
133.33
145.76
169.75
176.49
191.46
200.70
214.38
219.67
235.39
278.79
284.81
329.27
357.10
367.67
380.01
390.14
411.95
440.79
449.13
454.75
458.72
475.85
482.77
496.49
508.18
511.26
526.73
559.90
588.51
605.07
620.05
622.13
633.52
643.03
672.31
680.34
699.52
705.00
717.32
721.71
768.03
779.03
786.36
803.26
809.24
828.82
838.59
858.03
871.81
881.48
890.61
906.52
930.46
936.77
942.18
943.55
973.89
998.29
1025.24
1050.96
1066.60
1078.34
1087.05
1099.27
1100.18
1114.34
1144.53
1145.36
1157.22
1165.68
1174.78
1194.86
1199.60
1209.39
1217.09
1219.72
1227.25
1255.47
1279.14
1289.59
1303.34
1321.80
1330.39
1338.26
1339.33
1350.66
1364.76
1379.26
1383.70
1406.02
1411.74
1422.88
1447.21
1462.39
1468.03
1470.86
1477.50
1478.92
1482.52
1514.07
1552.44
1579.13
1581.69
1607.67
1647.37
1650.37
1734.04
1762.21
1786.25
1799.18
1814.68
1861.30
1868.73
1921.53
1934.19
3061.97
3097.70
3109.76
3141.02
3163.99
3200.46
3250.22
3254.63
3262.98
3274.82
3286.30
3295.32
3663.67
3731.36
3736.63
3747.64
3858.12
3870.65
3994.67
$end
