
$molecule
   O    -5.78491726   5.16187765  -0.21971828
  O    -1.52863161   3.61251118  -2.09935456
  O    -5.33050817   3.10972588   0.54063006
  O    -5.10059708   2.02586242  -5.37358157
  O    -5.31037165   4.19683396  -5.86990469
  O     6.59579357  -1.84479076   3.06392679
  N    -3.35534481   2.69716670  -1.14102684
  N     1.25097285  -1.34443254   0.86237501
  N     4.19218279  -2.48388477   1.66981204
  N     3.18005233  -5.01947863   2.09143784
  N     6.55450397  -3.89539480   4.01915713
  N     4.90390851  -5.50529973   3.59267351
  N     6.64685594  -5.98236163   5.05392093
  C    -4.18938333   3.82203997  -1.42007559
  C    -4.97375081   3.63226970  -2.70409850
  C    -4.06506047   3.62152570  -3.91249764
  C    -2.00552535   2.75093325  -1.39183083
  C    -1.19334172   1.65669880  -0.77642993
  C    -5.15530404   3.99010689  -0.25395486
  C     0.45512513  -0.35893597   0.28572385
  C     2.39085164  -1.89585179   0.15918139
  C     0.07693056   1.42269253  -1.29127750
  C    -1.62772670   0.87111824   0.29008230
  C     0.88993801   0.43196716  -0.78066762
  C    -0.82170268  -0.11601171   0.81261828
  C    -4.87502610   3.33426242  -5.16113276
  C     3.10081826  -2.87247101   1.05222419
  C     4.80039073  -3.33779989   2.49710611
  C     2.60083087  -4.17089148   1.27519892
  C     4.29851804  -4.62530608   2.73019803
  C     6.03933356  -2.89992326   3.17599243
  C     5.98673345  -5.13030110   4.20123175
  H    -3.56510838   4.71572193  -1.50258285
  H    -5.51921936   2.69178733  -2.62751848
  H    -5.71793434   4.42229591  -2.82664784
  H    -3.27719392   2.88318201  -3.79386350
  H    -3.59091543   4.59196580  -4.04512517
  H    -3.70559993   2.07036113  -0.43718920
  H     3.08844754  -1.09714034  -0.09099225
  H     2.09603508  -2.39146696  -0.77699430
  H     0.42539831   2.03595587  -2.11367981
  H    -2.59803693   1.02792089   0.74487750
  H     0.71847669  -2.02664903   1.37887449
  H     1.86876617   0.27129039  -1.20772511
  H    -1.17101734  -0.71174088   1.64693988
  H     1.70281028  -4.50496718   0.75737430
  H    -5.49363505   5.72844306  -0.94183187
  H     7.42302283  -3.67184312   4.47737199
  H    -4.66048852   1.49474846  -4.70314172
  H     6.11408335  -6.80227926   5.30186756
  H     7.21556054  -5.58204330   5.78204701
$end
$temperature
298.15
$end
$mult
 1
$end
$sigma
 1
$end
$pressure
1.00000
$end
$scale
1.0
$end
$msrrho
$end
$freq
7.72
8.44
17.27
21.36
28.39
29.91
38.77
47.44
63.83
67.44
81.46
86.43
97.66
118.75
121.13
147.64
155.84
164.13
184.82
225.55
233.26
245.47
275.92
297.81
334.84
343.51
347.22
353.13
379.70
390.15
427.89
438.67
447.61
460.74
476.69
486.54
492.05
507.42
510.62
528.95
549.56
551.49
566.12
580.15
599.18
604.56
605.03
645.09
654.02
661.98
693.13
701.15
706.83
725.79
772.34
773.65
788.30
816.76
818.60
836.17
843.48
853.32
885.29
895.81
916.13
920.33
931.42
939.74
950.02
1005.94
1019.37
1028.43
1046.60
1053.05
1057.64
1065.83
1087.52
1098.26
1105.72
1146.97
1150.34
1162.71
1168.92
1175.55
1188.46
1191.66
1203.67
1205.55
1221.95
1227.09
1238.68
1262.64
1286.81
1292.59
1302.46
1308.48
1335.15
1337.10
1347.20
1353.56
1371.32
1379.45
1385.57
1400.76
1417.15
1451.00
1460.23
1466.78
1477.51
1480.23
1484.55
1492.70
1512.39
1560.45
1571.74
1577.75
1617.12
1631.95
1646.29
1733.46
1740.63
1776.28
1788.10
1801.17
1839.34
1899.74
1918.05
1929.14
3065.33
3124.19
3181.41
3187.94
3211.07
3212.84
3214.93
3241.88
3253.66
3256.76
3268.12
3287.76
3694.29
3776.40
3815.70
3827.85
3856.24
3962.39
3978.40
$end
