
$molecule
   O    -4.52203794  -2.25195036   0.28263277
  O    -1.64821234  -2.74675977   1.58519874
  O    -2.96226251  -1.84959765  -1.25205727
  O    -1.55786010   3.10776785  -0.94562733
  O    -0.41577991   1.77770951   0.41582004
  O     0.81710380  -2.28071218  -1.25432593
  N    -1.57936888  -0.59795404   0.89735795
  N     4.48132736  -0.71326967   1.30015455
  N     2.69669795  -0.22663988  -0.72615925
  N     2.00160877   2.30509336  -1.51469703
  N    -0.61698381  -0.71272206  -2.01626555
  N    -0.00723139   1.51761899  -2.40745453
  N    -2.13953398   0.76285511  -2.91914715
  C    -2.98518426  -0.50198420   0.74225138
  C    -3.42108592   0.83090937   0.15833367
  C    -2.75881422   2.04511384   0.79355724
  C    -1.01779738  -1.72437677   1.44823080
  C     0.43190706  -1.53911650   1.74821853
  C    -3.46337429  -1.60852232  -0.17889884
  C     3.16553630  -1.05252315   1.66223486
  C     4.62034627   0.52028667   0.54401887
  C     0.93842611  -0.31001122   2.15109333
  C     1.31851024  -2.57346852   1.48212750
  C     2.29365245  -0.07465110   2.13387431
  C     2.67475007  -2.33812905   1.44199656
  C    -1.45115993   2.31655074   0.09807948
  C     3.46324175   0.78265250  -0.40060022
  C     1.56606564  -0.01289790  -1.38362886
  C     3.09959722   2.07475752  -0.82893171
  C     1.19117686   1.27017258  -1.78207033
  C     0.62250051  -1.13664397  -1.54206404
  C    -0.87391641   0.54199566  -2.45812058
  H    -3.48908178  -0.66795995   1.70135046
  H    -3.21101861   0.84270928  -0.90496801
  H    -4.50621899   0.90652464   0.27369416
  H    -2.57555444   1.89071232   1.85636706
  H    -3.39388980   2.92458694   0.66887444
  H    -1.01529209   0.23402649   0.81956514
  H     5.57010533   0.47657994  -0.00404111
  H     4.69275486   1.37745284   1.22464911
  H     0.27673847   0.49231857   2.44161826
  H     0.92924864  -3.54709667   1.21485519
  H     4.91118367  -1.48915525   0.81474952
  H     2.67807121   0.89773549   2.40085430
  H     3.34833817  -3.12181917   1.12238170
  H     3.72948729   2.93047723  -0.58918703
  H    -4.74952225  -2.94996907  -0.34686953
  H    -1.40744776  -1.33821301  -1.86184973
  H    -0.77191929   2.95021227  -1.51469064
  H    -2.28347920   1.62591570  -3.41633271
  H    -2.69434852  -0.03659201  -3.17615251
$end
$temperature
298.15
$end
$mult
 1
$end
$sigma
 1
$end
$pressure
1.00000
$end
$scale
1.0
$end
$msrrho
$end
$freq
24.81
44.31
62.69
68.08
72.60
86.14
106.24
116.12
119.29
122.26
135.54
144.14
158.66
174.16
182.13
192.23
196.60
217.17
226.50
250.22
262.10
280.19
299.67
308.72
318.55
354.98
366.20
384.25
401.98
408.74
421.56
446.68
454.94
459.00
481.14
491.96
502.53
527.49
562.28
578.27
591.34
608.30
631.63
634.28
637.15
642.67
671.02
674.86
693.79
699.63
717.41
721.80
747.95
754.84
790.93
797.94
823.46
829.52
844.78
855.17
861.57
872.53
878.70
894.61
924.66
931.87
938.42
948.10
959.60
993.81
1016.34
1037.00
1040.88
1050.28
1061.47
1079.31
1098.75
1118.70
1125.37
1138.56
1141.18
1173.11
1177.95
1191.26
1206.84
1211.12
1214.56
1224.14
1226.59
1247.74
1267.02
1291.87
1301.38
1308.63
1317.35
1324.17
1345.61
1361.57
1369.46
1374.75
1391.57
1397.29
1411.40
1421.69
1443.78
1447.74
1453.04
1461.24
1465.78
1469.75
1511.64
1522.17
1535.57
1571.24
1582.32
1588.69
1630.86
1647.20
1664.62
1746.03
1766.67
1786.38
1798.36
1815.75
1861.18
1887.88
1889.27
1916.17
3062.97
3119.14
3131.34
3142.20
3159.20
3208.83
3219.31
3260.53
3273.33
3296.69
3299.29
3304.26
3574.44
3592.15
3712.22
3728.40
3783.48
3866.13
3897.97
$end
