
$molecule
   O    -1.49237260   3.32293446  -1.23375519
  O    -1.87786583   4.61059672   2.70238543
  O    -1.74284623   1.10170488  -1.15589219
  O    -6.09546840   2.93363432  -3.13139479
  O    -6.70933245   4.67251184  -1.85743630
  O     1.60739000  -5.17602318   1.26883803
  N    -2.94693101   3.61497048   0.96874898
  N     1.88886590  -0.43784981   1.15198855
  N     2.82964744  -2.78920095   0.32266277
  N     5.18215855  -3.09231426  -1.07899564
  N     3.27270411  -6.37719133   0.31263314
  N     5.06435063  -5.42068180  -0.86025745
  N     4.93922927  -7.72849738  -0.60164927
  C    -3.19635446   2.43970654   0.17658894
  C    -4.50026630   2.57802576  -0.58618169
  C    -4.51874970   3.73115876  -1.56542007
  C    -1.91954660   3.70744103   1.90700320
  C    -0.88627609   2.63404851   1.76970391
  C    -2.05332039   2.20028088  -0.80267063
  C     0.97996275   0.59482318   1.34466253
  C     2.86611283  -0.37256287   0.10336032
  C     0.31329706   2.90210979   1.13225199
  C    -1.13393258   1.34609888   2.23074391
  C     1.23451971   1.89726819   0.91400271
  C    -0.21645059   0.34136820   2.02806891
  C    -5.88505742   3.86049721  -2.18396796
  C     3.46042761  -1.73679327  -0.12972194
  C     3.34216248  -4.00369275   0.09812498
  C     4.66815616  -1.91012488  -0.84644072
  C     4.53139675  -4.17860417  -0.61264815
  C     2.62259081  -5.17756720   0.62994797
  C     4.43860799  -6.46159908  -0.40662102
  H    -3.26038875   1.53368355   0.78496989
  H    -4.68584827   1.64452664  -1.12061720
  H    -5.30593548   2.70499927   0.14114353
  H    -3.79689367   3.57183130  -2.36475777
  H    -4.29434623   4.67374830  -1.06941574
  H    -3.73193900   4.21083108   1.18300425
  H     3.66850703   0.33343169   0.35567075
  H     2.43948523  -0.01487505  -0.84622265
  H     0.52840266   3.90277338   0.77691625
  H    -2.05911374   1.12065217   2.74888975
  H     1.50712049  -1.36529045   1.26917433
  H     2.15699521   2.12097118   0.39912059
  H    -0.42006699  -0.66244524   2.37945745
  H     5.20412926  -1.04136671  -1.22684161
  H    -1.85458025   4.05613938  -0.72325809
  H     2.85394456  -7.21372261   0.68547092
  H    -6.98816395   3.05860859  -3.48118648
  H     5.68500123  -7.76535310  -1.28028810
  H     4.28688123  -8.49562010  -0.61989332
$end
$temperature
298.15
$end
$mult
 1
$end
$sigma
 1
$end
$pressure
1.00000
$end
$scale
1.0
$end
$msrrho
$end
$freq
7.94
14.89
21.07
24.48
27.87
37.69
42.35
59.10
68.26
76.22
90.51
98.30
107.03
125.56
151.54
152.26
161.40
164.22
190.74
206.80
218.21
222.14
272.39
276.69
323.47
347.00
350.76
359.48
382.53
389.03
441.00
446.09
450.40
474.94
483.98
491.56
521.52
537.96
543.71
552.38
574.37
583.39
597.64
603.20
617.48
632.54
638.52
641.91
647.91
666.59
676.97
695.15
707.72
738.18
772.65
793.83
812.70
815.67
822.60
826.64
837.50
854.81
861.76
887.21
908.57
925.08
929.04
930.88
950.63
971.36
993.38
1033.45
1042.99
1046.20
1055.93
1084.87
1089.85
1096.23
1099.59
1144.13
1145.76
1173.12
1180.70
1189.70
1191.05
1205.26
1215.26
1219.72
1222.58
1226.28
1235.14
1258.14
1283.74
1303.50
1309.87
1323.16
1332.78
1341.04
1346.35
1366.67
1371.75
1388.61
1400.56
1411.18
1432.73
1447.89
1456.08
1469.02
1475.83
1485.79
1487.57
1492.86
1497.37
1520.05
1566.23
1578.17
1612.60
1631.88
1646.22
1737.96
1754.67
1788.72
1791.15
1813.48
1871.60
1895.44
1901.50
1945.44
3041.77
3113.70
3116.85
3168.58
3196.62
3197.10
3209.03
3236.97
3246.87
3250.19
3252.80
3287.06
3689.54
3761.61
3789.04
3816.23
3822.88
3898.63
3964.99
$end
