
$molecule
   O    -2.80200361   4.67778767   1.87605011
  O    -0.97028798   2.17377658   2.07012953
  O    -3.53895273   3.58580727   3.67875973
  O    -5.77199921   2.00000928   4.78594049
  O    -6.30201244   3.07889623   2.89494000
  O     4.01824645  -2.41103400   1.26183962
  N    -2.62256699   2.38918335   0.53886253
  N     2.30863498   0.78809407  -3.26377357
  N     3.78396391  -1.48386183  -1.41653278
  N     3.38110628  -3.41133783  -3.34833629
  N     3.77538710  -4.53664015   0.51941900
  N     3.44163993  -5.10232471  -1.73262983
  N     3.53659066  -6.76766762  -0.11416857
  C    -3.63141335   2.47006024   1.57256598
  C    -3.81963935   1.18494249   2.34419367
  C    -5.26352263   0.93616162   2.73595620
  C    -1.31303122   2.11829931   0.91656211
  C    -0.38807600   1.78293667  -0.20650036
  C    -3.30873052   3.62767185   2.50694256
  C     1.44763089   1.12893797  -2.22678635
  C     3.65466604   0.32505191  -3.02452270
  C     0.80437998   1.13355326   0.09235661
  C    -0.64542620   2.11864117  -1.53387481
  C     1.70961615   0.80329702  -0.89486644
  C     0.25455058   1.80179688  -2.52718582
  C    -5.84077084   2.12039153   3.46019059
  C     3.65513922  -1.13908606  -2.67471416
  C     3.71836464  -2.77695854  -1.09054267
  C     3.44530293  -2.13617687  -3.64894933
  C     3.51573484  -3.76986267  -2.05600253
  C     3.85529235  -3.14980213   0.33199750
  C     3.57113947  -5.44513650  -0.48796275
  H    -4.56558356   2.74470672   1.06900361
  H    -3.48911109   0.35140589   1.72215771
  H    -3.19119953   1.20241220   3.22784470
  H    -5.33293210   0.05436791   3.37556816
  H    -5.87392959   0.76982125   1.84503139
  H    -2.91545172   1.98892993  -0.33705561
  H     4.14501317   0.86473180  -2.21225821
  H     4.22826016   0.49108869  -3.94302834
  H     1.02098795   0.88412942   1.12453139
  H    -1.54784404   2.65307542  -1.80539034
  H     2.16955081   1.32157089  -4.10624038
  H     2.62101458   0.29128137  -0.63083118
  H     0.04357275   2.07060673  -3.55490752
  H     3.33090891  -1.85714858  -4.69485222
  H    -2.64610857   4.43711923   0.95666853
  H     3.90642048  -4.85823729   1.46475695
  H    -6.01785552   2.84967454   5.17507001
  H     3.20670516  -7.38540082  -0.84028217
  H     3.24862842  -6.98954274   0.82485628
$end
$temperature
298.15
$end
$mult
 1
$end
$sigma
 1
$end
$pressure
1.00000
$end
$scale
1.0
$end
$msrrho
$end
$freq
9.00
11.47
17.79
25.47
33.46
54.66
62.96
69.82
75.43
100.82
102.43
111.70
124.73
138.86
145.98
148.51
165.34
169.45
184.27
251.81
257.88
273.36
304.23
311.62
342.01
347.05
350.06
355.20
391.13
399.18
406.47
433.56
450.97
451.80
485.22
496.97
503.92
530.85
533.48
549.01
551.15
557.67
577.39
595.76
598.54
601.36
604.76
608.69
634.61
642.83
677.61
689.31
704.15
721.15
774.10
787.28
792.31
818.26
821.96
844.81
846.44
862.00
871.24
889.31
896.68
917.61
932.39
936.28
962.71
1004.14
1006.71
1019.68
1045.82
1056.54
1069.55
1073.72
1084.85
1094.83
1109.77
1127.28
1144.56
1152.22
1158.98
1177.76
1200.23
1201.86
1207.74
1214.99
1217.90
1224.83
1255.76
1261.40
1264.26
1293.21
1317.69
1328.40
1335.18
1339.22
1346.62
1350.44
1368.63
1381.27
1390.16
1400.40
1442.42
1445.02
1451.04
1461.49
1467.38
1479.18
1490.60
1506.22
1513.52
1538.84
1568.24
1578.46
1614.12
1632.76
1645.82
1735.65
1747.26
1780.84
1788.43
1802.45
1873.23
1897.93
1898.33
1955.21
3099.96
3114.43
3143.74
3160.65
3198.22
3204.70
3219.76
3239.53
3246.89
3253.74
3273.47
3329.62
3693.54
3788.08
3810.37
3815.59
3827.04
3914.54
3978.48
$end
