
$molecule
   O    -5.68672432   2.98677101  -4.78833721
  O    -2.71588757  -1.02454880  -3.94291354
  O    -3.95645959   3.55605380  -3.49016077
  O    -4.27742340  -0.52543723  -0.99754830
  O    -4.18386373   1.66404072  -0.56526343
  O     2.90731149   1.07172600   4.74381816
  N    -3.10425201   1.07975263  -3.22884155
  N     2.01491114  -0.45751240   0.33381535
  N     3.42549248  -0.70186773   2.58339623
  N     5.67415794  -2.27792331   2.80601580
  N     4.75500182   0.28978861   5.79552784
  N     6.16199108  -1.36213568   4.90490888
  N     6.64150836  -0.41289050   6.97256302
  C    -4.26983645   1.24660154  -4.02857591
  C    -5.43232360   0.43626835  -3.49517858
  C    -5.83820893   0.84998915  -2.10059562
  C    -2.40102280  -0.09328636  -3.23633843
  C    -1.24534017  -0.14012439  -2.28781675
  C    -4.59856330   2.71861257  -4.06178405
  C     0.93377473  -0.38697717  -0.53243861
  C     2.83670340  -1.62841429   0.42020199
  C    -0.28461683  -1.12545622  -2.47595471
  C    -1.10848506   0.72114619  -1.20025543
  C     0.79283619  -1.25053314  -1.62208665
  C    -0.04446365   0.59786354  -0.33456455
  C    -4.69268578   0.73658359  -1.13714274
  C     3.73846756  -1.53309644   1.62305283
  C     4.20937376  -0.62851463   3.66377218
  C     4.89700251  -2.33439618   1.75281533
  C     5.35225809  -1.42055049   3.79688957
  C     3.84594990   0.32529497   4.73029274
  C     5.85215443  -0.53295367   5.85269376
  H    -4.08036632   0.93094109  -5.06281765
  H    -6.28717669   0.53611893  -4.16788699
  H    -5.12364022  -0.60574085  -3.49509203
  H    -6.64604470   0.20537607  -1.74292660
  H    -6.19168761   1.87941937  -2.07250647
  H    -2.74011132   1.89783720  -2.77478157
  H     3.44779092  -1.74863648  -0.48399457
  H     2.24528805  -2.55383394   0.50472371
  H    -0.39595130  -1.80621754  -3.31148460
  H    -1.84920322   1.48204290  -0.99527303
  H     1.89607474   0.01294447   1.21858514
  H     1.52925281  -2.02124969  -1.79643954
  H     0.04459424   1.26589846   0.51337827
  H     5.16957615  -3.02945373   0.95951185
  H    -5.81807424   3.94467762  -4.77410113
  H     4.58599073   0.94993412   6.53710116
  H    -3.51867831  -0.53517753  -0.40106692
  H     7.32520229  -1.14906362   7.06500991
  H     6.20842631  -0.09969089   7.82609420
$end
$temperature
298.15
$end
$mult
 1
$end
$sigma
 1
$end
$pressure
1.00000
$end
$scale
1.0
$end
$msrrho
$end
$freq
10.89
14.71
24.44
27.30
39.66
53.25
60.70
63.05
74.37
86.48
99.00
110.61
117.00
139.68
147.44
151.23
152.62
162.97
204.60
213.26
234.81
257.40
284.06
311.39
332.98
347.97
357.04
359.57
369.81
389.32
442.87
448.77
454.30
470.38
487.81
501.85
503.55
532.38
539.06
548.85
559.37
563.06
581.63
596.80
601.45
602.93
607.57
608.52
640.23
659.31
674.02
699.45
701.43
717.95
772.40
781.23
786.85
805.83
814.37
826.51
855.32
866.65
890.36
893.87
917.05
930.17
931.05
949.24
978.18
993.55
995.59
1032.58
1033.03
1057.59
1064.90
1083.53
1087.54
1096.15
1099.05
1130.22
1145.83
1167.63
1171.81
1181.35
1189.96
1203.69
1205.34
1215.58
1219.13
1225.05
1229.27
1265.69
1283.44
1290.94
1291.37
1305.91
1335.89
1346.88
1347.50
1363.27
1373.02
1388.59
1397.98
1411.81
1433.23
1448.26
1453.70
1465.13
1486.91
1491.72
1495.89
1501.61
1520.16
1563.42
1578.22
1582.95
1613.11
1632.46
1651.41
1737.47
1753.54
1778.70
1790.07
1802.22
1847.74
1896.02
1904.23
1923.07
3034.27
3115.54
3120.25
3136.82
3139.79
3208.96
3222.73
3243.61
3254.77
3256.23
3281.24
3290.09
3691.22
3773.11
3815.33
3824.59
3885.02
3900.48
3940.03
$end
