
$molecule
   O     1.68290982   2.70788253   1.08782189
  O    -2.92540883   1.59941245   4.30402639
  O     0.77741991   4.04044338   2.63891467
  O    -1.04126427   0.40187685  -1.64099335
  O     0.76024614   0.77273484  -0.40645447
  O     1.21210167   0.23936271  -3.25807665
  N    -1.37972222   2.46506352   2.87333704
  N    -2.30884688  -2.46506895  -0.77466736
  N     0.39580431  -1.93592264  -1.63758659
  N     2.39380547  -3.24854552  -0.27356107
  N     3.30681302   0.04375839  -2.43111659
  N     3.97576592  -1.69090701  -1.00618899
  N     5.50906232  -0.08296824  -1.68023299
  C    -0.59332518   2.36269608   1.68368889
  C    -1.34145088   2.89512603   0.47782706
  C    -0.67839990   2.61043528  -0.85685238
  C    -2.27979609   1.51543514   3.28787681
  C    -2.38177603   0.36620207   2.31589450
  C     0.70667060   3.12403852   1.86501147
  C    -2.33434683  -1.56057949   0.29201591
  C    -1.31648846  -3.49162449  -0.84917617
  C    -1.47073152  -0.67344876   2.35791065
  C    -3.31615823   0.40223601   1.28881169
  C    -1.45108938  -1.63526509   1.36289122
  C    -3.29243254  -0.54357227   0.28812721
  C    -0.25160043   1.17497727  -0.95653351
  C     0.11242240  -2.99879054  -0.92955912
  C     1.66388704  -1.52170465  -1.71109247
  C     1.15455329  -3.66713819  -0.24907736
  C     2.68604081  -2.15093234  -0.99952036
  C     1.97789139  -0.34953765  -2.54421265
  C     4.25012190  -0.62046124  -1.68585794
  H    -0.34611719   1.32130606   1.51632885
  H    -2.32658080   2.43958198   0.48041838
  H    -1.48369353   3.97129634   0.58626217
  H     0.21795183   3.21809572  -0.98372937
  H    -1.36479876   2.83245708  -1.67507962
  H    -1.20764450   3.25711508   3.47309169
  H    -1.52772580  -4.09519484  -1.74185096
  H    -1.39796694  -4.15449131   0.01773665
  H    -0.73779076  -0.72283385   3.15598255
  H    -4.05468313   1.19527125   1.25557322
  H    -2.55982011  -2.05035095  -1.65818866
  H    -0.71683694  -2.42182377   1.40718208
  H    -4.00261039  -0.49398430  -0.52726692
  H     0.93574122  -4.55878673   0.33663461
  H     1.40879219   1.93766116   0.53873046
  H     3.56202654   0.87391442  -2.94093843
  H    -0.61028456  -0.47302584  -1.76808618
  H     5.79489616   0.51076043  -2.44033958
  H     6.21446711  -0.67218192  -1.26585633
$end
$temperature
298.15
$end
$mult
 1
$end
$sigma
 1
$end
$pressure
1.00000
$end
$scale
1.0
$end
$msrrho
$end
$freq
17.21
23.73
36.03
48.81
55.24
75.93
85.59
97.89
104.90
110.42
134.44
151.67
153.95
166.38
181.63
197.93
203.64
210.24
234.83
252.29
259.03
278.81
287.44
310.22
318.43
341.47
357.12
366.52
379.83
389.36
416.29
438.78
447.36
467.54
480.02
486.68
500.92
509.38
524.29
551.12
579.30
589.48
600.12
615.60
640.11
647.08
653.14
674.31
682.14
698.95
720.83
724.79
768.74
777.76
796.14
813.20
829.86
831.97
841.30
849.30
863.38
881.84
889.16
894.31
914.96
934.96
940.74
949.15
989.84
999.46
1001.12
1028.25
1045.35
1059.74
1077.55
1087.64
1095.29
1096.85
1127.59
1147.77
1170.48
1182.88
1187.47
1197.84
1210.39
1216.12
1221.90
1227.78
1240.66
1257.42
1259.50
1297.22
1297.74
1317.09
1330.56
1335.64
1354.72
1358.89
1369.48
1378.87
1389.34
1405.65
1420.86
1436.45
1447.26
1450.11
1456.53
1465.27
1468.05
1477.28
1486.72
1523.91
1551.90
1560.89
1566.13
1582.47
1615.04
1642.30
1650.09
1747.66
1761.65
1794.16
1796.44
1820.27
1846.73
1860.58
1899.82
1927.35
3073.96
3137.30
3153.38
3169.03
3215.21
3220.74
3233.88
3239.43
3254.10
3275.11
3332.07
3341.98
3493.12
3536.97
3707.58
3779.70
3800.96
3818.77
3842.90
$end
