
$molecule
   O     1.25167355  -0.42055099   3.69999477
  O    -3.24388523  -0.97297525   1.58859983
  O    -0.41999994  -1.89668313   3.54622446
  O    -2.61381980   2.78544066   3.76065486
  O    -1.62454229   3.87262132   5.44453811
  O     0.93922404  -3.65667383  -3.01572887
  N    -2.28709085   0.07328010   3.35965330
  N     1.89005918   1.71683731  -1.20825936
  N     1.98276040  -1.01242649  -2.97929830
  N     1.83890434   0.39396200  -5.34705723
  N     0.45949961  -3.40873978  -5.21524582
  N     0.87777652  -1.44484136  -6.42859885
  N    -0.11271949  -3.27093227  -7.47109131
  C    -1.00791695   0.36274254   3.94571413
  C    -1.14348364   0.60388294   5.43516052
  C    -2.23939021   1.59102132   5.78872362
  C    -2.35733994  -0.27333791   1.99549384
  C    -1.25824973   0.27516279   1.15053743
  C    -0.02991267  -0.77919655   3.70518155
  C     0.86322686   1.20609879  -0.41827192
  C     2.91389768   0.87210023  -1.77462044
  C    -0.46932063  -0.60998008   0.43119347
  C    -0.98771666   1.63773372   1.07471419
  C     0.58557439  -0.15766918  -0.33720331
  C     0.05379198   2.09769410   0.30048008
  C    -2.12664985   2.87899360   4.99737774
  C     2.41766156   0.22283513  -3.03892972
  C     1.47285078  -1.57276976  -4.07810404
  C     2.33201387   0.92934004  -4.25567498
  C     1.39316264  -0.87654146  -5.28969630
  C     0.96198722  -2.95562722  -3.98782129
  C     0.43756691  -2.66365486  -6.36699717
  H    -0.60649160   1.25488932   3.46794156
  H    -1.35146657  -0.34516854   5.93508916
  H    -0.18733277   0.96779035   5.82069764
  H    -2.17125665   1.84881873   6.84691391
  H    -3.22233110   1.15378287   5.60962160
  H    -2.82629229  -0.60063820   3.88904358
  H     3.22963615   0.08133034  -1.09154909
  H     3.78120720   1.50444557  -1.99369670
  H    -0.66663417  -1.67415643   0.48851167
  H    -1.59052498   2.35280380   1.62048580
  H     2.17978396   2.64648240  -0.95213738
  H     1.19166036  -0.86888603  -0.87480505
  H     0.25377390   3.16064216   0.24120000
  H     2.68453949   1.95765963  -4.31252989
  H     1.34591658   0.53076705   3.80746546
  H     0.05362889  -4.33042805  -5.20804056
  H    -2.82038419   1.85862884   3.55272591
  H    -0.07761758  -4.27572330  -7.52710782
  H     0.05059176  -2.77018703  -8.33147279
$end
$temperature
298.15
$end
$mult
 1
$end
$sigma
 1
$end
$pressure
1.00000
$end
$scale
1.0
$end
$msrrho
$end
$freq
10.37
11.87
18.45
24.04
28.12
42.89
56.33
63.99
67.26
85.92
98.85
111.70
122.36
146.73
158.15
159.44
167.63
185.40
211.32
230.80
246.69
270.29
276.82
318.52
328.14
344.60
355.23
355.64
370.06
390.97
411.67
434.70
450.45
469.91
471.96
479.61
492.52
516.54
533.81
549.34
551.02
582.52
597.91
602.66
615.24
628.12
642.23
649.78
681.39
698.70
703.38
721.17
733.46
744.03
781.69
784.60
801.52
817.87
819.66
837.02
843.18
866.09
885.50
900.28
902.10
919.61
926.69
927.57
936.23
1004.74
1020.33
1035.11
1050.38
1056.40
1059.55
1068.30
1076.24
1090.12
1095.55
1152.13
1155.21
1158.97
1176.61
1181.46
1193.01
1200.52
1214.89
1219.16
1229.12
1252.51
1263.75
1279.72
1292.94
1295.80
1316.15
1330.09
1344.83
1346.64
1353.05
1369.60
1381.44
1390.25
1398.74
1414.98
1429.28
1449.22
1450.83
1461.82
1466.35
1475.28
1486.42
1489.62
1505.47
1513.97
1565.19
1578.30
1614.37
1632.67
1643.34
1736.15
1747.66
1785.29
1788.94
1807.71
1885.57
1898.14
1918.25
1950.17
3100.12
3103.18
3131.81
3181.77
3204.35
3212.39
3219.14
3240.11
3250.82
3260.43
3271.21
3332.02
3693.23
3736.62
3777.09
3786.80
3815.42
3826.63
3978.58
$end
