
$molecule
   O    -7.05138054   3.64199954  -0.40795323
  O    -2.38380714   3.20763336  -2.26694920
  O    -6.08031251   1.84631381   0.50908621
  O    -6.45583953  -0.58829519  -4.28379927
  O    -6.46169137   1.51844685  -5.02991489
  O     7.36464679  -0.10724424   1.87197629
  N    -3.82658752   2.20847553  -0.84793895
  N     1.68988250  -0.69770809   0.77570541
  N     4.87902482  -1.28231695   1.11571045
  N     4.38114475  -3.81349711   2.10430799
  N     7.82845400  -1.94740645   3.10377455
  N     6.40678048  -3.80448556   3.27005060
  N     8.44278787  -3.79146777   4.39112755
  C    -4.95517613   2.97140191  -1.27925945
  C    -5.42732174   2.58931083  -2.67015673
  C    -5.72281316   1.12077134  -2.78234224
  C    -2.57863412   2.41731231  -1.37014095
  C    -1.48902164   1.57898006  -0.77217346
  C    -6.06883173   2.75128559  -0.28491205
  C     0.64449066   0.04540127   0.22802178
  C     2.75965139  -1.20464290  -0.05875703
  C    -0.30702066   1.44149316  -1.48977058
  C    -1.58799744   0.94467750   0.46410523
  C     0.74314362   0.68546981  -1.00894814
  C    -0.54336513   0.19315231   0.95741205
  C    -6.24601511   0.73569433  -4.15036854
  C     3.76947978  -1.90936940   0.80129002
  C     5.75786903  -1.89355769   1.91459380
  C     3.53378383  -3.20205241   1.31063418
  C     5.52014008  -3.17360142   2.43237219
  C     7.01417969  -1.18883428   2.24994994
  C     7.50873919  -3.19345749   3.57863257
  H    -4.71041378   4.03985109  -1.28318380
  H    -6.31180564   3.16867104  -2.93165128
  H    -4.64360344   2.85666331  -3.37466456
  H    -6.47004310   0.80537589  -2.05059781
  H    -4.82562376   0.53282405  -2.58603234
  H    -3.97927409   1.52977572  -0.12576540
  H     3.26028462  -0.37534947  -0.55762104
  H     2.38844912  -1.88952314  -0.83476705
  H    -0.22016253   1.94036240  -2.44762603
  H    -2.47913866   1.04201160   1.07188243
  H     1.37561313  -1.35250825   1.47472335
  H     1.64593670   0.59247175  -1.59433467
  H    -0.63308214  -0.28710824   1.92405186
  H     2.62134978  -3.73386445   1.04460865
  H    -7.73001729   3.43137376   0.24806199
  H     8.71960052  -1.53830160   3.33334414
  H    -6.22855553  -1.04791241  -3.46925824
  H     8.10163187  -4.61582113   4.86198868
  H     9.06047119  -3.19887451   4.92147504
$end
$temperature
298.15
$end
$mult
 1
$end
$sigma
 1
$end
$pressure
1.00000
$end
$scale
1.0
$end
$msrrho
$end
$freq
7.42
8.37
16.27
20.77
25.97
30.16
36.87
45.20
56.57
65.63
72.80
92.33
109.34
121.22
129.78
147.02
156.43
164.26
187.04
214.06
232.78
242.85
250.64
291.45
334.37
337.76
345.78
351.80
375.88
389.73
437.47
441.58
446.22
465.66
482.61
485.20
489.01
497.88
512.35
531.96
551.05
559.04
574.39
594.93
599.12
604.09
610.45
625.30
654.40
663.91
678.28
697.53
701.37
712.25
722.67
775.19
787.51
816.85
831.29
838.56
840.58
856.61
886.59
894.71
916.62
919.00
931.42
944.12
965.23
991.89
1006.08
1019.20
1022.60
1046.12
1058.16
1066.06
1088.28
1098.56
1129.45
1150.20
1154.51
1162.95
1168.71
1174.61
1188.80
1194.25
1197.89
1203.40
1205.31
1220.05
1238.34
1283.29
1287.04
1292.90
1295.64
1306.07
1333.08
1338.84
1344.66
1346.72
1366.19
1379.83
1385.93
1395.36
1404.55
1453.34
1454.02
1458.98
1480.34
1491.16
1500.09
1509.25
1512.41
1562.51
1577.11
1578.32
1616.89
1631.58
1646.91
1733.85
1741.09
1779.29
1788.62
1803.54
1843.74
1899.75
1903.97
1926.53
3064.74
3126.80
3156.13
3173.49
3205.16
3211.26
3214.44
3240.37
3251.58
3255.50
3256.46
3287.18
3693.37
3771.67
3816.05
3826.82
3896.98
3897.57
3963.85
$end
