
$molecule
   O     3.97276535  -1.34619095  -1.61483652
  O     1.39220700  -2.60983164   1.81225419
  O     2.02253177  -1.07146080  -2.62247158
  O     5.41399260   0.48093386   2.45593883
  O     5.17886954  -0.49050910   0.48497566
  O    -0.31263405   1.40639520  -1.18705467
  N     2.39952865  -0.92323212   0.70920562
  N    -3.38288039   1.63976771   2.18288107
  N    -2.97170977   0.99057130  -0.37004810
  N    -4.39760441  -0.96723900  -1.65641743
  N    -0.52966236  -0.31727251  -2.62735440
  N    -2.53211470  -1.50349815  -2.97331439
  N    -0.55583566  -2.13410481  -4.04481554
  C     2.30435326  -0.09379267  -0.45516619
  C     3.12449028   1.19795284  -0.36766202
  C     3.79127818   1.40288533   0.96278433
  C     1.30491889  -1.48724287   1.37236538
  C     0.09769277  -0.63465075   1.57344618
  C     2.75590497  -0.88929998  -1.67534047
  C    -2.21789376   0.86587336   2.06823563
  C    -4.54454684   1.20351653   1.42834598
  C    -1.12886141  -1.26064323   1.77267268
  C     0.15635904   0.74839531   1.69074251
  C    -2.26768844  -0.52748200   2.02168776
  C    -0.97550122   1.48796620   1.94436008
  C     4.84988904   0.37258271   1.26359775
  C    -4.15405287   0.65706720   0.07345311
  C    -2.43957466   0.33255810  -1.39191309
  C    -4.89330993  -0.31921862  -0.62867387
  C    -3.12485074  -0.71025046  -2.03009844
  C    -1.02444359   0.58001165  -1.70281048
  C    -1.25940606  -1.32540873  -3.19769880
  H     1.26667682   0.17050137  -0.62083857
  H     3.89394526   1.21976987  -1.13749362
  H     2.46325519   2.04523886  -0.57030219
  H     3.07505314   1.37880275   1.78301168
  H     4.28439718   2.38285810   0.99231618
  H     3.15317937  -1.59271114   0.69572559
  H    -5.23018468   2.05564653   1.34338600
  H    -5.08345868   0.41893815   1.97277598
  H    -1.18110464  -2.34200155   1.72549642
  H     1.09458544   1.26347748   1.56840035
  H    -3.16666040   2.60752160   1.98664650
  H    -3.21307990  -1.03065244   2.15568551
  H    -0.91532862   2.56709127   1.98048200
  H    -5.90550503  -0.57281940  -0.31399623
  H     4.47373259  -1.02462411  -0.82869153
  H     0.48268201  -0.36297648  -2.73343356
  H     5.02599675   1.20254399   2.96388883
  H     0.44796413  -2.14913300  -3.93568148
  H    -1.01835641  -2.99262080  -4.29864862
$end
$temperature
298.15
$end
$mult
 1
$end
$sigma
 1
$end
$pressure
1.00000
$end
$scale
1.0
$end
$msrrho
$end
$freq
21.18
34.35
41.21
46.49
62.65
66.09
84.84
93.08
98.74
109.78
122.47
128.71
148.98
168.47
181.95
189.86
193.92
210.24
235.03
243.75
253.80
276.82
303.03
318.56
340.98
364.23
373.50
385.95
392.90
415.09
452.66
456.89
492.73
507.91
510.51
514.39
523.66
531.19
551.34
553.57
563.27
600.09
621.24
626.60
641.46
652.65
673.82
689.13
700.75
706.26
717.34
724.98
758.44
768.98
783.45
797.21
816.62
825.20
859.92
863.51
871.61
876.61
891.62
902.92
930.58
937.09
952.38
957.43
990.70
1000.99
1022.93
1038.55
1044.47
1048.32
1065.51
1079.04
1093.51
1125.61
1131.09
1142.55
1152.39
1170.92
1174.13
1191.43
1202.69
1204.60
1217.86
1225.85
1231.40
1241.53
1275.32
1301.41
1302.38
1320.75
1325.50
1340.81
1343.11
1357.62
1365.61
1368.85
1391.87
1402.31
1424.15
1428.25
1437.62
1448.60
1458.36
1464.69
1468.22
1474.45
1478.24
1510.73
1517.33
1534.48
1574.60
1591.31
1622.41
1643.69
1645.89
1734.42
1754.54
1783.11
1791.04
1811.98
1843.31
1867.02
1892.24
1909.69
3067.94
3088.43
3120.46
3147.85
3201.36
3207.08
3226.63
3252.23
3264.89
3297.70
3346.49
3348.42
3478.68
3594.89
3684.03
3720.86
3817.46
3826.01
3943.22
$end
