
$molecule
   O    -4.37216380   4.17716636  -0.85681955
  O    -4.64411623   0.38058860   2.10746816
  O    -6.57257589   4.20933726  -0.48984951
  O    -2.01160521   3.55119403   0.42061690
  O    -1.85909421   2.65577919   2.45485811
  O     4.10510222  -1.50237516  -3.64503662
  N    -4.23993653   1.80929140   0.39817287
  N     0.91676358  -1.91619807  -0.13727160
  N     3.41797498  -2.27932298  -0.99688442
  N     5.28882119  -3.77799812   0.36188618
  N     6.09963722  -2.54865707  -3.40676234
  N     6.75328851  -3.68602198  -1.46273819
  N     8.17530493  -3.60697120  -3.30135298
  C    -5.22329994   2.74101083   0.85003680
  C    -4.84589384   3.43012958   2.15000255
  C    -3.58241796   4.25608230   2.09104425
  C    -3.94975978   0.70385599   1.17340613
  C    -2.69199200   0.00623461   0.78524719
  C    -5.49560014   3.76303450  -0.22489594
  C    -0.26784824  -1.27174437   0.19602466
  C     1.86366911  -2.30272838   0.86703174
  C    -2.00438502  -0.69721991   1.76381701
  C    -2.15825805   0.05863264  -0.49961510
  C    -0.80851410  -1.32549469   1.48263482
  C    -0.97108252  -0.57257698  -0.79451925
  C    -2.39173084   3.41185183   1.69562775
  C     3.16840464  -2.68829937   0.22020912
  C     4.58448935  -2.60030466  -1.56648953
  C     4.13961597  -3.45784195   0.90328185
  C     5.54658141  -3.35658072  -0.89365664
  C     4.84109368  -2.14140278  -2.94572809
  C     6.99529866  -3.28392305  -2.67112371
  H    -6.16591981   2.21045225   1.02007206
  H    -5.67749030   4.06644658   2.46871441
  H    -4.72466717   2.64719327   2.89459606
  H    -3.37024606   4.65321295   3.08624532
  H    -3.68844835   5.10223644   1.41497096
  H    -3.49507199   2.15089640  -0.17684196
  H     1.48800333  -3.14823588   1.45806560
  H     2.06310298  -1.49793613   1.59189750
  H    -2.41650110  -0.73915825   2.76435501
  H    -2.67959682   0.58102191  -1.29203186
  H     1.35403408  -1.59767570  -0.98922644
  H    -0.28835669  -1.86183157   2.26238476
  H    -0.56648322  -0.53312859  -1.79826326
  H     3.94318310  -3.80589567   1.91667016
  H    -4.63159189   4.82230728  -1.52928004
  H     6.31677630  -2.30457340  -4.35933433
  H    -2.65257517   4.08424996  -0.06627777
  H     8.87334562  -3.98339806  -2.67752849
  H     8.51273203  -2.98471144  -4.01781029
$end
$temperature
298.15
$end
$mult
 1
$end
$sigma
 1
$end
$pressure
1.00000
$end
$scale
1.0
$end
$msrrho
$end
$freq
9.94
10.83
21.97
24.01
41.78
54.57
59.93
61.72
77.42
97.93
109.38
119.38
129.35
142.36
151.69
162.84
172.41
185.09
203.89
213.90
226.59
268.48
283.89
310.81
335.43
343.17
348.80
359.88
372.87
389.48
432.27
447.58
469.84
480.92
483.14
488.95
502.77
514.24
543.83
551.41
569.29
573.40
596.79
602.52
610.00
615.65
623.06
640.32
655.62
661.65
698.95
700.50
707.76
719.49
781.73
786.04
795.13
814.29
821.40
826.62
855.00
874.46
884.67
891.32
914.18
923.00
930.80
946.88
972.27
984.86
993.54
1010.60
1033.22
1048.73
1059.62
1083.99
1089.04
1096.66
1099.51
1121.07
1145.94
1155.44
1169.91
1190.31
1194.28
1205.21
1212.94
1217.04
1219.24
1225.11
1255.10
1270.91
1283.54
1295.31
1304.20
1311.98
1337.02
1344.91
1346.82
1368.31
1372.85
1383.20
1397.34
1409.89
1429.93
1443.58
1450.07
1459.42
1464.06
1487.14
1492.97
1496.94
1519.76
1555.67
1569.85
1578.03
1612.57
1631.67
1648.77
1737.88
1753.98
1784.48
1791.18
1805.88
1860.60
1894.98
1925.53
1934.71
3036.91
3112.04
3116.86
3133.35
3175.51
3209.29
3221.69
3243.63
3248.03
3253.43
3261.90
3284.80
3689.34
3770.84
3816.43
3822.72
3907.63
3936.78
3948.79
$end
