
$molecule
   O    -1.85911533   2.24516455   2.13926628
  O     2.70094343   1.11179829   1.05624728
  O    -1.94459627   0.12048665   2.79926134
  O     0.42142549   3.51222742   5.89038657
  O     2.18566113   2.20631601   6.31536584
  O    -1.50226297   0.44278225  -0.67956532
  N     0.45273316   1.52162343   0.91897586
  N     0.59622737   0.00441869  -4.96962702
  N    -0.74663475  -1.18637316  -2.88129061
  N    -0.87544650  -3.90739233  -2.49003206
  N    -1.96942447  -1.41601624   0.49710305
  N    -1.65632126  -3.59960413  -0.30287247
  N    -2.36349984  -3.21872854   1.88756090
  C     0.19194228   1.05941557   2.25809033
  C     0.84785588   1.92781696   3.30672366
  C     0.59000319   1.42923082   4.71554173
  C     1.71840963   1.28773425   0.38178118
  C     1.65322044   1.16478152  -1.10571966
  C    -1.31460898   1.08202713   2.43156836
  C     1.07894333   0.47919728  -3.73932191
  C     0.34381805  -1.41684699  -5.04738200
  C     2.31639478   0.10943505  -1.71276388
  C     0.80122810   1.95651130  -1.86857296
  C     2.03968539  -0.22792765  -3.02207567
  C     0.53405825   1.63409550  -3.17712426
  C     1.15924173   2.39951574   5.73051815
  C    -0.32405396  -1.99362687  -3.81351277
  C    -1.20186422  -1.68938275  -1.73039284
  C    -0.41781409  -3.39267336  -3.60248874
  C    -1.25605670  -3.06859642  -1.49932957
  C    -1.56537040  -0.76515932  -0.65038363
  C    -1.97540070  -2.77855956   0.65438969
  H     0.51040044   0.02371284   2.40347418
  H     1.91643921   1.93815115   3.10894521
  H     0.48970462   2.94972229   3.19655000
  H     1.07483608   0.46723628   4.87380105
  H    -0.47840820   1.30351359   4.90320207
  H    -0.27954036   1.26759299   0.25702008
  H     1.28462031  -1.96040381  -5.19688621
  H    -0.26933136  -1.60834555  -5.93740440
  H     3.01446703  -0.48459994  -1.13383783
  H     0.30497235   2.80908533  -1.42279653
  H    -0.21396604   0.53847976  -5.25273556
  H     2.52038340  -1.08257007  -3.47402839
  H    -0.17880740   2.21884596  -3.74317549
  H    -0.09602569  -4.08242391  -4.38275464
  H    -1.19542273   2.80112342   1.71056421
  H    -2.17297076  -0.83803921   1.30456721
  H    -0.38020317   3.47016975   5.36108633
  H    -2.18821272  -4.19327687   2.07449382
  H    -2.32225621  -2.57166506   2.65958999
$end
$temperature
298.15
$end
$mult
 1
$end
$sigma
 1
$end
$pressure
1.00000
$end
$scale
1.0
$end
$msrrho
$end
$freq
12.70
20.00
25.74
33.24
43.57
55.55
63.07
80.07
82.39
87.16
107.45
117.64
131.24
162.38
165.58
173.03
192.68
202.00
216.11
240.05
245.39
268.47
277.50
297.91
338.26
353.52
361.31
380.14
389.51
423.72
430.48
447.23
456.05
458.22
473.08
488.74
493.12
499.22
528.70
563.02
587.39
605.87
615.84
628.40
638.00
640.43
666.49
677.73
686.41
699.28
716.44
730.94
752.36
774.24
792.22
801.27
815.01
821.09
829.57
845.09
864.08
870.74
883.13
902.25
916.04
930.67
937.21
944.46
954.66
994.56
999.03
1031.88
1050.17
1059.39
1081.76
1087.44
1094.00
1107.39
1116.08
1141.64
1148.22
1155.84
1166.69
1173.29
1208.41
1209.71
1213.66
1221.36
1230.49
1234.27
1250.19
1271.33
1287.89
1302.75
1319.58
1325.95
1334.83
1351.98
1358.24
1368.18
1384.56
1391.76
1410.56
1413.12
1423.39
1450.23
1465.67
1468.06
1470.40
1472.71
1481.69
1487.45
1511.17
1568.74
1582.42
1587.68
1613.95
1642.53
1644.38
1733.47
1759.80
1787.48
1799.32
1814.05
1861.39
1875.09
1910.86
1924.99
3065.49
3129.25
3144.52
3170.31
3197.51
3201.52
3221.29
3243.58
3255.80
3262.12
3263.43
3290.93
3605.68
3692.84
3708.70
3720.04
3834.43
3925.70
3984.99
$end
