
$molecule
   O    -4.13987890  -5.04492058   4.28539336
  O    -1.57909639  -3.10321026   3.76499989
  O    -3.16329612  -5.18950685   2.27636888
  O    -4.55526889  -1.41064227   0.00449174
  O    -3.49579498  -3.10821818  -0.97940318
  O     1.87161635   5.11548232  -3.81711605
  N    -3.13983233  -2.38867484   2.28802985
  N     1.93745909   0.77738247   0.03591654
  N     2.69151654   2.76031604  -2.43346380
  N     5.38949407   2.55730110  -1.87470766
  N     4.01219811   5.84669919  -3.78403357
  N     5.79245992   4.64630377  -2.84258976
  N     6.17780447   6.70898134  -3.84334619
  C    -4.19121685  -3.12429500   2.90901997
  C    -5.43541909  -3.09210493   2.04329622
  C    -5.19977397  -3.60774339   0.64365089
  C    -1.86497380  -2.43372989   2.80121844
  C    -0.88653867  -1.58981160   2.05015733
  C    -3.74752646  -4.55661348   3.10868955
  C     1.00471966  -0.04276582   0.67697523
  C     2.19985098   0.63309100  -1.38060748
  C    -0.93856221  -1.47218321   0.66853638
  C     0.13518804  -0.94619327   2.74142797
  C    -0.00526282  -0.71294612  -0.01318640
  C     1.06144092  -0.17791153   2.07171949
  C    -4.31828841  -2.72797240  -0.19408023
  C     3.16218684   1.70043452  -1.81865164
  C     3.54154635   3.72956637  -2.78444563
  C     4.54201844   1.61121893  -1.54530118
  C     4.91138282   3.64831437  -2.50336827
  C     3.00741309   4.91263941  -3.49269003
  C     5.33501235   5.69299399  -3.45636303
  H    -4.43428270  -2.73030158   3.90386419
  H    -6.21264195  -3.69439028   2.52389218
  H    -5.80643953  -2.06848307   1.99929352
  H    -6.15694648  -3.67964625   0.11362657
  H    -4.74322537  -4.59389582   0.64905610
  H    -3.39303981  -1.58311456   1.74677314
  H     1.27468174   0.76521897  -1.94005591
  H     2.60416695  -0.35886222  -1.62907737
  H    -1.69122111  -2.00567338   0.10368756
  H     0.19476117  -1.05405481   3.81837365
  H     2.77166403   0.91069971   0.58666230
  H    -0.05886144  -0.64742859  -1.08980477
  H     1.84431048   0.33024466   2.62121931
  H     4.94199362   0.72965508  -1.04629673
  H    -3.82249293  -5.95615056   4.34344783
  H     3.71750826   6.65553228  -4.30656157
  H    -4.03094967  -0.91475235  -0.63858049
  H     7.09655222   6.64951774  -3.43074728
  H     5.79188437   7.63460384  -3.93530987
$end
$temperature
298.15
$end
$mult
 1
$end
$sigma
 1
$end
$pressure
1.00000
$end
$scale
1.0
$end
$msrrho
$end
$freq
8.27
11.41
21.78
30.38
36.26
43.52
49.70
56.95
73.78
75.81
88.56
113.97
122.65
131.06
148.58
158.90
164.63
184.24
204.12
225.98
233.76
249.59
278.44
316.08
324.99
343.88
346.21
353.97
385.26
398.10
412.64
444.72
455.58
460.17
488.84
490.26
502.82
514.72
536.97
550.29
552.44
569.50
581.09
586.82
598.82
600.98
605.42
616.43
653.95
666.95
696.53
700.68
719.90
725.07
752.32
785.05
791.81
817.21
830.77
837.03
854.11
860.97
892.30
904.19
912.04
923.97
927.05
936.32
951.39
995.96
1006.49
1019.63
1025.37
1053.86
1058.11
1066.20
1089.64
1098.31
1098.85
1129.23
1149.98
1162.76
1175.31
1177.89
1189.58
1195.26
1204.41
1204.92
1216.52
1225.92
1239.09
1247.83
1288.37
1292.31
1296.21
1320.28
1334.50
1340.47
1346.28
1355.84
1374.80
1381.85
1392.89
1407.14
1421.44
1448.83
1452.10
1467.05
1470.44
1479.53
1490.36
1511.59
1516.36
1557.90
1571.00
1577.47
1616.28
1630.89
1645.76
1734.41
1741.60
1784.37
1789.85
1805.68
1862.62
1898.35
1911.71
1931.84
3064.71
3097.63
3110.80
3145.46
3206.47
3211.49
3218.58
3239.73
3246.76
3256.65
3286.34
3292.07
3691.41
3763.67
3816.88
3824.82
3897.28
3904.88
3913.19
$end
