
$molecule
   O    -0.51726754  -1.70294815  -4.67735743
  O     0.52762948   0.50163092  -3.07959557
  O    -1.89108667  -0.02184037  -5.21135870
  O    -5.03680743   1.90726787  -1.49246082
  O    -3.44807240   2.26663063   0.02341781
  O    -0.96641421  -0.78336409   0.72016930
  N    -0.74755872  -1.09737666  -2.09775731
  N     4.19352885  -1.74608085   1.75039743
  N     1.32266284  -0.94905429   2.40195040
  N     1.89244150   1.27336419   3.92640192
  N    -1.31938007   1.31069577   1.47794738
  N     0.03021635   2.39213267   3.06978496
  N    -1.82119908   3.45889565   2.14829356
  C    -1.86761639  -0.83266108  -2.94789026
  C    -2.61095115   0.42508266  -2.56795129
  C    -3.37044996   0.24327202  -1.26876550
  C     0.40534725  -0.36422128  -2.24488876
  C     1.47377580  -0.75368642  -1.27666719
  C    -1.42881726  -0.77251228  -4.39801071
  C     3.36917739  -1.42753324   0.64177944
  C     3.39885229  -2.02952550   2.95141257
  C     1.57846468  -2.06265728  -0.82390828
  C     2.36677811   0.19975215  -0.81592914
  C     2.52647109  -2.39888770   0.11555524
  C     3.30598260  -0.13032656   0.14212115
  C    -3.94019590   1.55732625  -0.83160213
  C     2.39737916  -0.92607434   3.15492092
  C     0.53020433   0.11974347   2.36576076
  C     2.66595733   0.21442093   3.93642185
  C     0.80953121   1.26999680   3.12208873
  C    -0.62448387   0.11721185   1.45091423
  C    -0.99084850   2.38870679   2.26155844
  H    -2.54182662  -1.69868293  -2.87689369
  H    -1.88120625   1.22386982  -2.47509501
  H    -3.30121364   0.69863253  -3.36326089
  H    -2.71607096  -0.12804858  -0.48541036
  H    -4.19824867  -0.45581020  -1.40189918
  H    -0.92475192  -1.42694933  -1.15858851
  H     4.07622616  -2.12454201   3.80648788
  H     2.86596104  -2.97039529   2.81722879
  H     0.91335867  -2.82390132  -1.20853586
  H     2.29949405   1.21392395  -1.19180642
  H     4.84169363  -0.98950150   1.93253043
  H     2.59767163  -3.41189895   0.48521932
  H     3.96431525   0.63170188   0.54005353
  H     3.54605938   0.24070822   4.57810037
  H    -0.28429245  -1.61552460  -5.61070992
  H    -2.11106955   1.43254376   0.85585899
  H    -5.32853790   2.77203614  -1.17215816
  H    -1.52737387   4.31070604   2.59524312
  H    -2.50343909   3.47375188   1.40688254
$end
$temperature
298.15
$end
$mult
 1
$end
$sigma
 1
$end
$pressure
1.00000
$end
$scale
1.0
$end
$msrrho
$end
$freq
15.12
32.68
39.99
60.03
66.75
72.06
78.74
84.53
90.84
105.31
119.39
127.22
134.49
139.93
147.87
166.64
171.62
189.26
196.45
243.06
259.33
279.45
294.45
304.08
327.73
361.20
372.02
382.35
397.42
428.19
441.87
449.26
452.65
471.30
487.38
501.50
525.85
543.46
554.82
561.75
570.95
584.06
605.75
609.56
620.50
634.41
651.81
665.71
667.79
695.15
700.66
716.38
766.79
787.90
795.42
806.24
814.15
821.49
827.52
843.87
863.96
869.92
872.56
899.89
905.94
927.97
939.30
942.56
972.43
1006.98
1011.10
1026.16
1052.86
1062.48
1064.84
1073.57
1096.06
1103.49
1121.34
1132.87
1138.62
1160.91
1166.50
1171.60
1194.24
1196.39
1211.61
1215.05
1224.38
1242.49
1243.85
1265.73
1276.75
1300.56
1315.91
1317.57
1328.98
1341.36
1344.41
1363.87
1376.66
1391.98
1401.77
1419.55
1438.66
1452.58
1454.68
1458.80
1467.50
1470.85
1499.38
1508.67
1510.16
1562.60
1577.13
1579.91
1621.78
1643.14
1649.19
1734.64
1743.15
1784.82
1801.38
1821.82
1849.71
1862.73
1881.50
1915.65
3107.12
3107.41
3145.61
3188.33
3206.49
3220.71
3246.23
3252.17
3266.84
3273.16
3280.64
3284.03
3675.50
3688.54
3723.40
3759.39
3867.48
3894.32
3922.16
$end
