
$molecule
   O     1.69356817  -3.13222431   1.44613487
  O    -1.35111704  -1.38167002   1.48868399
  O     2.05088841  -4.33442459  -0.39972742
  O    -2.99011464  -3.55047541   0.16786290
  O    -3.24405120  -1.72315049  -1.08690972
  O     2.03432961  -0.16756203  -0.94007633
  N    -0.14997953  -1.85867024  -0.36760032
  N    -0.78483296   4.34511587  -1.40662317
  N     1.62747428   2.63186562  -0.65818689
  N     1.59469024   3.62022629   1.90819486
  N     1.80375238  -0.35391358   1.28972693
  N     1.63310372   1.44976550   2.77095590
  N     1.36651828  -0.74764884   3.52456625
  C    -0.09246499  -3.25500438  -0.09794808
  C    -0.61585613  -4.08603921  -1.24822005
  C    -1.84435871  -3.48395387  -1.89960032
  C    -0.87887932  -1.01746576   0.43532319
  C    -1.02126354   0.36791578  -0.10428679
  C     1.32134015  -3.65429139   0.25804687
  C    -1.03625299   2.99143426  -1.02052372
  C     0.66166086   4.61624137  -1.55410360
  C    -1.24284912   1.41294452   0.77975852
  C    -0.91198857   0.63668032  -1.46043852
  C    -1.25807988   2.71473250   0.32321855
  C    -0.91757923   1.93825899  -1.91691378
  C    -2.77528553  -2.81761711  -0.92823906
  C     1.35342620   3.89642250  -0.44254885
  C     1.83487835   1.82791351   0.38032080
  C     1.41187874   4.40111990   0.87081563
  C     1.71929732   2.29585244   1.69766491
  C     1.93511078   0.38341416   0.12816013
  C     1.59851344   0.17407378   2.53290591
  H    -0.69231756  -3.42153152   0.79423506
  H     0.16141595  -4.19324253  -2.00495078
  H    -0.83459022  -5.08751248  -0.87307344
  H    -2.40325012  -4.26252129  -2.42936439
  H    -1.57150584  -2.72538870  -2.63198941
  H     0.47776290  -1.44439140  -1.03902034
  H     0.81552321   5.70190132  -1.51921071
  H     1.06154475   4.24302465  -2.50234481
  H    -1.35850579   1.19952382   1.83379327
  H    -0.78934849  -0.16706826  -2.17050726
  H    -1.27224739   4.58640614  -2.26378068
  H    -1.38074604   3.53665371   1.01356987
  H    -0.75774643   2.14434461  -2.96695987
  H     1.26707866   5.46435705   1.05384396
  H     2.58963297  -3.44283880   1.64124923
  H     1.75790473  -1.35647276   1.19703993
  H    -3.48740913  -3.01214079   0.79836531
  H     0.87481667  -1.57900749   3.22669174
  H     1.01650963  -0.32396134   4.37201974
$end
$temperature
298.15
$end
$mult
 1
$end
$sigma
 1
$end
$pressure
1.00000
$end
$scale
1.0
$end
$msrrho
$end
$freq
17.89
34.35
45.51
48.09
58.43
65.69
90.88
92.18
99.91
105.15
115.99
120.15
127.31
147.43
174.38
189.00
191.78
194.61
200.10
247.34
259.98
290.68
301.08
341.62
352.27
361.46
371.21
387.33
389.92
403.46
408.33
452.53
458.13
469.96
481.90
498.77
530.06
532.09
563.00
571.19
581.50
598.80
609.22
615.31
617.72
632.02
644.85
655.34
678.74
687.66
698.40
707.46
740.64
752.87
773.59
800.76
818.44
825.20
840.86
845.43
854.92
867.12
894.21
903.35
917.29
928.19
941.02
944.04
969.87
1002.03
1030.03
1037.54
1051.65
1057.98
1066.65
1074.80
1082.66
1086.62
1103.21
1134.27
1149.86
1162.81
1178.69
1183.82
1201.01
1205.42
1212.27
1216.60
1232.17
1245.21
1248.38
1265.30
1278.53
1293.76
1294.12
1308.47
1324.30
1334.96
1340.83
1353.22
1371.76
1375.47
1399.07
1417.93
1418.59
1435.97
1442.12
1465.25
1467.20
1484.09
1486.85
1493.56
1519.74
1549.42
1587.35
1588.80
1629.79
1637.68
1646.24
1735.49
1748.60
1793.26
1800.11
1819.24
1854.28
1880.86
1910.31
1932.51
3074.48
3104.42
3129.89
3164.69
3206.77
3218.30
3221.41
3263.06
3274.74
3279.81
3290.44
3303.06
3625.03
3659.86
3791.73
3804.43
3826.82
3893.75
3913.86
$end
