
$molecule
   O     4.29383978  -1.80465176  -3.40048396
  O     3.47664797   3.08406292  -2.39682970
  O     4.82121438  -0.07637623  -4.72420194
  O     1.24801694  -0.07638968  -8.33052471
  O     0.19524594  -1.46974650  -6.92988486
  O    -4.80969024  -0.72825788   2.70681984
  N     2.72760562   1.34478025  -3.64569047
  N    -0.20859621   0.19431928   1.97051877
  N    -2.21548107  -0.11554430   3.69441780
  N    -1.87363312  -0.28045335   6.42300967
  N    -5.49705118  -1.12113916   4.82929015
  N    -4.10501194  -0.93023779   6.70749917
  N    -6.33360751  -1.54070802   6.96521644
  C     2.67363924  -0.08943910  -3.66918773
  C     1.69184649  -0.60932617  -4.70562370
  C     1.94681707  -0.04585840  -6.07865948
  C     2.81592898   2.07428344  -2.46233398
  C     2.01867943   1.55097480  -1.31182594
  C     4.05046974  -0.63227379  -3.98945576
  C     0.53478623   0.67552914   0.90247281
  C     0.07990748   0.57498775   3.32184737
  C     2.53207622   1.65775420  -0.02685481
  C     0.74187246   1.01970208  -1.47868986
  C     1.81104701   1.21902703   1.06717129
  C     0.00827305   0.59186285  -0.39511729
  C     1.02879174  -0.62385063  -7.12108449
  C    -1.04998656   0.15253631   4.22415313
  C    -3.22798684  -0.47163599   4.49141317
  C    -0.89157313   0.06351077   5.62715524
  C    -3.07544043  -0.56048477   5.87703821
  C    -4.53528466  -0.76900837   3.87372851
  C    -5.25957886  -1.19465687   6.17921843
  H     2.39167715  -0.47016515  -2.68780401
  H     1.73631232  -1.69903589  -4.73791784
  H     0.68241491  -0.34530756  -4.39255080
  H     2.96781649  -0.23292402  -6.41273125
  H     1.81228226   1.03582348  -6.09475189
  H     3.35540071   1.72266998  -4.34334234
  H     0.22283505   1.66143222   3.43260131
  H     1.01450849   0.11568792   3.67004252
  H     3.51574771   2.09075097   0.11529332
  H     0.30946043   0.95571206  -2.46899814
  H    -1.19453453   0.07151517   1.79390578
  H     2.23684038   1.29827270   2.05673655
  H    -0.98662385   0.18694672  -0.53439958
  H     0.07376982   0.28479101   6.08093383
  H     5.17893221  -2.09108088  -3.66556684
  H    -6.42396538  -1.29248958   4.47466522
  H     0.63519727  -0.48966027  -8.95362849
  H    -6.08312330  -1.75960470   7.91771540
  H    -7.05873216  -2.10662619   6.55527592
$end
$temperature
298.15
$end
$mult
 1
$end
$sigma
 1
$end
$pressure
1.00000
$end
$scale
1.0
$end
$msrrho
$end
$freq
10.61
12.19
14.70
19.92
26.61
35.90
40.52
44.59
60.89
68.74
82.20
94.39
100.41
121.23
126.91
151.77
162.16
164.79
199.74
202.23
211.87
224.74
238.86
298.41
315.57
347.57
351.11
359.04
388.96
408.37
436.39
451.18
463.90
473.70
488.06
494.16
501.10
535.90
543.77
544.94
552.57
577.64
599.93
605.63
606.87
612.44
635.57
638.38
664.19
675.01
677.65
698.54
704.45
719.53
737.06
774.70
807.80
813.87
824.94
828.41
839.15
859.89
873.79
890.25
915.43
926.66
930.61
934.27
949.33
972.93
993.47
1029.22
1032.99
1051.54
1060.99
1084.07
1088.39
1098.86
1140.50
1145.68
1164.09
1167.67
1181.94
1189.79
1194.06
1201.78
1205.34
1207.28
1218.78
1219.44
1232.81
1271.93
1283.17
1290.37
1299.85
1301.02
1327.58
1331.25
1342.42
1346.99
1369.23
1387.90
1400.02
1402.42
1436.52
1451.12
1453.60
1459.02
1466.49
1488.07
1496.81
1511.02
1519.95
1535.00
1563.84
1578.26
1612.94
1632.50
1644.71
1737.43
1753.76
1780.92
1790.00
1804.00
1847.01
1895.66
1899.15
1914.76
3035.28
3115.07
3133.31
3159.01
3208.81
3210.29
3231.54
3239.13
3241.77
3244.41
3265.58
3281.52
3691.55
3748.50
3772.35
3815.33
3824.97
3890.71
3900.67
$end
