
$molecule
   O     5.57871168  -1.53855202   1.81290980
  O     4.23902957   0.65747382   0.12736602
  O     7.11848724   0.02338458   2.19049411
  O     7.21295966   2.40408775   3.33278381
  O     6.27385525   3.24823092   5.17312951
  O    -4.09612754   0.58902712  -5.16341230
  N     3.58299207   0.11738462   2.22112810
  N    -2.01990285  -0.03611606  -0.96882703
  N    -4.12702060  -0.45132742  -2.52028995
  N    -6.51163694  -1.52011332  -1.65055231
  N    -6.26737379  -0.01490965  -5.39988028
  N    -7.51859021  -1.06244775  -3.71417328
  N    -8.50346167  -0.56786168  -5.76031594
  C     4.86333192   0.54534182   2.72879139
  C     4.86725921   0.49796881   4.24290162
  C     6.18490755   0.89420138   4.87667791
  C     3.33277407   0.37699493   0.87132392
  C     1.91334689   0.24537722   0.44491205
  C     5.97067607  -0.34522663   2.19036556
  C    -0.72643455   0.02517952  -0.49611825
  C    -3.00533428  -0.92046102  -0.42263539
  C     0.94148098  -0.40586047   1.19609424
  C     1.54783453   0.77612492  -0.79412747
  C    -0.35626424  -0.51965177   0.73807561
  C     0.25912232   0.67689531  -1.25767230
  C     6.57336468   2.30735017   4.48520883
  C    -4.22248166  -0.93708441  -1.30990090
  C    -5.19672054  -0.47928474  -3.32098297
  C    -5.45470617  -1.48153306  -0.87808902
  C    -6.41477353  -1.01904230  -2.90018926
  C    -5.07091265   0.08573614  -4.67892206
  C    -7.42238597  -0.57470474  -4.91299612
  H     5.10394310   1.54968739   2.38043281
  H     4.08508150   1.17098138   4.60284753
  H     4.60033145  -0.51170813   4.56586699
  H     6.97768055   0.20195462   4.60096860
  H     6.07487949   0.87806649   5.96206216
  H     2.79952565   0.24137140   2.84071553
  H    -3.29712647  -0.61129172   0.59029727
  H    -2.63169550  -1.95165007  -0.32355479
  H     1.18668602  -0.85730209   2.15000329
  H     2.30372582   1.27290139  -1.39097181
  H    -2.15640588   0.17967705  -1.94474054
  H    -1.09238365  -1.03371347   1.33853773
  H    -0.01138553   1.09794038  -2.21813019
  H    -5.54790087  -1.88788591   0.12844641
  H     4.61473152  -1.56859195   1.86540287
  H    -6.25826044   0.39101737  -6.32167076
  H     7.30961596   1.53567562   2.88682645
  H    -9.27326484  -1.13780856  -5.44369398
  H    -8.33378439  -0.55590319  -6.75272324
$end
$temperature
298.15
$end
$mult
 1
$end
$sigma
 1
$end
$pressure
1.00000
$end
$scale
1.0
$end
$msrrho
$end
$freq
9.28
12.97
22.17
27.41
37.43
52.76
55.04
61.16
78.82
89.82
97.49
122.18
132.79
149.29
152.30
163.11
182.73
196.70
211.36
215.29
233.52
248.77
288.83
316.79
345.62
355.20
358.05
366.12
386.10
389.26
423.25
445.31
459.31
481.93
493.04
499.29
505.28
529.14
537.04
544.60
561.16
570.36
601.79
606.32
630.40
637.67
639.84
658.94
671.71
692.48
701.74
710.31
736.23
781.02
789.57
807.28
813.80
826.35
829.33
856.75
869.08
880.93
897.95
917.17
924.18
931.12
939.75
947.68
954.74
982.72
993.23
1032.45
1041.00
1068.81
1076.54
1085.47
1087.83
1097.97
1104.45
1145.00
1147.90
1167.14
1174.38
1190.23
1203.16
1206.32
1210.65
1218.95
1220.00
1228.18
1230.77
1276.63
1282.46
1299.30
1319.03
1326.49
1341.43
1348.59
1360.42
1378.45
1385.90
1395.37
1397.73
1413.78
1444.82
1455.64
1457.03
1474.80
1486.88
1493.04
1498.57
1499.75
1520.39
1525.20
1569.86
1578.67
1613.38
1633.89
1647.81
1736.60
1753.87
1771.44
1788.43
1797.33
1866.49
1896.33
1902.09
1920.29
3035.26
3100.93
3111.45
3145.70
3180.11
3207.99
3239.13
3243.22
3244.23
3245.76
3254.15
3282.54
3584.10
3694.33
3780.47
3813.37
3816.88
3827.98
3928.22
$end
