
$molecule
   O     4.36927711   3.88833142  -0.75326728
  O     2.59678470   0.23837972   0.27076968
  O     4.84942247   3.47940113  -2.90148946
  O     7.41744287  -0.16070683  -0.60598042
  O     6.99824521   2.03393089  -0.48074532
  O    -2.42916598  -3.86398579   2.40747173
  N     2.74946100   1.54989965  -1.57511833
  N    -3.54399511   0.28754212  -1.58294451
  N    -3.85664125  -2.00833321   0.78974381
  N    -5.66901332  -0.38909818   2.09653698
  N    -3.56782257  -3.12087112   4.21784403
  N    -5.18317117  -1.42218546   4.13846083
  N    -4.65334315  -2.43341912   6.16344481
  C     4.17813586   1.66205671  -1.48278887
  C     4.87438720   0.66957726  -2.38193038
  C     6.37533096   0.86626016  -2.47161352
  C     2.05765476   0.77857566  -0.66722494
  C     0.58965838   0.66434114  -0.94556331
  C     4.52506143   3.09599382  -1.80893672
  C    -2.16684563   0.37279515  -1.37719901
  C    -4.26945381  -0.93760062  -1.34768968
  C    -0.09265874  -0.45011585  -0.47524356
  C    -0.12643026   1.64146713  -1.63194597
  C    -1.44781765  -0.60570855  -0.69130414
  C    -1.48129085   1.50261427  -1.84268027
  C     6.96896852   1.00207824  -1.09929225
  C    -4.54288261  -1.11329094   0.12195951
  C    -4.05361033  -2.12284810   2.10612083
  C    -5.46125491  -0.29039838   0.80548485
  C    -4.96859391  -1.31152556   2.78632747
  C    -3.25881033  -3.12049018   2.85053927
  C    -4.49806655  -2.30023499   4.80327120
  H     4.43778429   1.48914094  -0.44120149
  H     4.64691423  -0.32805651  -2.00231586
  H     4.45823100   0.75013434  -3.38653851
  H     6.59866307   1.77952336  -3.01980788
  H     6.83733466   0.01985895  -2.98277186
  H     2.32188774   1.72555683  -2.46627722
  H    -3.73491151  -1.82366413  -1.69603474
  H    -5.21471010  -0.87044412  -1.89832000
  H     0.45518009  -1.21124985   0.06783455
  H     0.36773490   2.53765488  -1.98767832
  H    -3.86979406   0.84094038  -2.35923056
  H    -1.94589482  -1.48919120  -0.32606853
  H    -2.03054617   2.27573100  -2.36581625
  H    -6.02707903   0.46047245   0.25741441
  H     4.61402761   4.78623221  -1.01289819
  H    -3.02501695  -3.74847431   4.78848142
  H     7.73861819   0.00198563   0.29153260
  H    -4.44520584  -3.32689052   6.57866956
  H    -5.46217963  -1.95169192   6.52600984
$end
$temperature
298.15
$end
$mult
 1
$end
$sigma
 1
$end
$pressure
1.00000
$end
$scale
1.0
$end
$msrrho
$end
$freq
8.73
10.78
14.43
17.21
23.88
27.90
38.65
50.30
55.43
61.30
82.64
90.85
106.26
131.82
150.10
160.03
165.36
169.95
214.16
217.72
251.16
270.80
275.78
303.60
329.60
338.26
344.98
354.92
370.48
394.48
408.20
432.37
451.24
452.42
477.59
490.13
494.14
503.26
527.35
536.33
551.03
567.66
585.56
592.19
597.83
603.97
606.21
621.15
643.00
653.87
679.78
687.80
702.81
721.73
779.90
785.62
808.23
819.77
835.13
841.40
842.97
851.98
858.67
894.67
896.45
918.08
928.79
935.65
949.30
999.82
1004.52
1018.83
1047.72
1059.75
1070.19
1080.85
1090.54
1095.79
1108.68
1152.35
1158.56
1161.20
1163.48
1176.56
1186.44
1200.61
1212.98
1216.98
1222.69
1231.74
1236.68
1263.27
1275.51
1292.30
1295.57
1314.67
1333.02
1335.36
1346.08
1356.86
1364.27
1385.70
1389.85
1397.96
1434.98
1445.54
1451.06
1462.87
1469.31
1485.47
1499.03
1511.70
1513.38
1558.30
1570.64
1578.34
1613.95
1632.19
1645.67
1736.03
1747.82
1783.95
1789.65
1805.41
1849.20
1897.29
1899.73
1912.55
3095.06
3128.31
3143.82
3199.90
3210.43
3223.19
3239.10
3243.14
3247.07
3253.04
3272.74
3332.42
3692.59
3775.13
3816.50
3825.98
3863.57
3895.60
3913.03
$end
