
$molecule
   O     1.17080810   0.69076883  -2.90508774
  O     0.97786829  -1.88731899   0.32380404
  O     3.31062069   0.44052684  -3.45892007
  O     6.34015691  -1.01595943  -2.77939544
  O     4.68517856  -1.52594236  -1.38417267
  O    -0.68958792  -0.46856625   2.80401557
  N     2.43710092  -0.38215825  -0.50060112
  N    -3.00057844   2.96006573   0.76991509
  N    -3.16103382   0.49401954   1.87539441
  N    -4.96098973  -1.35324352   0.94306722
  N    -1.18878062  -2.46566302   1.85872039
  N    -3.37938437  -3.06387815   1.22431488
  N    -1.63638042  -4.58472452   1.03887935
  C     2.76803975   0.85226452  -1.15277757
  C     4.18166470   1.28361498  -0.81740954
  C     5.31544901   0.78611675  -1.68093894
  C     1.21282962  -0.74977533  -0.04004639
  C     0.16959594   0.32839908   0.02069633
  C     2.46809093   0.65708636  -2.63509151
  C    -1.91266291   2.15075951   0.41969351
  C    -4.31904926   2.35174441   0.87484749
  C    -1.00571100   0.22428391  -0.70731368
  C     0.32492146   1.39709620   0.89454648
  C    -2.01716132   1.14909972  -0.54414716
  C    -0.69685180   2.29466153   1.09219333
  C     5.38021077  -0.69189160  -1.91272253
  C    -4.25690923   0.89916283   1.28868326
  C    -2.88454753  -0.80232951   1.93042265
  C    -5.20200489  -0.06425775   0.87637943
  C    -3.75057536  -1.75658269   1.38421721
  C    -1.50690915  -1.18239798   2.29409811
  C    -2.11549576  -3.35177902   1.37698617
  H     2.09211370   1.62700731  -0.78758511
  H     4.22667163   2.37870572  -0.84529546
  H     4.35032394   0.98919910   0.21964041
  H     6.26759490   1.07154424  -1.21768035
  H     5.29819677   1.24380582  -2.66683481
  H     3.11986150  -1.12276769  -0.62372046
  H    -4.83918348   2.40035009  -0.09084945
  H    -4.90730490   2.95609380   1.57617865
  H    -1.14066483  -0.59392052  -1.40656336
  H     1.23551328   1.49627211   1.47194442
  H    -2.77484220   3.50045803   1.59304425
  H    -2.92575893   1.05712737  -1.11924662
  H    -0.58585379   3.07942512   1.82872378
  H    -6.15978068   0.24787448   0.46061307
  H     0.64385372   0.78381027  -2.10183886
  H    -0.21135125  -2.58443419   1.60471122
  H     6.32879998  -1.97662123  -2.88778804
  H    -2.32909687  -5.28189520   0.82173181
  H    -0.74701458  -4.88523700   1.39856437
$end
$temperature
298.15
$end
$mult
 1
$end
$sigma
 1
$end
$pressure
1.00000
$end
$scale
1.0
$end
$msrrho
$end
$freq
21.24
26.99
35.76
42.38
43.16
57.08
58.44
78.26
86.60
94.34
107.10
123.13
131.34
143.42
173.48
188.06
196.55
216.20
229.18
241.17
261.51
281.75
287.45
293.94
316.04
331.39
349.21
361.51
370.97
388.14
420.33
449.18
457.93
468.43
493.92
503.45
516.65
522.67
544.59
554.21
575.21
588.57
597.45
615.62
617.93
642.78
650.24
665.42
672.61
682.91
693.87
698.37
721.03
753.69
770.97
778.39
789.12
808.47
832.17
835.41
846.61
858.81
871.57
892.82
899.54
926.09
932.06
949.74
963.10
984.35
994.77
1022.90
1037.61
1052.87
1063.31
1073.75
1095.13
1109.46
1120.06
1135.27
1156.81
1174.61
1176.42
1195.83
1199.93
1201.58
1217.90
1219.55
1222.43
1242.50
1247.03
1274.61
1293.54
1304.04
1316.07
1322.35
1334.93
1338.70
1353.68
1360.80
1379.78
1402.74
1416.16
1418.78
1443.70
1453.22
1455.57
1459.02
1462.46
1473.07
1481.91
1518.08
1524.80
1547.53
1572.83
1576.65
1617.75
1639.24
1650.60
1728.12
1750.47
1777.28
1794.51
1813.19
1824.62
1895.17
1903.52
1939.05
3059.69
3083.72
3098.02
3138.47
3183.10
3202.51
3225.45
3239.73
3242.88
3256.72
3262.59
3300.52
3658.47
3693.77
3729.12
3729.59
3866.40
3903.08
3927.15
$end
