
$molecule
   O    -2.20754342  -4.49471841   1.15556162
  O    -0.30049027  -2.95199111   3.11148255
  O    -1.13579947  -6.31075827   1.90099387
  O     2.70683813  -2.41595538   2.31381596
  O     2.76118540  -2.50277063   0.09474072
  O     0.46778864   1.34633896  -3.54791643
  N     0.02359421  -3.12462705   0.88948600
  N     0.04856008   3.27252272   1.75415893
  N     0.20709611   3.24693638  -1.44916812
  N    -1.76868643   5.14566697  -1.75654345
  N    -1.16620358   2.42229087  -4.68849392
  N    -2.32017851   4.29102500  -3.86387890
  N    -2.87127699   3.40285260  -5.94049652
  C     0.16980125  -4.55457433   0.94624940
  C     1.31752958  -5.02507846   1.79899343
  C     2.66349347  -4.57267449   1.27305581
  C    -0.11272423  -2.39535405   2.05449852
  C    -0.04496109  -0.91781423   1.90494023
  C    -1.12679489  -5.21881095   1.40974760
  C     0.05079390   1.88382989   1.78958604
  C     0.78551491   4.02585115   0.77034453
  C     0.50940065  -0.26918720   0.80814973
  C    -0.53920629  -0.14349203   2.95325914
  C     0.55871945   1.10866728   0.74786373
  C    -0.49934227   1.22922214   2.90238710
  C     2.73701452  -3.06995848   1.15375716
  C    -0.00702037   4.13198248  -0.50606844
  C    -0.54577841   3.27907356  -2.55046984
  C    -1.02551197   5.09163829  -0.67647569
  C    -1.54967341   4.23805483  -2.72769352
  C    -0.31802508   2.25138805  -3.58622849
  C    -2.11323289   3.41004840  -4.79268983
  H     0.31973935  -4.88438166  -0.09109760
  H     1.15837273  -4.66391934   2.80824707
  H     1.29190309  -6.11419359   1.84141320
  H     2.85284911  -4.97528842   0.27871768
  H     3.46246939  -4.91801346   1.93736439
  H     0.41035557  -2.64465829   0.09585956
  H     1.74833842   3.56861162   0.53586754
  H     0.96836464   5.02433054   1.18153327
  H     0.94685394  -0.81677091  -0.01419239
  H    -0.96195580  -0.64371748   3.81612760
  H    -0.08249971   3.71280032   2.64935436
  H     0.98844588   1.58118651  -0.12021666
  H    -0.89705005   1.81618491   3.72088116
  H    -1.21590571   5.82697067   0.10344957
  H    -1.92471752  -3.64045312   0.80991481
  H    -1.08911292   1.72614142  -5.41209031
  H     2.55612969  -3.01629309   3.05027218
  H    -2.46278286   3.01439547  -6.77501062
  H    -3.42467796   4.23744341  -6.06334370
$end
$temperature
298.15
$end
$mult
 1
$end
$sigma
 1
$end
$pressure
1.00000
$end
$scale
1.0
$end
$msrrho
$end
$freq
7.20
10.63
14.58
28.82
44.20
48.31
54.75
69.33
81.53
99.30
104.25
113.56
125.09
147.95
158.52
164.04
166.89
173.91
210.50
242.47
266.01
274.17
304.06
312.32
327.78
345.78
356.89
372.11
389.90
408.24
419.60
449.04
455.07
470.42
478.06
490.49
491.83
507.15
524.32
534.58
546.69
551.72
580.70
588.10
598.00
603.35
618.69
630.82
645.56
659.24
678.48
687.89
707.30
721.56
767.79
778.22
791.13
806.91
819.62
842.75
857.04
862.09
883.11
891.23
896.50
919.35
927.27
936.41
950.42
1004.68
1021.58
1028.03
1036.49
1051.90
1055.90
1064.34
1083.45
1092.97
1096.19
1126.96
1143.37
1152.36
1158.75
1182.01
1197.95
1200.84
1211.34
1215.09
1220.96
1233.00
1263.15
1268.35
1273.04
1292.28
1309.87
1314.45
1345.10
1347.41
1356.02
1364.42
1385.37
1391.24
1396.75
1405.37
1440.57
1447.94
1450.07
1460.33
1465.56
1476.94
1485.89
1486.90
1513.41
1549.83
1573.14
1578.20
1613.80
1631.93
1651.52
1736.73
1747.48
1781.33
1789.86
1803.24
1858.73
1896.24
1915.96
1933.41
3101.84
3103.17
3118.49
3171.39
3207.34
3209.64
3217.06
3242.49
3257.91
3293.82
3298.78
3336.06
3691.33
3800.36
3816.25
3824.71
3864.50
3963.49
3992.75
$end
