
$molecule
   O    -1.74651012  -2.56109773   5.64613295
  O    -2.30229031  -3.33807406   1.29603347
  O    -3.89598245  -2.36645655   6.24095700
  O    -1.65070613  -7.10433825   3.36560781
  O    -3.81940228  -6.76352155   2.92949204
  O     3.26835776   1.53184281  -5.19732500
  N    -2.33531854  -1.99421625   3.14436523
  N     1.07498675   1.55055626  -1.00452295
  N     2.17061794   2.93632531  -2.98463659
  N     2.63816765   5.64945458  -2.90062111
  N     4.12615188   3.47918634  -5.97571339
  N     3.86406236   5.54354471  -4.89254796
  N     5.04762174   5.41657863  -6.88898252
  C    -3.40014907  -2.59703393   3.91686758
  C    -3.68081828  -4.04581245   3.60181052
  C    -2.49109289  -4.94432506   3.78295472
  C    -2.02178442  -2.29200472   1.82858040
  C    -1.22960087  -1.22757129   1.13324719
  C    -3.05266240  -2.48119581   5.39997679
  C     0.28979654   0.65607318  -0.30369401
  C     0.87770354   2.96764450  -0.93332231
  C    -1.25688251   0.11987837   1.47237509
  C    -0.43944469  -1.61677194   0.04967596
  C    -0.51508882   1.04967385   0.76862659
  C     0.30986129  -0.70456818  -0.65264386
  C    -2.75975152  -6.34392756   3.31015374
  C     1.69654692   3.65077567  -1.99718964
  C     2.88259544   3.53820966  -3.94247945
  C     1.94538379   5.04317650  -1.96899222
  C     3.13050700   4.91287186  -3.91884100
  C     3.40777676   2.71374235  -5.04855202
  C     4.33225417   4.83236350  -5.87161475
  H    -4.33388630  -2.03399672   3.78584047
  H    -4.49302472  -4.37254174   4.25391562
  H    -4.03447554  -4.12547012   2.58040393
  H    -2.18377870  -5.01851179   4.82766781
  H    -1.63728969  -4.58657197   3.21654649
  H    -2.15350961  -1.03427730   3.38861197
  H     1.16367723   3.35754698   0.05287037
  H    -0.17753785   3.25113105  -1.07133462
  H    -1.87834836   0.48609513   2.28074051
  H    -0.42537831  -2.66211972  -0.23426758
  H     1.43090275   1.23285959  -1.89345295
  H    -0.55925618   2.09117570   1.05158159
  H     0.92211461  -1.02531291  -1.48645767
  H     1.55577399   5.64962608  -1.15210299
  H    -1.28168333  -2.62546041   4.80309547
  H     4.47380487   2.98070445  -6.77889727
  H    -1.89049192  -7.98969325   3.06069393
  H     5.70638797   4.84888000  -7.39656308
  H     5.33109286   6.36495420  -6.69407031
$end
$temperature
298.15
$end
$mult
 1
$end
$sigma
 1
$end
$pressure
1.00000
$end
$scale
1.0
$end
$msrrho
$end
$freq
9.09
10.39
17.61
24.11
32.23
37.97
43.21
51.79
58.06
70.29
92.27
99.31
114.39
133.32
142.53
151.79
162.65
178.15
188.78
193.13
211.27
275.30
291.37
296.97
322.17
346.54
351.31
360.20
384.41
391.94
418.18
445.35
463.25
472.39
484.65
491.71
511.69
530.97
539.93
546.73
555.20
563.40
575.52
601.18
606.89
624.03
637.98
660.84
663.63
678.39
697.48
702.40
711.96
716.94
761.62
776.80
789.81
813.38
826.95
831.17
848.07
852.61
879.33
904.38
916.17
919.90
930.59
942.30
955.12
988.89
993.34
1005.25
1032.63
1037.87
1066.97
1082.47
1086.94
1097.84
1098.77
1142.96
1145.56
1172.06
1175.83
1190.57
1196.36
1200.15
1206.07
1216.03
1219.05
1226.50
1234.92
1263.96
1282.09
1297.16
1300.09
1329.92
1331.65
1343.04
1348.04
1372.10
1376.27
1381.33
1396.14
1406.93
1413.54
1443.98
1455.29
1457.66
1459.45
1487.55
1497.61
1520.62
1521.49
1558.12
1572.48
1578.55
1613.22
1633.48
1648.22
1736.81
1753.92
1773.32
1788.99
1799.89
1864.95
1895.98
1906.43
1934.31
3035.05
3112.65
3128.96
3151.00
3166.46
3208.24
3242.56
3245.42
3257.80
3272.71
3282.37
3287.94
3693.45
3778.25
3814.17
3826.58
3827.05
3903.52
3945.67
$end
