
$molecule
   O     6.08396584   1.21661633  -1.29749720
  O     3.92868791   0.11405193  -2.09102302
  O     7.33086897   0.86084126   0.52144117
  O     9.29938711  -2.30282370   0.63293663
  O     7.30199545  -2.47829431   1.62277594
  O    -6.14146595   2.03498579   3.35749227
  N     4.11257250  -0.34408060   0.11369881
  N    -2.26229713   0.31181720  -0.59706740
  N    -4.95632613   0.58120955   1.21062980
  N    -6.56953279   0.12276003  -0.98430493
  N    -8.04378922   2.21911012   2.14620350
  N    -8.32442222   1.30812790   0.00373781
  N   -10.06952078   2.45959626   1.01795275
  C     5.53148080  -0.61221406   0.14352038
  C     5.91641960  -1.76727241  -0.74653165
  C     7.40485793  -2.02861067  -0.74172763
  C     3.39560095  -0.07753192  -1.00425892
  C     1.91654416  -0.00716025  -0.83944324
  C     6.39679899   0.59549084  -0.18751874
  C    -0.88244297   0.16807602  -0.66945474
  C    -3.07627525  -0.57287563   0.21061022
  C     1.22674992  -0.62068777   0.19974849
  C     1.18523331   0.68521600  -1.80391123
  C    -0.14942474  -0.54056671   0.28547959
  C    -0.18356481   0.77880649  -1.72364306
  C     7.95897203  -2.28746040   0.63258959
  C    -4.50121764  -0.09983022   0.18455615
  C    -6.20967067   1.03999091   1.17155388
  C    -5.33891216  -0.32876263  -0.92497237
  C    -7.04121913   0.82484793   0.06399896
  C    -6.72224167   1.79064042   2.33843236
  C    -8.78305414   1.97692177   1.01682211
  H     5.76856445  -0.86355053   1.17599516
  H     5.38959089  -2.65522289  -0.39787998
  H     5.59285056  -1.56498966  -1.76523041
  H     7.96604466  -1.19572123  -1.16371805
  H     7.64033700  -2.90485713  -1.35456578
  H     3.61865124  -0.34605207   0.98777982
  H    -2.73120255  -0.54677657   1.24355232
  H    -3.02024153  -1.61408341  -0.13837743
  H     1.75205591  -1.19731268   0.95199485
  H     1.71583145   1.15312164  -2.62419792
  H    -2.68025103   0.57057826  -1.47676108
  H    -0.66065614  -1.03313791   1.09928838
  H    -0.73516225   1.32870314  -2.47603796
  H    -4.97280305  -0.90334491  -1.77471757
  H     5.29042435   0.81282194  -1.72155172
  H    -8.46350292   2.70073048   2.92479956
  H     9.59084195  -2.44721972   1.54313444
  H   -10.51873105   2.42236591   0.11549550
  H   -10.27740003   3.26301185   1.58817162
$end
$temperature
298.15
$end
$mult
 1
$end
$sigma
 1
$end
$pressure
1.00000
$end
$scale
1.0
$end
$msrrho
$end
$freq
7.33
11.26
15.50
26.70
31.78
36.43
48.88
61.66
68.77
76.29
94.41
103.14
128.45
134.35
148.48
160.86
165.02
178.31
212.76
233.18
255.77
274.74
290.24
314.19
337.35
347.45
351.11
369.54
381.49
389.15
413.04
431.09
445.22
454.84
478.94
490.61
523.17
525.99
528.26
532.13
547.36
551.10
572.27
599.15
603.76
623.96
652.79
659.35
670.99
677.57
693.74
700.68
708.62
741.45
778.40
789.42
816.87
833.73
850.38
854.86
861.96
873.46
884.10
912.47
915.06
929.55
938.53
950.95
990.18
1006.24
1019.36
1020.27
1045.04
1057.26
1066.01
1079.37
1084.96
1097.93
1116.34
1132.73
1150.45
1163.68
1164.82
1177.62
1189.17
1203.56
1205.04
1214.10
1220.00
1238.56
1268.01
1272.10
1292.54
1297.88
1328.74
1339.26
1345.31
1347.71
1362.49
1371.14
1380.42
1389.27
1402.23
1407.62
1434.51
1452.90
1455.05
1476.00
1479.18
1492.00
1503.39
1512.45
1520.19
1565.20
1577.69
1589.03
1617.30
1632.18
1658.50
1733.20
1740.29
1766.92
1787.78
1799.58
1805.88
1899.73
1902.00
1919.63
3065.49
3108.38
3157.57
3210.89
3213.03
3217.36
3242.05
3244.94
3245.81
3259.87
3264.71
3288.40
3453.84
3694.39
3779.89
3815.19
3827.98
3862.94
3905.59
$end
