
$molecule
   O    -2.16726879   3.40044222  -6.39502967
  O    -3.29302004   0.38626560  -2.63971527
  O    -0.59520515   3.69542607  -4.83579664
  O    -3.79214167   5.56809208  -5.89040299
  O    -5.44030081   6.06231041  -4.46800879
  O     0.79717100  -4.41654295   4.98383829
  N    -1.76666919   1.95482413  -3.18605452
  N     1.18235079  -0.99626382   1.71767898
  N     2.38021000  -2.62192424   3.45025295
  N     5.03712745  -2.42674270   4.15125073
  N     2.62289668  -4.92703338   6.22423370
  N     4.74076412  -3.97985160   5.87806750
  N     4.42681009  -5.54877282   7.56476198
  C    -2.58374859   2.50500065  -4.22329050
  C    -3.68321501   3.38701675  -3.65884260
  C    -4.77948518   3.77654126  -4.64585796
  C    -2.20963296   0.89144407  -2.43884706
  C    -1.27090121   0.42639059  -1.37248500
  C    -1.66435260   3.25968846  -5.15188727
  C     0.39528683  -0.53808270   0.67472286
  C     2.61217821  -1.03012492   1.63481982
  C     0.08720352   0.71908030  -1.36354370
  C    -1.78381568  -0.36886114  -0.34751166
  C     0.91170251   0.24550701  -0.36032114
  C    -0.97560563  -0.84022585   0.65982361
  C    -4.72468038   5.25216171  -4.98864726
  C     3.17271766  -1.81765392   2.79013163
  C     2.87542554  -3.33852995   4.46423082
  C     4.53462580  -1.72958412   3.16260543
  C     4.21957652  -3.25434839   4.83519279
  C     1.96452118  -4.24098534   5.19567922
  C     3.95240619  -4.77682326   6.53068124
  H    -3.03818400   1.68591065  -4.78691592
  H    -4.12794191   2.80721400  -2.85253640
  H    -3.23715714   4.27107662  -3.20553774
  H    -5.75886084   3.60230116  -4.20084416
  H    -4.71788073   3.18305899  -5.55779642
  H    -0.94721140   2.46788977  -2.91849086
  H     3.03231679  -0.01563272   1.64821112
  H     2.96892705  -1.48758067   0.69846839
  H     0.53336362   1.30871422  -2.15527168
  H    -2.83933392  -0.61306479  -0.35764192
  H     0.79267837  -1.74757928   2.26695824
  H     1.96491845   0.48452346  -0.37766076
  H    -1.38846762  -1.45280174   1.45182497
  H     5.20531446  -1.06398582   2.62043285
  H    -1.48914693   3.82964235  -6.93816316
  H     2.06435217  -5.59229981   6.73393736
  H    -3.32847774   4.77134246  -6.17939643
  H     3.77898344  -5.83265557   8.28158982
  H     5.34887667  -5.28391348   7.87710321
$end
$temperature
298.15
$end
$mult
 1
$end
$sigma
 1
$end
$pressure
1.00000
$end
$scale
1.0
$end
$msrrho
$end
$freq
8.63
9.01
15.29
21.65
26.53
38.04
44.87
55.28
65.66
71.12
83.50
98.21
120.52
145.81
147.32
151.95
162.77
183.51
195.99
212.46
216.44
255.23
276.49
302.78
320.11
346.98
349.58
354.58
384.72
388.59
393.85
435.35
444.76
453.04
464.80
486.51
491.79
505.89
535.42
545.50
555.10
580.78
594.60
601.05
606.65
618.33
638.13
650.41
663.46
672.25
697.61
702.88
704.37
720.28
776.78
785.40
807.37
809.51
813.65
828.32
844.30
854.70
882.92
896.88
917.24
928.65
930.83
947.51
964.30
993.36
998.69
1032.98
1042.90
1066.95
1083.06
1086.68
1089.71
1098.75
1130.95
1139.97
1145.66
1159.46
1169.54
1187.45
1190.28
1201.87
1205.68
1213.64
1218.98
1224.15
1226.85
1269.23
1278.65
1284.24
1291.97
1300.47
1330.13
1340.36
1347.38
1360.10
1373.96
1376.54
1395.12
1409.52
1434.67
1449.18
1453.39
1462.77
1476.49
1483.15
1489.44
1496.62
1520.20
1559.36
1573.67
1578.41
1613.18
1632.81
1649.19
1737.16
1753.78
1774.57
1789.61
1800.63
1838.89
1896.04
1915.42
1927.83
3034.01
3113.83
3137.32
3157.67
3195.05
3208.58
3220.76
3237.85
3243.63
3247.93
3256.06
3282.07
3691.70
3775.81
3814.89
3825.14
3872.46
3886.95
3923.25
$end
