
$molecule
   O     1.01546934  -3.56802078  -1.24545851
  O     2.82926226  -0.31727440  -4.06407600
  O     1.47087898  -3.04561794   0.87070125
  O     1.48833535   0.89423185   3.15303189
  O     0.64110916   1.59405253   1.21411174
  O    -0.94175475  -1.69465831  -0.05866905
  N     2.44251917  -1.68195752  -2.30139590
  N    -2.84117921   1.98914388  -2.05082890
  N    -2.10843955   0.82164161   0.22614915
  N    -2.06430423   1.94356839   2.72658987
  N    -0.53648724  -1.75082739   2.15915906
  N    -1.14808184  -0.01754611   3.62458374
  N     0.00583910  -1.87528303   4.40541881
  C     2.38816711  -1.65113438  -0.84538064
  C     1.92706450  -0.34443418  -0.26094660
  C     2.23237498  -0.19864302   1.20708824
  C     2.09660689  -0.61475199  -3.15409916
  C     0.79283032   0.05537684  -2.88756757
  C     1.55456912  -2.82476948  -0.31417877
  C    -1.62166228   1.35103376  -2.36167905
  C    -2.84881074   2.82669933  -0.87417308
  C     0.74719044   1.43860848  -2.76855252
  C    -0.38571319  -0.67048158  -2.78799699
  C    -0.44151083   2.07928213  -2.48947912
  C    -1.57997535  -0.02787145  -2.55278714
  C     1.38218677   0.87187490   1.82638098
  C    -2.47654115   2.06148964   0.37843890
  C    -1.69711862   0.12122077   1.27481453
  C    -2.45395369   2.62298101   1.67456559
  C    -1.65571826   0.67165432   2.55328359
  C    -1.07856792  -1.18186165   1.01847615
  C    -0.59640161  -1.17583787   3.40123512
  H     3.40411207  -1.85831862  -0.48193466
  H     2.41554700   0.46402673  -0.79571878
  H     0.86663415  -0.23409979  -0.41414774
  H     3.28018218   0.05623068   1.38574826
  H     2.03980962  -1.11763673   1.74889305
  H     3.30981501  -2.08407868  -2.63967493
  H    -3.84829130   3.26826166  -0.76381793
  H    -2.14625004   3.65650759  -0.99825773
  H     1.65665012   2.01788137  -2.87799863
  H    -0.38162153  -1.74667670  -2.88389645
  H    -3.57787766   1.29907593  -1.98876619
  H    -0.46337940   3.15395537  -2.37764505
  H    -2.48456991  -0.60849889  -2.44645401
  H    -2.76362783   3.65619762   1.82935949
  H     1.23855458  -3.16897114  -2.10093736
  H     0.08285438  -2.53391677   1.97478104
  H     0.79238721   1.46252483   3.51124232
  H     0.18710014  -2.85684841   4.28504336
  H    -0.14621181  -1.52750441   5.33742233
$end
$temperature
298.15
$end
$mult
 1
$end
$sigma
 1
$end
$pressure
1.00000
$end
$scale
1.0
$end
$msrrho
$end
$freq
25.61
40.88
55.14
62.75
68.69
71.20
90.14
98.65
105.68
120.40
129.75
130.15
144.53
161.62
178.59
186.77
191.33
206.43
217.73
250.63
257.08
268.57
270.64
299.92
319.49
349.45
357.78
376.70
382.18
397.42
419.75
446.95
455.46
469.79
472.73
498.28
504.40
524.86
531.51
558.71
587.83
604.34
622.78
626.03
629.19
636.53
647.31
674.64
691.97
695.28
704.13
716.70
734.34
744.31
762.10
792.37
802.49
816.49
826.00
839.37
844.51
872.95
880.26
893.59
900.24
930.37
931.34
939.46
950.86
972.32
997.67
1036.74
1049.42
1054.82
1080.53
1086.76
1100.73
1105.73
1122.97
1153.81
1165.49
1168.58
1178.63
1183.37
1205.47
1212.44
1217.31
1222.40
1226.73
1234.43
1236.67
1279.26
1288.98
1301.68
1322.20
1331.36
1334.53
1344.85
1358.83
1366.77
1375.74
1392.32
1424.18
1427.64
1438.13
1447.48
1459.21
1461.53
1465.76
1480.32
1483.34
1491.95
1521.93
1529.73
1570.78
1582.79
1621.23
1642.41
1650.58
1749.94
1773.37
1792.39
1797.69
1814.03
1854.67
1898.90
1909.39
1915.20
3072.57
3112.87
3133.07
3164.61
3204.81
3230.53
3243.92
3277.26
3283.70
3291.40
3295.72
3393.93
3684.03
3694.92
3715.64
3731.26
3841.39
3866.66
3906.07
$end
