
$molecule
   O    -3.77490491   2.77737710   3.14380025
  O    -0.59147071   0.80936964   1.40881937
  O    -2.12206833   3.49371090   1.81548611
  O    -1.85605080  -2.58249739   1.61616529
  O    -3.71240014  -2.71695702   2.84224161
  O    -0.46548558  -1.64837541  -0.37331556
  N    -2.36488846   1.41774759   0.11218548
  N     2.62143792   0.99795993  -3.93435031
  N     1.88277475  -1.21442106  -1.90259114
  N     4.24528817  -1.03121515  -0.49663964
  N     0.79941598  -1.74684150   1.48658253
  N     3.11934542  -1.40722083   1.51709443
  N     1.95486503  -1.76417511   3.49761098
  C    -3.29080582   1.48953188   1.20455965
  C    -3.29689556   0.22583457   2.02612051
  C    -3.58741729  -1.00024552   1.18756392
  C    -1.03087453   1.18916146   0.34916862
  C    -0.15720691   1.36924340  -0.84680813
  C    -2.97695895   2.69505371   2.07373443
  C     1.64542470   1.30826086  -2.95109669
  C     2.88785289  -0.45166912  -3.94813804
  C    -0.56253329   0.92355405  -2.09565797
  C     1.12604961   1.86310163  -0.67424588
  C     0.33414175   0.89656330  -3.14211190
  C     2.01958327   1.85070292  -1.72421802
  C    -3.08994178  -2.20429068   1.95323009
  C     3.00107372  -0.94227637  -2.53042585
  C     1.90284531  -1.37902505  -0.58084026
  C     4.20252803  -0.86672010  -1.79551876
  C     3.09054401  -1.27467714   0.15756314
  C     0.63940605  -1.60138960   0.12858463
  C     1.99979533  -1.63473296   2.13810309
  H    -4.28826306   1.66323730   0.77717083
  H    -2.32191302   0.12970859   2.48344593
  H    -4.03268625   0.30938453   2.82498700
  H    -3.08567252  -0.93832219   0.22725402
  H    -4.65815782  -1.11512688   1.01612118
  H    -2.54653747   2.03066400  -0.66600759
  H     3.80131917  -0.63462389  -4.52308911
  H     2.05709246  -0.96784593  -4.42879127
  H    -1.55956534   0.52868780  -2.23683251
  H     1.43300403   2.21610347   0.30270007
  H     3.47839166   1.50398633  -3.74424947
  H     0.04753855   0.48904912  -4.10138156
  H     3.03706028   2.18709496  -1.57248658
  H     5.14101899  -0.65623532  -2.30731605
  H    -3.53270944   3.57701174   3.63026853
  H    -0.04826002  -1.86824274   2.02142741
  H    -1.53045828  -2.19785190   0.77025058
  H     2.85117288  -1.87222593   3.94528031
  H     1.16515630  -2.22489601   3.91859228
$end
$temperature
298.15
$end
$mult
 1
$end
$sigma
 1
$end
$pressure
1.00000
$end
$scale
1.0
$end
$msrrho
$end
$freq
17.07
31.98
37.36
47.61
51.54
64.25
73.23
78.95
97.08
108.40
114.17
130.93
133.86
143.90
150.57
179.04
193.30
205.29
242.19
249.89
272.91
276.84
297.34
320.89
341.03
349.59
364.74
370.52
410.69
424.48
436.99
445.91
456.04
470.86
481.76
488.14
500.23
531.25
549.88
559.28
561.78
579.93
608.55
624.85
637.65
657.47
662.13
685.64
690.79
698.92
700.21
723.37
770.21
775.70
806.29
814.32
818.73
827.26
842.34
853.87
868.30
879.30
900.53
919.93
928.93
934.64
944.03
945.44
962.18
1007.60
1014.83
1024.32
1034.72
1050.88
1062.17
1063.77
1094.22
1100.28
1122.04
1128.76
1142.02
1159.20
1164.14
1167.05
1191.01
1199.22
1212.35
1215.92
1222.98
1248.84
1257.46
1285.80
1299.86
1302.78
1320.40
1325.04
1334.75
1342.02
1344.96
1371.64
1378.53
1392.91
1400.26
1418.51
1430.82
1445.59
1453.30
1455.68
1466.80
1470.60
1487.44
1493.23
1512.81
1560.98
1571.15
1585.30
1622.61
1645.34
1650.17
1737.02
1748.08
1787.34
1803.12
1824.06
1854.96
1867.52
1909.81
1921.64
3108.25
3116.77
3154.88
3187.68
3207.82
3219.32
3254.36
3260.05
3269.36
3272.16
3279.73
3330.53
3495.34
3665.67
3709.02
3788.97
3810.33
3843.88
3901.95
$end
