
$molecule
   O    -6.17042726   3.59557169   2.57370346
  O    -4.34113095  -0.20184631   0.93844909
  O    -4.19575932   2.58165271   2.87727880
  O    -6.49245619  -1.28939333  -0.16768668
  O    -8.18504615  -0.56466506  -1.43488624
  O     5.58453526   0.82406306  -2.41321772
  N    -3.94888206   1.93525715   0.28221099
  N     1.98797672  -0.53697622   0.33991177
  N     4.43055977  -1.01217956  -0.57687033
  N     6.08388368  -3.00206994   0.36882107
  N     7.54985323  -0.29221118  -2.25548646
  N     7.87254807  -2.17740992  -0.89726273
  N     9.62196903  -1.35969829  -2.19121337
  C    -5.20647229   2.49115217   0.70433063
  C    -6.39329697   1.57779413   0.51763442
  C    -6.45944775   0.98489164  -0.87109496
  C    -3.55266471   0.66676093   0.61417289
  C    -2.09255864   0.39683702   0.51411314
  C    -5.11424496   2.88316300   2.16900929
  C     0.63639784  -0.26188822   0.39229775
  C     2.52768584  -1.81586706   0.69441170
  C    -1.60105582  -0.73699095   1.15175580
  C    -1.19844561   1.19584525  -0.19949114
  C    -0.26289136  -1.06436673   1.10294947
  C     0.13733622   0.87422021  -0.26493318
  C    -7.14577864  -0.36702053  -0.86202562
  C     3.97116497  -1.89522525   0.27101390
  C     5.70582660  -1.08802373  -0.97131939
  C     4.83343414  -2.91125189   0.74714219
  C     6.56011586  -2.08960849  -0.50450787
  C     6.20395136  -0.08253258  -1.93002840
  C     8.32497848  -1.30145474  -1.74046407
  H    -5.35297813   3.41631733   0.12957842
  H    -6.33051934   0.78961868   1.25462909
  H    -7.30009534   2.14551781   0.73269588
  H    -5.45945094   0.83992349  -1.26866767
  H    -7.00376839   1.63211540  -1.55746157
  H    -3.19338011   2.59992707   0.25470360
  H     1.98031119  -2.64636898   0.22211862
  H     2.45545206  -1.98980144   1.77656807
  H    -2.29246299  -1.36736947   1.69727538
  H    -1.54073018   2.07070380  -0.73889795
  H     2.51861345  -0.05275570  -0.36820436
  H     0.09312064  -1.94552406   1.61609728
  H     0.82044834   1.49569077  -0.83074867
  H     4.46245881  -3.65310391   1.45350177
  H    -6.04634676   3.80508578   3.50946393
  H     7.93731869   0.33543827  -2.94127144
  H    -5.68256944  -0.93213451   0.25012344
  H    10.20615904  -1.99268774  -1.66598646
  H    10.05676100  -0.50712159  -2.50423554
$end
$temperature
298.15
$end
$mult
 1
$end
$sigma
 1
$end
$pressure
1.00000
$end
$scale
1.0
$end
$msrrho
$end
$freq
9.02
11.70
23.61
27.28
38.80
45.59
51.22
59.39
77.89
80.35
90.96
102.26
122.40
139.69
151.83
158.79
163.73
189.99
210.61
219.33
257.40
271.28
293.63
317.32
337.42
346.98
351.24
367.39
370.54
388.23
408.82
447.04
467.46
472.28
477.69
488.40
518.52
533.27
544.59
554.57
577.97
585.10
588.37
600.95
603.15
607.61
637.87
656.79
671.57
687.59
700.44
705.36
728.33
760.05
782.70
788.06
813.42
825.80
829.15
839.03
858.45
883.04
908.59
912.04
920.67
930.41
931.59
943.82
957.13
993.36
1009.64
1026.00
1032.51
1047.36
1063.95
1082.95
1087.15
1098.27
1124.79
1144.72
1145.82
1163.76
1173.67
1189.73
1190.97
1206.26
1213.80
1219.28
1225.48
1230.33
1262.19
1283.40
1299.13
1304.96
1308.47
1325.91
1337.69
1346.10
1348.35
1367.57
1378.91
1393.37
1396.51
1414.01
1431.88
1457.21
1460.90
1465.60
1480.58
1486.93
1493.17
1499.23
1520.81
1565.28
1578.39
1579.54
1612.81
1633.34
1654.77
1737.07
1754.35
1772.89
1789.12
1796.36
1836.64
1895.02
1906.02
1920.48
3037.60
3113.33
3117.43
3157.42
3174.38
3208.36
3242.38
3248.77
3261.53
3265.89
3284.02
3325.05
3645.88
3693.03
3781.08
3814.75
3826.64
3827.11
3899.21
$end
