
$molecule
   O     0.30583944  -4.17433697  -0.94066194
  O     0.86959597   0.12495856  -2.87542413
  O     1.56146947  -4.68621171  -2.72340693
  O     3.88161196  -0.83473458   1.12640982
  O     4.45422516  -2.87044012   1.85010549
  O    -0.06987584  -0.97552577   1.21796802
  N     0.41687837  -1.62875083  -1.50521452
  N    -4.49311145   1.96744435   0.18735153
  N    -1.98490787   1.06905914   1.72207278
  N    -1.02330976   3.64663596   1.83476295
  N     1.49477894   0.62059256   0.94186879
  N     1.11947556   2.91314432   1.26114225
  N     3.22425102   2.13634173   0.63306074
  C     1.51955355  -2.41453068  -1.94638837
  C     2.76977098  -2.20999537  -1.11515229
  C     2.60027825  -2.64859076   0.32037726
  C     0.13988263  -0.41172060  -2.07282516
  C    -1.14873109   0.18768175  -1.59492286
  C     1.13902522  -3.87759189  -1.94636403
  C    -3.44731686   1.37219155  -0.56538597
  C    -4.26446621   1.80174904   1.63551210
  C    -2.17135591  -0.59559405  -1.07525817
  C    -1.32497200   1.56123811  -1.67540211
  C    -3.31139098  -0.00921910  -0.57118947
  C    -2.46397016   2.15235840  -1.16918746
  C     3.73857597  -2.18476318   1.17880767
  C    -2.81094441   2.07265182   1.90225454
  C    -0.68774281   1.31790893   1.55850951
  C    -2.29627649   3.38047362   1.99824389
  C    -0.18704593   2.62721238   1.55993723
  C     0.21365932   0.19657525   1.24977493
  C     1.90361710   1.92800031   0.95085509
  H     1.74608380  -2.13334793  -2.97841943
  H     3.59969143  -2.75303366  -1.57379219
  H     3.01228717  -1.15172001  -1.16246524
  H     2.55198506  -3.73145765   0.40530932
  H     1.68567356  -2.23885151   0.74401135
  H    -0.03378348  -1.86142553  -0.63680134
  H    -4.49120488   0.77681527   1.92791402
  H    -4.92904270   2.48450308   2.17441527
  H    -2.07770205  -1.67184859  -1.04244910
  H    -0.53781443   2.16769087  -2.10654116
  H    -4.56370945   2.95248110  -0.03840400
  H    -4.08732483  -0.61454267  -0.12449120
  H    -2.56349936   3.22990221  -1.18059029
  H    -2.96544410   4.21723320   2.19439460
  H     0.10461866  -5.11881319  -0.97916606
  H     2.20246200  -0.08554090   0.81060824
  H     4.57863319  -0.57409610   1.74407364
  H     3.43968694   3.10170305   0.43170805
  H     3.66133233   1.45013681   0.03845432
$end
$temperature
298.15
$end
$mult
 1
$end
$sigma
 1
$end
$pressure
1.00000
$end
$scale
1.0
$end
$msrrho
$end
$freq
13.88
23.73
36.70
40.13
44.50
56.78
63.85
73.36
93.04
105.63
109.35
127.25
134.58
142.59
166.37
176.58
189.14
194.62
207.68
223.74
235.02
272.14
287.26
312.14
345.81
354.74
383.51
392.56
400.13
418.56
434.29
450.52
455.04
465.30
487.38
499.22
525.77
533.61
558.27
565.59
570.31
589.14
598.30
612.38
619.82
629.84
649.54
658.71
670.04
695.07
701.17
712.66
725.32
759.28
768.85
790.57
815.12
820.95
825.38
840.40
856.09
862.69
872.80
901.63
903.56
927.27
941.07
942.67
948.69
996.14
1008.85
1024.08
1025.12
1054.69
1062.33
1067.95
1095.07
1097.23
1103.41
1122.42
1157.30
1167.30
1169.81
1176.78
1199.34
1204.32
1210.97
1212.06
1217.52
1231.51
1243.32
1279.68
1301.32
1304.25
1310.90
1317.49
1336.90
1338.55
1344.69
1347.67
1362.88
1385.14
1391.20
1407.52
1415.11
1446.29
1450.89
1460.61
1465.11
1469.24
1472.84
1484.25
1513.40
1562.63
1580.85
1584.86
1622.07
1634.59
1647.01
1737.33
1748.56
1794.85
1797.70
1821.69
1849.36
1878.50
1916.01
1920.73
3108.90
3132.61
3191.90
3197.14
3210.73
3220.69
3243.93
3256.22
3261.77
3274.37
3279.37
3286.49
3669.52
3686.31
3819.79
3825.70
3857.06
3912.22
3913.59
$end
