
$molecule
   O    -4.07916299   0.91091496   2.01766831
  O     0.34358882   0.98496161   3.92089644
  O    -4.58871026  -0.10579749   3.94617776
  O    -4.32261226   4.14841119   2.72934227
  O    -5.63264144   2.85578707   3.99602267
  O    -0.87589109  -0.59961188  -3.62559641
  N    -1.49784215   0.29655416   2.77075333
  N     3.20924357  -2.77045708  -0.37917556
  N     1.51279124  -1.99927611  -2.98690250
  N     3.72209629  -1.42461067  -4.53071752
  N     0.20234782   0.39787337  -5.35007880
  N     2.47358824   0.06366805  -5.83598144
  N     1.20281339   1.50739503  -7.14008661
  C    -2.42471620   0.86023057   3.72734526
  C    -2.23137476   2.35381802   3.84527730
  C    -3.33361889   3.05555454   4.61812971
  C    -0.13531279   0.32625702   3.02717793
  C     0.68946427  -0.51059515   2.10293979
  C    -3.82549129   0.49855296   3.25738318
  C     2.34723451  -2.04091926   0.43213391
  C     2.74934973  -3.49472019  -1.53956807
  C     0.24338313  -0.94733252   0.86071056
  C     1.98421811  -0.84393891   2.49603291
  C     1.05457059  -1.70002283   0.03475293
  C     2.79944166  -1.59802100   1.68447914
  C    -4.55993038   3.32997366   3.77091589
  C     2.66045908  -2.57989922  -2.73290119
  C     1.43488619  -1.12807345  -3.99383172
  C     3.78192967  -2.27009379  -3.52882308
  C     2.54370248  -0.82676711  -4.79317276
  C     0.14061739  -0.46444348  -4.24790942
  C     1.33641507   0.63591392  -6.08603159
  H    -2.31246647   0.40482312   4.71508104
  H    -1.27433761   2.52055592   4.33385199
  H    -2.14599014   2.77465399   2.84669512
  H    -2.96667140   4.01560001   4.99627050
  H    -3.65472205   2.45985790   5.46990833
  H    -1.80531507  -0.54127741   2.30281537
  H     1.76661755  -3.94308871  -1.38309434
  H     3.46704120  -4.29778962  -1.73791253
  H    -0.74537082  -0.68984928   0.50076319
  H     2.34296513  -0.49893030   3.45835632
  H     3.99206229  -3.17264265   0.10971310
  H     0.68479319  -2.00969539  -0.92916274
  H     3.80176559  -1.85200715   2.00648940
  H     4.74160763  -2.74192963  -3.32450028
  H    -3.29259398   1.31649125   1.64183433
  H    -0.66282908   0.84609250  -5.60468175
  H    -3.42277480   4.48460126   2.76720753
  H     2.08132773   1.79645784  -7.54287257
  H     0.48005437   2.20679034  -7.09412464
$end
$temperature
298.15
$end
$mult
 1
$end
$sigma
 1
$end
$pressure
1.00000
$end
$scale
1.0
$end
$msrrho
$end
$freq
9.06
11.80
16.40
24.44
34.93
42.76
55.12
60.60
72.63
79.17
90.95
98.98
109.41
131.13
145.62
153.42
165.95
172.93
202.97
231.40
256.64
266.89
277.75
307.53
320.52
341.47
346.43
350.68
355.54
390.99
409.42
437.86
451.46
452.48
462.04
477.18
481.12
491.29
515.51
526.78
551.16
564.33
571.45
597.88
604.74
607.95
618.57
627.10
642.34
658.77
679.91
693.66
708.02
721.63
774.67
778.01
786.71
817.79
830.24
842.99
846.61
857.02
862.77
898.04
902.49
918.08
927.94
937.16
940.06
993.18
1004.39
1021.77
1053.28
1057.06
1063.70
1065.64
1085.99
1093.63
1095.29
1139.43
1150.28
1153.67
1158.55
1179.09
1198.19
1200.72
1213.60
1216.63
1218.20
1236.56
1248.95
1260.34
1263.95
1292.70
1312.39
1327.81
1331.63
1339.17
1347.59
1357.90
1377.03
1387.46
1391.92
1403.79
1429.19
1449.41
1452.48
1459.50
1462.49
1465.95
1480.13
1484.98
1514.01
1550.49
1570.15
1578.44
1613.94
1633.08
1645.74
1736.59
1747.48
1780.62
1788.55
1802.01
1853.39
1895.21
1937.29
1958.50
3099.57
3103.25
3173.71
3194.79
3206.28
3216.70
3226.04
3241.52
3250.27
3256.15
3260.04
3336.02
3695.05
3789.98
3801.04
3815.55
3828.81
3991.46
4009.52
$end
