
$molecule
   O     3.65947735  -3.20312019  -3.78113048
  O     2.30065935   0.19305463  -2.31520863
  O     4.27427622  -2.29184108  -1.83677886
  O    -0.70990632  -2.34784671  -0.96305403
  O    -2.36802891  -2.00218432  -2.37511807
  O    -0.83943635   0.53089807  -0.71382605
  N     1.83861913  -1.64851172  -1.07104650
  N     1.23475018   2.94183851   3.34701426
  N    -1.02526748   2.14564417   1.60448404
  N    -3.16178634   1.66969858   3.27115565
  N    -2.84924446  -0.36626040  -0.20665345
  N    -4.00495296   0.06091386   1.79433125
  N    -4.79430544  -1.51322559   0.26866648
  C     1.94927745  -2.49773079  -2.22453565
  C     1.07834581  -2.08552213  -3.39735351
  C    -0.19265024  -1.33741992  -3.07384048
  C     2.11550144  -0.27858493  -1.22638129
  C     2.04567507   0.50541779   0.03122953
  C     3.42196358  -2.63778403  -2.60063265
  C     1.59871358   2.11974088   2.25859141
  C     0.01535221   3.71023012   3.10632895
  C     2.14905017   1.88908254  -0.06514580
  C     1.76769143  -0.06285922   1.26572343
  C     1.93722497   2.68732984   1.03320701
  C     1.55712598   0.73385315   2.37153699
  C    -1.18065702  -1.95543975  -2.12157568
  C    -1.12879733   2.80013641   2.73850371
  C    -1.94790933   1.24678736   1.28251001
  C    -2.22794584   2.54226399   3.57874335
  C    -3.04981124   0.98793620   2.11428363
  C    -1.78156164   0.47797606   0.03568030
  C    -3.87878661  -0.58144942   0.66801004
  H     1.64023463  -3.50006563  -1.88759844
  H     1.64270078  -1.43370798  -4.06152330
  H     0.82622001  -2.99020139  -3.96214700
  H    -0.73868199  -1.16088609  -4.00127182
  H     0.04039797  -0.36880962  -2.64221870
  H     2.35024603  -2.02966914  -0.28419527
  H     0.19178781   4.40731059   2.28630772
  H    -0.22048595   4.28698007   4.00700807
  H     2.38004648   2.32832988  -1.02692873
  H     1.67976158  -1.13370654   1.38501543
  H     1.14570403   2.39247810   4.19256203
  H     2.00129166   3.76303734   0.94983056
  H     1.30854369   0.27985256   3.32233089
  H    -2.33195739   3.07490604   4.52345431
  H     2.83452493  -3.37760289  -4.24358277
  H    -2.79140124  -0.95460753  -1.03211668
  H     0.20989790  -2.03106556  -0.85123135
  H    -5.44402014  -1.81574253   0.97621817
  H    -4.52746720  -2.16985166  -0.44763202
$end
$temperature
298.15
$end
$mult
 1
$end
$sigma
 1
$end
$pressure
1.00000
$end
$scale
1.0
$end
$msrrho
$end
$freq
21.35
39.80
43.04
51.54
53.82
69.03
71.65
87.58
97.50
115.90
129.57
145.95
153.61
161.73
175.73
183.50
188.25
207.59
249.77
260.45
269.12
278.37
312.93
328.13
357.54
372.02
388.95
395.24
403.40
422.15
445.21
446.88
458.17
489.90
492.64
495.43
498.24
509.02
523.97
561.59
586.18
591.27
612.06
631.54
646.32
647.84
664.91
685.97
696.30
703.40
713.41
761.18
779.69
785.52
808.33
813.13
818.07
829.42
845.62
859.73
874.83
885.31
891.31
908.62
914.17
932.16
938.72
945.01
969.54
1006.88
1021.57
1028.39
1040.89
1046.28
1064.83
1072.72
1092.45
1108.98
1116.92
1132.48
1137.04
1169.09
1170.16
1184.21
1192.34
1192.70
1219.20
1221.55
1228.27
1242.18
1273.33
1302.39
1311.37
1329.93
1332.16
1337.33
1347.26
1357.67
1369.65
1387.18
1394.34
1402.68
1418.18
1420.42
1442.64
1448.24
1452.35
1461.16
1467.80
1472.40
1475.04
1512.69
1517.29
1535.19
1572.65
1590.81
1625.19
1644.32
1645.70
1735.39
1742.70
1782.40
1797.72
1816.56
1855.93
1891.94
1893.03
1938.92
3086.62
3093.52
3104.93
3166.60
3206.05
3209.83
3223.39
3251.27
3269.94
3275.37
3279.50
3285.55
3595.10
3662.04
3687.68
3705.95
3739.20
3843.01
3997.27
$end
