
$molecule
   O    -2.47526937   3.97320639  -2.57496442
  O    -1.15545928   1.24178332  -2.15524698
  O    -0.78388707   4.09378385  -4.02704955
  O     1.19654260   6.39040853  -2.05995442
  O     3.29900035   5.77750922  -1.61872414
  O    -1.26162079  -4.04661093  -0.70962594
  N    -0.88056116   2.95657710  -0.71202593
  N    -2.42943298  -1.89272922   3.27825113
  N    -0.61705756  -3.33862982   1.95504491
  N     2.00887916  -3.62667378   2.71472989
  N     0.90635404  -4.61401215  -1.05383723
  N     2.57063076  -4.45651639   0.59596805
  N     3.10706698  -5.21249440  -1.53507318
  C    -0.26639635   3.80227606  -1.71079219
  C     1.10645059   3.32039318  -2.09923402
  C     1.91092453   4.30332624  -2.92451622
  C    -1.15011523   1.63414073  -1.01483279
  C    -1.48441351   0.76465623   0.15536873
  C    -1.19218691   3.95073461  -2.91224447
  C    -2.12329945  -0.99120481   2.24093381
  C    -1.30123662  -2.36652554   4.04885458
  C    -1.00793701   0.99021990   1.44122106
  C    -2.28467065  -0.35149388  -0.07289923
  C    -1.31994478   0.12299410   2.47009406
  C    -2.60925419  -1.21165395   0.95134020
  C     2.24203209   5.54345122  -2.14389282
  C    -0.24520651  -2.98268817   3.15809419
  C     0.28660083  -3.81763179   1.10454563
  C     1.10477452  -3.14260074   3.53475795
  C     1.62852153  -3.96964358   1.46837393
  C    -0.15296414  -4.15082494  -0.26443656
  C     2.19873623  -4.75573012  -0.61082409
  H    -0.20265777   4.80147149  -1.26936024
  H     1.65381467   3.09040654  -1.18253045
  H     1.00142784   2.39426987  -2.65810169
  H     1.35551742   4.58881957  -3.81321837
  H     2.85614899   3.84169087  -3.21814365
  H    -0.71252957   3.17707768   0.25339554
  H    -1.66420120  -3.10741639   4.77347523
  H    -0.85669511  -1.55045707   4.62517378
  H    -0.36185278   1.83110400   1.66178555
  H    -2.63921895  -0.54617560  -1.07768120
  H    -2.93884152  -2.68057760   2.89809352
  H    -0.94000447   0.31007082   3.46419060
  H    -3.19947247  -2.09427571   0.74605279
  H     1.43183254  -2.85890844   4.53462438
  H    -2.55142018   3.75444480  -1.64030491
  H     0.68527737  -4.80277581  -2.01826240
  H     1.48767849   7.16749047  -1.56424780
  H     2.77195563  -5.78289524  -2.29401710
  H     3.99764042  -5.47116071  -1.13832751
$end
$temperature
298.15
$end
$mult
 1
$end
$sigma
 1
$end
$pressure
1.00000
$end
$scale
1.0
$end
$msrrho
$end
$freq
3.51
8.40
14.67
19.15
24.83
33.12
41.24
58.03
61.52
74.97
96.39
113.60
118.48
136.69
141.56
153.38
165.95
195.11
205.18
259.46
263.87
287.44
299.04
326.93
335.59
344.73
358.79
390.07
397.85
413.37
439.17
443.64
452.38
469.25
486.49
488.82
502.44
517.12
530.49
548.63
561.04
582.19
591.49
598.99
605.33
615.41
621.11
633.86
641.98
673.98
682.34
700.62
710.14
749.75
779.61
793.76
804.72
815.95
820.07
828.51
839.47
859.35
875.69
891.36
895.80
930.37
934.00
938.19
946.78
997.68
1002.01
1029.07
1042.34
1066.47
1077.79
1084.22
1090.53
1096.28
1109.25
1119.68
1145.91
1160.44
1170.35
1181.00
1196.96
1198.95
1210.04
1211.34
1218.76
1221.77
1233.92
1245.51
1268.30
1284.51
1310.86
1336.11
1341.38
1344.24
1346.87
1349.13
1358.90
1366.43
1391.83
1407.96
1421.87
1449.81
1454.65
1458.39
1476.46
1480.07
1482.21
1486.09
1516.38
1543.76
1569.83
1578.48
1612.40
1633.75
1644.12
1737.79
1755.19
1787.83
1790.12
1807.99
1868.71
1896.24
1897.26
1945.34
3075.20
3134.08
3146.30
3171.95
3193.65
3205.66
3245.09
3248.59
3259.46
3268.92
3273.18
3279.60
3695.80
3705.28
3812.71
3829.43
3852.43
3906.85
3981.53
$end
