
$molecule
   O    -0.90926076   2.18889498   2.05720892
  O     0.92532062   0.44692424   2.18610046
  O    -3.01785326   1.91656258   1.42750458
  O    -0.99226168  -3.23830935   5.71458282
  O    -1.07471289  -1.07831147   6.30187219
  O    -1.50505018  -0.63895758  -1.41210180
  N    -0.89077715  -0.59649972   1.31462429
  N     2.63326125  -1.94991971  -3.51101642
  N     0.62510932  -0.04620249  -3.20584520
  N     1.23190799   2.61563204  -3.54358516
  N    -1.80826550   1.57001125  -1.10067672
  N    -0.46111482   3.23471976  -2.05887299
  N    -2.11421511   3.78465872  -0.50978523
  C    -1.84850287  -0.00115934   2.20818103
  C    -1.53585330  -0.22054281   3.66586098
  C    -1.46287642  -1.68665260   4.00196168
  C     0.44069686  -0.31450532   1.35799867
  C     1.21463360  -0.93597603   0.25831531
  C    -1.98185316   1.47815332   1.88414742
  C     2.31128038  -1.72513797  -2.16764789
  C     2.63236891  -0.77472776  -4.37140171
  C     2.28823933  -0.23936106  -0.28068920
  C     0.80229696  -2.11965822  -0.34758574
  C     2.84683685  -0.64008996  -1.47406792
  C     1.35680726  -2.52378110  -1.53608411
  C    -1.15903238  -1.92838791   5.45675104
  C     1.66681612   0.29789662  -3.91607527
  C    -0.10445087   0.89688110  -2.60926249
  C     1.94416037   1.67176767  -4.10397174
  C     0.20640606   2.25914722  -2.73786978
  C    -1.18309929   0.49220156  -1.69701292
  C    -1.41861081   2.88100534  -1.24761648
  H    -2.81834560  -0.44467763   1.96184337
  H    -0.59195584   0.24653225   3.91800430
  H    -2.30731764   0.25786354   4.27156534
  H    -0.69005615  -2.18970559   3.42147678
  H    -2.40160771  -2.20105336   3.78069559
  H    -1.23675688  -0.87921829   0.40161969
  H     2.40575903  -1.10642347  -5.39216551
  H     3.63332744  -0.32680211  -4.40392686
  H     2.64245647   0.65641479   0.21595115
  H     0.00370899  -2.70682253   0.08608109
  H     2.04819353  -2.68297366  -3.88818521
  H     3.64332722  -0.06595100  -1.92278226
  H     0.97312715  -3.40007069  -2.04122651
  H     2.78548493   1.97738095  -4.72564220
  H    -0.12768703   1.60716545   2.24939140
  H    -2.55302186   1.37764905  -0.44688193
  H    -0.80569060  -3.32979506   6.65891647
  H    -1.69455292   4.70074722  -0.47540637
  H    -2.56674397   3.43346409   0.32673104
$end
$temperature
298.15
$end
$mult
 1
$end
$sigma
 1
$end
$pressure
1.00000
$end
$scale
1.0
$end
$msrrho
$end
$freq
22.74
23.94
29.83
40.22
55.72
82.14
85.75
94.40
95.19
112.43
115.46
135.32
144.36
174.04
193.05
198.09
204.85
207.99
224.53
236.99
260.09
286.67
291.31
307.69
349.83
371.98
375.80
394.64
404.86
417.64
451.93
457.87
482.66
497.49
508.56
523.10
531.02
542.71
560.36
591.47
606.40
629.89
633.02
639.81
650.18
677.14
680.51
688.28
698.74
706.80
723.89
728.64
746.41
759.87
775.32
798.60
827.35
835.16
848.71
865.18
874.15
881.95
897.95
918.74
928.98
936.41
947.34
964.17
987.96
994.76
1031.66
1036.88
1049.85
1055.19
1065.84
1075.60
1093.20
1113.84
1136.02
1145.78
1155.90
1169.40
1175.37
1178.48
1187.17
1200.09
1213.42
1226.59
1243.00
1249.45
1279.32
1290.66
1302.70
1323.19
1334.02
1339.00
1341.98
1363.59
1376.46
1384.24
1386.43
1407.84
1417.47
1426.98
1431.71
1454.13
1457.67
1462.74
1466.08
1473.66
1509.67
1519.59
1532.53
1574.25
1577.00
1595.20
1616.62
1646.53
1655.10
1730.87
1749.71
1780.50
1788.60
1807.75
1809.90
1860.93
1889.87
1904.15
3064.42
3123.89
3143.37
3158.86
3174.93
3203.70
3213.11
3251.30
3260.36
3270.11
3295.45
3302.34
3305.88
3628.96
3647.38
3716.55
3785.00
3803.56
3897.58
$end
