
$molecule
   O     2.25303158   1.70661604  -2.18434179
  O     3.00281956  -0.06376887  -0.47091959
  O     1.00953408   1.48785785  -4.01872082
  O    -1.28539604   0.15024401  -5.70644142
  O    -1.92869068   1.56046827  -4.11653593
  O     1.54445810   2.46410352   2.03514676
  N     0.93673903  -0.55588403  -1.23111000
  N    -0.42281940  -1.83557728   4.67967785
  N    -0.53775707   0.90699830   3.14682820
  N    -2.43807698  -0.02814833   1.39929577
  N     0.43422917   2.49071868   0.06854522
  N    -1.44744224   1.15114813  -0.36563899
  N    -0.61597089   2.59867348  -1.97622601
  C     1.28620747  -0.41590985  -2.61369371
  C     0.28130641  -1.12535923  -3.48743926
  C    -1.12992827  -0.57338698  -3.42181459
  C     1.89080213  -0.51964353  -0.25466070
  C     1.45209235  -1.05610135   1.05567967
  C     1.50026233   1.03237037  -3.02274787
  C     0.36290009  -1.76189466   3.50459348
  C    -1.18445521  -0.57885388   4.89724809
  C     2.02017283  -0.58280716   2.23024207
  C     0.43352871  -2.00081661   1.11998708
  C     1.47579980  -0.93190111   3.44904982
  C    -0.09352951  -2.36787742   2.33418835
  C    -1.46140762   0.49848232  -4.43703525
  C    -1.46193766   0.07547923   3.57348789
  C    -0.53211775   1.28589111   1.87635115
  C    -2.43673160  -0.37697744   2.66644757
  C    -1.47785600   0.80767031   0.95849576
  C     0.58349551   2.12724245   1.40256491
  C    -0.57716369   2.05805326  -0.75084525
  H     2.26635817  -0.89358227  -2.74399363
  H     0.65420771  -1.10584076  -4.51049004
  H     0.26644673  -2.17347973  -3.17361488
  H    -1.36597706  -0.15671611  -2.44827584
  H    -1.84764518  -1.38232560  -3.60121704
  H    -0.02852335  -0.47882910  -0.95439577
  H    -0.58525797   0.11281036   5.49111753
  H    -2.09436529  -0.82709478   5.45277630
  H     2.83664026   0.12500389   2.18052344
  H     0.01948402  -2.42334309   0.21417139
  H    -1.06752382  -2.61379349   4.60596574
  H     1.84688866  -0.48682336   4.36116407
  H    -0.93306933  -3.04925390   2.37472499
  H    -3.21531518  -1.06260730   2.99789436
  H     2.64705176   1.10143947  -1.50736685
  H     1.17368508   3.04826598  -0.32798063
  H    -0.89911543  -0.72688392  -5.77512025
  H     0.17089286   3.12125813  -2.31643882
  H    -1.28096119   2.24468594  -2.65910255
$end
$temperature
298.15
$end
$mult
 1
$end
$sigma
 1
$end
$pressure
1.00000
$end
$scale
1.0
$end
$msrrho
$end
$freq
32.22
44.77
56.88
71.79
76.30
79.93
97.58
106.65
113.90
130.40
144.17
148.91
159.66
174.55
183.83
195.94
202.69
216.05
235.93
258.14
271.69
287.59
291.52
338.62
364.32
383.11
386.97
400.19
408.30
437.93
444.81
458.12
458.99
467.68
484.80
492.99
507.13
524.96
540.79
552.53
596.27
599.27
610.17
623.91
627.07
649.38
661.35
688.42
698.54
705.20
723.69
752.31
774.56
788.79
793.70
809.27
831.27
844.78
847.92
850.55
868.89
872.14
895.65
929.76
933.79
938.57
946.03
988.01
999.41
1010.73
1019.68
1027.95
1042.54
1046.87
1059.12
1071.40
1081.59
1100.07
1105.21
1108.44
1155.53
1166.56
1168.25
1191.12
1198.78
1206.24
1212.88
1215.82
1240.14
1241.39
1249.74
1293.17
1302.76
1313.73
1318.16
1319.85
1332.50
1354.02
1375.42
1384.73
1393.87
1414.06
1416.59
1438.69
1439.08
1442.70
1451.61
1455.91
1468.79
1471.27
1478.71
1516.06
1525.25
1561.70
1584.64
1598.65
1617.11
1645.76
1658.30
1733.08
1743.45
1773.03
1789.93
1811.85
1818.71
1903.93
1912.74
1939.15
3097.77
3102.53
3111.19
3130.28
3207.31
3210.33
3211.65
3260.07
3270.57
3272.87
3281.86
3287.44
3382.58
3578.96
3662.09
3820.43
3822.37
3867.79
4007.15
$end
