
$molecule
   O     0.82775781   3.56824224  -2.14151763
  O     1.56717546   1.29631110   2.01079916
  O     2.35224413   4.88019348  -1.14627838
  O     4.12529684   1.41984405   1.72542625
  O     5.71788861   0.84274659   0.27294327
  O    -0.63524280   0.46311083  -1.78922356
  N     0.86455804   1.99376446  -0.02705996
  N    -4.47337179  -0.89331067   1.69063302
  N    -2.67075721  -1.22621194  -0.76203048
  N    -1.92559145  -3.79646281  -0.11591064
  N     0.84640331  -1.21473485  -1.52516698
  N     0.28498498  -3.35081735  -0.73645345
  N     2.48582985  -2.85683488  -1.29621216
  C     2.09762118   2.60897471  -0.40814342
  C     2.98144187   1.67487990  -1.20222481
  C     3.47586271   0.49993925  -0.38841172
  C     0.67768526   1.41601457   1.18226908
  C    -0.70225517   0.89891549   1.41114847
  C     1.78977324   3.82838271  -1.24849698
  C    -3.22998538  -0.21723916   1.72373313
  C    -4.78315842  -1.41318061   0.34830591
  C    -1.81087432   1.49911308   0.82623344
  C    -0.87762900  -0.21705852   2.21666797
  C    -3.06339701   0.95333222   0.99329089
  C    -2.12940136  -0.77602619   2.37045846
  C     4.55825259   0.92927780   0.58521073
  C    -3.53705909  -2.04149081  -0.20983401
  C    -1.42484417  -1.64545410  -0.96903163
  C    -3.14612871  -3.36241803   0.08889432
  C    -1.01593203  -2.93771191  -0.61486625
  C    -0.43615064  -0.68275983  -1.47441238
  C     1.16892098  -2.50135004  -1.15943034
  H     2.61427574   2.95364656   0.48531092
  H     2.40744104   1.32714536  -2.06191735
  H     3.84101579   2.22305315  -1.59275660
  H     3.94605151  -0.22370482  -1.05502322
  H     2.66340017   0.02277736   0.14808482
  H     0.19387254   1.78951521  -0.75650531
  H    -5.08371480  -0.59267982  -0.30287926
  H    -5.61077266  -2.12445093   0.43308742
  H    -1.69809791   2.38896602   0.22221908
  H    -0.01468936  -0.66783589   2.69200597
  H    -4.47831835  -1.64765479   2.36635190
  H    -3.92182332   1.39774257   0.51079362
  H    -2.24878080  -1.68345124   2.94874016
  H    -3.86422722  -4.06088087   0.51686034
  H     0.67440957   4.36277122  -2.66990744
  H     1.56709640  -0.59760831  -1.85985226
  H     3.14803645   1.36203268   1.85020203
  H     2.71896721  -3.73482264  -0.85649119
  H     3.18593969  -2.13454160  -1.24963296
$end
$temperature
298.15
$end
$mult
 1
$end
$sigma
 1
$end
$pressure
1.00000
$end
$scale
1.0
$end
$msrrho
$end
$freq
17.78
25.75
35.51
40.43
53.23
56.20
73.81
79.04
94.64
101.58
109.61
122.04
145.22
161.24
168.86
179.33
185.67
206.37
213.54
238.98
272.85
285.43
297.89
318.48
352.52
359.66
364.85
379.48
392.03
426.47
431.35
447.78
454.83
485.27
493.67
500.43
522.56
541.14
556.01
579.93
589.11
603.81
607.24
620.48
633.35
650.24
659.25
667.90
686.63
699.40
704.59
716.91
766.01
796.10
807.47
811.14
820.21
836.94
849.54
856.31
873.23
892.05
901.51
922.21
925.49
939.93
940.79
956.83
980.36
1005.70
1024.93
1033.20
1053.41
1057.22
1062.23
1066.45
1087.24
1091.51
1099.83
1108.94
1156.79
1157.61
1169.84
1197.03
1198.94
1204.12
1209.65
1211.45
1219.59
1243.67
1254.31
1277.69
1299.63
1314.26
1322.14
1333.17
1336.78
1346.88
1356.24
1358.68
1387.62
1397.53
1408.37
1414.60
1446.55
1450.23
1451.50
1463.84
1467.62
1471.91
1479.34
1498.50
1511.90
1564.54
1576.95
1605.73
1613.52
1634.66
1658.45
1737.15
1748.60
1790.92
1792.43
1816.27
1822.16
1883.76
1905.22
1924.71
3110.87
3130.40
3163.90
3207.88
3210.07
3220.70
3250.75
3256.78
3272.56
3277.42
3286.92
3290.91
3446.13
3676.99
3693.87
3745.49
3829.17
3847.48
3912.13
$end
