
$molecule
   O    -2.16390456   2.19076251   0.68108227
  O    -2.84899740   0.72754441  -1.49848063
  O    -0.30834007   2.74825879   1.73492048
  O     0.78183491   6.82308650  -1.32777554
  O     2.48058626   5.37514630  -1.42748208
  O     1.84754954  -0.20337592   0.50962319
  N    -0.87962355   1.80892249  -1.68070222
  N     1.18432369  -4.25364634  -1.59325385
  N     1.12292885  -2.91942919   0.73041636
  N    -0.62132168  -3.58836383   2.74008941
  N     0.58679084   0.24721534   2.32675061
  N    -0.73467180  -1.35099204   3.43217545
  N    -0.91384729   0.92050314   3.94779646
  C    -0.05444552   2.05117323  -0.52321215
  C     0.94155354   3.16274593  -0.76613328
  C     0.29695049   4.50800386  -0.96432545
  C    -1.64460930   0.62747515  -1.66237975
  C    -0.92037862  -0.64551260  -1.77076748
  C    -0.87017536   2.36458853   0.73119593
  C     0.44725966  -3.07909609  -1.76244275
  C     0.91082759  -5.03088123  -0.39536674
  C    -1.57309862  -1.82378915  -1.41107596
  C     0.40101762  -0.71511563  -2.20837084
  C    -0.90723766  -3.02468062  -1.42076590
  C     1.07179384  -1.91419439  -2.21688305
  C     1.31573797   5.59094418  -1.25966275
  C     0.64415371  -4.13411562   0.79288177
  C     0.72034910  -2.00649075   1.60544564
  C    -0.22171976  -4.47119537   1.85487940
  C    -0.20502440  -2.31044999   2.61346486
  C     1.14760089  -0.61508054   1.39913770
  C    -0.37197182  -0.11414550   3.24113488
  H     0.50327146   1.14327933  -0.29001070
  H     1.62269603   3.21608866   0.08097077
  H     1.53386556   2.90934861  -1.64354977
  H    -0.26160341   4.80849511  -0.07543262
  H    -0.40602362   4.49713766  -1.80118148
  H    -1.50440846   2.58469157  -1.85846841
  H     1.76874683  -5.69137875  -0.22078797
  H     0.03900820  -5.67776353  -0.54647752
  H    -2.61031407  -1.77747031  -1.10020322
  H     0.91457056   0.18411848  -2.52091573
  H     2.17198848  -4.06076696  -1.69038624
  H    -1.41491072  -3.92749107  -1.11853895
  H     2.11559145  -1.94556633  -2.49844483
  H    -0.59766023  -5.48925179   1.95430755
  H    -2.49707657   1.75099801  -0.12729201
  H     0.77005354   1.23402393   2.20691261
  H    -0.16445360   6.79707530  -1.15504599
  H    -1.74646085   0.67432738   4.46126735
  H    -0.89877168   1.82428914   3.49136316
$end
$temperature
298.15
$end
$mult
 1
$end
$sigma
 1
$end
$pressure
1.00000
$end
$scale
1.0
$end
$msrrho
$end
$freq
19.09
24.33
29.42
37.34
51.13
68.31
80.09
83.59
97.22
101.67
109.07
126.43
134.64
165.66
178.32
181.60
192.08
196.23
215.45
236.61
246.70
281.39
303.79
338.70
340.38
367.37
377.73
390.05
417.70
453.51
455.48
471.15
475.97
494.34
501.14
521.96
526.01
548.66
559.77
578.82
596.60
604.09
622.49
625.05
628.61
638.97
642.67
688.96
699.94
701.57
708.22
711.07
738.78
767.44
776.12
793.75
826.29
830.34
842.23
845.86
863.25
887.13
894.27
904.65
920.82
933.38
946.25
950.52
952.68
990.80
992.75
1037.67
1040.18
1062.86
1070.31
1078.35
1090.63
1118.36
1130.14
1139.27
1162.12
1172.27
1176.03
1192.28
1197.46
1201.05
1207.19
1220.44
1227.48
1240.35
1268.30
1293.55
1295.85
1299.46
1319.73
1326.06
1344.89
1346.98
1365.28
1368.11
1378.38
1391.63
1403.44
1421.77
1440.95
1452.59
1454.73
1458.65
1462.95
1468.70
1480.79
1498.10
1514.93
1516.16
1577.91
1581.04
1617.84
1640.34
1642.82
1733.59
1752.89
1776.67
1784.53
1797.84
1818.60
1871.56
1891.10
1928.36
3072.85
3114.57
3153.37
3170.67
3192.52
3203.17
3248.23
3251.68
3257.36
3265.09
3278.60
3303.18
3619.05
3646.96
3721.02
3733.37
3762.45
3800.28
3967.04
$end
