
$molecule
   O     2.41384976   3.99596908  -3.79135282
  O     2.79522723   3.55533047  -0.54851870
  O     4.56658666   4.59114143  -3.80152118
  O     6.42620917   3.49842765  -6.21929663
  O     4.32039861   2.74801908  -6.15261500
  O    -4.16730877  -4.32296895   0.89940993
  N     2.82000389   1.97268620  -2.16781675
  N    -1.78623739  -0.30839211   1.70359027
  N    -3.29944151  -2.26919859   2.66143116
  N    -4.40331704  -2.27225032   5.18510639
  N    -5.52432296  -5.11502574   2.53168713
  N    -5.69841955  -4.15179327   4.66352446
  N    -6.94852052  -6.03791810   4.13084446
  C     4.00874339   2.54120233  -2.75681648
  C     4.66282513   1.52652171  -3.66638730
  C     5.84700342   2.06796066  -4.43191110
  C     2.35567337   2.51693582  -0.97673037
  C     1.27248398   1.73854135  -0.30514520
  C     3.68861730   3.83093703  -3.50299355
  C    -0.76087913   0.36611606   1.06726683
  C    -1.91873892  -0.33132609   3.13004961
  C     0.99739400   2.01488086   1.02934336
  C     0.50496440   0.76980757  -0.95162181
  C     0.00550696   1.34229868   1.71226936
  C    -0.49265605   0.09644768  -0.28357477
  C     5.42346826   2.80035008  -5.67515509
  C    -2.94788017  -1.35632029   3.52945376
  C    -4.19830339  -3.19357804   3.01453616
  C    -3.52376292  -1.37232507   4.82168984
  C    -4.76963522  -3.21271010   4.28910280
  C    -4.58024102  -4.21571892   2.02056927
  C    -6.04526615  -5.05604809   3.80048501
  H     4.70869499   2.84645294  -1.97533866
  H     4.97964118   0.68057690  -3.04794919
  H     3.92761328   1.15848515  -4.37890530
  H     6.49834266   1.24868049  -4.75590815
  H     6.45190067   2.74482108  -3.83207146
  H     2.67032649   0.98745879  -2.29762082
  H    -2.21612184   0.65318395   3.51520126
  H    -0.97130750  -0.57523283   3.63574779
  H     1.58160725   2.77532775   1.53414878
  H     0.66602793   0.54136938  -1.99827423
  H    -2.11301047  -1.14995379   1.25335586
  H    -0.18344824   1.57426410   2.75012819
  H    -1.08522353  -0.65038920  -0.79758070
  H    -3.23863182  -0.61798662   5.55417422
  H     1.92258846   3.25109581  -3.42648249
  H    -5.79383599  -5.86429156   1.91496454
  H     6.07555500   3.96145022  -6.99167244
  H    -7.48495485  -6.46023466   3.39064711
  H    -7.43978854  -5.86307796   4.99453264
$end
$temperature
298.15
$end
$mult
 1
$end
$sigma
 1
$end
$pressure
1.00000
$end
$scale
1.0
$end
$msrrho
$end
$freq
10.13
13.13
17.29
26.48
35.84
39.27
48.14
63.17
75.45
82.47
99.14
99.96
110.31
131.75
139.14
151.80
157.99
163.45
203.90
211.56
232.60
286.44
289.24
306.53
344.37
348.74
356.64
362.70
374.74
387.93
392.30
447.21
463.50
468.43
478.15
487.57
507.31
517.56
531.84
533.61
549.40
563.25
586.51
601.12
606.21
617.95
623.47
638.04
641.71
658.28
687.42
692.80
700.43
708.36
728.56
779.39
787.75
804.31
813.53
827.93
840.13
856.66
885.68
902.35
913.09
917.07
930.39
938.11
952.98
992.30
993.51
1032.66
1047.54
1063.81
1075.66
1083.63
1087.14
1098.37
1133.03
1145.36
1147.01
1167.88
1174.71
1190.39
1196.94
1203.81
1205.92
1214.37
1217.63
1219.21
1227.52
1264.71
1270.65
1283.55
1303.54
1313.40
1332.50
1337.04
1347.73
1355.94
1374.12
1387.11
1395.02
1410.24
1427.70
1451.72
1456.70
1465.10
1485.89
1487.92
1497.94
1509.80
1520.02
1530.15
1566.79
1578.37
1612.91
1633.10
1647.39
1737.12
1753.89
1775.85
1789.40
1799.46
1862.80
1895.08
1904.64
1937.21
3036.09
3100.84
3105.34
3114.43
3195.50
3208.56
3220.36
3237.16
3241.58
3247.56
3253.06
3282.91
3692.43
3778.68
3814.66
3825.97
3844.43
3910.12
3961.91
$end
