
$molecule
   O    -0.10755426  -4.05966346  -3.44345837
  O     0.34181830   1.05924560  -3.11312585
  O    -0.01614589  -2.55931080  -5.10432682
  O    -2.68038161  -2.76620281  -7.09757820
  O    -2.31360002  -4.33061908  -5.54360570
  O     4.39193358   1.67993015   2.44020964
  N    -1.08489462  -0.66276679  -3.49627494
  N    -1.03644906  -0.46296889   2.95139571
  N     1.89640649   0.93936329   3.58935096
  N     0.63379991   2.86191861   5.11344858
  N     4.21382697   3.70976143   3.42743941
  N     2.39829652   4.35769297   4.76371168
  N     4.14205662   5.84263249   4.36638107
  C    -1.32039416  -2.04375834  -3.18051401
  C    -2.75940106  -2.44949398  -3.44537892
  C    -3.19541961  -2.19896767  -4.86736666
  C    -0.36213036   0.18598909  -2.66464074
  C    -0.54576517  -0.02901167  -1.19500030
  C    -0.39967420  -2.90088317  -4.01825570
  C    -0.83818928  -0.33800922   1.57491262
  C     0.07160099  -0.63599418   3.85987604
  C     0.55208555   0.05718099  -0.35122375
  C    -1.79979464  -0.26021328  -0.63880904
  C     0.41675910  -0.10659347   1.01473255
  C    -1.94856993  -0.40865544   0.72260480
  C    -2.67629320  -3.22226300  -5.83996477
  C     0.73347874   0.68669762   4.13866687
  C     2.45599843   2.13670051   3.78350666
  C     0.09937900   1.68164124   4.91043500
  C     1.83167222   3.12429208   4.55356785
  C     3.75578431   2.41638163   3.14048786
  C     3.54398280   4.61372558   4.21211577
  H    -1.08656286  -2.23491989  -2.13317554
  H    -2.88972874  -3.50520231  -3.20567415
  H    -3.39649426  -1.87127219  -2.77268251
  H    -2.89385519  -1.21420457  -5.21524885
  H    -4.28787041  -2.23822712  -4.94283035
  H    -0.81843093  -0.52401036  -4.46255866
  H     0.83464963  -1.31761170   3.47852588
  H    -0.32841521  -1.05707639   4.78933578
  H     1.53314606   0.24949523  -0.77067588
  H    -2.67262031  -0.30900049  -1.27707644
  H    -1.87226981  -0.97254415   3.19035070
  H     1.29025032  -0.05241391   1.64414087
  H    -2.93098807  -0.57547456   1.14700202
  H    -0.87031504   1.48043093   5.36159830
  H     0.37720385  -4.59740582  -4.08404481
  H     5.07393259   3.97859057   2.97784662
  H    -2.32044256  -3.46084511  -7.66516361
  H     5.14486243   5.89441715   4.29092277
  H     3.71972606   6.40949663   5.08608857
$end
$temperature
298.15
$end
$mult
 1
$end
$sigma
 1
$end
$pressure
1.00000
$end
$scale
1.0
$end
$msrrho
$end
$freq
10.09
12.93
16.25
21.80
23.68
32.74
58.00
60.24
64.65
85.37
91.73
109.15
124.23
147.96
150.30
165.06
168.69
175.53
189.81
222.06
254.60
267.63
281.69
316.45
333.45
344.04
355.02
371.26
378.64
394.66
418.93
427.75
452.43
459.38
475.08
492.45
510.45
529.08
533.67
536.81
550.81
573.66
583.34
597.61
601.13
612.25
632.51
643.83
646.86
680.29
686.16
700.93
706.28
721.60
739.97
774.14
792.05
819.56
829.43
836.32
842.37
847.80
874.40
887.58
898.88
918.39
927.82
935.69
944.04
1003.76
1004.61
1018.94
1047.68
1051.69
1059.92
1066.10
1084.16
1090.31
1095.67
1152.27
1157.64
1166.03
1174.72
1183.88
1197.65
1200.64
1205.17
1210.60
1216.36
1234.58
1257.74
1262.90
1276.43
1291.32
1310.00
1311.01
1329.29
1331.78
1346.09
1356.78
1370.52
1389.86
1395.92
1420.34
1436.40
1446.48
1451.10
1460.26
1462.36
1464.58
1488.17
1509.37
1513.49
1542.34
1563.22
1578.29
1614.06
1632.29
1644.27
1736.14
1747.90
1786.48
1789.60
1808.61
1849.31
1897.19
1905.23
1921.29
3094.93
3103.17
3128.51
3199.46
3210.86
3223.18
3235.27
3239.28
3239.56
3244.61
3266.00
3332.49
3692.96
3747.32
3771.68
3816.27
3826.33
3906.21
3907.98
$end
