
$molecule
   O     3.87691189  -5.31150614  -0.10085426
  O    -0.20152186  -4.46696405  -0.21650072
  O     4.48779275  -4.54312954  -2.11318991
  O     1.08631300  -8.00043293  -3.36445437
  O     2.86423934  -7.69579150  -2.04009596
  O     0.76789130   6.00385854   1.33024735
  N     1.69735095  -3.54924438  -1.05166463
  N    -1.17264286   1.66676221   1.35599159
  N    -1.50912551   4.30730866   1.46670448
  N    -3.89896984   5.51551700   2.11363436
  N    -0.54459373   7.76680162   1.87881713
  N    -2.84818170   7.60055802   2.28804589
  N    -1.78629860   9.66470732   2.42139800
  C     2.15275236  -4.79079298  -1.61083237
  C     1.82299063  -4.89455971  -3.08006703
  C     2.44144514  -6.09699802  -3.76660144
  C     0.48395088  -3.48733045  -0.40326008
  C     0.08362409  -2.11429519   0.04103644
  C     3.63556863  -4.87702426  -1.33345708
  C    -0.78290910   0.41499337   0.90256871
  C    -2.52953874   2.11673856   1.25441362
  C    -1.26347666  -1.85944823   0.26452891
  C     0.99916162  -1.08817266   0.26771792
  C    -1.69853602  -0.61739747   0.68188195
  C     0.57829999   0.15314730   0.69176541
  C     2.18603670  -7.34337575  -2.96952296
  C    -2.60173207   3.59269656   1.54719903
  C    -1.57002825   5.62133451   1.70532256
  C    -3.82075940   4.22889632   1.87992003
  C    -2.77169303   6.25289149   2.03431225
  C    -0.32608356   6.41004241   1.60784004
  C    -1.76333349   8.30651696   2.20686435
  H     1.66586729  -5.58327679  -1.04773884
  H     0.73565337  -4.92870406  -3.16752706
  H     2.17309573  -3.99406482  -3.58547579
  H     3.51944153  -5.96850084  -3.84243551
  H     2.02372847  -6.21671066  -4.76778756
  H     2.08020340  -2.69848923  -1.42183086
  H    -3.17816908   1.57447051   1.95496871
  H    -2.95859258   1.94164560   0.25521254
  H    -1.97859781  -2.65748855   0.10354488
  H     2.06083321  -1.25775654   0.13438540
  H    -0.49797139   2.40602037   1.22705779
  H    -2.75244130  -0.44435075   0.84325742
  H     1.29893970   0.94195248   0.86954746
  H    -4.73795399   3.64520637   1.94937586
  H     4.83449375  -5.35651071   0.01982970
  H     0.25878457   8.36679279   1.78460271
  H     0.96660419  -8.75840672  -2.77598485
  H    -0.94188429  10.10795911   2.74492012
  H    -2.64693962   9.99390484   2.83236869
$end
$temperature
298.15
$end
$mult
 1
$end
$sigma
 1
$end
$pressure
1.00000
$end
$scale
1.0
$end
$msrrho
$end
$freq
9.67
10.47
15.83
19.41
25.73
29.93
35.36
47.96
55.72
64.17
79.60
92.47
103.28
116.02
138.65
151.75
160.38
163.12
203.43
211.88
224.73
237.92
274.83
300.42
329.98
342.44
350.21
357.88
366.26
388.92
436.96
448.01
461.58
470.05
483.86
488.88
495.30
509.18
527.95
537.07
550.96
567.35
584.86
593.90
601.39
604.39
606.71
620.90
638.23
653.12
673.76
700.12
702.12
719.05
776.91
785.42
808.94
813.69
828.13
839.64
846.27
853.54
876.97
887.49
913.64
923.09
930.45
944.48
954.67
993.54
999.51
1032.97
1048.88
1061.56
1079.99
1084.76
1089.56
1098.90
1108.37
1145.74
1158.72
1162.68
1170.67
1186.27
1190.09
1205.38
1210.77
1218.92
1222.39
1223.00
1232.32
1237.02
1276.12
1283.95
1295.34
1303.04
1334.27
1335.37
1346.99
1357.20
1365.58
1374.85
1394.66
1408.62
1434.89
1445.42
1454.49
1469.65
1487.52
1496.77
1498.82
1511.52
1519.94
1558.82
1570.11
1578.22
1612.92
1632.46
1647.34
1737.43
1753.69
1778.81
1790.09
1802.00
1845.71
1895.35
1900.04
1912.74
3034.98
3115.46
3128.23
3143.60
3208.87
3210.39
3241.38
3243.54
3248.16
3253.20
3273.25
3281.92
3691.08
3772.82
3815.36
3824.49
3868.04
3895.65
3912.90
$end
