
$molecule
   O    -1.78464106  -5.90340268   0.85233110
  O    -0.50293462  -3.07711255  -0.07935414
  O    -2.92857432  -4.06155555   1.40839145
  O    -0.57676368  -2.20785247   4.92884165
  O    -2.60059521  -1.51098266   4.30450832
  O     2.95078430   1.32237562  -4.29843780
  N    -0.45504745  -2.99031407   2.18267396
  N     0.88075082   3.12247756   0.91073707
  N     1.98852181   3.01226891  -2.21954958
  N     0.05743066   4.84952564  -2.93406948
  N     1.54667583   2.35019297  -5.74667164
  N     0.09356510   4.09022345  -5.14641882
  N     0.15890954   3.33159725  -7.34340228
  C    -0.74308560  -4.37888294   2.32778975
  C    -1.04187161  -4.70296254   3.77840560
  C    -2.16839625  -3.87714456   4.35210101
  C    -0.33562004  -2.43486795   0.92954608
  C     0.00491149  -0.97998390   0.95076920
  C    -1.93824972  -4.73255281   1.47074327
  C     0.62824498   1.74928649   0.91475831
  C     1.93499338   3.69401009   0.10871604
  C     0.85690445  -0.46054965  -0.01317047
  C    -0.54645903  -0.11991699   1.89581704
  C     1.17834110   0.88340210  -0.02958031
  C    -0.24353940   1.22429792   1.87782401
  C    -1.84417664  -2.41975997   4.50443967
  C     1.49107284   3.82896699  -1.32330055
  C     1.54654525   3.08829083  -3.47825419
  C     0.50292107   4.75993018  -1.70406491
  C     0.56646694   4.01137610  -3.85908424
  C     2.11068775   2.15895375  -4.47770130
  C     0.57929185   3.27910614  -6.03396621
  H     0.08695271  -5.00774862   1.98191772
  H    -1.29653497  -5.76455710   3.85579576
  H    -0.13748123  -4.54825609   4.36628795
  H    -2.41855328  -4.24421925   5.35458868
  H    -3.06356143  -3.93588874   3.73886240
  H     0.02717484  -2.53595579   2.93573907
  H     2.85113442   3.09985873   0.11891851
  H     2.16466427   4.68230097   0.52339533
  H     1.28110104  -1.12206212  -0.75999393
  H    -1.24719499  -0.49319370   2.63068690
  H     0.73155558   3.56108416   1.80531012
  H     1.85724422   1.25800728  -0.77835565
  H    -0.69288231   1.89063539   2.60391479
  H     0.08234144   5.43611455  -0.96236524
  H    -2.57967754  -6.06125614   0.32568383
  H     1.91997291   1.77288050  -6.48246270
  H    -0.47698101  -1.26117198   5.09565235
  H    -0.67304169   3.88725186  -7.47468633
  H     0.21670249   2.48773543  -7.89025716
$end
$temperature
298.15
$end
$mult
 1
$end
$sigma
 1
$end
$pressure
1.00000
$end
$scale
1.0
$end
$msrrho
$end
$freq
10.18
12.34
19.56
31.67
34.50
43.85
54.18
65.62
73.93
84.82
96.04
110.01
130.13
144.74
158.77
164.88
168.46
183.72
209.43
237.71
251.89
270.38
288.26
323.23
329.91
340.58
346.19
354.81
375.31
394.06
400.02
415.74
451.83
452.63
479.47
491.46
492.50
509.57
542.36
552.69
557.48
571.88
580.63
588.21
597.30
603.73
607.32
615.76
642.94
668.89
686.88
701.31
719.75
722.70
752.29
779.49
791.96
818.97
830.36
845.08
853.29
856.44
865.42
902.14
916.49
920.06
928.70
935.74
940.76
996.21
1004.75
1018.57
1025.38
1058.02
1062.00
1069.03
1090.28
1096.28
1098.56
1129.44
1152.84
1159.87
1175.93
1178.04
1195.25
1200.87
1205.06
1214.39
1218.68
1226.69
1247.52
1263.05
1290.09
1291.45
1309.77
1320.27
1331.98
1340.76
1345.69
1355.35
1372.81
1389.72
1395.53
1403.57
1421.18
1448.95
1450.84
1463.07
1467.19
1470.64
1483.95
1513.25
1516.76
1558.06
1569.89
1578.42
1613.81
1631.68
1646.44
1736.22
1748.13
1787.00
1790.35
1806.46
1863.09
1896.70
1911.53
1931.53
3093.74
3097.48
3110.43
3145.33
3198.42
3205.99
3224.00
3240.03
3245.14
3257.47
3288.46
3333.04
3688.84
3775.64
3817.05
3822.34
3896.87
3905.70
3916.76
$end
