
$molecule
   O     4.62642865   0.94278586  -0.48275608
  O     3.60333226   3.06274877  -3.19315269
  O     3.31034670  -0.83408141  -0.14954517
  O     5.25891445  -3.63794102   0.13481207
  O     6.17506594  -1.60277635   0.01267036
  O    -6.07268427   2.91538591   2.59288083
  N     4.13547941   0.85825000  -3.11817793
  N    -1.45297449   0.54239930  -0.07326563
  N    -3.87595390   1.18342341   2.03631328
  N    -4.34005606  -1.51737257   2.38940073
  N    -7.34463078   1.10530057   3.06545785
  N    -6.56264500  -1.10328854   2.98297232
  N    -8.75949990  -0.66728949   3.60660645
  C     4.06021513  -0.36333548  -2.36566846
  C     5.27285074  -1.22198143  -2.64885168
  C     5.21636890  -2.57208451  -1.96874969
  C     3.29790054   1.93856339  -2.88004506
  C     2.02065280   1.59274734  -2.18311483
  C     3.94207884  -0.11853545  -0.87782062
  C    -0.28517684   0.90718916  -0.75199231
  C    -1.58120720   0.80852076   1.34553963
  C     1.70343393   2.24393675  -1.00280121
  C     1.15802478   0.61613860  -2.66563477
  C     0.57190209   1.90312790  -0.28666107
  C     0.02014930   0.28009521  -1.96699741
  C     5.60366034  -2.51991416  -0.51579809
  C    -2.91555021   0.31398778   1.82655723
  C    -5.07337977   0.73604654   2.42635036
  C    -3.16824713  -1.05986087   2.01665518
  C    -5.33037946  -0.62934360   2.60251741
  C    -6.14566845   1.72240406   2.67911240
  C    -7.51424868  -0.24895239   3.19776069
  H     3.16228524  -0.91977666  -2.64253328
  H     5.33337620  -1.36302597  -3.73162550
  H     6.16997450  -0.69748225  -2.32759343
  H     5.91331958  -3.26895262  -2.44733888
  H     4.22506767  -3.02051924  -2.03275723
  H     5.06150132   1.16126316  -3.37921591
  H    -1.53567248   1.88250560   1.52446567
  H    -0.77781969   0.33576551   1.92833711
  H     2.36357190   3.01663906  -0.62760142
  H     1.37638850   0.11242039  -3.59971750
  H    -1.76192788  -0.38288192  -0.33030339
  H     0.35387332   2.41131948   0.64093408
  H    -0.64654061  -0.48216102  -2.35089066
  H    -2.37237864  -1.78610192   1.85772325
  H     4.60880738   0.97835991   0.48158189
  H    -8.10165688   1.72862291   3.29450580
  H     5.52381228  -3.53449780   1.05858090
  H    -8.89994297  -1.66221603   3.51598533
  H    -9.55054138  -0.08557462   3.38288909
$end
$temperature
298.15
$end
$mult
 1
$end
$sigma
 1
$end
$pressure
1.00000
$end
$scale
1.0
$end
$msrrho
$end
$freq
7.86
10.10
18.55
25.16
32.43
39.34
55.89
69.60
77.65
80.87
85.35
116.14
123.18
139.71
148.22
150.95
161.51
164.50
184.51
226.00
228.80
243.45
273.04
299.21
323.30
333.12
344.82
353.04
380.02
388.85
418.31
448.85
452.79
484.23
489.60
504.44
518.78
533.72
537.26
541.97
546.63
551.64
565.55
590.47
599.23
605.13
630.48
641.57
656.05
665.21
675.11
695.69
697.42
702.48
720.10
772.46
803.21
817.59
825.01
828.14
843.89
849.41
864.94
891.04
905.95
913.95
917.51
931.57
946.19
991.12
1006.15
1019.44
1051.31
1059.89
1061.18
1070.02
1091.48
1099.06
1130.16
1148.77
1150.04
1163.92
1174.36
1187.37
1190.05
1201.05
1205.08
1212.37
1215.29
1234.63
1242.27
1263.74
1286.26
1292.14
1299.76
1320.33
1330.70
1335.48
1346.05
1371.33
1378.10
1382.35
1394.03
1422.54
1438.47
1446.40
1458.48
1462.98
1480.41
1488.18
1492.55
1499.38
1507.69
1511.87
1566.11
1577.50
1616.20
1630.88
1645.01
1734.47
1742.01
1789.65
1791.62
1813.46
1862.92
1899.09
1907.11
1919.98
3067.48
3098.81
3119.32
3200.38
3211.62
3211.68
3213.06
3240.65
3241.00
3248.54
3253.50
3287.85
3691.50
3757.69
3786.20
3816.93
3824.85
3906.45
3941.91
$end
