
$molecule
   O     3.67812501   6.09053269   2.59219214
  O    -0.30077030   4.12108357   0.31669145
  O     3.52994419   3.93761624   3.16392536
  O    -0.11437011   8.44995531   1.94770311
  O     1.99410826   7.85131519   1.55239862
  O    -3.55714756  -4.48671206  -3.31998274
  N     1.37456817   3.54209406   1.71004340
  N    -0.50452741  -2.22435740  -0.46735597
  N    -1.11876265  -4.41319307  -1.85977756
  N     0.24419189  -6.79674953  -1.63319850
  N    -3.22991135  -6.69472779  -3.70557485
  N    -1.38068476  -7.89804331  -2.90946458
  N    -3.02467864  -8.97424636  -4.15274954
  C     1.68019258   4.89575879   2.04315366
  C     0.65219495   5.44935709   3.00829495
  C     0.87215495   6.88921507   3.43621655
  C     0.38757059   3.25039945   0.81045549
  C     0.20919872   1.79687407   0.49977542
  C     3.07159708   4.92596209   2.65316699
  C    -0.23838434  -0.89718834  -0.16314158
  C     0.54206539  -3.19726585  -0.57553370
  C     1.17601576   0.83206400   0.75252129
  C    -0.98343339   1.39647751  -0.10187259
  C     0.96148879  -0.49443248   0.42665616
  C    -1.21150039   0.07917357  -0.42495844
  C     0.99270742   7.77637017   2.23251926
  C     0.00328469  -4.46302276  -1.18936068
  C    -1.59040100  -5.52872529  -2.42588311
  C     0.68993662  -5.69522968  -1.08166209
  C    -0.91318339  -6.74621292  -2.32497903
  C    -2.86526747  -5.45431355  -3.16637718
  C    -2.49574920  -7.84643431  -3.56948836
  H     1.67450256   5.48986431   1.12955873
  H    -0.31679188   5.36060098   2.52044533
  H     0.63679173   4.82161956   3.90040693
  H     1.78775407   6.99020850   4.01950154
  H     0.03255864   7.23185824   4.04303446
  H     1.90133408   2.82905830   2.18035773
  H     0.97174025  -3.42505496   0.40887064
  H     1.38341144  -2.84542755  -1.19325915
  H     2.12809840   1.10089960   1.19367655
  H    -1.73477230   2.14719554  -0.31518233
  H    -1.25994959  -2.37779390  -1.11864948
  H     1.73062836  -1.22470279   0.63121371
  H    -2.14425426  -0.21750761  -0.88857541
  H     1.62441527  -5.75056171  -0.52449220
  H     3.13416830   6.76576710   2.13337917
  H    -4.11427128  -6.71971714  -4.18677071
  H     0.03609254   8.95602470   1.13631667
  H    -2.37968095  -9.74924382  -4.18946967
  H    -3.62234847  -8.85648149  -4.95471585
$end
$temperature
298.15
$end
$mult
 1
$end
$sigma
 1
$end
$pressure
1.00000
$end
$scale
1.0
$end
$msrrho
$end
$freq
9.63
12.08
20.70
27.20
37.46
42.85
55.67
61.62
66.99
88.34
98.50
99.69
134.57
151.41
160.09
162.70
172.53
188.26
207.88
212.42
235.26
248.25
288.21
309.13
326.30
347.18
356.59
367.49
387.80
391.29
413.71
445.39
449.84
468.90
477.14
487.79
498.40
508.54
539.87
548.43
560.26
588.56
600.55
601.75
607.43
631.58
640.24
647.93
664.67
690.56
699.83
705.74
725.78
777.59
789.59
814.36
817.52
826.55
831.94
853.48
857.45
884.04
899.90
918.66
923.32
930.92
940.09
948.58
954.58
993.54
1003.54
1033.12
1043.50
1066.62
1078.14
1083.84
1088.22
1099.13
1117.71
1145.74
1159.97
1172.51
1175.76
1190.22
1203.59
1205.39
1214.77
1219.12
1224.51
1226.45
1245.07
1256.17
1281.94
1293.51
1299.30
1326.93
1340.60
1346.98
1353.66
1371.07
1373.24
1394.03
1404.22
1415.87
1444.47
1448.44
1452.37
1470.03
1486.76
1495.38
1503.32
1514.61
1520.00
1561.71
1578.13
1580.14
1613.03
1632.32
1650.73
1737.43
1753.74
1775.13
1790.26
1802.20
1830.19
1867.27
1895.81
1919.73
3034.61
3115.19
3134.30
3145.63
3208.88
3219.21
3236.41
3243.15
3245.66
3250.08
3257.37
3281.96
3585.25
3690.72
3772.20
3815.47
3824.08
3879.96
3883.56
$end
