
$molecule
   O    -0.92742925  -0.79152119  -6.22605520
  O     2.22599869   1.28370345  -3.36810577
  O    -0.06633988   0.57850253  -7.77485784
  O     3.48103780   2.34478956  -5.44535807
  O     4.17616738   2.47419519  -7.54662134
  O     0.88409381   0.41667856   6.34842909
  N     0.46497562   0.24350780  -4.29792681
  N    -0.71089165  -0.51217653   1.99632509
  N    -1.21734760  -0.34140356   4.59322183
  N    -3.56624155  -1.16158016   5.77486288
  N    -0.45859855  -0.04371545   8.11469307
  N    -2.65761655  -0.83461736   7.90783193
  N    -1.74380441  -0.46820280  10.01318194
  C     0.95877088   0.51373872  -5.61740635
  C     2.26107702  -0.21004490  -5.90434110
  C     3.08052732   0.47148353  -6.96951084
  C     1.17905087   0.67230317  -3.22072834
  C     0.62885254   0.34467954  -1.87870836
  C    -0.05932663   0.13547309  -6.66275259
  C    -0.29605972  -0.21304682   0.71500207
  C    -2.09229681  -0.64258273   2.35160885
  C    -0.68185574  -0.06652236  -1.66411385
  C     1.47015015   0.48559507  -0.77350981
  C    -1.14233375  -0.34040800  -0.39155942
  C     1.02615204   0.21031673   0.49674985
  C     3.62570787   1.86042622  -6.66749321
  C    -2.23008774  -0.70532216   3.85031342
  C    -1.33803882  -0.37701210   5.92391891
  C    -3.42962851  -1.12373707   4.47287752
  C    -2.52075345  -0.78882602   6.54303994
  C    -0.18326728   0.03909527   6.74390738
  C    -1.65158838  -0.47093376   8.64245342
  H     1.11725647   1.58809782  -5.71424571
  H     2.82365111  -0.26538560  -4.97952483
  H     2.05444318  -1.23818113  -6.20690125
  H     2.50375804   0.57952205  -7.88845924
  H     3.95400339  -0.14128396  -7.21335438
  H    -0.27707483  -0.41972071  -4.18042791
  H    -2.53159134  -1.54627332   1.90762435
  H    -2.70042374   0.19727163   1.98069245
  H    -1.37581184  -0.16199247  -2.49052750
  H     2.48791344   0.81988939  -0.93443617
  H    -0.12313067  -0.18566822   2.74837071
  H    -2.16567714  -0.65533391  -0.24933360
  H     1.69028331   0.32018548   1.34511483
  H    -4.28080094  -1.42900703   3.86523607
  H    -1.52751260  -1.00575024  -6.95354954
  H     0.27629660   0.26928440   8.72825815
  H     3.03902624   1.80582295  -4.76117140
  H    -0.89724511  -0.56472906  10.54967685
  H    -2.55641931  -0.94958355  10.36758980
$end
$temperature
298.15
$end
$mult
 1
$end
$sigma
 1
$end
$pressure
1.00000
$end
$scale
1.0
$end
$msrrho
$end
$freq
10.14
11.99
22.16
28.53
36.79
42.92
49.24
59.51
62.65
81.28
93.90
98.53
116.29
134.81
150.78
152.70
162.90
192.84
197.32
210.90
230.96
272.35
291.30
328.27
339.64
344.16
346.67
354.03
375.14
386.56
398.40
420.58
446.52
458.98
484.98
491.92
514.59
529.33
544.66
551.11
565.83
573.97
581.22
601.30
606.96
612.03
629.51
637.91
643.83
662.01
683.29
698.93
705.13
722.92
779.13
786.49
813.28
820.90
827.74
848.55
856.77
879.59
887.73
897.45
917.38
920.14
930.57
941.45
954.63
990.50
993.16
1032.58
1041.81
1052.28
1069.16
1083.35
1087.35
1098.07
1122.97
1145.19
1168.45
1172.21
1188.86
1190.56
1200.20
1206.43
1207.61
1216.19
1219.20
1223.28
1225.97
1260.43
1281.29
1285.43
1297.73
1311.44
1341.68
1346.93
1348.70
1376.82
1377.94
1387.65
1396.32
1413.63
1424.74
1446.79
1455.36
1469.36
1476.50
1484.64
1489.13
1498.26
1520.82
1562.78
1578.46
1581.12
1613.36
1633.81
1656.53
1736.72
1754.02
1767.64
1788.56
1796.81
1818.16
1880.45
1896.33
1924.02
3035.39
3107.50
3111.37
3144.60
3203.31
3207.99
3240.54
3244.72
3247.44
3259.29
3282.71
3283.59
3662.00
3694.24
3779.99
3813.79
3827.88
3901.67
3906.65
$end
