
$molecule
   O     3.00819032   1.88481433  -3.62112345
  O    -0.92635624  -1.37210855  -2.34248212
  O     1.68476012   2.23175291  -1.87552174
  O    -1.55965677   1.10643151  -2.24047325
  O    -0.86290035   3.12721754  -2.77628727
  O     1.84268384   0.54337468   0.68126321
  N     1.01827120  -0.37036079  -1.71378057
  N    -0.28943139  -3.13050315   3.80288618
  N     0.63223092  -0.31989786   3.06466324
  N    -1.74664361   0.87844555   3.76555219
  N     0.12586359   1.96370227   0.34377982
  N    -1.66737474   2.21397539   1.84621143
  N    -1.58297452   3.46121062  -0.10970275
  C     1.53293558   0.11460341  -2.95589506
  C     0.56843792   0.14299315  -4.12714951
  C    -0.28069874   1.38931043  -4.26026329
  C    -0.03750527  -1.19347455  -1.51547325
  C    -0.08796894  -1.81467913  -0.16457152
  C     2.08931334   1.51449398  -2.74038379
  C    -0.24524347  -2.82017859   2.42357940
  C     0.36426030  -2.09850883   4.63078335
  C     1.05924458  -2.24569001   0.48995093
  C    -1.32182334  -1.95837777   0.45473118
  C     0.97740364  -2.75824086   1.76472416
  C    -1.40265758  -2.45167209   1.73929871
  C    -0.92307029   1.94253632  -3.01324296
  C    -0.03702180  -0.75011694   4.10688104
  C     0.13011906   0.67070108   2.33351568
  C    -1.23902081  -0.10570503   4.46547034
  C    -1.09950613   1.27286208   2.64430551
  C     0.80979303   1.03459150   1.08805304
  C    -1.06829356   2.52855235   0.72369127
  H     2.38267612  -0.52799138  -3.24354618
  H     1.15190832   0.06244853  -5.05070818
  H    -0.04853343  -0.74328672  -4.06705103
  H    -1.08838632   1.18912769  -4.97272703
  H     0.30384969   2.21538145  -4.66154228
  H     1.52143752  -0.08514688  -0.87188793
  H     1.44654426  -2.19909575   4.55079705
  H     0.06688794  -2.25606226   5.67237469
  H     2.02637459  -2.16449801   0.01363720
  H    -2.21746407  -1.63861811  -0.06365878
  H    -1.25114118  -3.24979577   4.09741733
  H     1.87197626  -3.06007311   2.28938823
  H    -2.36115348  -2.49840007   2.24014843
  H    -1.78838496  -0.43087178   5.34874749
  H     3.20604392   1.17640747  -4.24147963
  H     0.56832750   2.22529491  -0.53265260
  H    -1.42028353   0.15735615  -2.45387295
  H    -2.51997637   3.74788039   0.12484522
  H    -1.31606266   3.44788834  -1.09121918
$end
$temperature
298.15
$end
$mult
 1
$end
$sigma
 1
$end
$pressure
1.00000
$end
$scale
1.0
$end
$msrrho
$end
$freq
42.23
46.14
50.10
73.27
76.98
83.81
106.17
110.88
124.54
128.55
140.45
153.08
168.58
177.83
190.43
193.95
203.97
221.62
261.87
266.17
277.14
291.89
315.58
332.00
346.18
384.57
390.07
400.26
424.00
432.30
453.63
457.16
483.30
492.37
495.46
526.09
542.05
549.00
561.96
592.57
610.18
624.59
629.65
657.43
667.74
692.42
697.84
700.41
713.91
718.56
748.68
772.17
796.32
803.70
807.90
820.49
828.48
840.37
857.32
860.53
874.82
894.04
898.63
924.01
930.99
944.20
948.52
961.73
987.13
1005.12
1007.49
1025.08
1035.53
1053.94
1059.30
1063.06
1094.70
1100.50
1114.60
1121.04
1139.39
1171.33
1179.52
1181.68
1194.62
1198.17
1212.65
1216.63
1223.24
1253.15
1280.70
1295.26
1302.33
1316.74
1322.65
1329.03
1350.69
1351.82
1376.99
1382.90
1387.15
1401.80
1416.72
1436.59
1439.55
1445.77
1451.63
1455.11
1456.38
1478.35
1497.82
1510.84
1518.71
1565.53
1592.47
1617.17
1621.68
1659.82
1667.15
1735.65
1739.23
1774.39
1783.07
1806.02
1815.28
1853.19
1891.93
1967.94
3059.37
3099.62
3103.99
3108.09
3202.25
3217.77
3221.77
3252.86
3259.58
3279.73
3290.18
3319.84
3511.75
3541.55
3568.42
3670.06
3674.76
3802.74
3977.75
$end
