
$molecule
   O    -3.75415075  -1.55355161   1.16402628
  O    -1.94325402  -0.68285861  -0.92493537
  O    -4.67832596   0.29019617   0.30570824
  O    -4.53921260   3.87464876   3.45223369
  O    -3.15681955   2.16332086   3.84330421
  O     1.22105174   1.10748279   1.24899383
  N    -1.39524990  -0.26086396   1.21811822
  N     3.98668475  -3.09171618  -0.62950409
  N     3.34296310  -0.13748990  -0.18913433
  N     3.34637284   0.22409174  -2.91537430
  N     0.20765874   1.48014832  -0.72832891
  N     1.18135590   1.09871223  -2.81853613
  N    -1.11003108   1.57922489  -2.62775241
  C    -2.59976813   0.46812964   1.49763216
  C    -2.52861050   1.90971424   1.05810002
  C    -3.66236895   2.76947093   1.56272253
  C    -1.17437060  -0.84002968   0.00439395
  C     0.09630410  -1.61928532  -0.10819961
  C    -3.78627233  -0.25019012   0.89895519
  C     2.62002977  -2.75745168  -0.45208799
  C     4.88356993  -1.95297823  -0.33321103
  C     0.88469688  -1.93561671   0.99241803
  C     0.54117435  -1.97788977  -1.37302190
  C     2.13084058  -2.49756307   0.82202281
  C     1.78337397  -2.54956774  -1.54747338
  C    -3.73080136   2.87693164   3.06069768
  C     4.24976030  -0.72944463  -0.93006701
  C     2.39705470   0.58915887  -0.77917091
  C     4.28737471  -0.46139231  -2.31395573
  C     2.31566915   0.67885856  -2.17548904
  C     1.28736104   1.08702886   0.04761691
  C     0.14255856   1.37436374  -2.09112107
  H    -2.73833811   0.44357772   2.58226165
  H    -1.58603823   2.31656819   1.42534515
  H    -2.53648433   1.95564142  -0.02835419
  H    -4.62271813   2.38135085   1.22467852
  H    -3.57429074   3.78556883   1.16907262
  H    -0.59554825  -0.08396697   1.80437885
  H     5.87133968  -2.17751081  -0.74790083
  H     4.96695078  -1.81969195   0.74508499
  H     0.55044985  -1.71688957   1.99632034
  H    -0.07861587  -1.75246781  -2.23039583
  H     4.14116281  -3.40810530  -1.57938920
  H     2.76497737  -2.68612692   1.67661415
  H     2.14113074  -2.76040831  -2.54645517
  H     5.09397689  -0.85998890  -2.92798044
  H    -4.53332191  -1.95824574   0.76128029
  H    -0.62414674   1.74557583  -0.23068840
  H    -4.55581061   3.87547396   4.41910703
  H    -1.82268415   1.05032370  -2.12962067
  H    -1.10861045   1.39572907  -3.62293939
$end
$temperature
298.15
$end
$mult
 1
$end
$sigma
 1
$end
$pressure
1.00000
$end
$scale
1.0
$end
$msrrho
$end
$freq
17.28
28.25
34.20
48.33
54.68
73.98
78.50
89.90
97.81
110.28
116.26
125.81
139.07
166.89
168.82
187.66
196.10
200.36
217.16
268.16
285.82
291.15
302.90
320.23
348.67
355.66
386.27
388.37
422.25
423.23
438.58
456.32
458.24
478.87
483.62
511.67
522.45
529.71
540.56
555.77
560.91
597.47
606.06
614.97
630.69
647.50
655.13
665.30
672.88
699.39
701.44
709.63
727.74
736.93
767.97
793.01
796.61
814.75
837.53
844.97
867.40
875.21
884.85
888.40
899.05
927.62
937.55
941.03
949.67
1001.11
1020.10
1023.24
1051.70
1060.57
1071.09
1092.90
1097.72
1099.45
1123.63
1127.63
1143.49
1171.53
1174.81
1182.41
1187.07
1199.53
1206.35
1209.13
1216.27
1236.03
1241.94
1263.86
1279.27
1293.97
1308.38
1328.77
1335.58
1342.16
1346.75
1350.85
1357.49
1364.65
1392.24
1410.45
1426.67
1447.26
1448.23
1462.48
1468.09
1494.81
1501.76
1509.89
1511.45
1562.48
1579.53
1590.20
1619.09
1628.81
1651.17
1730.89
1745.24
1787.36
1793.06
1816.95
1840.09
1889.59
1896.33
1922.66
3108.31
3126.72
3158.69
3206.96
3209.60
3220.29
3222.84
3257.41
3263.77
3280.02
3282.35
3290.47
3576.10
3670.80
3729.85
3820.84
3888.91
3896.53
3922.31
$end
