
$molecule
   O     0.56708493  -1.65551883   0.69550711
  O    -2.49105010   2.28350726   2.47959795
  O    -1.40037611  -0.61721342   0.58155533
  O     3.19139433  -2.98380828   2.28999380
  O     2.85656889  -0.82685486   2.76634041
  O    -3.36299580   0.44246546  -2.52844157
  N    -0.94207203   0.71416982   2.95510366
  N     1.58364685   3.21651220  -2.39428858
  N    -0.62598425   0.95243605  -3.11621096
  N     1.15533266  -1.01387260  -2.38837826
  N    -2.79144249  -1.61028652  -1.76620197
  N    -0.57817802  -2.35738190  -1.61211756
  N    -2.28767978  -3.62456262  -0.71330105
  C    -0.00269156  -0.26903494   2.50216195
  C     0.15412892  -1.31668660   3.58259685
  C     1.12797659  -2.42995670   3.27312232
  C    -1.42871935   1.77286543   2.20611292
  C    -0.59093061   2.23881869   1.05948483
  C    -0.37872523  -0.86529515   1.16190990
  C     0.84740683   2.97844861  -1.21693913
  C     1.11902440   2.53783554  -3.60251727
  C    -1.25000667   2.60602668  -0.10596780
  C     0.79277631   2.32297521   1.10191469
  C    -0.54461840   2.98747104  -1.22595247
  C     1.50709426   2.67949566  -0.02522580
  C     2.45964221  -1.96266362   2.75922875
  C     0.66453799   1.14329598  -3.27127217
  C    -1.05431901  -0.19516372  -2.59874071
  C     1.56099259   0.12532722  -2.90149369
  C    -0.16265643  -1.19559602  -2.21866709
  C    -2.49636665  -0.35577444  -2.32471067
  C    -1.85343994  -2.51610443  -1.37982671
  H     0.97225342   0.18227702   2.33984045
  H     0.47944817  -0.79056944   4.48132544
  H    -0.81917909  -1.76290246   3.80461209
  H     0.73226660  -3.12343230   2.53547393
  H     1.31936530  -3.01482506   4.18004093
  H    -1.65906723   0.37527101   3.57758167
  H     1.94073186   2.54428967  -4.32690409
  H     0.27030462   3.06833031  -4.03607726
  H    -2.33124297   2.57161869  -0.13626671
  H     1.33192450   2.09936658   2.01267834
  H     2.56900129   3.05970821  -2.23352684
  H    -1.07258491   3.25097636  -2.12838196
  H     2.58962997   2.69724764   0.00802847
  H     2.63308887   0.26901587  -3.02186644
  H     0.29846763  -2.02700810  -0.17267133
  H    -3.74880007  -1.73480435  -1.47851715
  H     4.02986064  -2.62202616   1.97365274
  H    -1.61927060  -4.37583609  -0.65309669
  H    -3.26155334  -3.87257358  -0.75030261
$end
$temperature
298.15
$end
$mult
 1
$end
$sigma
 1
$end
$pressure
1.00000
$end
$scale
1.0
$end
$msrrho
$end
$freq
16.44
28.20
35.10
45.06
51.11
60.67
67.07
73.13
85.91
97.02
112.15
126.15
133.00
151.76
176.60
188.52
199.42
207.14
240.35
245.92
262.53
287.47
299.45
329.74
336.39
345.50
348.14
359.96
389.69
412.80
425.11
448.25
458.53
464.15
489.73
496.67
520.94
527.77
534.18
551.26
557.19
588.11
591.42
609.73
627.72
652.39
662.62
668.42
682.65
684.80
692.77
702.13
724.86
733.59
777.35
788.45
798.33
813.29
819.91
841.88
853.04
867.62
891.16
893.72
904.22
916.83
938.90
939.68
957.88
991.51
1010.92
1019.28
1057.13
1061.26
1071.52
1080.21
1093.48
1100.65
1125.79
1132.09
1163.78
1168.46
1171.76
1185.87
1204.91
1213.00
1214.87
1216.01
1235.39
1248.68
1258.37
1280.50
1292.46
1309.34
1317.45
1324.84
1333.35
1335.10
1343.62
1355.38
1361.94
1392.31
1402.58
1429.33
1443.95
1452.69
1453.49
1465.36
1470.34
1472.92
1499.44
1505.87
1523.60
1534.24
1567.68
1585.43
1624.34
1647.19
1656.18
1745.43
1759.49
1781.33
1794.66
1817.72
1846.41
1905.05
1910.17
1924.38
3100.65
3100.88
3109.58
3192.71
3209.74
3220.42
3239.04
3240.50
3271.23
3274.29
3307.17
3319.48
3577.47
3715.38
3719.81
3797.46
3815.62
3854.06
3908.56
$end
