
$molecule
   O     4.80001778  -0.15459237   3.32596718
  O     2.37206678   1.01119070   4.16189535
  O     5.69426459  -1.40194654   4.94620710
  O     4.35600788  -2.58682729   2.06521679
  O     5.41416900  -4.42114579   2.76023660
  O    -2.25940555  -0.65535876  -5.16649715
  N     2.43788787  -1.18149681   3.54841619
  N    -1.69572122   1.05576628  -0.79534019
  N    -2.73714377   1.35568071  -3.21685970
  N    -4.56486795   3.30395070  -3.88811868
  N    -3.72471226   0.37613131  -6.55313508
  N    -4.89477387   2.33044666  -5.99192522
  N    -5.22713919   1.32635597  -8.06200883
  C     3.32774079  -1.47546256   4.63819966
  C     3.31680944  -2.95295434   4.97900825
  C     3.33379334  -3.88887686   3.78910022
  C     1.99524558   0.14340953   3.41980086
  C     1.03058498   0.35134504   2.30616155
  C     4.74057509  -1.01630108   4.33108924
  C    -0.78668246   0.85605763   0.22553579
  C    -2.31653698   2.32480156  -1.03370622
  C     0.23242404   1.48988739   2.31670071
  C     0.91889130  -0.52943477   1.23050158
  C    -0.66634559   1.74244413   1.30171817
  C     0.03093222  -0.28499122   0.20797199
  C     4.48427508  -3.66756531   2.82950496
  C    -3.02185471   2.30577991  -2.36463704
  C    -3.34409262   1.34388758  -4.40787515
  C    -3.96394287   3.29822498  -2.72442088
  C    -4.27154415   2.32406410  -4.76883755
  C    -3.01884092   0.25476384  -5.34956707
  C    -4.61340856   1.38407847  -6.83362455
  H     3.04502566  -0.90718903   5.53263950
  H     4.17916274  -3.14964176   5.61542849
  H     2.41918891  -3.17375731   5.56688966
  H     2.40449143  -3.81870147   3.22049684
  H     3.41870649  -4.91632763   4.14563981
  H     1.69039426  -1.84803336   3.42549806
  H    -1.58991157   3.15219318  -1.03690628
  H    -3.03887148   2.56706064  -0.24245891
  H     0.32486798   2.18467722   3.14338075
  H     1.54706215  -1.40920552   1.17245707
  H    -1.55893350   0.50679709  -1.63058421
  H    -1.28282536   2.62862017   1.33810566
  H    -0.04234385  -0.97122436  -0.62679040
  H    -4.21135730   4.09390657  -2.02258904
  H     5.72924102   0.04014003   3.14847797
  H    -3.57786204  -0.36161687  -7.22293106
  H     3.63873254  -2.00980147   2.36527080
  H    -4.74369109   0.86381897  -8.81459419
  H    -5.72975006   2.16697211  -8.30410944
$end
$temperature
298.15
$end
$mult
 1
$end
$sigma
 1
$end
$pressure
1.00000
$end
$scale
1.0
$end
$msrrho
$end
$freq
11.22
13.83
21.64
30.57
40.22
49.65
55.88
61.84
71.69
93.61
107.83
117.30
136.30
143.76
151.91
162.78
175.36
189.29
206.13
211.92
240.42
268.92
284.27
309.10
339.70
348.21
358.93
360.49
383.90
389.00
447.79
455.61
468.42
473.11
488.12
500.43
514.67
534.52
543.58
548.39
561.94
581.43
597.38
602.41
606.28
618.44
621.83
635.39
639.90
661.10
699.13
700.93
718.00
781.70
786.22
790.57
807.68
814.00
826.48
831.36
837.64
861.00
885.68
902.85
913.87
930.98
931.86
941.18
951.78
993.31
1016.64
1025.77
1032.63
1050.92
1062.09
1080.01
1085.24
1088.23
1098.47
1145.45
1147.84
1165.94
1172.45
1190.31
1201.87
1206.15
1208.93
1210.42
1219.28
1224.70
1249.65
1271.27
1281.84
1283.12
1301.63
1310.50
1336.69
1347.88
1351.64
1373.70
1379.59
1387.64
1397.93
1416.03
1434.27
1454.12
1456.53
1463.13
1485.11
1486.55
1495.03
1498.83
1520.48
1529.74
1567.57
1578.47
1612.98
1633.20
1645.42
1737.05
1754.17
1776.36
1789.03
1797.19
1877.94
1895.76
1913.89
1928.59
3036.59
3093.98
3112.74
3125.17
3148.08
3201.07
3208.27
3215.42
3243.48
3250.00
3261.10
3282.68
3692.36
3778.84
3787.57
3814.05
3825.83
3860.67
3932.11
$end
