
$molecule
   O    -2.94909909   2.59093848  -3.98125271
  O     0.35059931   2.74397590  -0.46069915
  O    -3.44863587   4.60468471  -3.16009488
  O    -0.78415426   0.91814526  -4.35565413
  O     1.27614823   1.34172950  -3.62169352
  O     3.41414882  -1.41300245   2.86795556
  N    -1.31896899   2.18979359  -1.88799501
  N     0.73437504  -3.67131105  -0.32347383
  N     1.11811618  -2.95682062   2.24642821
  N    -0.92442715  -2.93104360   4.08876098
  N     2.42053834  -0.76705686   4.79934329
  N     0.28846643  -1.48139060   5.47283086
  N     1.51657907  -0.03826748   6.82186685
  C    -1.45133220   3.52595712  -2.37494339
  C    -0.25799445   3.98840859  -3.19286052
  C     0.00939192   3.18086591  -4.44110056
  C    -0.30478407   1.88730705  -1.00280660
  C    -0.07502232   0.42247604  -0.83209948
  C    -2.72047555   3.65669442  -3.17893819
  C     0.46075063  -2.29797842  -0.50919726
  C    -0.08433663  -4.32731725   0.67361267
  C    -1.09375406  -0.51334121  -0.95193104
  C     1.21318835  -0.01363182  -0.55273222
  C    -0.83098135  -1.85860419  -0.78806665
  C     1.48245526  -1.35649604  -0.39715182
  C     0.25255603   1.72626853  -4.10709970
  C     0.01710144  -3.62580908   2.00918821
  C     1.22600862  -2.25493445   3.37124138
  C    -1.01711708  -3.60781174   2.96643466
  C     0.19706501  -2.22294910   4.31864467
  C     2.46006982  -1.47517362   3.59199575
  C     1.36370668  -0.78624099   5.67545318
  H    -1.55158771   4.20724428  -1.52355880
  H    -0.40048301   5.03878998  -3.46560979
  H     0.60976813   3.93104049  -2.54022418
  H     0.91973804   3.55167637  -4.91745504
  H    -0.80090654   3.27578543  -5.16120730
  H    -1.63388360   1.43901648  -2.47109769
  H     0.25268228  -5.36804475   0.76889916
  H    -1.13027633  -4.35561359   0.35787741
  H    -2.11041615  -0.19800028  -1.15138743
  H     2.00623754   0.71619398  -0.45182732
  H     1.71078162  -3.78486881  -0.07940406
  H    -1.62947979  -2.58096555  -0.88115682
  H     2.48281614  -1.68110867  -0.14358486
  H    -1.93637540  -4.16495380   2.78963994
  H    -3.77743990   2.74941893  -4.45511642
  H     3.24671584  -0.23724281   5.02465303
  H    -1.56358244   1.43387612  -4.59663407
  H     0.65833352   0.07325060   7.34092065
  H     2.10717560   0.77644108   6.77230798
$end
$temperature
298.15
$end
$mult
 1
$end
$sigma
 1
$end
$pressure
1.00000
$end
$scale
1.0
$end
$msrrho
$end
$freq
5.91
8.76
17.13
24.45
30.69
50.52
57.77
57.97
73.41
102.03
111.93
117.52
131.37
151.36
164.18
166.63
179.58
195.32
206.22
251.91
265.52
269.45
299.86
316.22
334.04
344.86
353.96
355.41
390.35
419.58
430.29
444.73
452.65
481.19
486.99
495.93
506.29
525.37
547.86
556.65
573.60
579.03
597.28
609.15
613.24
629.69
638.01
653.28
661.32
682.95
699.68
705.11
708.44
752.82
784.39
793.76
810.33
813.15
821.39
834.56
859.85
866.70
881.14
898.24
903.24
928.60
935.64
946.30
971.05
985.09
998.16
1010.96
1030.67
1048.64
1064.42
1085.44
1094.54
1097.63
1098.96
1120.61
1146.18
1155.16
1160.49
1175.02
1195.36
1199.32
1210.16
1215.82
1217.88
1233.04
1254.49
1270.32
1284.46
1292.07
1309.85
1318.67
1338.45
1343.71
1345.26
1357.23
1370.11
1381.85
1397.23
1407.19
1430.03
1444.00
1448.20
1456.01
1458.66
1464.10
1480.11
1493.13
1515.27
1558.35
1571.17
1578.34
1613.27
1631.24
1645.16
1739.05
1753.17
1790.54
1796.72
1812.19
1864.43
1896.65
1925.85
1935.67
3075.10
3112.28
3133.69
3174.81
3177.64
3207.84
3222.17
3247.54
3250.31
3265.09
3269.64
3275.70
3685.33
3696.51
3815.57
3819.57
3906.59
3933.57
3950.15
$end
