
$molecule
   O     2.27616264   2.03442357   3.33131335
  O     0.26952252   1.08302763  -0.84012136
  O     3.15477990   0.82532857   0.75975401
  O     0.93650612   2.67515444   0.89095613
  O     2.87472760   3.68469463   1.12865108
  O     0.96323503  -1.53717886   0.62925829
  N     1.79517417   0.26373102  -2.28884666
  N    -3.18223634  -3.57325747  -0.85794048
  N    -1.83165739  -1.91182152   0.94826275
  N    -3.15331133   0.03480678   2.37281205
  N     0.88327311   0.10613719   2.17734305
  N    -1.12264241   1.06181877   2.92520887
  N     0.91592824   1.90717187   3.63701011
  C     2.98087324   0.79427745  -1.63130347
  C     3.18556376   2.29410291  -1.67518712
  C     2.13678781   3.21472876  -1.09962543
  C     0.56798430   0.28151510  -1.70957227
  C    -0.41635372  -0.76137501  -2.06139487
  C     3.05551859   0.19005935  -0.24558698
  C    -2.31164868  -2.69793845  -1.50963011
  C    -3.91286806  -2.99171622   0.25875943
  C    -1.76302758  -0.41747902  -1.98252657
  C    -0.05426831  -2.10240493  -2.04572915
  C    -2.71032078  -1.38169115  -1.75905271
  C    -0.99849024  -3.07064005  -1.78913742
  C     2.03252191   3.20690009   0.40759737
  C    -3.13696191  -1.94077844   1.02978605
  C    -1.15698832  -0.93025890   1.54551411
  C    -3.79724213  -0.93041666   1.76461567
  C    -1.80518458   0.06690427   2.28682465
  C     0.30437037  -0.86245823   1.38087283
  C     0.17640575   1.02531541   2.88400467
  H     3.82934431   0.35567834  -2.18639254
  H     4.13389594   2.49562741  -1.17126595
  H     3.31368233   2.56693671  -2.72852007
  H     1.16432041   3.01787555  -1.53383565
  H     2.42414574   4.23734355  -1.36318434
  H     1.93124579  -0.46601584  -2.97005272
  H    -4.21414383  -3.81110446   0.92354281
  H    -4.83968313  -2.52706312  -0.09829876
  H    -2.05268314   0.62492070  -2.02822529
  H     0.98578220  -2.39426397  -2.11106763
  H    -2.69750788  -4.41840915  -0.58810288
  H    -3.75014673  -1.11370568  -1.65156948
  H    -0.69307957  -4.09970603  -1.65434756
  H    -4.88444557  -0.93300640   1.83859989
  H     2.35959272   2.61744837   2.55213266
  H     1.88445699   0.23806771   2.12431233
  H     0.52006484   2.08664242   0.21913621
  H     2.98342099  -0.90242329  -0.25128981
  H     0.44560432   2.78447430   3.81553892
$end
$temperature
298.15
$end
$mult
 1
$end
$sigma
 1
$end
$pressure
1.00000
$end
$scale
1.0
$end
$msrrho
$end
$freq
37.71
44.31
56.54
81.79
90.07
93.31
102.91
109.34
122.43
130.66
150.27
152.43
170.26
177.33
191.07
194.95
206.49
211.25
225.55
227.87
242.00
265.40
277.33
281.30
314.79
337.79
370.93
378.67
385.19
400.27
432.58
451.22
469.51
482.22
497.51
507.63
532.03
540.44
558.36
566.45
597.36
606.08
624.96
633.68
634.99
658.91
688.70
696.97
722.48
725.35
745.55
751.74
771.59
789.94
798.21
801.86
815.88
832.93
850.90
852.28
869.11
880.26
899.06
919.36
933.94
940.93
947.60
974.60
996.01
1015.07
1025.46
1031.03
1041.30
1052.42
1057.16
1064.66
1076.86
1091.61
1130.89
1132.23
1140.02
1155.79
1177.52
1193.49
1195.25
1213.18
1216.32
1224.56
1249.94
1260.81
1290.85
1294.13
1324.07
1337.92
1339.81
1349.60
1354.19
1367.78
1373.73
1380.19
1401.70
1405.71
1413.55
1426.88
1431.03
1438.95
1451.02
1457.19
1460.29
1468.97
1470.24
1475.31
1516.16
1530.63
1570.16
1587.76
1626.24
1638.50
1658.06
1731.25
1750.24
1785.39
1792.27
1805.13
1827.55
1875.48
1892.18
1907.51
3042.33
3065.99
3089.23
3123.43
3145.15
3178.02
3203.62
3204.16
3257.85
3259.27
3265.58
3297.26
3300.50
3523.11
3706.74
3716.48
3726.08
3763.00
3797.89
$end
