
$molecule
   O     5.65602102   0.22250147  -0.78624710
  O     3.67415078   1.37965348   0.44474439
  O     5.72885934  -1.88481125  -1.52190311
  O     6.66717023  -4.27248647   0.07071113
  O     6.84688401  -2.33851631   1.18573365
  O    -3.47742561  -1.84183103   0.23702676
  N     2.94446057  -0.62035830  -0.30040684
  N    -1.99436405   3.22357058  -1.83334215
  N    -3.81143347   0.77398446  -0.82296783
  N    -5.64015466   2.39164514   0.45594801
  N    -5.08062572  -1.39395849   1.77315320
  N    -6.17072870   0.67567119   1.95589640
  N    -6.70283449  -1.05458240   3.41338072
  C     4.12299576  -1.32126812   0.15128922
  C     3.83894919  -2.79712473   0.26865451
  C     4.76366968  -3.50145886   1.24128658
  C     2.79653058   0.71741028  -0.09147157
  C     1.52010535   1.31947422  -0.56432347
  C     5.27122956  -1.03074481  -0.81159833
  C    -0.83794926   2.56619176  -1.43336740
  C    -3.14204274   2.52329069  -2.35718093
  C     0.36882718   0.57789182  -0.80547340
  C     1.47449764   2.69917117  -0.75599797
  C    -0.79396361   1.18595319  -1.23318413
  C     0.32294808   3.31535406  -1.18626836
  C     6.20128191  -3.29739998   0.85261123
  C    -4.00134180   2.00412056  -1.23436804
  C    -4.50927872   0.32408448   0.22130182
  C    -4.93705005   2.81965763  -0.56579933
  C    -5.44531708   1.12832335   0.88171762
  C    -4.26412133  -1.05545553   0.68667615
  C    -5.97933304  -0.54073637   2.36381955
  H     4.39835377  -0.90083873   1.11945172
  H     2.81110071  -2.92746904   0.61813179
  H     3.92219275  -3.25428526  -0.71461950
  H     4.54555723  -4.57105289   1.25900792
  H     4.63226964  -3.09853719   2.24766111
  H     2.35364617  -1.06503805  -0.97952534
  H    -2.85755279   1.67683099  -2.98474181
  H    -3.71287265   3.22978842  -2.96903681
  H     0.35225043  -0.49292525  -0.64137918
  H     2.36573053   3.28360240  -0.56160701
  H    -1.84060437   4.15251409  -2.18931372
  H    -1.67467910   0.58676936  -1.39734256
  H     0.30329079   4.38790496  -1.33451574
  H    -5.10015921   3.84414137  -0.89618393
  H     5.05984748   0.75404984  -0.21448642
  H    -4.99374408  -2.33939929   2.10891713
  H     7.53651834  -4.00279461  -0.25461282
  H    -7.21439997  -0.35737769   3.93302019
  H    -6.29736223  -1.80310031   3.95112398
$end
$temperature
298.15
$end
$mult
 1
$end
$sigma
 1
$end
$pressure
1.00000
$end
$scale
1.0
$end
$msrrho
$end
$freq
10.55
13.94
18.13
25.46
33.09
53.78
54.61
72.55
85.58
91.17
109.81
114.61
137.63
149.35
150.38
166.29
170.75
179.73
227.93
241.43
258.77
276.89
295.08
317.55
335.22
346.09
349.77
355.52
367.25
390.46
402.22
427.91
445.54
452.00
474.09
480.55
491.71
528.50
531.46
548.30
551.47
563.06
574.17
590.06
597.79
603.00
605.32
642.67
659.28
679.26
691.82
706.65
721.33
774.55
780.86
818.00
819.85
839.93
845.98
850.69
853.95
862.92
896.82
907.13
918.14
923.21
937.05
949.29
966.46
987.39
1004.29
1021.73
1053.49
1057.04
1065.88
1075.06
1087.53
1094.48
1120.48
1140.76
1151.72
1156.21
1170.97
1178.83
1200.92
1212.96
1216.91
1224.37
1229.12
1248.36
1263.76
1274.64
1291.82
1294.52
1301.02
1318.10
1340.20
1347.58
1361.30
1378.84
1385.24
1391.93
1403.31
1416.71
1442.97
1449.77
1450.58
1459.86
1466.84
1486.06
1504.50
1513.77
1515.86
1563.67
1577.73
1581.78
1613.81
1632.83
1654.83
1736.47
1747.59
1771.21
1789.07
1800.29
1809.03
1894.23
1905.37
1932.17
3103.45
3115.74
3123.99
3201.96
3206.51
3216.75
3217.07
3242.49
3242.57
3247.87
3257.76
3336.58
3549.17
3693.18
3793.11
3816.42
3826.89
3864.83
3909.02
$end
