
$molecule
   O     4.00043560  -3.59105055   3.85986337
  O     0.95820723  -3.52617476   3.09708049
  O     3.26530221  -4.36094930   5.82658081
  O    -0.85391313  -1.12258446   4.18107685
  O     0.53862733   0.53523840   4.67496665
  O    -1.44945177   4.64291928  -3.11359610
  N     2.14383803  -1.72484855   3.75082227
  N    -0.03460613   0.26915660  -1.95495835
  N    -1.21580574   1.87490932  -3.71596830
  N    -1.88201310   1.11934111  -6.28006914
  N    -2.18210262   5.01466377  -5.22482212
  N    -2.42418245   3.32801316  -6.83688509
  N    -2.92468367   5.53412637  -7.37343679
  C     2.40962833  -2.27000866   5.05485125
  C     1.17456013  -2.54348212   5.87058052
  C     0.40668364  -1.28322915   6.21079246
  C     1.32494350  -2.39767909   2.86582813
  C     0.98218341  -1.65561436   1.62430994
  C     3.25661245  -3.53935110   4.95571666
  C     0.27378894  -0.38901872  -0.77771412
  C    -0.66667019  -0.39413146  -3.05623305
  C     0.67598103  -2.39785655   0.48987948
  C     0.91313853  -0.26526802   1.55023400
  C     0.33464155  -1.78393269  -0.69693709
  C     0.56190664   0.35713338   0.37487878
  C     0.03217152  -0.51539630   4.96761496
  C    -1.11943420   0.62055895  -4.07330951
  C    -1.63668544   2.77698596  -4.60843877
  C    -1.46446936   0.24940714  -5.39429120
  C    -1.98161855   2.41402963  -5.91241147
  C    -1.72530954   4.18952937  -4.18914592
  C    -2.51347010   4.57213516  -6.48116829
  H     3.03854620  -1.53130540   5.57043393
  H     0.55158630  -3.23585976   5.31631481
  H     1.47166375  -3.04652027   6.79090765
  H     1.00500032  -0.61181893   6.82554597
  H    -0.50289652  -1.53377253   6.76640873
  H     2.24501093  -0.73394245   3.61932918
  H    -1.54138675  -0.98627247  -2.74431640
  H     0.01877680  -1.10671551  -3.53413397
  H     0.71221023  -3.47945911   0.54690697
  H     1.08898108   0.35019226   2.42100148
  H    -0.29184681   1.24055138  -1.86554374
  H     0.11452872  -2.38345546  -1.56794003
  H     0.49841634   1.43732603   0.33154848
  H    -1.38690833  -0.79190849  -5.70487097
  H     3.77012289  -2.84082891   3.30050283
  H    -2.22341887   5.99870133  -5.01436775
  H    -1.06121655  -2.00550753   4.50222876
  H    -3.35768175   6.36660622  -7.00793542
  H    -3.32772206   5.15641788  -8.21771183
$end
$temperature
298.15
$end
$mult
 1
$end
$sigma
 1
$end
$pressure
1.00000
$end
$scale
1.0
$end
$msrrho
$end
$freq
10.82
13.67
25.39
28.96
47.08
48.40
59.36
64.56
89.55
94.86
103.93
110.55
120.34
144.73
151.71
154.21
162.19
167.74
204.64
212.17
222.99
269.96
292.67
333.81
347.62
359.26
361.06
371.83
388.78
420.37
447.38
456.60
463.11
470.72
484.84
489.16
504.14
515.74
525.87
536.71
544.09
552.80
584.06
593.25
601.49
605.98
616.97
627.33
639.92
656.64
664.43
700.24
702.88
720.91
769.10
786.47
789.00
813.20
816.98
826.46
861.68
878.60
885.71
886.13
915.93
925.79
930.97
944.46
956.44
993.37
1027.49
1032.72
1035.27
1055.04
1060.59
1082.04
1086.07
1093.62
1098.82
1125.99
1143.71
1145.86
1175.51
1190.50
1198.29
1205.85
1210.91
1217.04
1219.22
1221.46
1230.90
1267.31
1270.68
1284.16
1306.95
1309.64
1338.09
1347.26
1350.14
1360.73
1375.97
1391.77
1397.88
1412.55
1440.88
1447.64
1455.73
1465.34
1477.10
1486.04
1487.36
1498.18
1520.46
1551.68
1569.84
1578.33
1613.00
1632.76
1650.74
1737.26
1754.03
1777.09
1789.71
1800.18
1859.22
1895.95
1912.61
1933.70
3035.16
3102.48
3113.96
3120.21
3172.93
3208.61
3209.87
3246.30
3251.23
3282.89
3292.31
3300.36
3691.73
3778.01
3815.06
3825.17
3864.98
3968.27
3990.99
$end
