
$molecule
   O    -0.83148831   4.87998686  -5.51055065
  O    -1.97474652   1.31869428  -3.84672572
  O    -0.96141140   4.24148701  -3.37027228
  O    -0.05128512  -0.96653727  -8.06813006
  O    -1.16799445   0.90525233  -8.56132934
  O     3.28106565  -1.80896918   4.82560038
  N     0.23273237   1.86722250  -3.82614569
  N    -0.35286850  -1.03924798   1.87187371
  N     0.49484949  -1.49886618   4.35365363
  N    -1.17872196  -2.12076729   6.45176691
  N     2.82275695  -2.46970845   6.94335724
  N     0.65198897  -2.64279029   7.81482571
  N     2.48581433  -3.18552441   9.13702980
  C     0.11301591   2.77422029  -4.93337113
  C    -0.53876266   2.16629196  -6.15188092
  C     0.07012187   0.83967715  -6.50496913
  C    -0.91355835   1.32111862  -3.27088813
  C    -0.72264522   0.71135128  -1.92106812
  C    -0.62484659   4.02886653  -4.50114860
  C    -0.49618812  -0.43994343   0.62976195
  C    -1.34980825  -0.90770333   2.89321954
  C    -1.83905898   0.54867146  -1.11092210
  C     0.51368785   0.28058348  -1.44352177
  C    -1.73544398  -0.01065195   0.14667411
  C     0.62838506  -0.28791657  -0.19418745
  C    -0.46303603   0.29114914  -7.81329963
  C    -0.80088154  -1.39553137   4.20855481
  C     0.98929063  -1.91026667   5.52580206
  C    -1.64634200  -1.71983691   5.29573312
  C     0.15801930  -2.22782057   6.60239517
  C     2.45361252  -2.03282082   5.66485834
  C     1.93695118  -2.74915115   7.95416038
  H     1.13344664   3.09292496  -5.19224704
  H    -1.59763586   2.02845602  -5.97260941
  H    -0.43474318   2.85603591  -6.98760726
  H    -0.12773867   0.10887470  -5.72226192
  H     1.15687936   0.91353430  -6.60696068
  H     0.91091171   2.14618354  -3.13500334
  H    -2.25182994  -1.48050411   2.64039936
  H    -1.68488529   0.13328690   3.02334806
  H    -2.80356066   0.87396925  -1.48188064
  H     1.40183589   0.36857573  -2.05771614
  H     0.58780029  -1.06977165   2.23580152
  H    -2.61826897  -0.12100903   0.75912641
  H     1.59274500  -0.62501784   0.16569713
  H    -2.72733328  -1.63952825   5.18715611
  H    -1.28129947   5.65697432  -5.15222209
  H     3.80872871  -2.61476153   7.08859632
  H     0.49966164  -1.28948981  -7.34808655
  H     1.82968615  -3.20720355   9.90316830
  H     3.42239582  -2.89204893   9.36244576
$end
$temperature
298.15
$end
$mult
 1
$end
$sigma
 1
$end
$pressure
1.00000
$end
$scale
1.0
$end
$msrrho
$end
$freq
8.94
11.33
19.19
25.03
28.92
35.47
45.52
48.07
61.52
82.20
89.65
92.32
105.13
123.89
130.91
147.25
152.01
162.90
204.56
211.33
229.27
247.11
264.68
300.52
338.62
347.52
352.99
363.20
367.57
388.86
433.20
448.23
470.90
471.59
482.12
487.91
501.90
507.80
537.58
550.29
558.31
581.02
589.24
593.54
601.38
607.00
607.31
627.55
640.14
658.87
665.53
698.57
701.07
705.47
727.50
785.61
788.22
792.01
814.30
826.48
850.22
860.01
886.92
902.20
919.15
926.69
930.94
946.63
960.79
985.21
993.60
1032.80
1037.62
1050.06
1062.09
1083.40
1087.23
1098.78
1136.35
1145.72
1156.64
1167.51
1174.88
1182.96
1190.16
1192.46
1205.42
1210.82
1219.20
1223.06
1228.99
1275.21
1283.36
1292.77
1303.51
1320.38
1334.92
1338.09
1347.16
1355.15
1369.52
1375.60
1394.98
1409.86
1421.31
1449.35
1453.66
1456.72
1479.59
1487.34
1496.78
1510.56
1519.96
1550.23
1567.07
1578.22
1612.76
1632.56
1647.77
1737.41
1753.89
1779.96
1790.11
1801.42
1866.07
1894.87
1918.36
1924.18
3036.28
3104.22
3114.74
3115.56
3192.37
3208.90
3219.35
3240.82
3247.43
3256.39
3282.47
3306.03
3691.45
3773.53
3799.77
3815.45
3824.88
3904.66
3964.91
$end
