
$molecule
   O     1.37326209  -4.44678708  -4.22802534
  O    -2.60442981  -3.47836206  -1.78377070
  O     0.59148379  -6.54693905  -4.22721939
  O     0.47274240  -2.53700818  -6.91841864
  O     0.08193026  -4.72270080  -6.72867080
  O    -0.87555144   3.48123498   6.65246376
  N    -0.52335846  -3.66121916  -2.64952869
  N     0.30235052   1.24810629   1.42958435
  N    -0.20409063   3.33153297   3.88545418
  N     1.89026707   4.92998711   3.05463265
  N     0.79351811   4.97977724   6.94831015
  N     2.18674339   5.74516373   5.22472932
  N     2.48363960   6.52237656   7.39473697
  C    -0.84501906  -4.77566958  -3.49033119
  C    -1.77071131  -4.39857708  -4.63060416
  C    -1.27539268  -3.23198074  -5.43950707
  C    -1.45509642  -3.09865199  -1.81856030
  C    -0.94907345  -1.96104075  -0.98225684
  C     0.43297600  -5.38249489  -4.01596716
  C    -0.13907325   0.20583995   0.61501818
  C    -0.52719933   2.41145451   1.66631341
  C    -1.87812906  -1.06981503  -0.45994815
  C     0.39697444  -1.76149173  -0.68485156
  C    -1.48826846   0.00099534   0.31948960
  C     0.79717065  -0.70076133   0.09879485
  C    -0.18058110  -3.59664652  -6.41609097
  C     0.16970558   3.33184156   2.62708264
  C     0.44274477   4.12019586   4.74775544
  C     1.23792719   4.15579770   2.21988287
  C     1.51097615   4.93372938   4.34717791
  C     0.01389137   4.11761559   6.16322960
  C     1.82240169   5.74974232   6.46995046
  H    -1.34526869  -5.54874633  -2.89730897
  H    -1.91685746  -5.26283179  -5.27790246
  H    -2.73145297  -4.13903726  -4.18395365
  H    -0.91747961  -2.43774830  -4.78782318
  H    -2.09201720  -2.80902972  -6.03649401
  H     0.38733022  -3.25300292  -2.72571759
  H    -1.47047109   2.10392333   2.11665121
  H    -0.75823877   2.94953250   0.73558110
  H    -2.92803318  -1.22620557  -0.67718087
  H     1.15381832  -2.44679876  -1.04637041
  H     1.27630827   1.46595386   1.28796691
  H    -2.23406113   0.68059275   0.70459533
  H     1.84684810  -0.56443365   0.32839932
  H     1.54752409   4.16949373   1.17580081
  H     2.11490908  -4.86350754  -4.68642562
  H     0.57753136   4.98840032   7.93192122
  H     0.11847665  -1.71954824  -6.55480481
  H     1.98189377   6.81418493   8.21751747
  H     3.10450962   7.20356353   6.98469280
$end
$temperature
298.15
$end
$mult
 1
$end
$sigma
 1
$end
$pressure
1.00000
$end
$scale
1.0
$end
$msrrho
$end
$freq
8.27
8.92
17.14
22.72
30.96
35.88
47.72
51.33
69.73
76.84
93.96
103.59
113.82
137.07
148.00
159.01
163.48
169.07
202.43
230.32
232.65
259.03
283.26
293.29
335.65
343.17
349.33
357.91
378.06
389.23
413.27
432.61
443.47
450.66
478.74
483.32
488.06
507.37
521.77
535.38
551.29
554.37
565.75
574.12
600.36
603.33
611.17
620.52
654.89
663.11
672.91
693.88
700.99
714.98
725.60
779.60
790.70
817.77
826.00
834.34
844.44
856.46
887.14
896.45
916.17
917.69
931.95
942.86
970.13
1001.27
1006.17
1019.07
1044.10
1050.12
1058.01
1060.25
1064.94
1088.33
1098.29
1150.21
1154.25
1165.30
1172.82
1177.87
1184.27
1188.80
1199.46
1205.33
1218.86
1220.48
1238.29
1266.96
1283.00
1292.11
1298.94
1305.08
1328.82
1334.94
1346.91
1365.03
1372.86
1381.76
1391.38
1403.71
1422.95
1442.39
1452.75
1460.64
1469.78
1480.27
1491.96
1499.08
1512.06
1560.40
1572.67
1577.85
1617.07
1631.88
1646.19
1733.73
1740.97
1779.92
1788.27
1803.77
1845.92
1899.88
1928.60
1942.92
3063.95
3094.98
3149.12
3170.81
3211.09
3214.79
3219.52
3234.07
3240.19
3250.62
3255.59
3287.10
3693.97
3772.21
3816.03
3827.51
3925.18
3931.52
3970.25
$end
