
$molecule
   O     0.46141652  -0.17560137  -3.27075429
  O    -0.28278192   1.97447601  -2.20461685
  O     2.11504627  -1.55654059  -2.82358574
  O     4.06411424  -0.01253330  -3.96316055
  O     5.33704847   1.45556067  -2.86023751
  O    -2.08822140  -0.76185263  -1.50963250
  N     0.97234463   0.84845467  -0.71361036
  N    -3.85330479   1.57756250   3.09803147
  N    -2.87825769  -0.74772831   1.22476418
  N    -0.99393399  -1.62955064   3.02399182
  N    -0.26904695  -1.97567310  -0.94001153
  N     0.45457681  -2.20910606   1.27960241
  N     1.76927442  -2.97610019  -0.47300434
  C     2.02560576   0.53835390  -1.64128275
  C     3.24999722   0.14553635  -0.85049014
  C     4.43478680  -0.37779056  -1.63650348
  C    -0.09663734   1.61784467  -1.05067943
  C    -1.03921017   1.89493276   0.05770125
  C     1.53677553  -0.49942901  -2.64323227
  C    -2.91459331   1.91606725   2.09388938
  C    -4.28937091   0.17421488   2.93710101
  C    -2.39029844   1.98421006  -0.24432778
  C    -0.62355100   1.94493372   1.38335934
  C    -3.32319230   1.99908082   0.76934233
  C    -1.55430601   1.97290784   2.39603679
  C     4.68180601   0.45138244  -2.87748761
  C    -3.11488921  -0.66624452   2.51552612
  C    -1.72276040  -1.25119816   0.80470821
  C    -2.14170870  -1.12748921   3.41954913
  C    -0.74746105  -1.70318968   1.70316582
  C    -1.44134624  -1.27915153  -0.64530021
  C     0.64059816  -2.38323579   0.00146304
  H     2.22577556   1.43316866  -2.24074753
  H     3.55537716   1.03944439  -0.30128993
  H     2.96447681  -0.60574063  -0.11474941
  H     4.28746972  -1.41743465  -1.91494957
  H     5.32796837  -0.31141567  -1.01233694
  H     0.96537263   0.38277431   0.17540689
  H    -5.04757328   0.11601289   2.15611824
  H    -4.72611987  -0.16140350   3.88299712
  H    -2.70361400   1.96278907  -1.27918873
  H     0.43033764   1.92747096   1.63339939
  H    -3.44042612   1.70576620   4.01440978
  H    -4.37970667   1.98195836   0.54312862
  H    -1.23115616   1.94489275   3.42858653
  H    -2.32026451  -1.06734077   4.49220770
  H     0.10482442   0.71067005  -2.98279661
  H    -0.06307488  -2.10201139  -1.91752355
  H     3.53320592  -0.79349339  -3.74575662
  H     2.46274573  -3.17514167   0.23022946
  H     2.07586253  -2.73406987  -1.40745980
$end
$temperature
298.15
$end
$mult
 1
$end
$sigma
 1
$end
$pressure
1.00000
$end
$scale
1.0
$end
$msrrho
$end
$freq
24.46
35.15
47.93
51.39
75.11
77.30
79.84
97.26
111.00
122.25
127.82
145.18
157.77
182.64
190.41
192.14
205.95
227.02
242.01
261.11
277.27
283.63
306.24
344.07
352.31
380.46
388.76
399.42
414.83
433.18
449.26
457.16
485.40
492.66
500.45
515.49
522.85
544.10
552.05
570.75
591.61
604.06
619.86
632.04
644.14
652.32
674.90
690.22
697.44
709.92
725.09
750.96
769.11
792.88
812.25
815.35
826.19
851.40
854.25
865.88
873.79
877.63
894.76
920.60
927.05
940.07
944.19
956.34
1001.24
1012.18
1021.43
1048.79
1057.74
1069.78
1082.24
1087.25
1091.16
1100.05
1107.41
1127.25
1161.20
1168.75
1175.45
1191.96
1196.91
1212.89
1215.15
1225.89
1240.39
1246.96
1269.37
1283.01
1296.08
1315.66
1317.62
1330.70
1350.99
1354.45
1361.01
1372.15
1382.78
1400.19
1407.45
1434.40
1442.91
1445.19
1449.49
1454.64
1466.38
1470.81
1493.30
1516.67
1559.02
1562.86
1578.87
1589.61
1618.34
1643.85
1649.36
1737.71
1742.43
1779.96
1786.74
1809.96
1819.80
1875.68
1914.39
1923.70
3108.06
3124.16
3145.17
3166.43
3196.03
3211.85
3217.29
3217.52
3248.73
3254.13
3258.89
3282.43
3287.00
3647.05
3665.15
3818.01
3837.69
3854.16
3880.64
$end
