
$molecule
   O     2.79021374  -0.50253337   0.99501073
  O     0.54852270   1.88566232  -2.00072029
  O     3.46775577  -0.02033718  -1.05318256
  O     4.64402483   2.45806217   3.70755672
  O     5.29023981   4.31358186   2.63193935
  O     0.24351332  -1.01676432   1.33002752
  N     0.86978912   1.52510409   0.22478916
  N    -5.05725456  -0.57849000  -0.04040081
  N    -2.32458748  -1.97000517   0.52005163
  N    -2.43297149  -3.22391249  -1.93350179
  N     1.09952466  -1.89012862  -0.55838916
  N    -0.17271295  -2.77115627  -2.31083328
  N     2.10142057  -2.28143820  -2.59496022
  C     2.29035558   1.68504277   0.14928303
  C     2.83049476   2.36520659   1.38493493
  C     4.33945014   2.49942242   1.36689671
  C     0.10530795   1.57837024  -0.92172487
  C    -1.32347636   1.18501825  -0.69458978
  C     2.92152406   0.32266722  -0.03970512
  C    -3.88708431   0.17819653  -0.30864341
  C    -4.71752558  -1.82793410   0.66897812
  C    -1.92615729   1.25826026   0.55473480
  C    -2.05164940   0.69421655  -1.76852261
  C    -3.19852629   0.76503150   0.74411323
  C    -3.32504684   0.19911866  -1.58282994
  C     4.82027776   3.20778956   2.60523865
  C    -3.47071934  -2.39013636   0.04597623
  C    -1.21943048  -2.14397167  -0.20824398
  C    -3.49937645  -3.06747207  -1.19368275
  C    -1.26000219  -2.72640423  -1.48534317
  C     0.05556641  -1.63304186   0.29440533
  C     0.96094663  -2.32916173  -1.85167126
  H     2.51545505   2.25296103  -0.75346390
  H     2.36892272   3.35174773   1.45298809
  H     2.53180470   1.79875339   2.26416537
  H     4.67456586   3.06807150   0.49872197
  H     4.81074824   1.51588773   1.34554118
  H     0.49501334   0.96734721   0.97339770
  H    -5.57037180  -2.51072095   0.60053769
  H    -4.51650822  -1.61215258   1.71810156
  H    -1.40004399   1.68145741   1.39920088
  H    -1.58714177   0.66069164  -2.74655227
  H    -5.53516436  -0.79471850  -0.90717328
  H    -3.64942889   0.77279834   1.72638473
  H    -3.85845560  -0.24252944  -2.41425437
  H    -4.44051105  -3.46287962  -1.57420611
  H     1.90240114  -0.48043107   1.41172103
  H     2.02268059  -1.65373885  -0.23210224
  H     4.97033267   2.96171793   4.46546117
  H     2.79244725  -1.59127096  -2.32266139
  H     1.96084730  -2.43085527  -3.58279900
$end
$temperature
298.15
$end
$mult
 1
$end
$sigma
 1
$end
$pressure
1.00000
$end
$scale
1.0
$end
$msrrho
$end
$freq
17.75
21.80
25.09
35.47
49.26
63.26
71.81
80.42
91.81
107.14
112.34
130.29
139.99
144.22
163.95
184.64
193.97
206.00
217.98
248.69
259.86
280.49
288.33
321.54
354.82
366.85
382.78
400.79
404.73
422.39
440.22
451.59
459.11
492.17
509.92
518.23
528.03
549.17
568.34
579.91
597.32
600.82
612.25
623.87
635.09
645.80
660.84
681.09
694.17
700.31
701.94
715.42
768.80
780.67
791.14
795.17
818.63
823.65
829.97
853.29
862.76
872.82
882.95
902.03
917.73
930.49
941.15
941.72
945.39
970.26
1009.66
1024.56
1054.51
1060.48
1069.31
1089.58
1097.25
1101.23
1125.03
1128.38
1132.52
1168.81
1176.38
1177.51
1201.32
1212.46
1215.03
1222.62
1236.35
1251.87
1259.15
1267.67
1279.60
1301.77
1317.02
1322.05
1334.73
1337.70
1346.07
1358.33
1370.86
1381.30
1398.91
1417.55
1433.42
1444.55
1449.06
1454.99
1463.80
1474.29
1478.66
1487.59
1504.16
1562.06
1574.40
1581.75
1620.11
1644.78
1647.33
1731.07
1750.27
1788.46
1798.79
1821.00
1833.46
1866.56
1902.19
1917.55
3108.50
3128.45
3152.98
3209.36
3216.03
3219.64
3233.44
3249.67
3257.79
3263.15
3275.57
3281.85
3596.12
3628.26
3667.44
3790.00
3842.20
3850.91
3902.20
$end
