
$molecule
   O    -1.00294128  -0.41388383   1.54390995
  O     0.67134861   1.88955217   0.14672046
  O    -0.32423913   0.89989413   3.21969589
  O    -2.30657510   4.04247214   3.44309314
  O    -2.15616254   2.85771123   5.33244645
  O     4.06042111  -0.07966623  -1.65024579
  N    -1.58892337   1.67292221   0.08568727
  N     0.77671306  -2.34715620  -4.37845964
  N     2.26062802  -2.23862157  -2.01289679
  N     0.62775146  -2.84642377   0.11029893
  N     3.23857512   0.20898806   0.43772318
  N     1.52956658  -1.09906983   1.35393985
  N     2.35104968   0.74012486   2.51535630
  C    -1.69432104   1.83505910   1.51247834
  C    -3.13273851   1.87578499   1.95968994
  C    -3.29389194   1.87798968   3.46511934
  C    -0.31956826   1.47780988  -0.41526997
  C    -0.23643980   0.64052032  -1.65001439
  C    -0.93919164   0.71809412   2.19932036
  C     0.32346948  -1.24333523  -3.62590819
  C     0.98250791  -3.55445525  -3.55785909
  C    -1.07130234  -0.45384550  -1.83432502
  C     0.81280245   0.84069203  -2.53847764
  C    -0.80709314  -1.37326102  -2.82623422
  C     1.08596445  -0.08040609  -3.52574006
  C    -2.52061234   2.94669775   4.19238577
  C     1.33150049  -3.15812595  -2.14522990
  C     2.37831990  -1.59090023  -0.86347381
  C     0.53229482  -3.48430092  -1.03590431
  C     1.52501964  -1.85427245   0.21319067
  C     3.31738329  -0.45438969  -0.78770167
  C     2.33925439  -0.07197665   1.42765869
  H    -1.18602049   2.75275978   1.80198162
  H    -3.59906909   2.76282665   1.53030009
  H    -3.65621326   1.00187796   1.56261832
  H    -2.99573598   0.92690264   3.90502023
  H    -4.34999928   2.02665416   3.71690864
  H    -2.28846900   1.08406866  -0.33150236
  H     1.77711498  -4.14618979  -4.02266285
  H     0.07427233  -4.16636794  -3.54757734
  H    -1.89013583  -0.65151186  -1.15663253
  H     1.46546928   1.69403583  -2.40446459
  H     1.64097189  -2.09979852  -4.84486902
  H    -1.42491630  -2.25289674  -2.93134913
  H     1.96667056   0.03918838  -4.14247178
  H    -0.22165328  -4.26597615  -1.11219165
  H    -0.20312280  -0.95932971   1.72342184
  H     3.79592820   1.04452447   0.51275780
  H    -1.83138487   4.68156275   3.99075836
  H     1.51608017   0.66145392   3.08774804
  H     2.65964275   1.68599329   2.35123228
$end
$temperature
298.15
$end
$mult
 1
$end
$sigma
 1
$end
$pressure
1.00000
$end
$scale
1.0
$end
$msrrho
$end
$freq
18.12
26.65
39.99
46.98
53.42
64.15
76.98
81.53
99.44
108.02
114.44
129.17
131.80
159.27
173.10
179.92
211.13
224.28
232.42
249.66
272.08
288.11
295.81
330.63
334.33
370.85
376.36
381.58
396.04
400.69
424.59
452.43
463.88
477.90
494.41
523.49
537.50
553.60
558.15
589.41
595.05
600.52
607.81
618.44
637.48
646.15
660.80
676.85
694.44
700.65
704.37
714.52
716.38
728.37
772.57
786.44
811.03
826.53
837.15
846.02
855.92
867.75
880.87
897.29
898.50
930.63
940.05
945.18
954.23
982.32
999.70
1037.93
1052.19
1062.64
1066.89
1069.85
1092.98
1102.02
1120.86
1126.99
1171.41
1174.70
1177.86
1181.44
1201.81
1214.54
1216.49
1220.39
1227.67
1234.82
1247.35
1276.70
1288.86
1291.39
1311.99
1319.30
1340.82
1348.20
1356.33
1375.17
1381.95
1389.92
1400.76
1415.19
1435.27
1450.34
1456.34
1458.19
1469.24
1471.53
1474.92
1514.65
1528.73
1546.81
1569.28
1594.50
1628.40
1645.89
1653.92
1739.38
1753.60
1777.43
1795.92
1814.91
1848.52
1900.37
1901.37
1915.09
3086.81
3098.12
3115.36
3171.72
3198.40
3217.24
3217.62
3262.93
3268.32
3268.77
3280.55
3290.10
3525.44
3617.15
3682.01
3786.01
3821.80
3850.18
3910.79
$end
