
$molecule
   O     2.28717457   1.98735655   2.25183694
  O     2.92571874  -0.66722969   2.55607034
  O     0.64035260   3.16238821   1.36433470
  O    -3.22062941   3.23864160   2.47092397
  O    -3.70200717   1.93055050   4.22382813
  O     2.21548872   0.81832665  -0.97819913
  N     0.71767024  -0.16716925   2.63335168
  N     0.58565457  -3.98442309  -2.45812445
  N     0.90786560  -0.96693725  -2.75787911
  N    -1.71531232  -0.38435394  -3.35034017
  N     0.46331302   2.22805928  -1.17601573
  N    -1.60436210   1.58115848  -2.08045516
  N    -1.41846442   3.49332434  -0.74984787
  C     0.21561655   0.84984171   1.74368967
  C    -1.23319040   1.19004434   1.99078100
  C    -1.47639809   1.88447109   3.30795807
  C     1.81730136  -0.87794509   2.10916335
  C     1.50945850  -1.77530694   0.98015844
  C     1.08101123   2.11200965   1.77466216
  C     0.91793924  -3.31778829  -1.26053387
  C     0.79276864  -3.17671520  -3.66586563
  C     2.50516046  -2.08784318   0.05940529
  C     0.22655818  -2.27861737   0.79579854
  C     2.21314324  -2.85422648  -1.04517315
  C    -0.06651510  -3.04859532  -0.30881244
  C    -2.90956095   2.32907331   3.41376338
  C     0.18906885  -1.81635307  -3.45594619
  C     0.34898488   0.15792756  -2.32830869
  C    -1.14578463  -1.49513860  -3.76205963
  C    -0.99367361   0.46813209  -2.59699465
  C     1.14087254   1.05071565  -1.46338279
  C    -0.88420802   2.39983827  -1.36891303
  H     0.30678868   0.46354485   0.73077169
  H    -1.57603090   1.83385412   1.18803396
  H    -1.80811321   0.26374875   1.94568375
  H    -0.85937255   2.77958049   3.38345917
  H    -1.26320140   1.23357475   4.15532312
  H     0.95245164   0.20083574   3.54661424
  H     0.34138849  -3.70380101  -4.51257358
  H     1.86071080  -3.06118624  -3.84942613
  H     3.50324594  -1.69513831   0.20469849
  H    -0.54924052  -2.05194481   1.51562777
  H    -0.36891811  -4.31908407  -2.41852643
  H     2.97707259  -3.06643873  -1.77834705
  H    -1.07529288  -3.41045681  -0.46368448
  H    -1.75098291  -2.17908089  -4.35600649
  H     2.58021282   1.07084821   2.41951821
  H     0.91333907   2.85382827  -0.52407344
  H    -4.14666831   3.48707468   2.59730964
  H    -0.94181539   3.80300123   0.08766490
  H    -2.42658937   3.51402328  -0.74094132
$end
$temperature
298.15
$end
$mult
 1
$end
$sigma
 1
$end
$pressure
1.00000
$end
$scale
1.0
$end
$msrrho
$end
$freq
12.99
23.42
34.59
38.09
55.72
61.97
69.02
72.03
84.82
97.92
111.04
126.52
133.09
159.96
167.91
181.35
184.54
187.72
219.48
239.19
269.02
279.26
308.11
333.86
354.22
362.81
388.81
400.60
434.31
445.38
449.71
452.15
478.02
495.67
511.10
529.03
553.96
555.32
575.49
581.39
602.03
605.61
611.16
617.42
634.12
650.73
655.49
688.76
699.02
704.50
734.94
739.42
766.47
782.74
791.05
807.65
822.45
826.13
832.50
850.69
858.62
879.91
894.44
901.53
915.59
929.16
941.50
947.07
959.65
980.86
1008.27
1025.72
1033.41
1057.98
1064.07
1069.73
1093.96
1106.19
1120.93
1123.29
1165.50
1167.06
1175.15
1190.24
1193.00
1203.82
1214.83
1217.93
1232.94
1240.09
1273.40
1285.57
1301.09
1310.02
1318.91
1324.73
1334.96
1342.92
1353.70
1358.68
1370.50
1391.32
1404.77
1412.15
1434.06
1450.25
1457.02
1461.64
1465.63
1466.41
1470.16
1487.63
1508.94
1513.02
1569.82
1580.61
1619.74
1637.23
1638.54
1734.56
1742.21
1782.32
1786.76
1808.79
1837.78
1879.22
1902.25
1905.17
3109.83
3145.16
3166.94
3207.14
3220.66
3237.62
3247.43
3268.62
3270.66
3287.10
3291.80
3293.16
3656.53
3665.78
3687.77
3721.91
3792.44
3809.24
3897.47
$end
