
$molecule
   O     0.35243525   1.11519477  -4.58127120
  O    -4.12734900   0.77032130  -4.11540774
  O     0.52966646   1.96482095  -2.52333699
  O    -1.64264653   4.69659145  -0.17100250
  O    -1.46249606   6.66047015  -1.22981757
  O    -0.14165422  -3.82488409   5.55841657
  N    -2.23810068   1.94256712  -4.56697118
  N     0.13402580  -1.46458350   0.23138302
  N     0.78068946  -2.29128083   3.33745641
  N     3.47764091  -2.48179009   2.76671010
  N     1.96296089  -4.59544329   5.86529678
  N     3.79297813  -3.97267867   4.53909455
  N     4.08022971  -5.47609316   6.28903028
  C    -1.21379870   2.77444289  -3.96342837
  C    -1.72176707   3.62220799  -2.82665163
  C    -0.73083573   4.65972803  -2.35123646
  C    -2.97926043   1.00374911  -3.83794761
  C    -2.21425470   0.31654800  -2.75163778
  C    -0.01931171   1.90923211  -3.58353567
  C    -0.66752336  -0.86347342  -0.74250593
  C     0.38595940  -0.77825827   1.48346656
  C    -2.39565637   0.66999295  -1.42495708
  C    -1.30252311  -0.68365859  -3.06248533
  C    -1.62783828   0.09793203  -0.43107120
  C    -0.53987661  -1.26536420  -2.07693928
  C    -1.30568981   5.46785395  -1.22049647
  C     1.29496154  -1.61533841   2.33709743
  C     1.58691303  -3.06399585   4.07199118
  C     2.67375376  -1.72128061   2.06201388
  C     2.95481924  -3.17817834   3.79464003
  C     1.00193983  -3.82004638   5.19997538
  C     3.29150248  -4.64319401   5.52917430
  H    -0.85666955   3.43183061  -4.77071204
  H    -2.63623319   4.11388345  -3.16544200
  H    -1.97775614   2.98023799  -1.99554981
  H    -0.45734400   5.35316175  -3.14783607
  H     0.16868545   4.16941634  -1.98318091
  H    -2.83945660   2.43102567  -5.21884613
  H    -0.55056960  -0.64142611   2.02354525
  H     0.83196615   0.21363417   1.32485690
  H    -3.13543254   1.41386966  -1.15421683
  H    -1.17215395  -1.00358758  -4.08785504
  H     0.96523856  -1.87248973  -0.16925427
  H    -1.76943837   0.40543585   0.59419463
  H     0.18115895  -2.03064719  -2.33425538
  H     3.10891649  -1.15445129   1.24013938
  H    -0.32120077   1.15176010  -5.27084191
  H     1.61623353  -5.16917766   6.61669902
  H    -1.99461354   5.27495198   0.51895990
  H     3.80014363  -5.65439917   7.23978614
  H     5.06863201  -5.34513991   6.13476265
$end
$temperature
298.15
$end
$mult
 1
$end
$sigma
 1
$end
$pressure
1.00000
$end
$scale
1.0
$end
$msrrho
$end
$freq
9.24
9.98
15.65
26.39
30.17
32.31
41.77
57.17
70.58
77.29
85.79
105.51
126.91
140.80
148.30
159.26
164.13
174.39
188.46
216.76
229.29
234.19
259.31
288.14
321.88
343.21
356.25
367.91
387.53
401.81
433.54
448.98
452.56
465.05
483.03
501.43
536.11
544.07
548.80
553.88
573.11
590.35
597.69
599.94
602.21
608.59
631.14
636.20
654.49
666.87
676.19
696.97
709.61
724.33
752.48
787.13
801.13
818.93
821.01
830.91
836.21
864.88
878.79
889.24
905.58
917.21
920.55
932.62
946.77
975.76
1005.87
1019.85
1048.58
1059.32
1061.18
1079.71
1097.57
1099.24
1139.41
1150.20
1153.26
1156.10
1166.21
1178.13
1190.79
1204.42
1205.70
1219.26
1225.16
1227.84
1239.58
1257.46
1289.97
1292.68
1301.80
1324.31
1333.17
1344.85
1345.95
1365.36
1377.47
1382.37
1393.71
1411.01
1425.36
1448.77
1457.09
1465.37
1474.40
1480.39
1489.78
1492.18
1511.10
1512.87
1568.74
1577.55
1616.00
1630.82
1645.23
1734.37
1741.93
1789.85
1792.50
1817.68
1868.50
1896.86
1898.60
1950.57
3071.87
3093.62
3139.67
3157.11
3211.97
3213.66
3244.20
3249.04
3251.82
3268.20
3292.17
3337.87
3691.18
3715.43
3757.52
3817.51
3824.61
3904.40
3947.31
$end
