
$molecule
   O    -0.35903161   1.10842364  -5.95401190
  O     3.88950746  -1.05960453  -3.99260890
  O     1.62171608   1.25423125  -4.93472429
  O    -1.84444383  -1.96619011  -6.53693727
  O    -3.07978662  -2.97618831  -4.97151176
  O     0.83608643  -1.13050063   6.85618200
  N     1.79219605  -1.49861516  -4.73213919
  N     0.62046407   0.56087456   1.27392391
  N    -0.15386515  -0.10563304   4.38572671
  N    -1.66826611   2.19933132   4.54734089
  N    -0.11530651   0.61799209   7.93120261
  N    -1.35760894   2.29436820   6.86205775
  N    -1.06719108   2.35024657   9.16794501
  C     0.52014925  -0.88068013  -4.99860167
  C    -0.52056184  -1.09834531  -3.92094633
  C    -1.94938209  -0.93052597  -4.40699651
  C     2.70286766  -1.03904105  -3.77967981
  C     2.12312257  -0.61702707  -2.46696045
  C     0.67933045   0.60083661  -5.27860146
  C     1.09688655   0.14334379   0.02483847
  C    -0.38078855  -0.21673180   1.97382505
  C     1.54522066  -1.55522323  -1.62606636
  C     2.21270003   0.70237057  -2.04573707
  C     1.03606180  -1.18512225  -0.39424996
  C     1.69525730   1.08210833  -0.82506256
  C    -2.37020679  -2.06390726  -5.30141167
  C    -0.67081614   0.42363456   3.30163365
  C    -0.37886730   0.48872392   5.56107126
  C    -1.44529514   1.59683944   3.40334487
  C    -1.13663255   1.66233281   5.66250544
  C     0.19035522  -0.12397081   6.78071903
  C    -0.85434208   1.77299965   7.93764881
  H     0.15342440  -1.32791716  -5.92411946
  H    -0.39208552  -2.10588243  -3.53193587
  H    -0.35322954  -0.41434726  -3.09398439
  H    -2.06737940   0.00047143  -4.95545639
  H    -2.62694464  -0.92841113  -3.55018695
  H     2.29553253  -1.74646604  -5.57430778
  H    -0.00285354  -1.22116671   2.16094307
  H    -1.31204719  -0.31126148   1.39622548
  H     1.48475624  -2.59330724  -1.93253562
  H     2.67419751   1.43965843  -2.68967229
  H     0.44016122   1.55285615   1.29686147
  H     0.59085099  -1.93285362   0.24554751
  H     1.75809997   2.11652463  -0.51002669
  H    -1.88928591   2.03485704   2.51059796
  H    -0.17872297   2.04639868  -6.10527728
  H     0.20857196   0.22691858   8.80085812
  H    -2.15886415  -2.72176483  -7.05186267
  H    -1.45132536   3.28162228   9.11528308
  H    -0.38238585   2.19272004   9.88933038
$end
$temperature
298.15
$end
$mult
 1
$end
$sigma
 1
$end
$pressure
1.00000
$end
$scale
1.0
$end
$msrrho
$end
$freq
8.47
10.43
15.78
21.30
29.51
31.51
36.43
41.82
73.27
81.94
89.26
106.68
110.88
125.04
148.11
159.84
164.07
183.41
190.51
214.54
231.81
249.35
294.57
309.64
327.19
337.18
345.26
352.91
381.09
389.47
413.64
444.58
446.15
451.96
477.70
485.71
504.45
536.70
547.29
551.64
579.09
583.79
592.77
598.93
604.16
608.48
619.61
641.68
658.37
674.65
682.41
700.38
707.07
749.50
792.03
798.62
817.06
818.51
824.04
831.71
840.55
858.95
874.49
892.09
899.96
915.42
917.03
931.01
944.29
976.76
1006.32
1018.32
1047.65
1058.64
1059.35
1067.26
1091.32
1098.81
1111.99
1124.42
1149.85
1163.53
1174.00
1177.20
1188.22
1189.65
1198.28
1204.95
1215.82
1223.58
1238.59
1253.43
1283.75
1292.48
1295.79
1322.37
1328.28
1339.76
1346.06
1357.16
1368.94
1381.43
1394.03
1428.09
1439.48
1447.46
1453.46
1476.74
1479.44
1479.92
1486.73
1490.03
1499.12
1511.37
1561.96
1577.55
1616.55
1631.09
1644.08
1734.57
1741.99
1788.23
1789.76
1811.01
1857.04
1899.39
1901.05
1930.50
3059.82
3141.18
3183.11
3211.71
3216.29
3233.79
3238.98
3241.90
3256.56
3270.87
3273.34
3285.34
3691.77
3726.13
3762.08
3816.56
3825.10
3899.69
3902.55
$end
