
$molecule
   O    -1.90283491  -4.32598424   3.76735743
  O     3.04674679  -2.21532478   3.97516250
  O     0.23229972  -4.36838180   3.12379751
  O     0.57641280   0.84854711   4.92300978
  O    -0.06848773  -0.25487611   6.75429949
  O    -0.89451987  -0.71844104  -5.42788669
  N     0.90485804  -2.21601956   4.67195392
  N     0.33904934   0.68317097  -1.06125546
  N     0.10160229   1.26381922  -3.65114921
  N     0.37253719   3.80520777  -4.67897400
  N    -1.02292153   0.84628628  -7.06115498
  N    -0.42923232   3.09575104  -6.76116385
  N    -1.19392573   2.35761741  -8.82862088
  C    -0.47088464  -2.53056685   4.48277321
  C    -1.26179486  -1.39501142   3.86759051
  C    -1.52611238  -0.29854061   4.87920373
  C     1.88922849  -2.00378032   3.71422075
  C     1.47594007  -1.34817578   2.42874806
  C    -0.65936591  -3.83678083   3.71247430
  C     0.76300693   0.02084169   0.08634041
  C     0.94055723   1.91910178  -1.47183482
  C     1.78905753  -0.00694572   2.26836194
  C     0.85358387  -2.01860480   1.38369356
  C     1.42568074   0.67909934   1.12380255
  C     0.49848979  -1.34666622   0.23303904
  C    -0.26968300   0.09595762   5.62603941
  C     0.55151620   2.23048424  -2.89342411
  C    -0.22564184   1.52788935  -4.91996086
  C     0.68444012   3.52979430  -3.43681226
  C    -0.09412370   2.80923375  -5.46077965
  C    -0.73240172   0.42317816  -5.75783855
  C    -0.87293170   2.13451530  -7.51075860
  H    -0.86772922  -2.71957139   5.48907766
  H    -0.71043834  -1.00917413   3.02161116
  H    -2.21920828  -1.74731597   3.47679529
  H    -2.23522651  -0.63655080   5.63484868
  H    -1.95667675   0.57853408   4.38587596
  H     1.32055428  -2.59844618   5.50953142
  H     2.03986882   1.89325783  -1.41226585
  H     0.62790764   2.74614633  -0.82053296
  H     2.32400612   0.51474555   3.05276953
  H     0.64370043  -3.07415679   1.46888126
  H     0.10989741   0.08261374  -1.83985345
  H     1.66495238   1.72862717   1.02926383
  H     0.00881702  -1.87764597  -0.57443497
  H     1.05788683   4.34376712  -2.81649899
  H    -2.46547233  -3.77030665   4.31485308
  H    -1.33050084   0.12759250  -7.69616031
  H     0.28515590   0.94251859   4.01168298
  H    -1.24413146   3.33495639  -9.07374127
  H    -1.87350842   1.75401333  -9.26195725
$end
$temperature
298.15
$end
$mult
 1
$end
$sigma
 1
$end
$pressure
1.00000
$end
$scale
1.0
$end
$msrrho
$end
$freq
11.85
14.12
22.38
27.52
36.76
45.52
52.51
68.43
73.57
90.10
97.74
114.52
120.05
134.77
151.70
157.74
162.69
179.04
205.65
211.92
216.51
234.98
286.57
310.70
328.85
347.94
354.27
367.33
388.91
398.37
420.98
439.32
451.79
468.45
469.18
476.77
489.06
493.63
511.96
531.85
540.42
553.28
592.15
599.38
606.93
615.66
624.27
636.50
639.33
668.84
680.05
699.36
706.43
740.49
747.76
771.50
794.73
813.56
819.77
828.94
840.36
861.80
881.08
897.57
912.01
926.92
930.47
934.98
950.27
993.55
1026.93
1032.91
1040.32
1056.31
1071.67
1084.60
1088.62
1098.40
1099.36
1120.67
1139.94
1145.47
1169.06
1172.19
1189.25
1205.02
1210.54
1216.08
1218.99
1222.29
1233.20
1264.44
1281.41
1293.24
1301.37
1312.11
1326.18
1346.84
1351.80
1365.26
1368.06
1389.22
1401.35
1437.30
1444.52
1452.52
1456.63
1467.96
1480.38
1482.16
1488.16
1494.94
1516.23
1519.65
1560.47
1578.35
1613.08
1632.92
1645.55
1737.18
1753.49
1782.64
1789.58
1809.70
1856.88
1895.94
1924.05
1950.28
3035.74
3103.41
3113.60
3128.39
3141.49
3202.68
3208.54
3241.15
3256.77
3276.68
3323.81
3336.10
3692.89
3762.46
3767.99
3814.85
3826.41
3982.17
3998.89
$end
