
$molecule
   O     2.85771572   2.10540684   3.20065471
  O     2.76545987  -1.90134738   0.27632553
  O     0.74042437   1.95519082   2.53457473
  O     4.25568560   4.28516747   1.28928964
  O     2.15593467   3.80912248   0.76534817
  O    -1.40188362  -0.08923317   1.49849414
  N     1.37332511  -0.52178678   1.42443104
  N    -3.37738478  -3.75001117  -0.71916392
  N    -2.86094427  -1.06485016  -0.71143129
  N    -2.86815010   0.49421565  -2.97466866
  N    -0.84974306   1.73657396   0.30754047
  N    -1.56584407   2.12208406  -1.89827903
  N    -0.19254925   3.65335497  -0.81372929
  C     2.36904621   0.49445639   1.54964861
  C     2.71975780   1.11283380   0.21044161
  C     3.81017613   2.15037457   0.28654207
  C     1.65576685  -1.65162938   0.69222769
  C     0.43110530  -2.45470362   0.38843193
  C     1.87609679   1.57099663   2.47959762
  C    -2.04849602  -3.48278548  -0.33720731
  C    -3.88152909  -2.96009583  -1.82638479
  C     0.17586276  -2.79657669  -0.93098791
  C    -0.51421117  -2.75335463   1.36045837
  C    -1.05114651  -3.31348001  -1.29320841
  C    -1.73314706  -3.28368765   1.00560472
  C     3.31380274   3.48181725   0.80025591
  C    -3.40824433  -1.52013454  -1.80479769
  C    -2.26430935   0.12510099  -0.71785445
  C    -3.42282486  -0.69324861  -2.95307884
  C    -2.23309184   0.93018690  -1.86227455
  C    -1.51455171   0.53782545   0.47350370
  C    -0.89080659   2.48710546  -0.84071412
  H     3.27519585   0.06556951   1.98707750
  H     3.04389636   0.29815876  -0.43344107
  H     1.82991305   1.55530424  -0.22201764
  H     4.22233947   2.34508100  -0.71128598
  H     4.63414643   1.80694263   0.91347072
  H     0.40241946  -0.28781431   1.59815325
  H    -4.97782355  -3.01144973  -1.81004126
  H    -3.56471259  -3.39934062  -2.78022004
  H     0.92974854  -2.60952153  -1.68699358
  H    -0.31873132  -2.52294520   2.39959200
  H    -3.98224979  -3.66772110   0.08696073
  H    -1.26551838  -3.52865651  -2.32941146
  H    -2.48969785  -3.44448689   1.76160130
  H    -3.90280919  -1.04037052  -3.86812574
  H     2.48851715   2.84182977   3.70838963
  H    -0.30440185   2.03395837   1.11177459
  H     5.11946383   3.85939829   1.26758336
  H    -0.12375194   4.11898842  -1.70418240
  H     0.56275408   3.77218683  -0.14847432
$end
$temperature
298.15
$end
$mult
 1
$end
$sigma
 1
$end
$pressure
1.00000
$end
$scale
1.0
$end
$msrrho
$end
$freq
24.96
34.69
46.70
55.84
71.34
82.63
99.07
103.81
109.92
118.36
126.17
148.02
153.64
155.34
173.16
182.47
185.83
206.44
210.68
236.86
244.70
284.53
299.50
303.45
347.95
356.26
371.15
380.17
386.82
402.43
446.16
452.06
463.71
496.37
506.24
518.57
525.57
545.17
561.83
590.09
599.69
614.48
622.54
632.39
637.15
641.93
658.91
677.23
688.33
698.55
706.74
719.00
737.79
747.47
776.47
795.43
810.31
831.64
839.12
842.64
864.21
868.66
877.80
887.40
919.93
926.16
937.85
948.24
951.69
995.39
1001.07
1035.61
1048.11
1056.88
1080.37
1093.34
1097.35
1110.29
1144.10
1147.98
1152.47
1166.65
1171.64
1176.39
1195.78
1199.68
1211.13
1215.41
1225.12
1228.20
1247.03
1264.77
1285.37
1302.58
1311.28
1323.16
1331.48
1335.45
1352.55
1359.44
1377.34
1383.44
1407.40
1426.57
1431.45
1448.23
1453.39
1463.19
1464.94
1467.99
1497.43
1506.61
1513.74
1568.12
1579.09
1592.71
1614.21
1644.73
1653.48
1733.55
1752.66
1778.70
1800.01
1815.88
1845.29
1879.96
1910.12
1939.50
3062.42
3084.54
3141.71
3182.82
3186.76
3199.43
3206.65
3243.66
3260.94
3267.34
3289.11
3303.67
3636.20
3661.00
3690.36
3711.98
3818.20
3894.65
3957.02
$end
