
$molecule
   O    -2.36658435   0.04545639   1.86312863
  O     1.85868591   1.67109758  -0.23631457
  O    -2.00779502   2.00211369   0.84154607
  O    -1.60195267   5.81099560   3.93334328
  O    -0.96129626   4.30301970   5.45455765
  O     3.13235036  -1.89623879  -0.48011290
  N     0.69073594   1.66100196   1.69242559
  N    -1.78156694  -3.61346479  -0.93131634
  N     1.02178808  -3.12724888  -1.89575440
  N     0.21027591  -1.92812890  -4.22909338
  N     3.00678471  -0.15652938  -1.91690233
  N     1.60483792  -0.10172790  -3.79680768
  N     2.75921159   1.81214820  -3.11296278
  C    -0.43413950   1.25841940   2.48981383
  C    -0.65979563   2.24247260   3.62248318
  C    -1.02109974   3.62743810   3.15650951
  C     1.03324770   1.13686448   0.47515573
  C     0.29920115  -0.12007274   0.12074849
  C    -1.68148757   1.16138914   1.63185512
  C    -1.13320754  -2.42037798  -0.48966372
  C    -0.91490362  -4.48456918  -1.75729819
  C    -0.58433177  -0.12134605  -0.94568114
  C     0.45659069  -1.26343060   0.88759889
  C    -1.31022020  -1.25927200  -1.23230643
  C    -0.24853471  -2.40857358   0.58029670
  C    -1.18582735   4.59160237   4.31413028
  C    -0.01583829  -3.59666772  -2.55052516
  C     1.63647547  -2.04237955  -2.34360657
  C    -0.37670317  -3.01276340  -3.77638024
  C     1.17637589  -1.36238341  -3.48156345
  C     2.66462498  -1.43014650  -1.48259246
  C     2.41785193   0.48694673  -2.96888221
  H    -0.26410483   0.26660416   2.92099586
  H    -1.45193677   1.86177431   4.26917448
  H     0.24357061   2.28506718   4.23091601
  H    -1.94680607   3.61980940   2.58289777
  H    -0.25867263   4.04096764   2.49454837
  H     1.14907692   2.52925724   1.90779956
  H    -1.55622659  -5.11441717  -2.38631875
  H    -0.29074676  -5.13962917  -1.14072536
  H    -0.71771717   0.77195214  -1.54212265
  H     1.16137710  -1.27397617   1.70869344
  H    -2.15446021  -4.14182144  -0.14921744
  H    -2.00248813  -1.27031021  -2.06184481
  H    -0.08102648  -3.31566725   1.14534563
  H    -1.18739301  -3.43506897  -4.36771223
  H    -3.13762709   0.03475583   1.27990044
  H     3.53901483   0.39690836  -1.26564904
  H    -1.74007759   5.84196803   2.98084015
  H     2.81838144   2.30431470  -2.23032148
  H     2.19410854   2.27186676  -3.81302897
$end
$temperature
298.15
$end
$mult
 1
$end
$sigma
 1
$end
$pressure
1.00000
$end
$scale
1.0
$end
$msrrho
$end
$freq
9.57
19.06
28.98
31.20
41.64
53.80
62.27
65.89
76.70
80.00
102.13
114.29
118.11
126.51
139.64
178.69
181.03
187.27
194.03
217.17
249.78
271.76
284.06
304.73
331.28
340.61
353.09
379.42
388.59
425.30
443.70
453.74
456.84
462.19
484.14
486.69
495.58
506.73
521.71
554.10
566.81
593.64
605.08
614.27
619.81
626.57
645.11
657.43
669.48
692.60
695.50
700.44
706.76
712.83
751.24
779.06
810.00
830.33
835.51
853.56
861.82
865.62
883.46
901.62
913.98
917.43
927.86
940.13
966.79
980.36
999.72
1029.79
1052.35
1060.57
1067.76
1075.01
1082.60
1100.30
1106.23
1124.42
1162.48
1165.73
1176.11
1181.33
1192.41
1198.20
1202.53
1208.75
1216.99
1235.09
1237.89
1275.01
1290.45
1300.25
1301.62
1320.33
1324.14
1329.10
1338.02
1345.69
1354.83
1365.48
1395.80
1410.49
1433.15
1445.66
1449.97
1463.78
1467.23
1493.18
1495.85
1512.30
1520.01
1524.40
1550.61
1581.83
1629.40
1634.97
1643.77
1735.66
1745.70
1784.67
1800.46
1819.57
1848.18
1897.25
1922.22
1925.82
3073.07
3130.31
3156.29
3161.96
3176.99
3209.71
3218.58
3233.88
3265.71
3268.28
3271.89
3289.36
3630.98
3643.96
3777.82
3838.38
3851.46
3904.18
3955.62
$end
