
$molecule
   O    -3.58692054  -2.40331724  -0.60844873
  O    -2.63511749  -4.14550571   2.37650861
  O    -1.86763197  -1.32988520  -1.55371897
  O    -3.12018691  -6.92081223  -3.63636717
  O    -4.11338026  -5.14293626  -4.55899389
  O     4.75740747   2.91151420  -0.32101891
  N    -1.89428767  -4.33369667   0.24400775
  N     0.76443208   1.27934780   1.65424353
  N     2.18968957   3.36466005   0.81195410
  N     1.52893877   5.98706844   1.33691606
  N     5.12627251   5.14654976  -0.31471130
  N     3.58244429   6.72117442   0.48451464
  N     5.64110202   7.42088063  -0.33956376
  C    -1.60327876  -3.64280080  -0.97973919
  C    -1.90245458  -4.51629196  -2.18437417
  C    -3.35234069  -4.93424647  -2.30559993
  C    -1.97694363  -3.68973343   1.47406606
  C    -1.22820775  -2.40175750   1.55459731
  C    -2.34495033  -2.32437453  -1.08756553
  C     0.08127873   0.07201606   1.61965091
  C     0.06774718   2.53255757   1.64312664
  C    -1.89358287  -1.26271843   1.97825884
  C     0.11172496  -2.30326145   1.19334274
  C    -1.25702842  -0.03732133   2.00228520
  C     0.76052688  -1.09099393   1.22964530
  C    -3.58578891  -5.66003976  -3.61674044
  C     1.03221100   3.65163507   1.34895012
  C     3.04042388   4.35577066   0.52687943
  C     0.70926841   5.00344636   1.61355730
  C     2.72310359   5.69182261   0.78210676
  C     4.34723625   4.00935568  -0.06569457
  C     4.73077845   6.43289690  -0.04465833
  H    -0.54239325  -3.37641140  -1.02121400
  H    -1.61335177  -3.96553855  -3.08286741
  H    -1.25857241  -5.39681221  -2.12655214
  H    -4.00495979  -4.06780954  -2.30669526
  H    -3.65643233  -5.57968116  -1.48066716
  H    -2.57315065  -5.07448629   0.18650867
  H    -0.42264023   2.71985553   2.60769895
  H    -0.73434358   2.56117511   0.88930710
  H    -2.93206632  -1.33488854   2.27920138
  H     0.65654754  -3.18704241   0.88400288
  H     1.62320961   1.30250186   1.12412028
  H    -1.79676844   0.84195968   2.32193502
  H     1.80315203  -1.02041161   0.94535944
  H    -0.25058815   5.25568778   2.06279373
  H    -4.00302850  -1.53588666  -0.69410048
  H     6.04859522   4.97362954  -0.68035463
  H    -2.73313057  -7.15654994  -2.78857117
  H     5.25303328   8.35138401  -0.29984725
  H     6.30440307   7.24832146  -1.07747437
$end
$temperature
298.15
$end
$mult
 1
$end
$sigma
 1
$end
$pressure
1.00000
$end
$scale
1.0
$end
$msrrho
$end
$freq
8.25
14.84
15.10
19.29
26.20
37.65
45.30
64.63
68.95
75.88
85.36
97.28
103.60
120.96
135.67
151.82
159.60
163.00
191.51
206.87
217.37
224.53
267.32
281.51
311.45
337.89
348.21
358.58
379.39
388.89
439.09
450.37
452.66
469.00
472.88
485.77
492.89
522.79
532.79
541.09
550.54
559.41
581.59
596.20
602.26
610.97
631.28
639.94
646.36
670.01
678.44
697.48
704.46
716.46
766.95
781.83
800.30
809.72
814.65
826.61
833.10
856.99
865.22
889.84
903.85
914.00
927.65
930.99
950.15
968.17
993.47
1033.18
1041.53
1051.20
1061.89
1082.59
1085.45
1091.11
1099.16
1145.73
1148.28
1168.96
1181.59
1189.94
1205.33
1208.09
1212.10
1213.84
1219.25
1221.86
1234.77
1278.40
1283.65
1302.49
1309.57
1322.64
1334.30
1338.60
1346.96
1369.48
1372.63
1390.42
1395.14
1402.14
1442.27
1458.69
1460.50
1467.07
1474.39
1475.71
1486.55
1491.08
1498.47
1520.29
1566.66
1578.27
1612.91
1632.41
1647.59
1737.57
1754.20
1786.79
1790.39
1809.69
1862.54
1895.61
1919.30
1925.78
3037.83
3109.59
3115.03
3156.06
3184.00
3189.78
3208.71
3243.87
3248.00
3251.98
3278.69
3282.72
3690.56
3766.56
3815.41
3823.91
3831.32
3925.71
3988.60
$end
