
$molecule
   O     5.72953627  -2.13126683   1.46453114
  O     4.57201372   0.52176915   0.39346650
  O     7.10717602  -0.79493575   2.59119279
  O     6.89347905   1.07232021   4.45042690
  O     5.62194010   1.26587664   6.27442669
  O    -6.95057742   0.81794000  -0.47935929
  N     3.61435269  -0.68777587   2.04599684
  N    -1.38347899   0.24907881  -1.93410101
  N    -4.62343702  -0.00045259  -1.90742490
  N    -4.75146774   0.19852563  -4.65942713
  N    -7.94384840   1.33093953  -2.44675944
  N    -6.92682395   1.04342355  -4.54012517
  N    -9.07826003   1.90921469  -4.39946732
  C     4.77138111  -0.46428116   2.87811171
  C     4.52885646  -1.01168153   4.26949411
  C     5.70319075  -0.85684906   5.21392942
  C     3.57568464   0.00884763   0.83701466
  C     2.25316155   0.02972031   0.15189197
  C     5.99472630  -1.13417989   2.27462408
  C    -0.18101856   0.13676545  -1.24927368
  C    -2.34944324  -0.82976537  -1.95951728
  C     1.22312771  -0.85644588   0.44448517
  C     2.05441659   0.96493865  -0.86384601
  C     0.02659693  -0.81107025  -0.24404974
  C     0.86477744   1.02575976  -1.54871403
  C     6.07846828   0.60366438   5.37951458
  C    -3.59991353  -0.36156051  -2.64632871
  C    -5.72232897   0.45655226  -2.51238385
  C    -3.68291803  -0.25663934  -4.04883051
  C    -5.80501354   0.57056420  -3.90706651
  C    -6.87301379   0.85826745  -1.67432521
  C    -7.94253457   1.40252886  -3.81631870
  H     5.01572575   0.59682178   2.92563736
  H     3.66520792  -0.49087921   4.69041766
  H     4.26402650  -2.06950016   4.19252608
  H     6.56432654  -1.42412714   4.86695559
  H     5.41756651  -1.23089653   6.19826047
  H     2.73436365  -0.77723920   2.52667682
  H    -2.61037098  -1.11063639  -0.94002925
  H    -1.95371790  -1.72193470  -2.46592642
  H     1.34561451  -1.61836655   1.20491550
  H     2.85852646   1.64934175  -1.10749748
  H    -1.30020770   0.75155425  -2.80366293
  H    -0.75387394  -1.51665568  -0.00068602
  H     0.72448799   1.76446229  -2.32811126
  H    -2.84183239  -0.56342430  -4.66912573
  H     4.77256137  -2.17302883   1.34154326
  H    -8.74255606   1.66054925  -1.92930612
  H     7.10688467   0.39991825   3.76911439
  H    -9.95047709   1.82264404  -3.90407797
  H    -9.11506366   1.78160395  -5.39941201
$end
$temperature
298.15
$end
$mult
 1
$end
$sigma
 1
$end
$pressure
1.00000
$end
$scale
1.0
$end
$msrrho
$end
$freq
7.00
10.81
20.61
26.32
32.04
45.33
52.71
64.83
78.41
88.68
94.15
121.65
134.60
146.49
148.85
164.26
190.37
202.04
214.80
232.04
233.55
247.41
287.25
312.79
343.84
353.90
357.79
366.59
386.06
399.01
422.17
438.25
453.82
470.88
488.17
499.83
509.76
529.69
534.40
546.60
551.83
569.47
601.05
602.41
630.18
637.49
654.89
662.92
669.74
689.21
701.88
713.34
736.59
782.14
791.57
807.01
818.45
828.93
833.59
857.16
868.94
883.70
896.04
913.83
920.82
929.75
936.49
945.02
952.29
982.37
1006.39
1019.80
1043.51
1056.42
1066.97
1077.32
1087.88
1097.51
1104.27
1147.66
1150.86
1163.16
1170.45
1176.95
1188.78
1203.84
1205.24
1211.85
1224.29
1230.06
1239.86
1276.30
1292.28
1297.55
1318.41
1326.65
1340.33
1348.05
1359.98
1380.60
1385.69
1389.27
1396.22
1405.97
1444.60
1454.94
1456.28
1474.73
1478.83
1492.20
1492.63
1499.33
1512.70
1524.80
1570.41
1577.88
1617.39
1632.57
1643.69
1732.96
1740.00
1776.05
1787.37
1799.89
1867.99
1899.56
1902.71
1920.88
3065.98
3101.06
3145.81
3180.30
3210.61
3219.50
3239.00
3243.30
3244.56
3245.90
3254.22
3288.67
3589.82
3695.54
3779.97
3813.78
3815.15
3829.28
3930.48
$end
