
$molecule
   O    -3.30866676  -0.63423094   5.56099671
  O    -1.64160529  -2.05755857   4.12714404
  O    -2.89907816   1.27080296   6.65101793
  O    -1.70323990   2.62997902   4.44604796
  O    -1.53833920   4.00251796   6.20685228
  O     3.12569892   1.43608911  -4.62326995
  N    -0.77980813   0.01393938   4.40675475
  N    -0.12665394  -0.69514331  -1.93236167
  N     1.08323710  -0.51009824  -4.28421480
  N     0.28245039  -1.85431647  -6.55109201
  N     3.17534307   0.96148745  -6.83822375
  N     1.79867706  -0.64053624  -7.85877439
  N     3.33520548   0.55513985  -9.12872489
  C    -1.04579690   0.01213363   5.81719508
  C    -0.14382242   0.96524972   6.56798357
  C     0.12388589   2.29266909   5.89443377
  C    -1.11930799  -1.06447340   3.63919243
  C    -0.83452917  -0.94028145   2.18727466
  C    -2.52354944   0.29327638   6.06461037
  C    -0.35685725  -0.80919696  -0.57696012
  C    -0.45466669  -1.73342241  -2.86290149
  C    -1.43507434  -1.84228714   1.31542029
  C     0.02074221   0.02744291   1.65824035
  C    -1.20883222  -1.78302289  -0.04326793
  C     0.25895475   0.09381818   0.30555020
  C    -1.11804649   3.07655366   5.57799618
  C     0.14911774  -1.42191992  -4.20737188
  C     1.63596729  -0.24049771  -5.47126045
  C    -0.25044901  -2.10376515  -5.38108056
  C     1.24438956  -0.91089638  -6.63247314
  C     2.68962642   0.79106190  -5.53579311
  C     2.72532132   0.26455200  -7.93203286
  H    -0.86583313  -1.00426459   6.18240631
  H    -0.58101663   1.14351265   7.55049299
  H     0.82437122   0.47694652   6.72130466
  H     0.67667037   2.15150102   4.96531051
  H     0.73677123   2.90920870   6.55583971
  H    -0.82357330   0.91403356   3.95940415
  H    -1.54264161  -1.84138717  -2.96846968
  H    -0.08794655  -2.71902137  -2.53612353
  H    -2.09305498  -2.60081461   1.72246782
  H     0.52436723   0.73054522   2.30998365
  H     0.65872042  -0.12737670  -2.21175825
  H    -1.69388039  -2.48991786  -0.70017926
  H     0.92875157   0.84474050  -0.09498337
  H    -1.02702156  -2.86616296  -5.33011646
  H    -2.77735415  -1.31419118   5.09254699
  H     3.92838371   1.62229008  -6.94161478
  H    -2.54486886   3.09162197   4.33731405
  H     3.73381436   1.47175914  -9.25066141
  H     2.86504717   0.16191107  -9.93007170
$end
$temperature
298.15
$end
$mult
 1
$end
$sigma
 1
$end
$pressure
1.00000
$end
$scale
1.0
$end
$msrrho
$end
$freq
11.67
12.74
23.24
29.81
40.78
55.76
59.68
77.03
93.02
99.59
108.26
119.70
143.75
150.70
152.14
162.74
175.04
198.60
207.74
210.68
243.05
276.20
295.18
308.64
346.61
350.37
359.57
365.04
382.28
388.80
427.08
447.65
464.64
469.02
485.35
489.81
516.15
532.70
543.56
547.07
558.20
572.23
592.36
601.13
606.26
617.04
637.88
644.95
657.33
675.89
700.50
703.29
719.82
777.26
785.56
805.01
813.44
827.74
832.05
845.92
854.69
883.83
895.71
909.28
930.02
931.58
945.47
953.08
968.66
993.35
1022.88
1032.49
1033.08
1050.86
1063.95
1083.80
1087.27
1096.43
1098.26
1135.83
1145.44
1170.74
1190.59
1196.34
1206.41
1210.08
1213.27
1219.17
1224.49
1233.01
1267.05
1281.50
1285.20
1292.39
1302.77
1308.86
1338.08
1348.11
1354.63
1376.66
1391.71
1402.36
1410.91
1429.94
1438.66
1449.36
1457.32
1459.55
1487.24
1491.20
1499.46
1507.84
1520.90
1564.18
1574.65
1578.47
1612.95
1633.43
1654.21
1736.99
1754.07
1767.45
1788.76
1794.68
1807.84
1895.24
1926.57
1939.50
3036.50
3099.08
3113.07
3129.80
3167.40
3200.13
3208.30
3217.15
3243.93
3254.08
3256.57
3283.73
3557.28
3692.88
3783.31
3814.40
3826.47
3856.91
3931.11
$end
