
$molecule
   O    -1.95543352   0.37991039  -5.42092226
  O     0.32867798  -0.46726237  -1.56574290
  O    -2.43426437  -0.74514120  -3.54333382
  O     3.33489741   1.88538286  -1.82355289
  O     2.94330172   0.18869854  -3.20507607
  O     0.75166612   1.99887556   1.12238571
  N    -1.26810758   1.10635667  -1.96489820
  N    -2.67213871  -1.03295473   3.94832904
  N     0.02848981   0.26249449   3.25437454
  N     1.32980527  -2.15767434   3.36221215
  N     2.19924623   0.43406104   0.39589272
  N     2.45867092  -1.67595455   1.37272631
  N     3.51102775  -1.17574179  -0.64824370
  C    -1.07697051   1.22695418  -3.38174794
  C     0.35710220   1.09369369  -3.82737402
  C     1.30006794   1.94691966  -3.01723527
  C    -0.68438379   0.09962448  -1.22991960
  C    -1.37866180  -0.20205902   0.05805044
  C    -1.90088326   0.17150596  -4.10022642
  C    -2.39358467  -0.79734350   2.57662411
  C    -1.64313388  -0.42234993   4.81709001
  C    -1.99743229   0.78461600   0.81315566
  C    -1.33213766  -1.50148419   0.53973975
  C    -2.49935811   0.48784026   2.06221507
  C    -1.85137670  -1.80362214   1.78011666
  C     2.58688661   1.23590915  -2.73608747
  C    -0.30579567  -0.62370967   4.16499425
  C     0.97341640  -0.03721498   2.37077527
  C     0.40070338  -1.83794267   4.23187942
  C     1.60817759  -1.28816384   2.37123067
  C     1.25966096   0.92255450   1.28983063
  C     2.69483316  -0.83861522   0.40565203
  H    -1.47660428   2.20674696  -3.67894492
  H     0.66030033   0.06192737  -3.72383076
  H     0.41587545   1.34553845  -4.88705387
  H     0.87792296   2.20692803  -2.05026514
  H     1.54820335   2.89241278  -3.50855068
  H    -2.19659375   1.34171253  -1.65291505
  H    -1.71076444  -0.88294992   5.80779249
  H    -1.82976459   0.64777019   4.90773109
  H    -2.02259379   1.80871839   0.46663451
  H    -0.84826252  -2.26862018  -0.05141532
  H    -2.71299298  -2.03065665   4.11995531
  H    -2.91904645   1.26743693   2.68175288
  H    -1.76723959  -2.81018524   2.16792729
  H     0.16944691  -2.56324012   5.01095988
  H    -2.48908155  -0.32631645  -5.81001622
  H     2.46365762   1.05910318  -0.34718690
  H     4.18487759   1.42853968  -1.74372104
  H     3.21639477  -0.84948787  -1.56152830
  H     3.76329602  -2.15354135  -0.62023915
$end
$temperature
298.15
$end
$mult
 1
$end
$sigma
 1
$end
$pressure
1.00000
$end
$scale
1.0
$end
$msrrho
$end
$freq
20.06
27.16
43.32
47.77
54.06
62.03
76.81
82.81
93.65
107.48
118.57
122.78
139.65
149.53
160.24
183.12
194.73
202.72
247.31
258.35
272.74
277.10
290.76
319.98
344.84
357.36
371.55
387.69
401.50
429.97
452.11
454.66
477.47
482.44
501.49
505.38
536.28
557.10
559.66
567.91
583.06
602.95
609.08
626.10
648.58
653.82
666.86
679.70
693.79
695.24
701.13
707.14
711.89
758.06
776.01
802.78
810.33
818.01
837.13
842.95
861.21
875.90
876.92
902.83
917.78
928.94
941.43
942.99
949.78
1005.91
1008.53
1023.48
1029.74
1049.69
1060.68
1064.46
1095.07
1100.81
1125.55
1143.21
1155.42
1165.72
1170.59
1175.24
1189.42
1190.36
1196.03
1212.95
1216.05
1238.34
1242.47
1263.73
1291.11
1303.13
1309.80
1316.90
1319.70
1335.62
1345.25
1362.78
1374.87
1378.97
1397.37
1412.75
1424.34
1443.12
1445.07
1450.40
1454.86
1469.88
1478.99
1516.16
1517.75
1562.18
1574.00
1591.82
1625.96
1639.63
1647.15
1736.89
1744.19
1785.73
1799.34
1821.59
1866.03
1892.54
1911.83
1922.72
3106.45
3116.51
3123.92
3165.88
3208.79
3216.10
3248.46
3260.54
3267.03
3276.30
3284.42
3333.25
3630.04
3666.02
3772.08
3810.89
3847.65
3888.96
3899.20
$end
