
$molecule
   O     3.22683376   1.86245883  -5.36371952
  O     3.02461346   0.19171406  -3.43958613
  O     3.52444669   4.07990486  -5.31334473
  O     7.94726363   2.00212906  -2.01430038
  O     6.86844059   0.50591502  -0.75127013
  O    -4.11779942   0.46103856   4.36794995
  N     2.75193807   2.23949383  -2.53425893
  N    -1.47210310  -1.23187504   0.84664755
  N    -3.59358212  -1.52212904   2.40233331
  N    -5.16514699  -3.78221653   2.49097272
  N    -5.78306625  -0.83435018   5.19463995
  N    -6.35824067  -2.93298300   4.31789191
  N    -7.50574078  -2.08119757   6.15095905
  C     3.79698425   2.89370357  -3.28271000
  C     5.14236479   2.23696849  -3.08545547
  C     5.59560699   2.31676376  -1.64448897
  C     2.46170011   0.91250559  -2.62632759
  C     1.42604687   0.39737715  -1.69689242
  C     3.48547809   3.00567599  -4.77542716
  C    -0.53276570  -0.70808836  -0.01283336
  C    -2.33296102  -2.32001947   0.49087470
  C     0.83466011  -0.82644844  -1.99454528
  C     1.03174004   1.05955637  -0.53245593
  C    -0.13021006  -1.37360491  -1.17724133
  C     0.07467094   0.52157148   0.29446375
  C     6.85511223   1.50692615  -1.40910728
  C    -3.40314711  -2.48466723   1.53809082
  C    -4.55393723  -1.65229643   3.32313060
  C    -4.21830629  -3.63975238   1.59761460
  C    -5.36326137  -2.78923519   3.38371496
  C    -4.74459657  -0.55929005   4.29639820
  C    -6.54201411  -1.97828283   5.17717046
  H     3.83120009   3.92470951  -2.91828809
  H     5.07744320   1.19745882  -3.38734331
  H     5.86438054   2.72672184  -3.74242901
  H     4.83690042   1.90619540  -0.98454120
  H     5.77927577   3.35401277  -1.34975871
  H     2.10307529   2.81391572  -2.02639992
  H    -1.76821031  -3.25742680   0.39583682
  H    -2.81941307  -2.16459287  -0.48456699
  H     1.14435410  -1.34950312  -2.89132274
  H     1.48645130   2.00038725  -0.24645941
  H    -1.86075184  -0.60646642   1.53582073
  H    -0.57696572  -2.32261605  -1.43462180
  H    -0.22073071   1.04091456   1.19778948
  H    -4.06846415  -4.44936443   0.88415456
  H     3.20968009   1.12249235  -4.71391399
  H    -5.93593855  -0.14387809   5.91181915
  H     7.73119831   2.80253142  -2.50131684
  H    -8.15421007  -2.83970401   6.00273090
  H    -7.89029652  -1.23305399   6.53392249
$end
$temperature
298.15
$end
$mult
 1
$end
$sigma
 1
$end
$pressure
1.00000
$end
$scale
1.0
$end
$msrrho
$end
$freq
9.37
12.00
17.80
24.13
28.75
40.95
45.26
61.15
77.83
83.79
87.23
100.02
105.05
133.19
146.14
152.30
162.85
195.68
200.14
210.78
240.31
245.93
295.28
309.32
332.81
346.11
353.54
368.61
373.17
387.52
410.92
436.51
447.50
458.63
469.42
477.88
486.22
489.98
516.51
532.03
547.10
558.73
583.76
601.59
604.83
612.90
637.87
639.79
664.90
699.37
703.78
716.50
736.83
767.83
779.06
787.25
813.78
826.44
833.44
851.87
862.38
881.97
896.56
915.11
925.76
931.07
946.14
956.72
969.73
993.37
1004.21
1032.38
1037.84
1049.22
1064.79
1081.36
1087.04
1098.08
1118.81
1140.78
1145.42
1159.14
1173.64
1190.76
1206.58
1208.98
1212.09
1219.35
1225.41
1231.42
1267.47
1283.77
1288.86
1304.03
1330.99
1338.59
1348.36
1349.38
1359.43
1361.24
1379.73
1395.96
1407.25
1409.95
1419.61
1458.69
1459.73
1472.00
1486.96
1489.92
1499.09
1500.58
1521.30
1566.97
1578.53
1583.45
1613.00
1633.77
1658.81
1736.85
1754.09
1765.25
1788.24
1793.07
1809.05
1895.03
1916.85
1921.14
3038.10
3113.26
3114.96
3143.65
3176.29
3208.24
3242.06
3247.96
3250.12
3257.93
3284.64
3286.37
3482.96
3693.31
3784.59
3814.05
3826.96
3855.96
3987.84
$end
