
$molecule
   O     0.04348907   4.78388254   1.58276178
  O     2.05379814   1.24341360   0.68555503
  O     0.74416237   5.95002978  -0.19615962
  O     3.36180388   2.69437639  -1.75820942
  O     2.77647703   0.62575624  -2.31538684
  O    -0.91775343   0.20846213  -1.16224755
  N     0.19054350   2.49515228   0.33733470
  N    -2.56890960  -2.53075090   3.05726454
  N    -2.09449126  -2.04673873   0.10473694
  N    -0.88105268  -4.47936066  -0.33084609
  N     0.77265789  -1.12118245  -1.83283494
  N     0.82207413  -3.45276789  -1.55534203
  N     2.59127631  -2.32498669  -2.57425919
  C     0.92526807   3.56665904  -0.27282783
  C     0.77058575   3.63223972  -1.76585850
  C     1.11021666   2.32747896  -2.43749862
  C     0.86444091   1.39408367   0.83693945
  C    -0.00848787   0.43565252   1.57768923
  C     0.55427096   4.90789000   0.36303064
  C    -1.65978325  -1.50051684   2.71188750
  C    -3.42200113  -2.89446528   1.91141135
  C    -1.33137785   0.72933911   1.88766892
  C     0.50174326  -0.80641262   1.92620984
  C    -2.14521343  -0.22535327   2.45205162
  C    -0.30961301  -1.76550128   2.49609984
  C     2.48198417   1.79289316  -2.15517796
  C    -2.53093712  -3.11923534   0.72171781
  C    -1.03417646  -2.14202737  -0.69412762
  C    -1.92548099  -4.36291797   0.45197068
  C    -0.36199369  -3.36080112  -0.87992279
  C    -0.45385172  -0.90455312  -1.24119319
  C     1.37355368  -2.34540603  -1.96397857
  H     1.97199883   3.40824881  -0.02037842
  H    -0.26287043   3.87914928  -2.01828514
  H     1.39585107   4.44197401  -2.13702910
  H     1.04648052   2.43554264  -3.52653949
  H     0.40086356   1.55574313  -2.15375990
  H    -0.73434542   2.29741992  -0.01128702
  H    -4.10888933  -2.07639108   1.69842420
  H    -3.99787749  -3.78752820   2.17453107
  H    -1.74990159   1.70236205   1.67533922
  H     1.53855082  -1.02732441   1.70480338
  H    -2.06615033  -3.34704604   3.38478286
  H    -3.18460963  -0.00869030   2.65535841
  H     0.08598231  -2.75051661   2.70785238
  H    -2.31241416  -5.27024765   0.91472634
  H    -0.04062740   3.83931365   1.76985496
  H     1.33388767  -0.32092041  -2.10576079
  H     4.19068832   2.24171070  -1.55043178
  H     3.07546877  -1.44023948  -2.61789104
  H     3.12469162  -3.17689154  -2.51276929
$end
$temperature
298.15
$end
$mult
 1
$end
$sigma
 1
$end
$pressure
1.00000
$end
$scale
1.0
$end
$msrrho
$end
$freq
17.98
32.03
43.34
51.75
58.86
66.93
74.24
83.43
100.01
101.32
120.98
123.83
137.93
160.82
170.72
180.35
188.29
197.00
235.06
255.43
281.91
288.78
298.34
334.41
360.73
371.85
376.26
392.00
430.36
444.33
449.18
462.82
468.29
471.65
486.48
519.88
524.93
532.47
541.67
561.77
578.94
590.14
602.76
616.66
617.06
646.51
662.14
684.07
692.24
699.69
704.89
714.64
716.28
766.69
783.06
795.10
798.19
822.52
825.06
849.49
865.30
867.77
873.60
898.37
911.71
929.62
936.92
942.56
949.82
1005.13
1025.75
1042.01
1042.89
1054.84
1060.05
1069.45
1093.92
1096.86
1102.12
1128.04
1168.52
1171.55
1175.71
1189.27
1198.14
1206.96
1213.32
1218.04
1228.66
1240.50
1243.71
1267.26
1286.57
1299.08
1310.49
1321.20
1336.30
1342.10
1350.42
1374.95
1389.65
1398.41
1415.55
1423.74
1429.85
1433.24
1450.70
1453.08
1466.37
1472.23
1486.21
1509.54
1512.28
1554.76
1566.90
1583.96
1623.80
1642.80
1645.82
1734.02
1742.92
1784.74
1797.79
1819.06
1851.57
1858.20
1885.90
1929.84
3103.58
3109.98
3134.82
3206.39
3224.54
3229.89
3255.80
3264.32
3269.13
3276.34
3279.27
3288.74
3670.31
3673.62
3699.63
3816.02
3840.20
3907.45
3910.64
$end
