
$molecule
   O    -2.58353990   4.36642808   2.12310757
  O    -0.31990721   4.45074331   0.06489340
  O    -1.30599913   5.88727887   3.15877898
  O     2.67518112   2.17527509   4.52016702
  O     1.25819665   1.21993455   3.08624336
  O     0.54033374  -3.74792356   1.11072822
  N    -0.50007220   2.81674665   1.61284993
  N     0.73893357  -0.56890530  -3.74233620
  N     0.56059741  -3.10430962  -1.66060683
  N    -1.38564300  -4.30055873  -3.20745844
  N    -1.20475715  -5.14392870   0.74637941
  N    -2.20447450  -5.46505679  -1.35103300
  N    -3.02446257  -6.58323517   0.51473530
  C    -0.36721024   3.73999736   2.70766816
  C     0.99654112   4.37729652   2.80600779
  C     2.12586577   3.39380442   2.56146543
  C    -0.26977978   3.27367582   0.32929211
  C     0.00920742   2.21667307  -0.68732002
  C    -1.45803615   4.80390008   2.67354103
  C     0.52949831   0.34252306  -2.71194326
  C     1.42236032  -1.82149307  -3.52932285
  C     0.45024243   0.93554380  -0.37601047
  C    -0.15553479   2.55225205  -2.03066578
  C     0.71179397   0.01156833  -1.36996554
  C     0.09228524   1.63799456  -3.02690360
  C     1.97102324   2.14874306   3.38633866
  C     0.48296360  -2.84103368  -2.94222484
  C    -0.31364372  -3.95880502  -1.12224309
  C    -0.52155687  -3.45613160  -3.71744496
  C    -1.30581800  -4.57779154  -1.89079561
  C    -0.23101633  -4.22721851   0.32744660
  C    -2.13324312  -5.72243389  -0.08188245
  H    -0.56604647   3.15226058   3.61339928
  H     1.07558805   5.17447734   2.07134149
  H     1.09437574   4.83569569   3.79079363
  H     3.08478305   3.85710880   2.80013595
  H     2.14326673   3.08878332   1.51681622
  H    -0.17062692   1.88655354   1.82096951
  H     2.27666294  -1.72609121  -2.85639672
  H     1.78885230  -2.16718108  -4.50227622
  H     0.62346260   0.63059905   0.64805023
  H    -0.48616040   3.55342915  -2.28011954
  H     0.87483070  -0.14170474  -4.64410690
  H     1.05917239  -0.97184199  -1.09710655
  H    -0.05057881   1.91208132  -4.06483437
  H    -0.59744319  -3.23496119  -4.78048260
  H    -2.41172853   3.49429570   1.74903425
  H    -1.22844009  -5.33590313   1.73466556
  H     2.51030033   1.34748151   4.99311703
  H    -2.73182269  -7.06598302   1.34862686
  H    -3.56877700  -7.12065311  -0.14311314
$end
$temperature
298.15
$end
$mult
 1
$end
$sigma
 1
$end
$pressure
1.00000
$end
$scale
1.0
$end
$msrrho
$end
$freq
6.60
11.34
16.18
23.63
38.71
48.73
55.43
64.05
69.91
85.84
95.93
113.01
120.17
147.98
153.76
164.81
170.43
182.74
220.11
222.58
239.97
272.76
306.72
307.86
343.89
355.36
356.71
369.54
392.05
403.64
415.40
449.87
451.80
468.45
477.67
491.93
502.70
533.69
543.46
551.37
581.59
586.14
597.50
598.27
599.10
603.64
629.41
644.71
649.83
679.71
688.84
700.48
708.47
721.82
777.31
789.80
791.04
818.77
819.92
840.97
842.31
859.94
870.06
898.70
902.50
918.78
929.64
935.86
952.44
1004.27
1019.88
1022.14
1054.58
1058.21
1061.07
1067.94
1087.58
1095.53
1096.61
1123.83
1152.18
1157.66
1169.05
1181.48
1200.95
1205.88
1214.21
1216.25
1229.98
1233.53
1254.24
1264.12
1282.79
1291.12
1310.00
1322.39
1341.57
1346.62
1357.18
1362.96
1385.00
1390.45
1397.79
1401.64
1433.62
1443.08
1450.87
1460.38
1461.90
1482.87
1486.50
1505.13
1513.23
1545.82
1569.87
1578.25
1613.60
1632.18
1648.50
1736.04
1747.79
1780.17
1789.81
1802.39
1864.46
1882.51
1896.26
1936.84
3098.63
3130.34
3140.60
3157.62
3202.83
3220.92
3234.99
3241.95
3248.85
3255.99
3272.32
3331.73
3691.99
3784.34
3808.07
3816.61
3825.50
3887.31
3954.67
$end
