
$molecule
   O     1.40675564  -2.94805448  -1.98703178
  O    -0.16559650  -3.31020862   0.05841721
  O     1.55310728  -1.45958221  -3.60888978
  O     0.19761048   2.49422972  -2.08858905
  O    -0.53967116   1.11731380  -0.41645794
  O     2.54548533  -1.57157278   1.84143456
  N    -0.95289002  -1.44454662  -0.95558423
  N    -1.24264626   1.61611059   4.07125654
  N     1.08756548   0.79871866   2.38457582
  N     1.11573264   2.49159922   0.27512345
  N     2.15288403  -1.26044189  -0.35845491
  N     1.15303558   0.56963626  -1.29165718
  N     1.51908849  -0.07189040  -3.96263728
  C    -0.53875265  -1.70510068  -2.28829607
  C    -1.18670286  -0.71849000  -3.20044631
  C    -1.08937963   0.72772535  -2.77483774
  C    -0.75315044  -2.24333252   0.12935176
  C    -1.21425952  -1.54736293   1.36800254
  C     0.99282346  -1.71338679  -2.37208056
  C    -1.40401958   0.43723718   3.31340309
  C     0.08897476   2.26463274   3.93433382
  C    -0.52412328  -1.67525676   2.56389774
  C    -2.17474435  -0.53949542   1.26411300
  C    -0.63251416  -0.69833205   3.53832466
  C    -2.27248082   0.43810559   2.21902496
  C    -0.11143522   1.23240859  -1.74343060
  C     0.66023348   2.02553245   2.57175879
  C     1.27265044   0.33150641   1.16611361
  C     0.83838530   2.91280208   1.47868284
  C     0.85108677   1.13320603   0.04118763
  C     2.04600160  -0.87030652   1.01317204
  C     1.48588126  -0.69548357  -1.33407646
  H    -0.82835446  -2.71578241  -2.58776424
  H    -0.77571141  -0.84480662  -4.19882269
  H    -2.24750223  -0.97697936  -3.27303084
  H    -2.04062664   1.06204989  -2.35458422
  H     1.28545601  -0.09899893  -4.94984858
  H    -1.05669179  -0.47077053  -0.71480083
  H     0.76355732   1.82051887   4.67043449
  H    -0.03646912   3.32668360   4.16884110
  H     0.18679693  -2.48108929   2.69128213
  H    -2.80670613  -0.47382628   0.38990862
  H    -1.97360673   2.27204131   3.82538228
  H    -0.01250918  -0.74865743   4.42117824
  H    -2.95027117   1.26841344   2.07018384
  H     0.86496253   3.99045885   1.65004501
  H     0.81957000  -3.28106954  -1.26028361
  H     2.41881256  -2.22486334  -0.51135329
  H     0.64469999   2.90327522  -1.31947986
  H     2.49305161   0.21350807  -3.91229870
  H    -0.91339366   1.34197410  -3.65469309
$end
$temperature
298.15
$end
$mult
 1
$end
$sigma
 1
$end
$pressure
1.00000
$end
$scale
1.0
$end
$msrrho
$end
$freq
63.30
81.45
86.39
99.86
115.80
126.48
130.49
152.03
172.50
184.59
204.63
212.51
224.55
232.85
260.98
273.02
277.54
289.31
298.80
300.32
324.56
347.00
354.92
368.07
385.16
396.02
421.99
425.40
442.70
459.39
464.87
494.83
508.82
513.58
549.19
553.07
562.57
596.47
615.51
622.90
636.10
654.33
666.90
689.57
694.76
697.11
726.27
746.23
757.16
774.34
781.22
786.12
795.09
801.12
819.34
840.82
846.78
857.08
863.82
871.89
881.92
897.83
918.62
945.08
966.46
978.37
986.03
1017.01
1021.39
1030.85
1034.21
1041.45
1048.96
1057.10
1070.47
1084.48
1102.96
1128.56
1131.00
1140.71
1165.93
1168.29
1206.78
1213.54
1220.22
1229.11
1230.32
1259.89
1273.11
1279.68
1285.87
1291.86
1297.83
1306.34
1315.17
1317.44
1325.71
1329.00
1347.17
1354.17
1363.48
1394.44
1407.19
1420.53
1429.21
1434.45
1438.49
1445.12
1447.37
1456.89
1471.06
1481.71
1492.86
1512.91
1549.24
1562.25
1587.45
1596.62
1618.16
1644.94
1646.22
1706.75
1750.48
1786.20
1803.39
1807.57
1828.06
1913.09
3091.25
3113.50
3137.09
3183.31
3187.70
3190.82
3231.55
3240.15
3256.72
3275.78
3284.23
3293.95
3361.98
3511.88
3619.38
3653.40
3678.17
3758.54
3805.86
$end
