
$molecule
   O     0.57174215   1.58298634   6.15623224
  O     2.15371790   3.40822031   2.04974948
  O     0.11134244   0.10753220   4.53894210
  O    -2.07680033   2.52544906   1.54103370
  O    -0.61649766   3.84711455   0.49501891
  O    -0.27750828  -4.37121812  -0.04750758
  N     0.62763753   1.83726327   2.59175673
  N     2.20024713  -0.15287879  -3.28616243
  N     0.60988505  -2.89917772  -2.31541470
  N    -1.24751818  -2.50399174  -4.31785839
  N    -2.29561391  -4.63320967  -1.03967009
  N    -2.84504604  -3.74136911  -3.13814562
  N    -4.42742633  -4.94434664  -1.93183322
  C     0.41928936   2.37037032   3.89036924
  C    -0.87496597   3.15761782   3.96884978
  C    -0.97221582   4.16336247   2.84780924
  C     1.57714102   2.38445306   1.76292327
  C     1.75639195   1.66130826   0.47085811
  C     0.36333161   1.22488485   4.88839418
  C     2.07663847   0.41885053  -2.01836334
  C     2.29415570  -1.58143231  -3.46310173
  C     1.59821761   0.28901638   0.33911397
  C     2.09062300   2.40873989  -0.65446875
  C     1.76191588  -0.33041459  -0.88656500
  C     2.24273708   1.80403096  -1.88068311
  C    -1.17551844   3.51784689   1.50561267
  C     0.92873909  -2.21082278  -3.38401243
  C    -0.62276924  -3.40619105  -2.21781434
  C    -0.03402835  -2.01264807  -4.39522701
  C    -1.57690094  -3.21893727  -3.22346954
  C    -0.97647473  -4.16023464  -0.99842142
  C    -3.16374932  -4.42007624  -2.08010808
  H     1.26221842   3.02542198   4.12020968
  H    -1.71593494   2.47183821   3.90710412
  H    -0.94304794   3.67133148   4.93298118
  H    -0.07829939   4.78069253   2.77880546
  H    -1.83034682   4.82409566   3.01535570
  H     0.26113624   0.92000382   2.41191089
  H     2.92785453  -2.06502470  -2.71684408
  H     2.73168305  -1.76305545  -4.45147028
  H     1.36665109  -0.32968251   1.19855611
  H     2.21407536   3.47945746  -0.55353538
  H     2.75720526   0.39810857  -3.91994364
  H     1.64832050  -1.39997655  -0.95787552
  H     2.48681491   2.39748996  -2.75296945
  H     0.22207877  -1.43194945  -5.27923344
  H     0.78034574   2.52121977   6.20893489
  H    -2.61146162  -5.11929426  -0.21613634
  H    -2.17516061   2.18805883   0.64117253
  H    -4.53393669  -5.76171703  -1.35312706
  H    -4.97091528  -4.92911677  -2.78173217
$end
$temperature
298.15
$end
$mult
 1
$end
$sigma
 1
$end
$pressure
1.00000
$end
$scale
1.0
$end
$msrrho
$end
$freq
7.13
9.50
15.63
24.73
36.44
46.34
56.50
60.11
67.97
77.17
97.14
101.27
125.92
142.95
145.99
156.36
166.21
173.91
207.73
241.21
266.61
274.72
298.06
305.19
333.69
342.54
344.73
358.52
378.84
393.11
418.72
425.23
452.00
458.84
475.13
491.33
493.52
507.17
512.45
539.10
549.49
554.67
578.26
590.64
598.25
603.38
605.41
622.08
644.45
666.48
680.33
700.61
709.70
722.13
734.83
779.71
792.00
812.97
820.23
841.53
847.13
857.30
863.92
898.26
915.84
918.44
924.72
935.21
954.88
1004.39
1019.05
1024.35
1047.51
1055.57
1060.18
1064.14
1089.67
1095.01
1096.55
1145.51
1152.29
1156.71
1163.69
1177.37
1192.29
1201.08
1215.47
1216.61
1222.82
1233.90
1258.05
1263.40
1287.70
1292.22
1303.80
1318.96
1337.15
1345.72
1347.94
1364.56
1380.76
1389.61
1393.48
1398.46
1435.94
1448.59
1449.84
1463.10
1467.60
1472.75
1480.52
1484.13
1513.12
1562.78
1577.09
1579.36
1613.23
1631.58
1649.90
1736.45
1748.17
1785.45
1790.00
1807.36
1854.59
1897.41
1910.95
1933.63
3094.62
3100.22
3108.39
3199.08
3207.88
3223.92
3224.61
3240.47
3243.84
3248.78
3268.24
3332.76
3690.31
3771.48
3815.56
3823.53
3884.14
3919.72
3968.62
$end
