
$molecule
   O     0.54287492  -4.97546258  -2.15498350
  O     1.18027774  -2.54369020  -2.69053636
  O    -0.53135907  -5.83784214  -0.39408819
  O    -0.69135736  -0.17027352   2.63313377
  O    -1.60446363  -0.94995874   0.78052679
  O     1.31269817  -0.05693763  -0.13559587
  N    -0.40018027  -2.53015027  -1.07306054
  N    -1.20580267   3.41942487  -2.62360036
  N    -0.23088231   2.34202195  -0.21448138
  N    -0.36675502   3.75430519   2.13795798
  N     2.08565625   0.55631845   1.88847038
  N     1.16840149   2.30261624   3.14854599
  N     2.71329423   0.85234281   4.11417327
  C     0.19973292  -3.56329194  -0.28203424
  C    -0.39801966  -3.56131453   1.09986519
  C    -0.03147443  -2.35723944   1.93967395
  C     0.24108633  -1.98589251  -2.14013597
  C    -0.25962839  -0.64087349  -2.52238764
  C     0.02102735  -4.92684161  -0.95207345
  C    -0.93448797   2.04356222  -2.73304164
  C    -1.77584840   3.83983235  -1.36576586
  C    -1.54556413  -0.21619717  -2.21385948
  C     0.63932892   0.26471194  -3.06337337
  C    -1.88698870   1.10868254  -2.33857021
  C     0.30891320   1.59769706  -3.17414174
  C    -0.86464222  -1.11756871   1.70995967
  C    -0.98091891   3.41087516  -0.14578966
  C     0.46989175   1.96054786   0.84891776
  C    -1.04672762   4.11842736   1.07554741
  C     0.42284705   2.67014204   2.05004861
  C     1.29459944   0.74619538   0.75332032
  C     1.97016590   1.29818596   3.03688671
  H     1.28166722  -3.39348884  -0.22837052
  H    -1.47835359  -3.64006427   1.01582647
  H    -0.05546392  -4.45900512   1.61721054
  H     1.00565471  -2.06412929   1.77016654
  H    -0.12384842  -2.60943544   3.00159096
  H    -1.04004354  -1.92572237  -0.57939937
  H    -2.78859532   3.43518852  -1.26705458
  H    -1.87008072   4.93235697  -1.36830246
  H    -2.28841459  -0.91535522  -1.85586465
  H     1.62677547  -0.08028803  -3.34227105
  H    -0.39379294   3.96886795  -2.86846802
  H    -2.88155626   1.43637466  -2.07697023
  H     1.03878933   2.31093610  -3.53465050
  H    -1.67435350   5.00473620   1.16078901
  H     0.89267226  -4.09105113  -2.42560022
  H     2.70495961  -0.23646193   1.86516243
  H    -0.10879257  -0.46199930   3.34000957
  H     3.59777590   0.41382374   3.90672877
  H     2.73930598   1.52236191   4.86995895
$end
$temperature
298.15
$end
$mult
 1
$end
$sigma
 1
$end
$pressure
1.00000
$end
$scale
1.0
$end
$msrrho
$end
$freq
21.10
27.06
35.46
48.51
63.56
66.76
76.27
89.99
98.33
106.44
124.52
132.94
151.00
166.68
171.07
175.25
186.05
198.25
239.51
249.20
260.35
282.84
294.62
316.50
352.60
366.28
375.26
378.41
386.55
400.36
429.09
447.86
459.16
485.39
491.14
508.91
525.36
542.96
555.73
565.81
594.18
600.37
609.64
620.61
627.25
643.20
650.31
673.78
684.21
697.06
708.65
711.82
717.56
743.48
773.54
791.19
820.20
834.14
838.63
859.53
867.48
876.34
883.39
927.47
936.00
942.52
945.14
958.50
1000.36
1009.45
1021.98
1029.54
1050.01
1055.40
1061.57
1076.23
1096.19
1101.61
1132.94
1154.23
1160.42
1165.44
1177.91
1178.02
1204.30
1206.03
1212.53
1217.06
1242.98
1246.09
1270.60
1286.16
1292.93
1306.62
1324.05
1329.20
1346.06
1354.11
1359.54
1363.88
1389.81
1402.70
1413.32
1421.59
1431.24
1444.10
1452.04
1456.16
1464.05
1474.99
1493.62
1519.48
1529.26
1573.95
1581.55
1594.91
1613.52
1631.38
1659.60
1743.54
1761.70
1791.44
1809.56
1818.70
1823.50
1910.07
1917.51
1931.57
3082.82
3098.43
3141.93
3155.52
3165.42
3197.33
3208.91
3248.33
3250.24
3266.63
3281.90
3295.42
3399.17
3663.76
3721.98
3782.27
3794.05
3832.41
4004.24
$end
