
$molecule
   O    -2.86611456  -3.46281543  -1.78230700
  O    -2.29661763  -0.17950240   2.30013070
  O    -1.90092318  -1.50888538  -2.21843959
  O    -4.73688792  -0.69975607  -2.45217074
  O    -3.32007851   0.98725072  -2.71843812
  O     0.89090722  -1.48595340  -0.89528376
  N    -1.44402556  -1.31412815   0.50901059
  N     4.12088559   0.46668884   2.82421863
  N     3.13331179  -0.02507083  -0.02128209
  N     3.27932511   2.61532271  -0.79335223
  N     0.08038803   0.37717869  -1.87219812
  N     1.24258904   2.42327428  -1.92885845
  N    -0.82923640   2.22097065  -2.94992241
  C    -2.62722931  -1.94723186   0.02238679
  C    -3.88717141  -1.11984647   0.16042809
  C    -3.78928542   0.23519557  -0.48642409
  C    -1.35106558  -0.59212248   1.66848348
  C     0.07553146  -0.33266697   2.05911903
  C    -2.40603554  -2.27156284  -1.43547275
  C     2.73851252   0.18646622   2.68650302
  C     4.88025573   0.19926324   1.59221353
  C     1.00320839  -1.36541040   2.09352635
  C     0.47401242   0.94976508   2.40088963
  C     2.31630067  -1.11078566   2.42211708
  C     1.79689916   1.21233694   2.70117883
  C    -3.89769784   0.22460344  -1.98227789
  C     4.10299141   0.73662578   0.42508709
  C     2.20527856   0.50335739  -0.81392740
  C     4.17515002   2.07834265  -0.00100264
  C     2.23720378   1.85347377  -1.19285090
  C     1.05043190  -0.32068543  -1.18551080
  C     0.19713089   1.69929401  -2.23293711
  H    -2.79998735  -2.90644663   0.53219664
  H    -4.72183844  -1.67951107  -0.26083285
  H    -4.07447866  -0.98325901   1.22220187
  H    -2.86358399   0.73485200  -0.22448495
  H    -4.60994792   0.87088559  -0.13511889
  H    -0.57038699  -1.53561240   0.04221281
  H     5.00328620  -0.87630258   1.46537936
  H     5.86800939   0.66150252   1.68841790
  H     0.70602137  -2.37606434   1.84805189
  H    -0.25193954   1.75456846   2.39751070
  H     4.24957304   1.42978597   3.10908309
  H     3.04243643  -1.91029152   2.42186842
  H     2.11199155   2.22776584   2.90639045
  H     4.99374109   2.71354711   0.33635956
  H    -2.70532055  -3.58224976  -2.72864311
  H    -0.74748290  -0.15979323  -2.11617288
  H    -4.75418539  -0.61569450  -3.41500055
  H    -0.78142575   3.21959120  -3.07403599
  H    -1.74242640   1.77974011  -2.91802022
$end
$temperature
298.15
$end
$mult
 1
$end
$sigma
 1
$end
$pressure
1.00000
$end
$scale
1.0
$end
$msrrho
$end
$freq
20.69
23.84
45.61
58.04
61.53
72.66
83.85
95.33
105.36
108.87
126.06
139.41
152.49
163.56
168.96
185.12
192.00
207.48
215.75
259.20
271.11
283.47
295.60
307.02
354.03
379.04
382.37
389.72
399.83
426.46
449.07
453.14
475.78
490.22
506.43
530.30
534.76
559.68
568.10
592.13
597.87
608.09
626.64
629.60
652.78
653.96
663.70
694.52
697.28
714.17
722.27
736.10
758.73
773.25
800.70
810.22
816.13
834.59
839.81
846.75
861.77
867.54
883.81
900.46
926.23
929.66
933.16
944.53
952.26
1006.88
1012.36
1025.50
1036.42
1051.03
1059.03
1063.08
1070.17
1095.24
1102.69
1119.00
1150.58
1169.05
1175.47
1189.01
1195.98
1199.26
1213.62
1215.12
1216.94
1233.67
1250.74
1262.17
1291.90
1311.66
1322.08
1331.37
1335.00
1339.91
1362.44
1376.87
1383.16
1396.21
1403.85
1425.34
1428.79
1445.82
1452.16
1454.41
1460.04
1474.70
1487.02
1511.43
1523.04
1561.98
1588.13
1606.59
1619.30
1647.70
1655.11
1736.33
1741.44
1776.35
1798.12
1819.91
1852.49
1861.85
1893.69
1921.39
3106.72
3106.93
3115.05
3173.63
3204.06
3216.70
3243.11
3249.88
3261.58
3271.94
3283.54
3289.78
3615.10
3646.93
3670.27
3679.05
3811.44
3894.60
3912.50
$end
