
$molecule
   O    -1.41930259   0.64914083  -3.28346853
  O     0.42804319   1.92940038  -1.90479180
  O    -1.30219662  -1.50926237  -3.83440781
  O     3.26270012  -1.75938111  -1.31231218
  O     3.84451138   0.34884417  -1.77973152
  O    -2.12721931   1.96649955  -0.25664846
  N     0.74157388  -0.26970814  -1.70847362
  N     0.48983787   1.52066083   4.41812615
  N    -1.87124544   1.23172350   2.47022399
  N    -2.13016035  -1.44966526   3.05664641
  N    -2.44463950  -0.20011200  -0.77706339
  N    -2.45200923  -1.93731492   0.78916278
  N    -2.59655495  -2.41825711  -1.46756540
  C     0.68525982  -0.37197386  -3.13742424
  C     1.57048342  -1.46612581  -3.65692734
  C     3.01880887  -1.03478157  -3.55548113
  C     0.68258217   0.98151881  -1.18053943
  C     0.88700957   1.09173070   0.28777794
  C    -0.77538425  -0.47717340  -3.50815360
  C     0.80881864   1.40209860   3.04366467
  C    -0.94795099   1.74087160   4.62644022
  C     0.80018240   2.36299604   0.84500734
  C     1.02215415  -0.01398420   1.11986275
  C     0.76726902   2.51823811   2.21558774
  C     0.98863803   0.14362504   2.47977277
  C     3.42855555  -0.71326600  -2.14818886
  C    -1.68447523   0.81103102   3.69847485
  C    -2.17331443   0.35626354   1.51407565
  C    -1.83985658  -0.55559042   3.97504934
  C    -2.26881410  -1.02083192   1.78106357
  C    -2.25609460   0.83687860   0.12397222
  C    -2.50710301  -1.52023340  -0.44515001
  H     1.01219286   0.59046600  -3.52495553
  H     1.38628796  -2.37643519  -3.09579278
  H     1.32710359  -1.67287545  -4.70171141
  H     3.18945982  -0.14253791  -4.15733902
  H     3.67179869  -1.82972859  -3.93641769
  H     0.98982908  -1.06436543  -1.15597375
  H    -1.19705328   2.77600038   4.39534739
  H    -1.19284453   1.51912160   5.67340078
  H     0.70282477   3.21424376   0.18550285
  H     1.08652139  -1.02027156   0.72728796
  H     0.83178952   0.71914285   4.93121734
  H     0.62960361   3.49586742   2.65319297
  H     1.00770789  -0.72906714   3.11698270
  H    -1.69838300  -0.92295339   4.99151629
  H    -0.82510012   1.31161188  -2.85321674
  H    -2.46069059   0.07352989  -1.75217545
  H     3.62306614  -1.49869878  -0.45177982
  H    -2.54232662  -3.36947799  -1.13490760
  H    -2.17189408  -2.24743219  -2.39875954
$end
$temperature
298.15
$end
$mult
 1
$end
$sigma
 1
$end
$pressure
1.00000
$end
$scale
1.0
$end
$msrrho
$end
$freq
17.49
29.20
31.40
41.78
50.61
64.58
73.20
100.77
105.61
115.40
131.37
137.71
146.80
164.29
181.19
185.55
188.76
195.46
229.69
264.09
278.61
289.28
303.18
331.42
354.08
381.88
387.48
392.84
409.78
411.47
427.88
449.75
455.76
467.35
491.39
521.89
534.09
554.65
559.54
576.55
583.37
595.58
611.85
637.26
649.57
663.06
691.47
699.72
705.52
720.62
753.72
759.48
769.87
787.93
790.34
795.84
828.94
847.63
852.20
855.31
870.56
878.63
892.65
924.34
926.87
940.13
942.98
966.24
1001.00
1013.60
1014.93
1027.74
1046.44
1061.80
1063.66
1071.42
1094.78
1103.52
1105.86
1128.33
1134.32
1164.10
1184.99
1193.36
1195.21
1218.34
1221.37
1232.79
1235.44
1243.59
1246.89
1278.91
1297.51
1307.47
1317.83
1327.53
1344.46
1351.12
1359.22
1378.24
1386.05
1394.57
1409.11
1425.16
1441.71
1445.11
1450.93
1454.23
1467.18
1470.15
1481.60
1518.47
1534.79
1560.95
1586.46
1604.55
1630.75
1651.10
1662.90
1735.72
1740.40
1779.37
1784.41
1822.67
1825.14
1905.82
1917.41
1924.31
3080.44
3088.24
3137.49
3201.15
3205.89
3218.72
3249.99
3269.05
3270.55
3280.56
3285.26
3290.77
3312.76
3426.65
3698.44
3741.45
3758.65
3873.49
3965.16
$end
