
$molecule
   O     0.05347994  -4.56014003   0.01961341
  O    -2.31397772  -3.67653910   2.64242474
  O     1.17795178  -6.17448259   1.08237178
  O     3.42524274  -6.67899655   5.34604992
  O     4.61673209  -5.15962388   4.21404866
  O    -3.85159593   5.82049728  -2.85231067
  N    -0.06009232  -3.82012643   2.85132915
  N    -0.58438180   1.51780800  -0.70677823
  N    -1.80367940   3.84679344  -2.64608569
  N     0.73648558   4.65075330  -3.37650498
  N    -2.30729346   7.30791484  -3.57417718
  N    -0.03699408   6.80104141  -3.86673303
  N    -0.82063093   8.94180620  -4.32036352
  C     1.11192599  -3.94315738   2.02322510
  C     2.36049749  -4.19937909   2.83648923
  C     2.25902789  -5.38732116   3.75567243
  C    -1.22837101  -3.21901950   2.37843438
  C    -1.03422762  -1.98363389   1.56632024
  C     0.82438395  -5.02996762   1.00369381
  C    -0.74197119   0.33529238   0.01934491
  C    -1.05145591   1.61393185  -2.07425543
  C    -1.83125304  -1.77117634   0.45234507
  C    -0.09632505  -1.01654168   1.91460365
  C    -1.68521452  -0.63470002  -0.32037445
  C     0.04830047   0.12549247   1.15869913
  C     3.56405798  -5.69789892   4.43563386
  C    -0.80039020   3.00234847  -2.58969418
  C    -1.57131578   5.09313587  -3.06731981
  C     0.48836122   3.42844406  -2.96917729
  C    -0.28958115   5.52148293  -3.43646965
  C    -2.70699402   6.03821705  -3.13187685
  C    -1.02400144   7.64073627  -3.92433559
  H     1.23442671  -3.02071107   1.45527782
  H     3.20292837  -4.34575181   2.15972396
  H     2.57195654  -3.30269603   3.42119517
  H     1.96936821  -6.28266130   3.20742009
  H     1.51971955  -5.23512467   4.54284582
  H    -0.28290952  -4.65527597   3.37368419
  H    -2.12479260   1.42996711  -2.10980678
  H    -0.56256150   0.87934230  -2.73046905
  H    -2.57293244  -2.51323939   0.18230586
  H     0.52053591  -1.15315483   2.79469418
  H     0.31839649   1.94175267  -0.55908307
  H    -2.31068361  -0.49656549  -1.18986856
  H     0.77519575   0.87618099   1.44370236
  H     1.32418272   2.73106427  -2.93503930
  H    -0.16245494  -5.29514234  -0.56999867
  H    -3.03003397   8.00878404  -3.59779970
  H     4.29460715  -6.83935954   5.73720611
  H    -1.59445623   9.43986601  -4.72920865
  H     0.08280686   9.09973340  -4.74062469
$end
$temperature
298.15
$end
$mult
 1
$end
$sigma
 1
$end
$pressure
1.00000
$end
$scale
1.0
$end
$msrrho
$end
$freq
9.12
9.50
16.18
23.94
26.03
31.26
35.39
48.05
68.17
68.92
79.17
84.61
96.52
125.67
143.91
148.38
161.32
164.78
199.47
206.73
229.35
233.49
257.86
297.37
314.16
343.04
344.32
355.71
365.64
387.07
411.97
446.24
452.37
475.51
484.48
502.73
518.67
536.42
545.04
549.58
553.14
578.69
588.06
598.90
600.20
610.01
638.69
655.33
661.68
670.81
682.28
697.80
709.23
732.05
739.51
776.40
805.82
817.80
820.27
822.39
836.86
864.09
871.49
890.72
915.37
917.83
931.57
932.85
945.21
968.19
1006.11
1019.01
1044.29
1052.57
1059.41
1061.16
1089.45
1098.56
1134.08
1150.15
1163.01
1167.99
1173.64
1178.84
1189.23
1197.26
1204.96
1210.35
1213.44
1228.72
1240.27
1261.32
1291.83
1292.25
1298.42
1307.62
1326.69
1332.31
1338.17
1346.53
1371.23
1381.26
1394.10
1403.82
1436.49
1454.14
1456.66
1460.84
1477.74
1480.17
1491.44
1499.75
1511.97
1519.21
1565.27
1577.71
1616.74
1631.46
1642.62
1734.03
1741.46
1786.67
1789.03
1807.88
1853.74
1899.26
1899.55
1917.07
3063.38
3128.85
3159.27
3209.10
3211.40
3214.56
3236.92
3240.30
3241.65
3251.13
3253.82
3287.33
3692.62
3767.78
3770.76
3816.62
3826.07
3901.53
3905.41
$end
