
$molecule
   O     4.99368251   1.50123777  -2.62930827
  O     3.86714386  -1.08233117  -2.48794897
  O     5.84440583   1.90235572  -4.65317167
  O     3.07399883   3.37543854  -3.35398502
  O     3.42275875   4.73128460  -5.08819026
  O    -2.30598305  -3.74709243   4.77953283
  N     2.73968711   0.60635858  -3.52143596
  N    -1.36268246  -0.80492828   1.19675874
  N    -2.70483432  -1.27370735   3.43861122
  N    -4.75423019   0.31103132   4.37443528
  N    -4.01083437  -3.23358455   6.18073848
  N    -5.25929449  -1.25231628   6.04265083
  N    -5.76030115  -2.83502781   7.66991121
  C     3.77737710   0.71542052  -4.50985719
  C     3.27858385   1.41021663  -5.76202007
  C     2.40452400   2.62285254  -5.52161903
  C     2.89544183  -0.37603386  -2.53104884
  C     1.75833371  -0.45124641  -1.57476826
  C     4.98833515   1.44002734  -3.95322248
  C    -0.32605444  -0.65885938   0.29515385
  C    -2.10026651   0.31255524   1.70661773
  C     0.88209279   0.60707160  -1.36748213
  C     1.58754541  -1.61466356  -0.82311901
  C    -0.14408032   0.51152064  -0.44780403
  C     0.56614773  -1.72469798   0.08941830
  C     3.02867901   3.68900129  -4.64556274
  C    -2.95965441  -0.12757590   2.86277381
  C    -3.45015393  -1.66155041   4.47834244
  C    -4.01659485   0.67400350   3.35485973
  C    -4.49202900  -0.87147326   4.96994970
  C    -3.15465431  -2.96472481   5.10544488
  C    -5.00694062  -2.39181223   6.60922353
  H     4.15580134  -0.27630934  -4.78580193
  H     4.15106579   1.69472352  -6.34953336
  H     2.70214531   0.69442976  -6.35822244
  H     1.45124156   2.33680350  -5.07290827
  H     2.18278770   3.09698061  -6.47871592
  H     1.80223319   0.62586098  -3.89447070
  H    -2.73638256   0.75516422   0.92824093
  H    -1.44291525   1.12578542   2.05197348
  H     1.00365219   1.53583280  -1.91029895
  H     2.27735459  -2.43755924  -0.96982307
  H    -1.28350827  -1.57121969   1.84818415
  H    -0.81028202   1.34893020  -0.30070456
  H     0.43953663  -2.63452700   0.66316021
  H    -4.24022293   1.63004387   2.88278163
  H     5.75574977   2.02651017  -2.35321278
  H    -3.88742867  -4.12898117   6.62512019
  H     2.87139124   2.44126851  -3.19778511
  H    -6.35590152  -2.12507195   8.06879847
  H    -5.33646713  -3.47741536   8.31933938
$end
$temperature
298.15
$end
$mult
 1
$end
$sigma
 1
$end
$pressure
1.00000
$end
$scale
1.0
$end
$msrrho
$end
$freq
10.21
14.49
21.76
31.58
41.18
45.70
54.16
62.16
70.72
91.26
101.72
129.15
141.67
151.05
153.65
162.51
164.04
189.23
207.65
212.62
242.16
265.29
282.16
308.05
327.91
347.00
355.81
375.95
387.41
392.83
445.26
453.07
463.95
482.59
491.49
499.06
510.74
535.06
541.37
548.76
564.70
575.37
597.04
601.85
606.54
620.36
622.43
636.06
639.96
661.10
696.90
703.74
719.78
781.98
788.29
791.93
806.98
814.04
826.50
835.40
838.67
862.06
883.38
902.52
915.06
931.01
931.67
940.81
953.29
993.36
1016.57
1025.11
1032.89
1046.33
1065.78
1079.85
1085.42
1088.00
1098.52
1145.45
1148.09
1165.25
1171.58
1190.37
1201.47
1206.04
1208.80
1210.21
1219.32
1223.33
1250.27
1271.08
1281.96
1283.79
1299.12
1312.01
1336.93
1347.64
1353.56
1376.38
1379.88
1389.50
1397.69
1416.53
1434.28
1454.22
1455.08
1463.08
1484.92
1486.53
1494.56
1498.03
1520.51
1528.21
1568.18
1578.46
1613.05
1633.12
1645.19
1736.93
1754.12
1775.64
1789.23
1797.96
1879.42
1895.83
1913.86
1928.44
3036.09
3093.96
3112.83
3124.80
3148.21
3200.93
3208.35
3215.41
3243.73
3251.49
3260.86
3282.62
3692.22
3777.95
3785.50
3814.23
3825.70
3853.21
3932.02
$end
