
$molecule
   O    -2.30219005   2.92477566  -2.81539419
  O    -0.82825433   0.04248099  -4.92278047
  O    -1.19978459   3.84513849  -1.10291403
  O     1.13146861   3.05110835   0.03477804
  O     3.20256860   2.29755246  -0.08452194
  O    -3.52984851  -1.88876656   1.99025999
  N    -0.10591032   1.98196230  -3.96146945
  N     1.97647275  -0.21007440   1.05380209
  N    -0.77788367  -1.34487664   2.47369905
  N     0.66519505  -3.35212526   3.70031221
  N    -3.28421899  -3.89556182   3.00835990
  N    -1.25114211  -4.68508301   3.86990359
  N    -3.16166296  -6.00650240   3.99265252
  C     0.07143090   2.67928053  -2.73057069
  C     1.12712469   3.77292663  -2.75445937
  C     2.38999969   3.34062002  -2.04283613
  C    -0.30987004   0.59852654  -3.99175183
  C     0.23640618  -0.02710777  -2.74285463
  C    -1.20860231   3.21934147  -2.13726532
  C     1.35248352  -0.25972008  -0.19583388
  C     1.18389811   0.06622047   2.23068519
  C    -0.57739096  -0.18392221  -1.63276265
  C     1.61728773  -0.10486873  -2.58786164
  C    -0.02809049  -0.30147928  -0.36816700
  C     2.16636230  -0.24054908  -1.33536359
  C     2.26842232   2.85815903  -0.60453184
  C     0.50233255  -1.18859810   2.70383604
  C    -1.36730750  -2.48641730   2.84498838
  C     1.22696778  -2.22815491   3.32472433
  C    -0.65369656  -3.51200660   3.47192234
  C    -2.80353495  -2.66046571   2.55338019
  C    -2.51616969  -4.84226380   3.63843899
  H     0.37972640   1.95149321  -1.99504297
  H     1.36700742   4.02044280  -3.78953452
  H     0.74464418   4.68112919  -2.29045584
  H     3.11251596   4.16371162  -2.02268168
  H     2.86693969   2.51725324  -2.57458430
  H    -0.56831365   2.47550218  -4.70951186
  H     0.42195581   0.83024172   2.06999651
  H     1.86800899   0.43091524   3.00439919
  H    -1.65557755  -0.12940486  -1.73726285
  H     2.26641404   0.00573492  -3.44904754
  H     2.79854918   0.38254756   0.99630486
  H    -0.68027502  -0.35137650   0.48849778
  H     3.24044877  -0.25074293  -1.20828025
  H     2.29327035  -2.10816714   3.50578421
  H    -3.06500236   3.26529824  -2.32645465
  H    -4.24858045  -4.09458773   2.79798923
  H     0.40974381   3.49435828  -0.44459314
  H    -4.14684297  -5.95212328   4.19532230
  H    -2.61749532  -6.59177504   4.60875133
$end
$temperature
298.15
$end
$mult
 1
$end
$sigma
 1
$end
$pressure
1.00000
$end
$scale
1.0
$end
$msrrho
$end
$freq
10.57
14.75
20.58
25.90
37.68
52.67
59.86
66.03
77.39
96.34
114.90
135.27
136.26
146.78
153.87
166.61
179.10
200.76
214.20
244.84
271.73
274.71
292.75
330.58
338.83
345.64
357.07
372.58
391.13
401.67
420.08
451.10
473.55
484.94
490.87
517.31
542.54
548.75
556.23
560.78
572.89
596.33
598.80
602.53
618.13
630.12
640.51
645.02
667.81
676.15
691.90
693.06
703.51
734.37
748.42
794.35
799.01
820.74
839.01
844.25
857.12
869.05
883.62
892.46
903.69
918.10
932.77
936.42
951.89
979.96
1004.30
1021.27
1050.99
1057.92
1062.37
1064.67
1093.87
1097.32
1128.88
1153.67
1157.97
1175.22
1178.78
1198.65
1202.53
1212.12
1212.78
1217.28
1222.45
1223.98
1258.39
1262.28
1291.55
1310.94
1317.99
1320.57
1327.42
1344.93
1356.94
1375.90
1378.60
1389.46
1394.53
1421.07
1424.88
1446.03
1450.75
1462.68
1467.32
1469.29
1483.88
1493.03
1513.21
1532.79
1562.26
1577.64
1612.48
1630.34
1638.02
1738.21
1749.30
1788.41
1792.76
1810.23
1878.00
1883.43
1885.79
1893.20
3099.62
3106.47
3135.44
3199.22
3212.17
3222.32
3225.22
3235.60
3239.30
3269.80
3337.18
3403.84
3670.90
3687.41
3744.22
3789.53
3817.56
3821.43
3884.55
$end
