
$molecule
   O     3.19878252  -2.16874200  -3.25249949
  O     2.21266301  -0.07561611  -1.26191408
  O     4.18589893  -0.30164624  -3.97508036
  O     0.83797248   3.46610562  -5.51628719
  O     2.96706671   4.01671404  -5.10737199
  O     0.84529311  -0.13337714   4.31626641
  N     0.90068726  -0.92433920  -2.89878487
  N    -1.93808914  -3.36550677   2.34702316
  N    -1.73826621  -0.95210229   3.49171746
  N    -3.64756036   1.01356661   3.26621367
  N     0.09276182   2.00007575   4.45922970
  N    -2.11603923   2.63727981   3.97994699
  N    -0.55456361   4.23317602   4.62568766
  C     1.77316258  -0.41143731  -3.92253124
  C     1.70234253   1.09444203  -3.98834284
  C     2.36546351   1.68392737  -5.21474319
  C     1.26416652  -0.75407454  -1.57844634
  C     0.40197058  -1.47098355  -0.59031486
  C     3.19041198  -0.91615797  -3.71750359
  C    -1.15298865  -2.74316644   1.35303653
  C    -3.17987538  -2.69300383   2.66138288
  C    -0.92619474  -1.78794101  -0.84733458
  C     0.94343857  -1.79560803   0.64850146
  C    -1.69615093  -2.41475043   0.11330195
  C     0.18225179  -2.42969646   1.60641559
  C     2.13011220   3.16874041  -5.26979187
  C    -2.93862772  -1.25602294   3.06702800
  C    -1.45015822   0.31187429   3.79029366
  C    -3.90809017  -0.23720645   2.96223114
  C    -2.40488118   1.32815909   3.68009014
  C    -0.07055642   0.63315209   4.20498366
  C    -0.90811494   2.93408225   4.34846011
  H     1.43164739  -0.84094512  -4.87459189
  H     0.64783792   1.36666898  -3.98614884
  H     2.15679720   1.50063605  -3.09060275
  H     1.94045997   1.25170760  -6.12385283
  H     3.43721373   1.50747526  -5.20226945
  H     0.40346590  -1.77449507  -3.10327138
  H    -3.67195173  -3.23758368   3.47825260
  H    -3.86008889  -2.71776363   1.80593898
  H    -1.37975992  -1.52417537  -1.79513810
  H     1.97158973  -1.52827136   0.85933585
  H    -1.38755824  -3.46510395   3.19103469
  H    -2.72852750  -2.65713773  -0.09569205
  H     0.60537965  -2.63927578   2.57949550
  H    -4.91430078  -0.47232402   2.61689402
  H     4.12110479  -2.43788122  -3.15278784
  H     1.02827642   2.29535441   4.68742227
  H     0.76112747   4.42917081  -5.53947587
  H     0.21373062   4.39435779   5.25610757
  H    -1.34073288   4.85966935   4.70848584
$end
$temperature
298.15
$end
$mult
 1
$end
$sigma
 1
$end
$pressure
1.00000
$end
$scale
1.0
$end
$msrrho
$end
$freq
4.59
10.05
17.29
22.10
24.65
37.36
52.57
56.41
57.24
67.55
81.55
108.95
118.04
120.90
139.46
152.85
166.16
191.36
192.89
213.20
258.49
262.01
285.31
319.58
331.01
344.19
358.62
371.23
390.81
415.36
427.33
445.25
447.45
454.10
485.72
491.36
501.98
518.44
532.17
548.67
550.72
571.48
592.20
597.85
603.16
617.39
621.38
635.56
644.50
675.63
683.02
700.33
709.71
752.27
773.97
788.28
797.91
809.60
820.85
828.29
833.57
857.61
875.64
894.56
901.09
931.29
935.26
946.36
946.96
975.32
997.86
1029.56
1049.59
1065.22
1085.26
1091.57
1096.82
1101.61
1115.27
1145.34
1145.67
1155.86
1159.51
1174.24
1184.27
1199.14
1209.73
1211.18
1218.48
1228.94
1233.22
1274.07
1285.45
1288.07
1311.58
1316.81
1332.31
1344.32
1346.51
1351.21
1362.69
1369.00
1389.81
1406.94
1415.14
1449.16
1457.58
1463.07
1475.12
1479.28
1479.89
1487.37
1515.90
1545.79
1569.54
1578.32
1612.65
1633.22
1643.96
1738.33
1754.50
1788.68
1792.99
1808.21
1862.09
1896.08
1899.64
1925.80
3074.36
3114.23
3130.21
3174.63
3179.16
3206.52
3247.04
3259.08
3262.50
3271.83
3275.27
3281.69
3695.55
3700.07
3814.13
3823.38
3829.04
3907.73
3921.91
$end
