
$molecule
   O    -2.92927651  -1.85096538  -0.96095578
  O    -1.07003459  -2.44287702   1.30708871
  O    -2.64956625  -4.05427217  -1.05740187
  O     2.17911063  -2.79276707   0.68914200
  O     2.60656758  -1.62625186  -1.15244483
  O    -2.66018191   1.54667051   0.77610312
  N    -0.27737142  -1.54445855  -0.58618982
  N     1.12498553   3.31728685   3.16049951
  N    -0.36748980   3.21168086   0.78731479
  N     1.22934038   3.12959046  -1.44639834
  N    -2.03403741   0.76072725  -1.24569617
  N    -0.16884650   1.53743645  -2.43443967
  N    -1.47401659  -0.18052672  -3.29458059
  C    -0.71613319  -2.65730513  -1.36056713
  C     0.08358906  -3.91059647  -1.09423632
  C     1.55143411  -3.74626971  -1.41752336
  C    -0.45896753  -1.54521751   0.77112442
  C     0.09043038  -0.36226761   1.48464832
  C    -2.17864790  -2.95562247  -1.09843582
  C     0.86951014   2.00484636   2.72354512
  C     1.31538338   4.32326308   2.10736194
  C     1.28309265   0.25286973   1.12564628
  C    -0.64541754   0.15197913   2.54324236
  C     1.68646984   1.40197404   1.76822207
  C    -0.26954321   1.32749724   3.15277834
  C     2.17881262  -2.62103548  -0.63183535
  C     0.78257133   3.84416914   0.78222053
  C    -0.71516709   2.48328229  -0.26437319
  C     1.56554751   3.82949039  -0.38578178
  C     0.11112785   2.38948967  -1.39255444
  C    -1.90130686   1.61050546  -0.14895531
  C    -1.19600780   0.75652614  -2.32103862
  H    -0.63386532  -2.36636146  -2.41402310
  H    -0.05460544  -4.17253571  -0.05115840
  H    -0.32768825  -4.73110676  -1.68318907
  H     1.70049565  -3.51260473  -2.47088673
  H     2.08980096  -4.67425694  -1.19629806
  H     0.31519824  -0.85058357  -1.00206470
  H     2.38151051   4.55422786   1.98812369
  H     0.82117537   5.24690495   2.42888884
  H     1.90883895  -0.16101147   0.34858833
  H    -1.55989578  -0.34396717   2.84117749
  H     0.40034272   3.60603404   3.80404915
  H     2.61031815   1.88296947   1.48566663
  H    -0.90762203   1.77271934   3.90420481
  H     2.49814140   4.38995080  -0.42928480
  H    -3.82275957  -2.13573232  -0.72401511
  H    -2.63360855  -0.04121082  -1.11538791
  H     1.70392182  -3.58984648   0.94107951
  H    -0.99996871   0.00764124  -4.16591464
  H    -2.43569102  -0.47008216  -3.37508505
$end
$temperature
298.15
$end
$mult
 1
$end
$sigma
 1
$end
$pressure
1.00000
$end
$scale
1.0
$end
$msrrho
$end
$freq
27.45
34.27
38.81
48.75
57.54
59.96
88.59
93.57
103.20
108.32
117.03
119.11
126.51
156.87
161.77
179.53
188.45
196.32
213.33
228.29
264.82
281.46
296.55
335.20
346.59
360.11
373.90
403.12
415.71
428.74
439.03
451.01
461.07
468.74
481.77
490.67
504.54
518.20
526.34
542.25
555.66
578.58
600.58
601.13
621.19
627.07
629.76
642.01
661.45
671.97
694.33
699.83
723.18
752.54
767.37
785.49
805.92
808.23
823.38
842.89
863.82
871.12
883.81
895.07
898.85
930.88
938.55
949.13
954.24
989.18
1027.45
1040.36
1042.53
1058.39
1068.45
1076.77
1090.33
1096.52
1111.73
1125.54
1131.57
1154.39
1167.84
1177.12
1191.76
1203.76
1211.83
1217.29
1219.65
1238.33
1242.59
1271.12
1272.82
1290.75
1305.39
1313.93
1336.18
1350.17
1358.10
1364.72
1369.02
1391.12
1403.07
1418.97
1442.07
1446.63
1450.86
1458.80
1471.04
1471.25
1476.80
1487.09
1521.31
1566.19
1576.57
1582.04
1624.65
1637.34
1650.97
1739.55
1751.74
1795.45
1797.50
1813.96
1855.82
1902.76
1916.02
1925.76
3066.36
3098.93
3148.10
3159.99
3170.38
3210.33
3214.45
3262.59
3272.49
3281.68
3300.44
3318.62
3684.96
3704.45
3793.63
3820.78
3898.79
3913.62
4001.14
$end
