
$molecule
   O     0.22709979  -2.37287126   3.96146781
  O     0.88595853   0.03960817   1.91288118
  O     2.39245964  -2.21270414   4.48998469
  O     2.02847089  -0.66570300  -0.90880712
  O     3.76202176   0.29967501   0.09828144
  O    -2.00879360   3.81410994   0.52681803
  N     0.74387253  -2.15512745   1.37463395
  N    -4.19951473   0.26097049  -1.92440919
  N    -2.29075274   2.27956924  -1.84687720
  N    -0.00242468   1.13350892  -2.84370235
  N     0.15075622   3.14845760   0.64556293
  N     1.19149131   1.82889168  -0.97815730
  N     2.35127059   2.46537237   0.92679616
  C     1.83131080  -2.60306453   2.19872635
  C     3.18622024  -2.03888896   1.86070581
  C     3.48511611  -2.03379813   0.37200462
  C     0.33926184  -0.84601428   1.30385870
  C    -0.89483245  -0.65889504   0.47917233
  C     1.52581451  -2.35888996   3.67904195
  C    -3.17675944  -0.16695824  -1.05045366
  C    -3.70136187   0.87600173  -3.17080318
  C    -1.06692152  -1.28777743  -0.74611356
  C    -1.90528099   0.15865415   0.96590463
  C    -2.20048081  -1.05415390  -1.49515163
  C    -3.03874487   0.39575307   0.21743668
  C     3.11562857  -0.68606112  -0.18089016
  C    -2.35434310   1.48807900  -2.89399161
  C    -1.12236375   2.48217246  -1.25575251
  C    -1.16430555   0.96830188  -3.43314535
  C     0.03503430   1.83579840  -1.70142779
  C    -1.09603356   3.22649307   0.01948220
  C     1.23138522   2.45256470   0.17679196
  H     1.85250043  -3.69633594   2.07675789
  H     3.26375384  -1.02779632   2.24114146
  H     3.92677769  -2.62996587   2.40197961
  H     2.95844756  -2.82107907  -0.16254707
  H     4.55759790  -2.16194847   0.20724778
  H     0.35390967  -2.78460335   0.69709342
  H    -4.43673653   1.61661861  -3.49758780
  H    -3.60843734   0.12094974  -3.95857480
  H    -0.28922189  -1.91938982  -1.15429264
  H    -1.78289829   0.64401004   1.92642475
  H    -4.79664089   0.91887805  -1.43833993
  H    -2.31627077  -1.51707604  -2.46424186
  H    -3.78235250   1.09475150   0.57668957
  H    -1.18690903   0.36714488  -4.34045519
  H    -0.26833230  -2.46805553   3.14175316
  H     0.21945915   3.60588889   1.54068350
  H     1.79626801   0.27934746  -1.11822814
  H     3.04682615   1.78344455   0.62391200
  H     2.23199993   2.58214225   1.92071548
$end
$temperature
298.15
$end
$mult
 1
$end
$sigma
 1
$end
$pressure
1.00000
$end
$scale
1.0
$end
$msrrho
$end
$freq
20.25
36.20
45.75
55.92
72.84
73.83
75.82
94.49
108.31
114.68
123.53
125.85
141.80
159.15
166.54
189.06
197.85
211.30
221.42
256.36
271.58
276.57
312.18
330.25
349.85
375.02
383.95
389.91
410.57
424.47
434.25
449.73
452.63
463.46
480.98
487.87
494.07
532.39
550.90
556.06
592.95
605.05
615.80
622.87
641.05
648.35
667.31
677.64
696.62
704.31
722.84
766.98
770.66
779.61
794.70
811.56
823.82
831.82
851.07
867.15
867.67
877.04
908.62
911.36
927.70
941.40
952.53
969.93
997.68
1010.52
1027.70
1037.79
1041.81
1059.99
1066.76
1067.63
1090.43
1099.83
1113.93
1122.96
1144.08
1148.09
1172.43
1184.19
1193.38
1203.78
1204.79
1215.22
1217.87
1233.66
1257.25
1286.08
1294.07
1306.83
1311.15
1330.84
1335.46
1340.33
1359.07
1378.86
1385.35
1401.39
1405.82
1412.77
1438.80
1449.42
1451.51
1460.08
1463.43
1475.61
1478.12
1531.94
1543.17
1564.24
1572.05
1587.40
1629.72
1646.30
1657.37
1740.30
1754.26
1775.16
1796.83
1814.75
1870.41
1890.07
1901.07
1938.15
3090.32
3097.78
3129.19
3153.39
3177.28
3219.54
3227.63
3257.29
3267.51
3274.40
3279.38
3288.46
3289.56
3531.81
3682.49
3787.12
3813.92
3872.47
3990.31
$end
