
$molecule
   O     4.41218714   1.40597793   0.65225298
  O     1.68780831   2.11041182  -0.36316297
  O     2.86836650   0.80436445   2.12862458
  O     3.30450602  -1.88120119  -4.56864793
  O     4.83643349  -0.42276161  -3.83404346
  O    -1.15738481   1.89995772   2.69478739
  N     1.44293883  -0.11282633  -0.18667325
  N    -4.68133662   1.34022434  -0.60463266
  N    -3.19570725   0.29165847   1.57549276
  N    -2.57699346  -2.34280152   1.10121693
  N     0.21808725   0.10586834   2.69181629
  N    -0.42532865  -2.02997559   1.95391296
  N     1.70323405  -1.66197275   2.79506028
  C     2.85305307  -0.28420723  -0.01083341
  C     3.59416874  -0.16048525  -1.31929170
  C     3.10309174  -1.16508345  -2.32991254
  C     0.95130978   1.15111307  -0.39743538
  C    -0.51398503   1.23634114  -0.63719173
  C     3.36048222   0.70678274   1.02775437
  C    -3.28734189   1.39019287  -0.78476961
  C    -5.17281285   0.20659753   0.20233015
  C    -1.24141104   0.20291786  -1.21648758
  C    -1.17447266   2.39422099  -0.25043287
  C    -2.61087410   0.29566690  -1.32273687
  C    -2.54716405   2.47240729  -0.31547339
  C     3.85760564  -1.08979013  -3.63060509
  C    -4.04547616  -0.47480491   0.92807951
  C    -2.02372014  -0.20142539   1.94468832
  C    -3.72842092  -1.82786633   0.72831508
  C    -1.67230630  -1.53382855   1.67651397
  C    -1.01000043   0.72898334   2.48799273
  C     0.45979205  -1.21889346   2.46252378
  H     3.00990749  -1.28243997   0.41634026
  H     3.45166811   0.84308242  -1.70331866
  H     4.66216063  -0.29551108  -1.16047399
  H     2.04728359  -1.02185435  -2.55776742
  H     3.20647583  -2.19095940  -1.96512710
  H     0.80673004  -0.85500726   0.04223147
  H    -5.67424754  -0.52695627  -0.44138552
  H    -5.92295000   0.58974120   0.90232943
  H    -0.74286912  -0.68657283  -1.58112156
  H    -0.60269213   3.20882071   0.17379365
  H    -5.00611140   2.21690103  -0.21801141
  H    -3.18120853  -0.51096627  -1.75791577
  H    -3.05680918   3.33512861   0.09166230
  H    -4.43409660  -2.48886071   0.22739729
  H     4.64638817   2.00819811   1.37185528
  H     1.01413118   0.69866610   2.88377026
  H     3.83587595  -1.79678790  -5.37200591
  H     2.43658618  -0.97231626   2.84201537
  H     1.91544886  -2.60806899   2.52670041
$end
$temperature
298.15
$end
$mult
 1
$end
$sigma
 1
$end
$pressure
1.00000
$end
$scale
1.0
$end
$msrrho
$end
$freq
19.46
21.28
25.65
42.01
51.75
61.87
69.43
79.29
91.03
104.06
115.69
121.81
125.19
145.70
150.77
166.39
184.05
192.14
200.26
226.47
251.09
265.14
286.50
300.80
342.69
359.63
365.61
377.25
413.92
427.38
443.15
452.00
454.09
466.17
485.87
493.82
509.60
528.30
543.16
552.50
563.08
578.16
594.38
600.41
622.60
639.11
642.93
658.44
678.39
687.39
690.55
694.16
699.46
723.12
761.61
783.09
801.14
809.39
822.96
841.54
842.65
866.57
875.92
893.99
901.79
927.41
938.67
947.57
956.18
990.85
994.63
1038.48
1055.14
1063.32
1065.37
1070.29
1091.26
1101.91
1110.39
1142.06
1153.78
1169.66
1176.70
1177.59
1180.94
1196.20
1211.01
1212.03
1218.02
1224.75
1239.83
1267.83
1280.34
1290.78
1310.04
1325.52
1331.10
1334.33
1349.83
1363.38
1370.58
1387.44
1402.06
1416.35
1424.61
1446.03
1452.95
1459.83
1465.75
1475.44
1499.10
1516.86
1519.70
1557.23
1571.93
1575.60
1625.58
1644.48
1650.05
1739.08
1743.18
1782.55
1795.44
1811.85
1859.40
1880.47
1903.34
1904.32
3068.72
3116.85
3143.04
3152.28
3189.14
3211.19
3213.81
3254.29
3266.23
3278.19
3288.93
3297.15
3694.74
3717.08
3769.62
3860.42
3866.55
3898.07
3901.79
$end
