
$molecule
   O    -0.57254818   2.05955360  -6.96592058
  O    -0.03748418  -1.13167284  -4.21103590
  O    -1.43662979   1.46728017  -4.99073269
  O     4.13049611   2.06251789  -8.04195989
  O     1.93547513   2.34276093  -7.88615998
  O     1.19831669   0.57841779   6.10745238
  N     0.95114841   0.90143363  -3.89636802
  N    -1.10386950  -0.35588482   2.04990209
  N    -0.91602091  -0.68857677   4.68961757
  N    -2.89009857  -1.85198070   6.21952988
  N     0.19722100   0.00872513   8.05773985
  N    -1.81992593  -1.18042407   8.19074557
  N    -0.71988084  -0.52957103  10.13337294
  C     0.91454863   1.25415374  -5.28712643
  C     1.52777425   0.19313817  -6.17564144
  C     2.91994994   0.55567092  -6.62358998
  C     0.25644139  -0.22423713  -3.47101586
  C    -0.07036029  -0.23335155  -2.01310424
  C    -0.50420113   1.59785788  -5.73138207
  C    -0.76546893  -0.35115594   0.70322906
  C    -1.96090119  -1.36110209   2.60556199
  C    -1.15554097  -0.98799225  -1.58873787
  C     0.67433938   0.45751294  -1.05990110
  C    -1.50813085  -1.04548374  -0.25500167
  C     0.33974222   0.39749736   0.27533384
  C     2.92716356   1.73462507  -7.57250131
  C    -1.92117501  -1.29239444   4.10995713
  C    -0.86523335  -0.64208429   6.02495757
  C    -2.92603438  -1.88515727   4.91040887
  C    -1.85558725  -1.22586563   6.81810808
  C     0.27779633   0.04293214   6.65975118
  C    -0.82272948  -0.58059287   8.76246025
  H     1.47913691   2.18714570  -5.38113218
  H     1.54817065  -0.74140020  -5.62981802
  H     0.91552364   0.02480459  -7.05671293
  H     3.39190519  -0.28485773  -7.14566909
  H     3.56163112   0.80791080  -5.77356835
  H     0.81252325   1.68872415  -3.28125777
  H    -1.67263199  -2.37914250   2.29933764
  H    -2.99559064  -1.23003335   2.26273822
  H    -1.73164104  -1.53345454  -2.32637426
  H     1.54417699   1.03285789  -1.35410094
  H    -0.37235550  -0.06564829   2.68144710
  H    -2.36440707  -1.62972574   0.04840451
  H     0.93096507   0.92947216   1.01057405
  H    -3.76788400  -2.39174137   4.43988738
  H     0.31752371   2.16819300  -7.35727792
  H     0.97237676   0.42101487   8.55102146
  H     4.80898857   1.47709160  -7.68744102
  H    -1.56447066  -0.80667233  10.61081394
  H    -0.21253327   0.23891137  10.54117898
$end
$temperature
298.15
$end
$mult
 1
$end
$sigma
 1
$end
$pressure
1.00000
$end
$scale
1.0
$end
$msrrho
$end
$freq
10.19
14.49
19.87
26.24
37.81
48.53
59.38
64.52
84.68
94.86
99.76
114.59
127.84
150.27
154.16
156.96
164.05
182.81
206.70
212.91
235.26
272.36
308.34
318.95
341.84
350.31
355.46
362.01
372.90
390.16
418.19
447.56
461.88
475.37
488.42
517.96
524.37
539.89
543.19
546.91
557.29
596.44
600.44
602.63
608.21
625.28
631.30
638.25
664.57
675.87
699.27
702.20
709.10
735.54
787.57
789.31
812.61
814.16
828.70
860.92
874.30
887.20
892.15
908.59
915.66
929.69
930.88
947.83
959.30
993.63
1030.51
1033.13
1048.10
1060.17
1072.91
1082.04
1085.88
1099.12
1104.96
1145.87
1155.61
1169.41
1176.33
1190.23
1193.19
1205.26
1207.50
1212.85
1219.03
1223.84
1257.03
1277.11
1279.41
1284.31
1302.98
1330.48
1334.40
1346.59
1348.01
1361.47
1371.90
1393.52
1399.97
1409.61
1433.56
1452.83
1454.67
1468.49
1486.33
1488.00
1494.13
1496.68
1519.61
1548.79
1566.16
1578.10
1612.68
1632.02
1647.09
1737.64
1753.80
1781.89
1790.70
1803.22
1865.80
1894.86
1904.53
1939.02
3034.84
3079.50
3116.55
3155.24
3170.48
3209.14
3216.97
3239.80
3245.90
3257.08
3282.56
3312.40
3655.13
3690.10
3773.37
3782.02
3816.09
3823.53
3945.88
$end
