
$molecule
   O    -4.14908137  -5.52402885  -3.24569821
  O    -3.91461093  -1.64374327  -0.02465315
  O    -2.25689418  -4.38781810  -3.56800220
  O    -7.66567573  -3.32490425  -1.51402793
  O    -6.40239729  -5.09568774  -1.95410660
  O     2.72375713   5.15208350   2.95769192
  N    -2.72486403  -2.70550227  -1.62050578
  N     1.85362287   0.80235162   1.25132762
  N     3.61510040   2.73997417   1.74519717
  N     6.34207973   2.41600998   1.52449315
  N     4.88237996   5.78090543   3.23378099
  N     6.71575821   4.48222833   2.56028375
  N     7.05848931   6.55275215   3.56109257
  C    -3.85025944  -3.43927226  -2.10309237
  C    -4.81957205  -2.51561632  -2.81078952
  C    -6.08147591  -3.18267596  -3.32349383
  C    -2.84340654  -1.85130942  -0.55957469
  C    -1.57471821  -1.18701342  -0.12606336
  C    -3.33426492  -4.51519879  -3.04623118
  C     0.73375391   0.14182053   0.76948497
  C     3.14960800   0.61613205   0.66893307
  C    -0.31003475  -1.65232016  -0.46374675
  C    -1.66923373  -0.05101142   0.67727057
  C     0.82873920  -1.00332541  -0.02431776
  C    -0.54408223   0.60795283   1.11456366
  C    -6.74001779  -3.96413577  -2.21176265
  C     4.10211130   1.65727303   1.19619216
  C     4.45518683   3.67664614   2.19719358
  C     5.50485377   1.50699722   1.08996646
  C     5.84064972   3.53154955   2.09452244
  C     3.88550683   4.89190073   2.81174039
  C     6.22998986   5.55461406   3.10421006
  H    -4.35363810  -3.91206005  -1.25863735
  H    -5.07970474  -1.73685755  -2.09718971
  H    -4.30811471  -2.04218095  -3.65008154
  H    -5.85924919  -3.88876859  -4.12138001
  H    -6.76892071  -2.43206128  -3.72153540
  H    -1.87282706  -2.79285640  -2.14445668
  H     3.13262357   0.68840740  -0.43001948
  H     3.54319038  -0.38383612   0.89434395
  H    -0.18885727  -2.54515551  -1.06503918
  H    -2.65273072   0.30971191   0.95327607
  H     1.69636098   1.74193826   1.58400959
  H     1.80062187  -1.38987565  -0.29407449
  H    -0.63291344   1.49352135   1.73169101
  H     5.92309458   0.61046605   0.63381267
  H    -4.97964373  -5.45695813  -2.72413863
  H     4.55670321   6.65120589   3.62208466
  H    -7.74697267  -2.40679670  -1.79307784
  H     8.02792767   6.27869318   3.61633067
  H     6.72205216   7.14583499   4.30220314
$end
$temperature
298.15
$end
$mult
 1
$end
$sigma
 1
$end
$pressure
1.00000
$end
$scale
1.0
$end
$msrrho
$end
$freq
9.58
12.11
21.28
25.96
36.82
44.25
49.74
61.18
76.33
93.67
96.19
100.33
136.26
151.11
157.34
163.87
166.34
190.04
212.01
215.57
238.97
252.44
291.52
308.43
327.73
348.68
353.69
366.33
385.95
393.88
426.02
444.07
448.98
483.23
487.09
494.44
495.45
505.84
516.57
537.13
549.68
562.34
585.01
600.64
606.74
636.59
638.08
639.17
665.34
693.74
699.98
705.01
725.16
778.03
789.15
806.70
813.66
826.54
828.39
853.72
865.72
884.06
904.65
918.00
927.08
930.40
941.20
954.50
967.82
993.50
1003.89
1033.14
1044.45
1066.50
1076.74
1083.90
1088.21
1098.97
1112.21
1145.68
1157.95
1165.88
1173.63
1190.32
1203.68
1205.51
1214.42
1219.05
1224.16
1225.73
1247.66
1259.27
1281.94
1294.50
1299.49
1328.03
1340.72
1347.14
1354.53
1370.36
1373.48
1394.07
1403.80
1414.78
1446.60
1451.60
1454.29
1470.83
1486.77
1495.64
1500.19
1503.98
1520.06
1561.81
1578.01
1578.95
1612.99
1632.44
1650.62
1737.36
1753.77
1774.66
1790.14
1801.73
1828.88
1889.08
1895.62
1918.10
3034.60
3114.90
3121.64
3145.70
3208.83
3223.61
3229.51
3243.31
3248.92
3250.12
3257.31
3281.89
3536.77
3691.02
3773.72
3815.47
3824.43
3874.87
3963.24
$end
