
$molecule
   O    -1.13737249  -1.55397117   1.85698967
  O    -5.47496385   0.37274947   0.55802938
  O    -1.96696032  -0.54695065   3.66700952
  O    -5.60775427  -2.22344946  -0.41465063
  O    -6.68059704  -2.62263178   1.50663332
  O     4.68531067   2.77344032   1.13510629
  N    -4.43156287  -0.89149227   2.11185164
  N     0.69079124   1.30550933  -0.99321431
  N     3.35569241   1.48022404  -1.01791040
  N     4.88147793   0.92302828  -3.24262789
  N     6.60574685   2.74382144  -0.06640912
  N     6.77923288   1.84243001  -2.22517355
  N     8.63995628   2.79238028  -1.20528679
  C    -3.44706537  -1.90673746   2.37727159
  C    -3.33509345  -2.93985728   1.27773380
  C    -4.60768361  -3.73970982   1.08356806
  C    -4.43994094  -0.04414492   1.02822509
  C    -3.09661181   0.31595381   0.48550898
  C    -2.11401437  -1.25979642   2.71481496
  C    -0.57031594   0.96042214  -0.51896002
  C     1.35497205   0.51517239  -1.98880736
  C    -2.67915572  -0.18695592  -0.73436838
  C    -2.26326585   1.17722863   1.18664265
  C    -1.42770964   0.12132044  -1.23143884
  C    -1.01642772   1.49471709   0.69616816
  C    -5.76126078  -2.83349093   0.75968752
  C     2.81080859   0.89655278  -2.05452282
  C     4.65254058   1.80083375  -1.05668805
  C     3.60816796   0.61849450  -3.18902532
  C     5.44406816   1.52519149  -2.17446200
  C     5.24494026   2.46919197   0.11875851
  C     7.31466881   2.42677301  -1.19844629
  H    -3.77437887  -2.39048875   3.30646373
  H    -3.08127781  -2.43584618   0.35397771
  H    -2.51784599  -3.62480058   1.51097426
  H    -4.86646210  -4.30242109   1.98143979
  H    -4.47541898  -4.44407908   0.25736863
  H    -5.36094252  -1.07640711   2.45982599
  H     0.89607066   0.65563406  -2.97629835
  H     1.29052491  -0.56464164  -1.78187008
  H    -3.33259041  -0.84048741  -1.30020347
  H    -2.58206887   1.58739680   2.13672531
  H     1.32332327   1.67298587  -0.29790632
  H    -1.11143033  -0.28874691  -2.17932437
  H    -0.36614178   2.15920290   1.25162548
  H     3.16673926   0.13466435  -4.05949572
  H    -0.34676284  -1.07373685   2.13567943
  H     7.05830018   3.23972337   0.68436261
  H    -6.21493974  -1.46813767  -0.44844812
  H     9.16708299   2.38916411  -1.96517986
  H     9.11760034   2.86477468  -0.32172400
$end
$temperature
298.15
$end
$mult
 1
$end
$sigma
 1
$end
$pressure
1.00000
$end
$scale
1.0
$end
$msrrho
$end
$freq
10.28
15.13
21.78
32.91
38.97
57.01
69.42
85.67
91.76
99.28
109.62
123.26
147.24
151.85
156.22
162.63
172.58
178.28
184.67
210.17
219.88
236.28
270.35
313.14
345.67
347.10
357.42
370.85
388.99
417.52
433.43
451.99
453.76
474.22
484.99
494.07
515.53
534.82
537.19
550.44
552.60
573.16
594.63
602.11
605.64
607.80
622.41
636.65
641.99
642.33
669.61
695.49
704.88
708.34
750.43
791.51
800.71
815.03
826.52
831.42
841.99
872.08
879.69
891.94
907.55
920.12
929.40
931.02
950.86
993.94
1017.49
1033.05
1043.16
1055.30
1063.77
1084.31
1090.94
1098.61
1106.17
1122.22
1145.94
1148.09
1171.20
1189.33
1204.81
1205.76
1215.07
1219.07
1222.77
1234.64
1252.23
1263.04
1279.95
1284.53
1301.82
1325.58
1331.90
1347.04
1364.82
1369.26
1376.55
1392.85
1403.80
1442.59
1443.61
1444.07
1453.44
1463.18
1485.73
1489.80
1495.62
1496.02
1519.99
1526.90
1565.14
1578.21
1613.13
1632.70
1652.11
1737.44
1752.78
1789.61
1791.54
1814.83
1848.28
1895.49
1904.38
1916.00
3034.71
3110.91
3115.55
3134.55
3151.11
3201.94
3209.36
3245.42
3252.22
3263.79
3282.76
3310.14
3692.04
3769.23
3783.44
3814.65
3825.47
3864.49
3923.73
$end
