
$molecule
   O    -0.25676565   1.58349632   2.38324540
  O    -4.48890282  -1.31096054   0.93349030
  O    -2.42183235   1.42991366   1.92019721
  O     0.90967334  -2.93835522  -0.85883100
  O     2.24555117  -3.40117106   0.86146140
  O    -0.04454086   3.66326996  -1.06410850
  N    -2.48212387  -1.26704335   1.98078321
  N    -0.11314132  -0.20848912  -3.74929491
  N     1.17229430   1.22824994  -1.84871657
  N     2.77856138   0.00705450   0.01114420
  N     1.20317948   3.64529866   0.82763490
  N     2.46622194   1.78383661   1.50593987
  N     2.22373533   3.60201407   2.91903184
  C    -1.22257564  -0.61594972   2.19509487
  C    -0.10696207  -1.09811168   1.29385095
  C     0.04745160  -2.59768719   1.34368777
  C    -3.29992238  -1.13410453   0.86269133
  C    -2.59104353  -0.87104457  -0.43308664
  C    -1.37201282   0.90493418   2.14154439
  C    -1.04788060  -0.42273203  -2.70564375
  C     1.23708437  -0.62133296  -3.38537679
  C    -2.14362892  -1.94164032  -1.19216762
  C    -2.36541159   0.42130783  -0.87802330
  C    -1.38334376  -1.71837503  -2.32633913
  C    -1.59783500   0.64551105  -2.00376390
  C     1.18379205  -3.03585330   0.44597352
  C     1.68502431   0.05116900  -2.10658514
  C     1.42453518   1.81390974  -0.68196808
  C     2.52672824  -0.55398980  -1.15032753
  C     2.23345101   1.20589551   0.27892784
  C     0.76932162   3.10129322  -0.38687994
  C     1.98770170   2.97573598   1.72706004
  H    -0.94355479  -0.84911435   3.23415172
  H    -0.29416359  -0.77087221   0.28143384
  H     0.83636999  -0.65261653   1.60239234
  H    -0.87264584  -3.09220857   1.03931512
  H     0.29191038  -2.92570037   2.35255263
  H    -3.05918990  -1.33747349   2.80836607
  H     1.91083753  -0.35754888  -4.21038570
  H     1.28595098  -1.70433939  -3.25608955
  H    -2.36938380  -2.95692274  -0.88611132
  H    -2.74736695   1.26135474  -0.31557826
  H    -0.09309459   0.78072488  -3.97135060
  H    -1.01772013  -2.54664791  -2.91963127
  H    -1.36182111   1.65977158  -2.29499260
  H     2.97209934  -1.52536796  -1.34471411
  H     0.52036938   1.02084966   2.45783329
  H     0.73095748   4.48702005   1.11681243
  H     0.01446026  -2.61489621  -1.01929952
  H     2.07136327   4.59313943   2.99491816
  H     2.96823823   3.20479846   3.46973111
$end
$temperature
298.15
$end
$mult
 1
$end
$sigma
 1
$end
$pressure
1.00000
$end
$scale
1.0
$end
$msrrho
$end
$freq
19.78
38.89
41.81
52.06
57.83
66.93
81.93
89.33
102.89
114.21
122.54
131.33
139.99
145.87
169.28
173.58
190.36
197.50
216.80
250.28
255.10
275.58
292.10
314.74
319.08
349.27
358.38
373.71
393.80
427.35
428.97
443.18
461.01
464.33
474.59
475.93
494.58
500.44
547.29
558.12
571.03
591.97
604.57
612.59
620.64
644.04
647.65
659.22
683.11
693.43
698.75
709.23
715.75
740.19
759.82
772.78
815.69
821.55
832.07
848.03
864.10
866.80
875.37
893.24
924.64
929.65
933.90
937.86
955.21
1004.13
1011.50
1032.53
1057.39
1058.75
1073.88
1086.78
1097.32
1100.03
1109.66
1137.33
1144.63
1152.76
1157.81
1169.19
1173.24
1206.44
1213.04
1217.46
1227.39
1232.17
1234.82
1276.46
1286.35
1299.20
1311.16
1323.23
1325.83
1346.31
1349.62
1356.98
1376.84
1382.60
1406.23
1408.63
1441.57
1448.66
1455.76
1465.24
1469.59
1470.69
1480.73
1489.55
1508.61
1522.93
1558.33
1581.80
1615.45
1642.74
1644.60
1741.75
1754.65
1779.47
1797.04
1815.17
1866.10
1900.84
1926.20
1945.98
3083.41
3090.89
3165.01
3196.52
3215.82
3241.09
3250.65
3259.74
3263.92
3285.03
3301.64
3350.29
3673.50
3716.70
3741.19
3811.73
3851.67
3927.90
3995.19
$end
