
$molecule
   O     1.36156781   5.27000193   2.82510730
  O     2.12409998   3.78166951  -1.63470177
  O     3.25195797   6.42720724   2.49653743
  O    -1.53370067   6.99538703   1.98765216
  O     0.51557275   7.86485628   2.09384591
  O     0.50669712  -5.94386409  -2.76044617
  N     1.57393794   4.08344912   0.53649837
  N    -0.60243094  -1.89228636  -0.55174667
  N    -0.77171800  -4.54723122  -0.64063144
  N    -2.43380804  -6.03259506   0.97790165
  N    -0.52757903  -7.84698633  -2.09647836
  N    -1.99672857  -7.96380916  -0.27150329
  N    -1.51868418  -9.87378456  -1.50745870
  C     2.20741726   5.36632216   0.62077131
  C     1.44392979   6.42693712  -0.14704685
  C    -0.01462201   6.48225845   0.21304309
  C     1.62993469   3.34575253  -0.61837109
  C     1.02346850   1.97781728  -0.53297994
  C     2.35838560   5.75932671   2.07003216
  C    -0.06018528  -0.61725608  -0.51613465
  C    -1.16407852  -2.50855796   0.61387994
  C     0.17589829   1.56617101   0.48768516
  C     1.31531492   1.07216494  -1.55297350
  C    -0.36172760   0.29227775   0.49993493
  C     0.79325906  -0.19995686  -1.54903351
  C    -0.28933250   7.18723489   1.52140818
  C    -1.39480706  -3.97480574   0.35679550
  C    -0.95599435  -5.85250782  -0.86216587
  C    -2.24433365  -4.75206369   1.17859353
  C    -1.79386209  -6.62356003  -0.05280827
  C    -0.24245666  -6.47951916  -1.99222742
  C    -1.37620904  -8.52905781  -1.26060085
  H     3.21873369   5.31682330   0.20211236
  H     1.90650265   7.39936881   0.01962261
  H     1.53836809   6.18058326  -1.20556080
  H    -0.43305832   5.47926930   0.26027141
  H    -0.57652488   7.02739702  -0.55459094
  H     1.27820381   3.64310417   1.38543002
  H    -2.11486793  -2.03438465   0.89181863
  H    -0.51334802  -2.41036855   1.49702314
  H    -0.09722126   2.23823090   1.29182522
  H     1.96949611   1.38976031  -2.35596546
  H    -0.14042391  -2.54619784  -1.16610947
  H    -1.02414059  -0.00017941   1.30152904
  H     1.03617975  -0.89373088  -2.34445825
  H    -2.76864889  -4.28764476   2.01298637
  H     1.43859193   5.65525429   3.70805899
  H    -0.03535329  -8.34248508  -2.82213629
  H    -2.03209503   6.42899874   1.39019417
  H    -1.37344584 -10.20316188  -2.44788244
  H    -2.27613154 -10.30162909  -0.99654659
$end
$temperature
298.15
$end
$mult
 1
$end
$sigma
 1
$end
$pressure
1.00000
$end
$scale
1.0
$end
$msrrho
$end
$freq
8.15
11.99
16.91
26.20
31.54
43.49
45.83
56.12
63.38
68.54
94.63
105.66
130.88
138.21
150.68
153.14
162.09
165.01
198.58
212.16
230.12
257.47
285.79
305.29
323.73
347.45
350.35
353.96
386.35
393.87
412.73
432.68
448.07
451.49
483.91
487.82
494.30
504.51
526.18
532.69
549.76
558.41
564.25
585.59
601.04
606.84
614.59
621.81
638.20
661.48
671.14
697.73
703.63
716.60
726.53
774.39
787.87
813.45
825.11
828.75
844.42
855.80
883.08
896.51
920.06
926.89
930.78
947.57
970.06
993.33
1003.12
1033.01
1038.58
1050.67
1062.08
1069.23
1084.16
1088.29
1098.57
1145.45
1154.86
1168.16
1176.77
1184.33
1190.05
1199.39
1205.60
1216.05
1218.97
1221.72
1225.56
1266.04
1279.41
1283.50
1296.56
1309.14
1329.19
1341.24
1347.49
1372.37
1374.72
1384.83
1395.56
1409.64
1422.57
1442.35
1452.04
1460.56
1469.51
1487.84
1495.91
1499.42
1520.00
1557.79
1572.50
1578.41
1613.24
1633.01
1649.58
1737.10
1753.68
1775.61
1789.44
1802.00
1845.15
1896.14
1928.29
1941.60
3034.50
3095.30
3112.94
3148.33
3166.74
3208.44
3221.46
3234.74
3243.58
3249.72
3258.10
3280.62
3692.73
3771.64
3814.65
3826.24
3923.44
3928.97
3968.50
$end
