
$molecule
   O     0.97981690   2.31361892  -0.24588581
  O     0.08660866  -0.86218439  -1.85087723
  O     2.27524325   1.50459821  -1.88323677
  O    -3.41005972   4.31369662  -4.77175102
  O    -1.63583003   5.45273512  -4.02094466
  O     2.20890901   0.91661561   1.43387706
  N    -0.99427588   1.10240068  -1.49291891
  N    -1.50964730  -2.05164893   4.11931525
  N     1.27028675  -1.25887931   2.97547401
  N     1.57241329  -3.77132122   1.87926643
  N     2.66033796  -0.51156171  -0.24716245
  N     2.29932035  -2.82947602  -0.13942945
  N     2.88440972  -1.80061250  -2.15779344
  C    -0.06418829   1.86783608  -2.28343376
  C    -0.61185211   3.23424236  -2.60180951
  C    -1.90291984   3.13994666  -3.37958341
  C    -0.62591945  -0.18561807  -1.15158357
  C    -1.09119728  -0.62816273   0.20038665
  C     1.21457506   1.92251074  -1.46756319
  C    -1.51735239  -1.56834493   2.78887472
  C    -0.15491583  -2.06346913   4.71260169
  C    -1.09114176   0.25100579   1.27874875
  C    -1.35685901  -1.97015481   0.42750000
  C    -1.30749921  -0.21808635   2.55576142
  C    -1.59374581  -2.43768524   1.70502240
  C    -2.26869384   4.43126289  -4.06869551
  C     0.84745541  -2.31459721   3.62593497
  C     1.84030463  -1.42141072   1.77919305
  C     1.06357347  -3.59736295   3.07154592
  C     1.92631968  -2.67682525   1.16141139
  C     2.24473747  -0.23298063   1.02876566
  C     2.58872840  -1.75801133  -0.82202645
  H     0.16534218   1.30824314  -3.19281662
  H    -0.78068572   3.78570827  -1.67764447
  H     0.12429911   3.79969399  -3.17455791
  H    -2.74217589   2.86516517  -2.73978384
  H    -1.84511338   2.37212175  -4.15253854
  H    -1.41926122   1.61386785  -0.73763367
  H    -0.15281634  -2.81625100   5.50576709
  H     0.05237029  -1.08432818   5.14570240
  H    -0.85498084   1.29666482   1.14977905
  H    -1.33223554  -2.66445683  -0.40456638
  H    -1.90508704  -2.98516615   4.14654398
  H    -1.23022772   0.45244733   3.39949460
  H    -1.75562574  -3.49575891   1.86829201
  H     0.77377862  -4.48868080   3.62764877
  H     1.63396494   1.95827873   0.41121000
  H     2.80321956   0.26474701  -0.89162701
  H    -3.58606670   5.17033770  -5.18607661
  H     2.61615203  -0.97364287  -2.67283511
  H     2.60820714  -2.67106727  -2.58334195
$end
$temperature
298.15
$end
$mult
 1
$end
$sigma
 1
$end
$pressure
1.00000
$end
$scale
1.0
$end
$msrrho
$end
$freq
18.14
25.39
37.26
44.74
63.91
72.45
74.84
83.13
90.74
103.28
114.56
128.72
140.98
168.49
171.14
192.11
194.52
203.82
231.21
242.49
259.49
280.07
295.88
328.23
348.86
366.38
371.20
382.49
399.48
413.49
425.67
453.41
455.45
475.13
494.46
510.98
542.71
545.57
566.05
586.37
603.72
613.17
623.12
645.04
659.77
667.04
676.61
682.86
698.95
703.25
710.75
731.70
775.91
795.27
807.24
817.54
836.29
838.73
851.21
863.64
876.28
879.72
906.45
910.29
929.18
936.20
943.25
946.95
951.65
992.02
1004.67
1023.69
1037.82
1051.11
1064.17
1067.01
1094.78
1103.41
1131.77
1148.55
1164.72
1172.28
1175.40
1175.90
1195.68
1204.29
1217.27
1221.87
1228.55
1255.12
1259.37
1283.56
1301.47
1310.98
1320.78
1333.98
1335.02
1338.64
1343.19
1346.59
1386.70
1395.34
1408.17
1424.40
1434.99
1446.73
1448.55
1454.21
1469.56
1477.95
1503.27
1509.28
1521.49
1546.55
1562.78
1588.01
1617.08
1640.61
1647.30
1731.72
1742.70
1782.49
1795.85
1819.29
1824.09
1860.63
1890.00
1899.01
3112.58
3128.37
3153.11
3200.83
3204.42
3208.97
3214.35
3230.92
3247.59
3254.60
3286.88
3305.56
3314.95
3594.52
3650.32
3680.03
3817.13
3837.12
3883.84
$end
