
$molecule
   O    -4.74303770  -1.34567861  -0.56193562
  O    -0.32879388  -0.28838913  -3.17844162
  O    -2.86605035  -1.42751141   0.62443814
  O    -3.37753734  -4.05734181  -0.95912255
  O    -1.40220789  -3.83185222   0.01654555
  O    -1.13221227   1.00918211   1.23750239
  N    -1.54726373   0.00907163  -1.26945051
  N     3.21635506   3.81870084   0.33078827
  N     1.34581568   2.09913909   1.99235129
  N     3.27342958   0.33768871   2.86675765
  N    -0.32652112  -1.05725285   1.64534035
  N     1.81388995  -1.46292929   2.53713419
  N     0.37288675  -3.22630857   2.07635908
  C    -2.76344187  -0.63389645  -1.63986200
  C    -2.60787383  -1.78067454  -2.61719077
  C    -1.66758941  -2.86036984  -2.14547792
  C    -0.48675809   0.24451544  -2.10259485
  C     0.49334870   1.22240072  -1.52456632
  C    -3.44000644  -1.15250892  -0.39195724
  C     2.32327206   2.99265205  -0.39528666
  C     2.88426595   3.90734627   1.76144925
  C     0.06884043   2.44500279  -1.02143642
  C     1.84481866   0.91574569  -1.51363207
  C     0.97713077   3.32780357  -0.48042665
  C     2.75308862   1.78636228  -0.94284919
  C    -2.12001281  -3.62315407  -0.92395322
  C     2.55409758   2.53104000   2.26324877
  C     1.08015811   0.80155369   2.10130797
  C     3.52014067   1.61893990   2.73319846
  C     2.05336932  -0.12156283   2.51144583
  C    -0.22537398   0.31598715   1.64228577
  C     0.66405535  -1.89922467   2.09386061
  H    -3.46990770   0.08331355  -2.08785405
  H    -3.60285739  -2.17648674  -2.82837281
  H    -2.21983377  -1.38331567  -3.55040269
  H    -0.69816107  -2.43940722  -1.91211095
  H    -1.52513123  -3.59955830  -2.94213771
  H    -1.51853377   0.45445121  -0.35539279
  H     2.01188399   4.54729400   1.89418679
  H     3.73556851   4.35329921   2.28583568
  H    -0.98006743   2.70821921  -1.03718553
  H     2.18348877  -0.02754335  -1.92615478
  H     4.16503653   3.48462794   0.21441781
  H     0.64208301   4.26737833  -0.06659234
  H     3.79897483   1.51218995  -0.88394220
  H     4.51880324   1.96856077   2.99371563
  H    -5.08628103  -1.75098287   0.24717140
  H    -1.20829082  -1.42672792   1.30214059
  H    -3.79714080  -3.81626269  -1.79025855
  H     1.16579556  -3.81922642   2.26547950
  H    -0.31971198  -3.55429970   1.41162703
$end
$temperature
298.15
$end
$mult
 1
$end
$sigma
 1
$end
$pressure
1.00000
$end
$scale
1.0
$end
$msrrho
$end
$freq
20.83
29.40
49.61
57.09
69.55
77.53
88.55
97.00
106.47
112.42
125.46
133.02
158.12
167.75
172.48
185.69
188.56
201.44
213.87
257.89
275.31
282.52
294.64
310.52
360.27
383.48
390.33
399.37
417.74
428.65
449.42
453.22
473.59
489.98
502.95
526.75
543.87
547.24
559.92
589.48
607.11
609.36
612.98
630.11
645.40
654.48
662.91
694.83
697.52
716.09
725.30
734.42
764.99
772.75
798.88
810.73
814.06
826.94
837.61
854.47
861.71
867.17
883.23
899.89
926.64
931.51
932.73
945.38
953.36
1006.62
1007.44
1025.80
1037.21
1050.65
1059.24
1062.95
1073.39
1095.90
1102.78
1118.25
1142.27
1169.30
1178.54
1185.49
1193.85
1195.53
1212.67
1215.28
1217.00
1227.00
1249.44
1262.95
1294.73
1312.68
1321.64
1329.66
1334.12
1339.92
1362.23
1372.92
1379.70
1398.24
1405.37
1431.09
1432.26
1446.21
1452.98
1454.28
1468.83
1473.84
1475.13
1510.78
1514.11
1562.27
1583.95
1605.54
1619.95
1647.64
1652.92
1736.61
1742.25
1776.67
1797.60
1819.17
1848.59
1863.26
1921.13
1947.59
3090.32
3103.60
3106.70
3151.51
3203.65
3216.00
3243.04
3249.72
3259.71
3273.34
3290.69
3303.66
3612.37
3629.13
3678.53
3680.49
3805.68
3889.40
4002.78
$end
