
$molecule
   O     3.32795034  -1.92391429   4.65654343
  O     0.22115576  -2.22085879   0.67678160
  O     3.71060094  -0.20299275   3.28067505
  O     4.88445293  -5.34564984   2.23429984
  O     4.58331441  -5.04241476   0.03943569
  O    -1.58085191   1.93825968   0.85257906
  N     2.00235985  -1.06867304   1.44588028
  N     0.12765526   2.62385071  -3.49347364
  N    -2.04569468   2.35148744  -1.91077723
  N    -4.65502918   2.25206253  -2.75930019
  N    -3.81724479   1.74122651   1.16824204
  N    -5.39719393   1.90582167  -0.56159002
  N    -6.09142918   1.49510243   1.61902373
  C     2.18085158  -1.91136406   2.58167413
  C     2.68632997  -3.29211980   2.21112947
  C     4.01867961  -3.23613083   1.50263001
  C     0.95901202  -1.26424199   0.57751091
  C     0.82752861  -0.23298940  -0.49669031
  C     3.14581383  -1.23493500   3.52530789
  C     0.40124734   1.64576678  -2.52438929
  C    -1.15291816   2.57234535  -4.14936635
  C     0.17332108  -0.58897750  -1.66910741
  C     1.29668491   1.06900381  -0.36506096
  C    -0.02454767   0.32801360  -2.67797897
  C     1.09248005   1.99353810  -1.36451516
  C     4.52239678  -4.62232020   1.15935214
  C    -2.31505231   2.46515727  -3.18294763
  C    -3.03335212   2.16014732  -1.04042663
  C    -3.66381682   2.41921995  -3.60261681
  C    -4.36792759   2.10402243  -1.44993630
  C    -2.68140505   1.95283270   0.37703907
  C    -5.10454147   1.73220004   0.69005977
  H     1.23062034  -2.03427064   3.11777312
  H     2.75017552  -3.89610211   3.11665597
  H     1.94316679  -3.74907483   1.56094196
  H     4.77253197  -2.74209717   2.11844862
  H     3.93012149  -2.68349618   0.57183083
  H     2.58127369  -0.25196986   1.37566806
  H    -1.19581423   1.71424403  -4.83023440
  H    -1.26108246   3.46986801  -4.77180901
  H    -0.18541751  -1.60517603  -1.78022100
  H     1.79442961   1.39268069   0.53970834
  H     0.32336164   3.54548271  -3.12906724
  H    -0.52950831   0.02978609  -3.58392686
  H     1.42758403   3.01340419  -1.23030269
  H    -3.91225444   2.52426310  -4.65843699
  H     3.93800334  -1.41813859   5.21124191
  H    -3.64450675   1.53060751   2.13770779
  H     4.74507830  -4.83825820   3.03926033
  H    -7.02199574   1.67119449   1.27132403
  H    -5.91659770   1.76457671   2.57345004
$end
$temperature
298.15
$end
$mult
 1
$end
$sigma
 1
$end
$pressure
1.00000
$end
$scale
1.0
$end
$msrrho
$end
$freq
7.14
8.74
12.87
16.45
29.70
39.32
44.58
51.72
57.93
68.97
75.25
93.13
109.48
136.60
150.14
159.64
167.09
178.67
189.49
222.39
247.49
258.97
268.66
320.57
334.59
344.95
348.73
358.96
379.83
389.64
433.68
447.85
456.90
461.91
468.09
488.11
490.86
504.09
528.27
538.97
549.55
578.75
595.75
597.17
605.90
621.14
632.04
635.48
650.83
683.87
689.23
700.19
711.18
718.93
766.74
768.29
783.19
813.40
817.07
826.74
834.91
855.36
864.38
888.55
914.67
926.01
932.54
943.19
958.02
986.30
996.98
1027.10
1028.41
1047.94
1062.44
1082.09
1093.10
1097.21
1112.01
1147.85
1149.43
1167.45
1177.96
1180.46
1183.08
1199.57
1200.49
1211.43
1220.87
1224.28
1246.98
1282.12
1284.90
1291.60
1314.58
1328.25
1333.74
1336.35
1346.52
1348.30
1363.20
1380.08
1393.02
1404.37
1413.38
1447.26
1456.63
1460.69
1472.98
1479.10
1484.69
1494.77
1516.86
1566.91
1578.87
1579.66
1610.61
1633.61
1650.24
1737.87
1762.40
1789.95
1794.54
1814.05
1840.43
1898.52
1912.20
1923.14
3070.11
3134.79
3138.24
3150.20
3161.33
3203.81
3239.05
3254.73
3256.72
3259.63
3264.27
3296.08
3691.55
3732.80
3816.98
3824.93
3883.90
3894.29
3985.64
$end
