
$molecule
   O     0.80620540  -1.52356549   6.21145807
  O    -1.01656404   2.08398738   3.70218162
  O     0.67356641   0.00102226   7.84645936
  O    -1.33894088   3.24499045   6.45203245
  O    -3.50556384   2.99334200   5.94684261
  O     1.70405632   1.85646477  -7.05218439
  N    -0.16655223   0.11619083   4.42172634
  N     0.40396487  -0.59200787  -1.94845898
  N     0.54614635   0.09632104  -5.13060031
  N     0.55048207  -2.58794552  -5.78404171
  N     2.19590126   0.07057777  -8.35110383
  N     1.66531371  -2.14312907  -7.78944318
  N     2.73982656  -1.67574168  -9.79672647
  C    -0.45245373   0.44169596   5.78469677
  C    -1.91028610   0.22640267   6.15807490
  C    -2.38964119   1.25337802   7.16390783
  C    -0.52241016   1.00905717   3.44173190
  C    -0.26419937   0.55131306   2.04033616
  C     0.41151445  -0.35035554   6.73031268
  C     0.14626910  -0.20786800  -0.63241951
  C    -0.54618890  -0.31044144  -3.00478892
  C    -0.97100382   1.15720463   1.00936964
  C     0.66350879  -0.43625323   1.71817961
  C    -0.77972881   0.78492146  -0.30634975
  C     0.86847898  -0.80968166   0.40765352
  C    -2.50387128   2.58500606   6.46906599
  C     0.01364121  -0.78421022  -4.31560558
  C     1.08170518  -0.33136410  -6.27713423
  C     0.02017308  -2.14898338  -4.66693113
  C     1.10071141  -1.68900157  -6.62281630
  C     1.66294553   0.66810820  -7.19939153
  C     2.18625686  -1.27731186  -8.60295695
  H    -0.21189579   1.49056054   5.92810293
  H    -2.50783891   0.31301489   5.25449569
  H    -2.06755086  -0.78189762   6.54450121
  H    -1.69466220   1.33359870   7.99953859
  H    -3.37802577   0.98225231   7.54190377
  H     0.00950472  -0.84067927   4.18091675
  H    -0.70887589   0.76466488  -3.07514419
  H    -1.52000822  -0.78699466  -2.82163102
  H    -1.68716479   1.93278582   1.25376509
  H     1.25349828  -0.91224561   2.49210558
  H     0.81796304  -1.50908742  -2.01005606
  H    -1.34992934   1.26778651  -1.08612257
  H     1.59979887  -1.57253891   0.17041380
  H    -0.43064438  -2.88428037  -4.00192490
  H     1.32232826  -1.98677340   6.88503427
  H     2.56852488   0.70510470  -9.03865042
  H    -1.42142010   3.98182823   5.83203894
  H     2.87835954  -2.67252756  -9.86638508
  H     3.45477544  -1.09669483 -10.20597907
$end
$temperature
298.15
$end
$mult
 1
$end
$sigma
 1
$end
$pressure
1.00000
$end
$scale
1.0
$end
$msrrho
$end
$freq
8.71
9.87
13.24
23.58
28.63
34.65
39.47
51.51
67.26
77.54
78.83
91.84
107.06
118.33
138.04
147.45
153.52
164.26
189.88
229.48
233.08
252.19
285.19
316.66
329.56
345.06
348.05
357.06
378.45
391.51
405.12
438.10
443.73
449.39
457.77
476.64
487.97
508.80
531.38
537.98
551.09
563.24
574.49
584.09
599.04
601.92
604.95
622.08
653.05
654.85
666.43
697.89
700.85
723.17
779.37
787.13
816.51
820.05
821.91
835.68
852.12
855.95
887.59
892.04
915.24
916.36
930.16
941.04
955.44
984.63
1006.08
1019.31
1048.11
1058.26
1063.51
1064.99
1087.89
1098.53
1099.48
1140.45
1150.18
1163.60
1171.73
1175.51
1188.69
1192.18
1205.21
1212.80
1216.68
1222.49
1238.17
1243.80
1279.91
1291.59
1299.16
1302.84
1334.35
1339.88
1346.75
1359.45
1370.19
1380.83
1390.18
1403.14
1432.26
1447.58
1452.55
1469.89
1478.95
1480.64
1490.58
1492.26
1512.00
1560.36
1572.07
1577.69
1616.85
1631.57
1645.68
1733.88
1741.11
1780.73
1788.65
1803.45
1844.84
1899.72
1906.80
1915.47
3065.12
3127.87
3141.64
3211.28
3214.22
3218.19
3239.97
3244.20
3248.75
3254.49
3287.37
3312.43
3693.61
3770.96
3816.20
3827.07
3899.67
3905.88
3917.41
$end
