
$molecule
   O     3.61524442   0.02489910   1.02711822
  O     1.66161499  -2.22999694   0.56265654
  O     3.89030360  -1.49281660   2.64145959
  O    -0.40660573   0.82660585   5.25775574
  O    -0.77156678   1.09906989   3.07918548
  O     1.93531789  -0.23192689  -2.59631455
  N     0.92289837  -0.26904970   1.35958097
  N    -3.24077223  -0.98023392  -3.40415074
  N    -0.65841128   0.63216931  -3.32716478
  N    -1.73125211   2.70757183  -1.88158171
  N     1.91644329   1.26372703  -0.90819900
  N     0.14873939   2.75057110  -0.49247059
  N     1.97779522   2.66238505   0.93238983
  C     1.78823297  -0.33599044   2.48813863
  C     1.28369487  -1.28348867   3.55259778
  C    -0.19755015  -1.08907685   3.81648436
  C     0.82792152  -1.35564972   0.52963184
  C    -0.33082549  -1.34771350  -0.41112972
  C     3.19352459  -0.70598371   2.07551012
  C    -2.32104726  -1.25546871  -2.35052376
  C    -2.74154322   0.06575166  -4.32890941
  C    -1.46958763  -0.57790329  -0.20397195
  C    -0.23617222  -2.12922071  -1.55387836
  C    -2.46196317  -0.55090445  -1.16043344
  C    -1.21860479  -2.08292708  -2.52109549
  C    -0.51279066   0.37711233   4.00656385
  C    -1.89571051   1.01780216  -3.54862827
  C     0.04829547   1.22777079  -2.37777256
  C    -2.41253309   2.10995096  -2.83356414
  C    -0.50292007   2.24688280  -1.58520835
  C     1.37170235   0.66881828  -2.04020880
  C     1.29969041   2.23644775  -0.17317395
  H     1.85073284   0.67709075   2.90070738
  H     1.45252325  -2.30697508   3.22713575
  H     1.86445867  -1.13663954   4.46503166
  H    -0.50986814  -1.66844797   4.68924384
  H    -0.78290648  -1.42919214   2.96634692
  H     0.13414281   0.35013860   1.45200448
  H    -3.60418850   0.55695433  -4.79633922
  H    -2.12171169  -0.36303602  -5.12297289
  H    -1.59458502   0.02074892   0.68792928
  H     0.65124639  -2.72964477  -1.70239192
  H    -3.46739003  -1.81895790  -3.92853739
  H    -3.33962672   0.06306190  -1.01945894
  H    -1.09679635  -2.63183096  -3.44542700
  H    -3.41844700   2.47175021  -3.03935144
  H     4.51321485  -0.26335265   0.81040802
  H     2.70989758   0.79608275  -0.49952907
  H    -0.17274312   0.11437037   5.86164518
  H     2.71711757   2.08021560   1.28297285
  H     1.44336610   3.21847888   1.57988913
$end
$temperature
298.15
$end
$mult
 1
$end
$sigma
 1
$end
$pressure
1.00000
$end
$scale
1.0
$end
$msrrho
$end
$freq
15.71
25.62
40.12
44.30
65.98
68.12
80.29
82.25
93.06
100.01
104.93
114.46
132.57
160.90
172.83
179.46
189.41
192.91
224.10
224.35
244.15
286.09
299.88
345.81
353.65
375.85
379.66
389.29
393.44
414.62
441.71
450.97
460.12
483.52
484.96
501.65
508.16
517.37
522.69
546.48
554.77
580.63
598.51
613.42
631.31
635.69
650.41
662.52
664.93
673.32
693.02
698.51
719.50
755.09
784.71
794.54
805.07
821.13
833.41
845.44
852.29
860.28
900.55
906.48
910.14
928.96
941.36
948.90
973.74
998.96
1026.72
1031.66
1060.13
1066.39
1070.16
1073.04
1076.77
1088.43
1101.73
1115.24
1119.86
1165.88
1172.36
1173.36
1191.00
1196.41
1210.61
1216.66
1218.21
1235.41
1238.96
1257.68
1273.56
1287.60
1302.86
1315.41
1326.23
1337.64
1351.79
1362.57
1368.84
1371.48
1397.71
1409.07
1431.58
1436.27
1446.18
1464.90
1466.53
1491.97
1494.12
1497.35
1523.49
1548.63
1571.95
1583.88
1630.27
1644.81
1647.33
1739.66
1744.40
1788.51
1793.23
1816.15
1865.88
1900.95
1907.30
1938.70
3071.94
3122.62
3141.23
3161.58
3167.51
3219.42
3238.83
3246.31
3264.07
3280.60
3282.14
3291.49
3630.98
3737.01
3831.48
3833.11
3888.04
3904.97
3967.14
$end
