
$molecule
   O     0.78690580  -1.71499096  -5.53588865
  O    -0.16377769  -0.87577853  -2.76276959
  O     2.43510574  -1.45184175  -4.06005238
  O     4.61558246  -0.79465081  -5.41364470
  O     5.38039669   1.10480339  -6.30108604
  O    -4.01618856  -2.11002208   2.51511550
  N     1.05425785   0.92627948  -3.35854802
  N    -0.53909754   2.52534413   2.65974387
  N    -2.53696361   0.08299453   3.55920796
  N    -1.00252633  -0.42835626   5.79352425
  N    -3.22359985  -3.40886192   4.19242625
  N    -1.74067329  -2.64781512   5.84317806
  N    -2.45666228  -4.85902716   5.84900401
  C     1.16374174   0.46647567  -4.70989277
  C     2.22181624   1.25990198  -5.45687981
  C     3.57531867   1.26107247  -4.76004938
  C     0.28933954   0.20530164  -2.46507835
  C     0.08490843   0.85177887  -1.13660456
  C     1.51989812  -1.00085710  -4.70362462
  C    -0.37076425   1.97017433   1.39540486
  C    -1.76486153   2.37519334   3.40671940
  C    -1.01091407   0.46807086  -0.37291346
  C     0.96056761   1.80077831  -0.61412736
  C    -1.24715365   1.01972191   0.86975809
  C     0.74126852   2.34947262   0.62993042
  C     4.62577958   0.52301031  -5.56717173
  C    -1.80611908   1.03385134   4.08853251
  C    -2.52581872  -1.12886385   4.11939948
  C    -1.02362960   0.75456418   5.22738562
  C    -1.75539337  -1.40766406   5.25420891
  C    -3.33465249  -2.19679769   3.49768373
  C    -2.45636063  -3.59221567   5.31494884
  H     0.20804499   0.54818064  -5.24362095
  H     2.30012444   0.87496405  -6.47493653
  H     1.85633448   2.28616733  -5.55275868
  H     3.49380551   0.81530954  -3.77409150
  H     3.94331040   2.28083618  -4.64761286
  H     1.15063675   1.91221158  -3.19406403
  H    -2.65305819   2.45906079   2.77762636
  H    -1.79569654   3.17645316   4.15332044
  H    -1.69188283  -0.27675984  -0.76782921
  H     1.84188745   2.10198829  -1.16746825
  H    -0.04437851   3.39158032   2.79655330
  H    -2.11127701   0.70788227   1.43392886
  H     1.43613601   3.07665526   1.03161342
  H    -0.40849618   1.53695462   5.66813245
  H     1.09219678  -2.63203092  -5.49505858
  H    -3.71688268  -4.18976424   3.79098769
  H     3.91921388  -1.07965008  -4.79397241
  H    -3.26654945  -5.43810780   5.69835439
  H    -2.03319977  -4.91297756   6.76305574
$end
$temperature
298.15
$end
$mult
 1
$end
$sigma
 1
$end
$pressure
1.00000
$end
$scale
1.0
$end
$msrrho
$end
$freq
8.19
12.06
18.54
25.05
29.48
45.11
64.34
66.35
75.97
87.46
105.77
108.80
126.36
145.01
156.78
166.87
173.97
190.53
223.21
239.47
251.19
269.61
285.73
317.19
329.61
337.79
345.37
354.72
359.88
388.09
393.69
413.89
448.23
452.78
459.17
468.44
482.44
500.82
534.08
551.00
562.46
584.86
591.25
596.85
598.33
605.36
637.62
644.61
667.01
681.23
702.63
721.54
754.01
780.03
784.05
805.02
819.36
819.78
842.02
847.11
855.25
863.10
883.73
894.09
918.35
927.58
932.63
936.08
953.31
1004.45
1019.64
1022.88
1036.33
1047.52
1057.33
1072.18
1076.99
1088.01
1095.29
1152.23
1158.81
1168.12
1176.98
1179.44
1187.87
1200.42
1207.50
1211.45
1216.09
1222.90
1263.93
1269.64
1293.05
1296.34
1313.86
1323.74
1335.30
1346.39
1347.52
1361.78
1372.67
1390.29
1394.54
1402.74
1427.91
1448.95
1451.22
1461.84
1468.29
1479.43
1485.85
1513.68
1527.86
1560.14
1571.36
1578.37
1614.22
1632.72
1647.54
1735.79
1747.50
1781.41
1788.94
1802.83
1856.79
1896.92
1897.66
1913.22
3099.03
3102.41
3142.36
3160.10
3185.36
3203.46
3220.34
3239.90
3247.77
3253.43
3271.05
3331.55
3693.20
3730.85
3786.82
3815.46
3826.68
3858.07
3894.41
$end
