
$molecule
   O    -1.42615282   5.72687687  -2.48303475
  O    -0.51199541   3.42339457  -3.23826280
  O    -3.41872686   6.21932894  -1.60462979
  O    -6.99889221   3.62882575   0.25889129
  O    -7.37176608   3.81109940  -1.94046167
  O     5.87318821  -2.49904356   1.48611139
  N    -2.39177552   3.05952891  -2.04843533
  N     1.43874994  -1.64896773   0.09542755
  N     3.09353985  -3.07621172   1.59624218
  N     2.36342169  -5.32619282   3.00710724
  N     6.27759365  -4.32499965   2.76547263
  N     4.59811198  -5.76048940   3.55450457
  N     6.82707533  -6.18668015   4.05720477
  C    -3.14033440   4.10410526  -2.70031700
  C    -4.62560840   3.88155288  -2.55035107
  C    -5.10303965   3.86169048  -1.12235663
  C    -1.11491081   2.75454668  -2.40933628
  C    -0.49888745   1.58598949  -1.72730756
  C    -2.68398140   5.47442973  -2.19541916
  C     0.78209475  -0.58334140  -0.48444196
  C     0.80039589  -2.54188059   1.01596399
  C    -1.23729717   0.58347187  -1.10848842
  C     0.89319890   1.48255530  -1.72713236
  C    -0.61345948  -0.48599285  -0.49783215
  C     1.52620142   0.42744626  -1.11649493
  C    -6.60010952   3.76891765  -1.01951532
  C     1.83319283  -3.41464215   1.67974810
  C     4.01423120  -3.83444573   2.19956075
  C     1.47488507  -4.57400173   2.40714727
  C     3.66474773  -4.97782686   2.92220645
  C     5.43228048  -3.44150234   2.08251128
  C     5.84840416  -5.42459965   3.46621703
  H    -2.88010072   4.07129525  -3.76462990
  H    -5.14973994   4.67626735  -3.07910295
  H    -4.88559688   2.94170371  -3.04119422
  H    -4.80600545   4.77251402  -0.60565473
  H    -4.70095277   3.02191819  -0.55360673
  H    -2.76011909   2.64996516  -1.21191200
  H     0.06216867  -3.17558947   0.50578107
  H     0.24215828  -2.00552687   1.79904592
  H    -2.32052568   0.61070643  -1.11325603
  H     1.47329875   2.25597582  -2.21603972
  H     2.42852864  -1.53571970   0.25443524
  H    -1.20817679  -1.25778408  -0.03161347
  H     2.60731204   0.36374035  -1.11495179
  H     0.42852512  -4.86782194   2.48274536
  H    -0.99786140   4.94264358  -2.89585785
  H     7.26361602  -4.13395983   2.68952082
  H    -7.96483439   3.58975321   0.25956188
  H     6.47171010  -6.87421965   4.70434414
  H     7.69221959  -5.73880323   4.31188567
$end
$temperature
298.15
$end
$mult
 1
$end
$sigma
 1
$end
$pressure
1.00000
$end
$scale
1.0
$end
$msrrho
$end
$freq
9.25
12.95
19.15
26.11
32.33
38.67
47.55
54.87
69.62
79.60
96.29
104.26
127.69
138.45
151.77
162.04
166.55
177.78
184.35
208.71
212.39
266.92
272.85
311.66
332.07
346.51
355.13
366.56
384.32
387.74
409.02
424.81
448.69
458.32
481.97
489.03
499.47
527.68
533.56
542.17
546.02
566.17
575.84
601.29
601.91
606.66
639.79
654.94
662.55
677.66
693.11
701.28
710.84
738.39
776.05
790.58
813.87
826.42
826.51
845.42
852.80
880.82
900.68
915.08
930.78
931.13
944.29
953.00
981.42
993.24
1000.60
1032.59
1034.11
1045.50
1067.93
1083.82
1087.60
1098.24
1119.06
1145.35
1166.80
1171.32
1182.94
1190.42
1204.12
1206.55
1210.25
1219.20
1221.37
1228.15
1263.98
1281.56
1285.97
1297.99
1301.96
1310.07
1334.77
1340.82
1348.28
1377.83
1394.22
1398.65
1405.64
1413.26
1425.33
1452.39
1456.77
1462.17
1487.23
1497.99
1506.91
1516.36
1520.92
1562.12
1578.44
1580.66
1613.32
1633.71
1656.14
1736.73
1754.06
1764.13
1788.73
1797.01
1805.20
1896.19
1902.51
1924.10
3036.13
3111.45
3130.94
3150.27
3154.70
3208.07
3219.91
3242.32
3244.83
3245.98
3257.52
3282.49
3502.24
3693.30
3778.97
3813.76
3826.85
3900.99
3912.95
$end
