
$molecule
   O     3.67693558  -4.37542356  -1.94391429
  O     1.26081043  -3.44515214  -3.06971727
  O     5.27139937  -4.56632433  -3.49389023
  O     5.21230622  -2.25339035  -1.01205894
  O     7.32618432  -2.01242075  -1.67611633
  O    -6.13772892   1.62819834   1.30431850
  N     2.97036553  -1.99584128  -2.66004038
  N    -1.56123637   0.41742626   1.18236257
  N    -3.45984016   1.97704037   2.18899129
  N    -3.08336164   3.69622799   4.30796678
  N    -6.83012571   3.06361987   2.91476646
  N    -5.38370142   4.11371376   4.43405986
  N    -7.66800045   4.53621857   4.51676567
  C     3.80321733  -2.68638237  -3.60621010
  C     4.94472359  -1.80948991  -4.08302668
  C     5.62903509  -0.99837921  -3.00320764
  C     1.66445733  -2.47798396  -2.48100442
  C     0.85618338  -1.68185537  -1.51874321
  C     4.34125224  -3.97778095  -3.01963754
  C    -0.74622265  -0.25137055   0.28952120
  C    -1.08975337   1.50375006   1.98846288
  C     1.43116054  -0.86853954  -0.54990945
  C    -0.53505509  -1.78123749  -1.56543342
  C     0.64813552  -0.16367423   0.34344604
  C    -1.32502129  -1.07847498  -0.68783818
  C     6.15544458  -1.81149548  -1.83897475
  C    -2.25514492   2.19100147   2.65075475
  C    -4.49708380   2.59800236   2.75948171
  C    -2.07882544   3.07734456   3.73931803
  C    -4.32755116   3.47379328   3.83455572
  C    -5.84818127   2.34449935   2.22174812
  C    -6.57767184   3.89985838   3.97373640
  H     3.21799419  -3.00525238  -4.47724073
  H     5.67109137  -2.45507768  -4.57592233
  H     4.56384772  -1.11115677  -4.83626008
  H     4.95980518  -0.23453048  -2.60247890
  H     6.48728541  -0.48239546  -3.43584163
  H     2.99815214  -0.98978537  -2.73343370
  H    -0.53386245   2.25132853   1.40103753
  H    -0.39015364   1.15043694   2.75785706
  H     2.50768803  -0.79023673  -0.46614907
  H    -0.98848517  -2.42270245  -2.31205432
  H    -2.53531918   0.49063662   0.93026989
  H     1.11765948   0.45484120   1.09425493
  H    -2.40408269  -1.15569433  -0.73919029
  H    -1.08033991   3.26467714   4.13278669
  H     4.11179677  -5.16313447  -1.59276155
  H    -7.77037134   2.96738531   2.56677281
  H     4.32321615  -2.14411731  -1.38034267
  H    -7.47454004   4.99616645   5.39360052
  H    -8.56848756   4.09313307   4.43456265
$end
$temperature
298.15
$end
$mult
 1
$end
$sigma
 1
$end
$pressure
1.00000
$end
$scale
1.0
$end
$msrrho
$end
$freq
10.17
14.15
22.04
31.16
39.03
48.54
53.70
63.34
71.21
94.86
98.34
133.83
140.12
150.05
153.09
161.37
163.19
189.74
204.10
210.49
241.93
269.82
283.32
307.60
328.24
347.50
353.25
376.75
386.90
393.13
446.78
448.65
463.95
485.31
490.89
498.15
510.51
531.80
543.14
547.40
563.61
575.47
597.58
601.01
607.30
620.63
622.38
635.93
638.04
662.64
697.34
703.47
719.38
779.69
788.58
793.44
807.02
813.49
827.97
834.94
838.63
861.59
883.55
901.32
916.69
930.16
932.19
940.61
953.18
993.43
1016.66
1025.02
1032.87
1046.58
1065.90
1079.77
1085.43
1088.13
1098.35
1145.39
1148.10
1165.28
1171.41
1190.35
1201.46
1206.07
1208.63
1210.09
1219.09
1223.39
1250.19
1271.11
1281.93
1283.64
1299.16
1311.98
1336.83
1347.68
1353.48
1376.33
1379.86
1389.48
1397.69
1416.61
1434.34
1454.24
1455.26
1463.08
1484.93
1486.58
1494.58
1498.08
1520.46
1528.15
1568.17
1578.46
1613.08
1633.19
1645.32
1736.89
1753.95
1775.71
1789.16
1798.01
1879.48
1895.73
1913.98
1928.54
3035.12
3093.93
3113.29
3124.78
3148.35
3200.88
3208.34
3215.39
3243.83
3251.45
3260.68
3282.57
3692.89
3778.80
3785.99
3814.37
3826.45
3853.93
3931.87
$end
