
$molecule
   O    -1.41774825   1.50642861  -2.14356693
  O    -5.12185437  -1.32119749  -0.56264005
  O    -3.56199275   1.99937422  -1.74203307
  O    -4.05884152   2.93147495  -6.10110088
  O    -5.81025083   1.64516639  -6.64299271
  O     5.01357161  -2.56055120   1.54181786
  N    -4.06887971  -0.71712906  -2.47823611
  N     0.90190044  -0.17717341   1.44163011
  N     3.19996582  -0.69702040   2.69058212
  N     4.13596993   0.76111028   4.83241591
  N     6.57305458  -1.94243464   3.06413661
  N     6.21621605  -0.30589881   4.70613686
  N     8.26063223  -1.40597457   4.58145585
  C    -3.05158333   0.08414530  -3.09524143
  C    -3.47034024   0.52445352  -4.48562264
  C    -4.74929348   1.33322309  -4.50506054
  C    -4.10274445  -0.99659397  -1.12042710
  C    -2.78962116  -0.83447701  -0.42368114
  C    -2.72959693   1.30306666  -2.25127125
  C    -0.34046200  -0.40901897   0.86074601
  C     1.01451037   0.35349004   2.76941914
  C    -2.70304696   0.02570963   0.65828440
  C    -1.64737451  -1.50539696  -0.84530861
  C    -1.49431219   0.24875229   1.28947404
  C    -0.44174338  -1.30387118  -0.21242581
  C    -4.95878334   1.96243578  -5.85565149
  C     2.42400106   0.18068580   3.27238804
  C     4.44502374  -0.87021137   3.14565608
  C     2.92027165   0.92081179   4.37122818
  C     4.93816384  -0.14185148   4.23077119
  C     5.30434084  -1.86592113   2.47546376
  C     6.98255986  -1.17815536   4.12828182
  H    -2.12137484  -0.48585747  -3.18368974
  H    -2.65961589   1.11744266  -4.91157154
  H    -3.58649171  -0.36473443  -5.10982647
  H    -4.70656684   2.12963229  -3.76490568
  H    -5.62131929   0.71694161  -4.29475179
  H    -4.99336446  -0.66139432  -2.87218853
  H     0.33186048  -0.13825773   3.47989637
  H     0.74901607   1.41877585   2.79294086
  H    -3.58989919   0.54937992   0.99533460
  H    -1.70163335  -2.19823045  -1.67654546
  H     1.60402275  -0.87355029   1.23869797
  H    -1.44237347   0.93961528   2.11827894
  H     0.44404855  -1.83163072  -0.54361590
  H     2.28403962   1.65432506   4.86513301
  H    -1.27711755   2.28875160  -1.59401589
  H     7.19255051  -2.63733033   2.67992264
  H    -4.24623989   3.29465116  -6.97709840
  H     8.58699089  -0.71179987   5.23680772
  H     8.94175499  -1.75418115   3.92656907
$end
$temperature
298.15
$end
$mult
 1
$end
$sigma
 1
$end
$pressure
1.00000
$end
$scale
1.0
$end
$msrrho
$end
$freq
10.00
14.65
19.66
22.24
29.40
34.44
37.07
62.27
63.42
75.31
82.09
96.71
104.41
119.63
147.89
151.79
162.39
168.80
192.79
205.16
213.16
223.85
265.36
279.16
317.18
334.60
348.43
355.20
373.67
390.12
433.25
438.38
449.40
467.43
488.71
490.29
512.19
514.57
535.31
543.96
554.65
577.83
590.89
598.74
604.81
610.50
631.90
636.73
639.87
669.62
675.17
697.30
706.86
733.89
769.25
783.17
803.40
813.63
815.68
827.64
837.03
859.01
865.02
890.53
912.49
921.51
927.26
930.73
950.01
966.90
993.51
1033.01
1046.30
1051.41
1061.00
1084.29
1090.77
1098.74
1104.20
1145.54
1152.93
1168.85
1179.88
1189.48
1192.17
1205.07
1212.58
1218.93
1219.50
1227.20
1235.68
1277.58
1283.43
1301.38
1316.59
1319.91
1330.12
1336.90
1339.53
1346.97
1369.89
1388.15
1400.85
1408.24
1441.22
1455.83
1463.70
1467.94
1474.56
1487.11
1491.39
1497.27
1504.58
1519.89
1565.03
1578.24
1612.87
1632.57
1647.38
1737.39
1753.68
1788.86
1790.26
1812.13
1861.75
1895.46
1900.91
1925.39
3036.38
3114.01
3119.09
3176.13
3179.78
3203.32
3208.73
3243.05
3248.60
3251.77
3259.80
3281.13
3691.99
3765.25
3815.45
3825.47
3830.91
3904.08
3912.58
$end
