
$molecule
   O     6.57646956  -0.89267682   1.32162906
  O     4.77257535   1.33438699   0.53401086
  O     7.93955989   0.39694569   0.10599314
  O     3.03904006  -0.56797282  -2.85791434
  O     3.45916794   1.60375131  -2.57208123
  O    -5.81993916  -1.90834537   3.57187020
  N     4.66710294  -0.66595977  -0.49909071
  N    -1.57914367   0.46031817   0.37396406
  N    -4.40690728  -0.87846051   1.31947777
  N    -5.82778756   0.81658725  -0.33549362
  N    -7.64375401  -0.73322958   2.93028508
  N    -7.72415206   0.61811915   1.01597145
  N    -9.59026671   0.43027017   2.38857088
  C     6.02019354  -0.58454726  -0.95186128
  C     6.19758913   0.42829365  -2.05806216
  C     5.26910388   0.17290501  -3.22744685
  C     4.10474034   0.41050961   0.13906248
  C     2.61662262   0.36458584   0.23812390
  C     6.95226615  -0.27707687   0.20181306
  C    -0.18585960   0.39929014   0.30822375
  C    -2.39325107  -0.67280117  -0.01300892
  C     1.89611443  -0.81950656   0.28033761
  C     1.92412759   1.57111293   0.24028045
  C     0.51338573  -0.80832470   0.31499990
  C     0.54861241   1.59342427   0.26831974
  C     3.84846755   0.50769160  -2.86443647
  C    -3.83855137  -0.36302929   0.25446197
  C    -5.68063651  -0.57147054   1.57995575
  C    -4.57912984   0.49720426  -0.58085956
  C    -6.41611745   0.29080083   0.75630069
  C    -6.31596667  -1.15905620   2.77917456
  C    -8.29193901   0.11243521   2.06704212
  H     6.29477538  -1.58636188  -1.31145233
  H     6.00101750   1.41705993  -1.65810369
  H     7.23565955   0.40757879  -2.39388017
  H     5.31703225  -0.86105875  -3.56855340
  H     5.54888339   0.82149080  -4.06314323
  H     4.04900890  -1.28331813  -0.99117401
  H    -2.12033806  -1.54212166   0.58380276
  H    -2.25876547  -0.93625439  -1.07239895
  H     2.40897711  -1.77379062   0.29663037
  H     2.48575026   2.49557710   0.19686333
  H    -1.94029129   1.34498459   0.05186159
  H    -0.02594564  -1.74327171   0.35331828
  H     0.02174276   2.53943978   0.25689141
  H    -4.11837484   0.92069881  -1.47220023
  H     7.21301641  -0.66113099   2.01036364
  H    -8.11710125  -1.06586438   3.75457132
  H     2.16189800  -0.26919447  -2.58274815
  H   -10.12085692  -0.23031172   2.93264165
  H   -10.08782516   0.89967429   1.64709644
$end
$temperature
298.15
$end
$mult
 1
$end
$sigma
 1
$end
$pressure
1.00000
$end
$scale
1.0
$end
$msrrho
$end
$freq
8.51
10.22
20.66
24.21
33.69
51.76
56.42
66.27
78.45
92.71
94.14
111.09
113.24
144.92
148.10
154.81
164.70
167.28
201.09
214.22
231.24
258.32
276.39
327.10
343.60
350.37
355.10
384.50
388.53
406.27
427.46
441.41
446.67
469.29
482.99
490.71
494.49
512.61
536.56
538.82
551.64
560.38
572.91
577.38
599.31
601.02
607.99
622.75
651.00
657.05
665.40
696.03
703.37
726.71
778.08
782.66
793.86
810.07
819.43
833.73
851.89
866.20
879.93
888.00
912.90
919.19
931.41
940.77
957.04
1006.29
1018.85
1026.23
1045.80
1053.64
1058.02
1065.62
1087.73
1098.09
1108.83
1127.19
1149.20
1151.08
1163.04
1174.79
1185.35
1189.42
1204.89
1212.05
1219.63
1235.44
1239.87
1263.92
1274.99
1291.17
1295.94
1310.11
1334.49
1337.54
1346.75
1355.34
1379.20
1386.04
1391.30
1403.55
1434.53
1452.35
1453.05
1462.62
1479.23
1490.56
1493.05
1497.43
1511.85
1561.58
1577.17
1578.32
1616.84
1631.70
1650.11
1733.95
1741.45
1785.05
1788.97
1806.96
1874.71
1899.25
1916.13
1919.18
3060.21
3110.17
3113.59
3153.49
3204.44
3211.30
3218.46
3243.65
3247.75
3268.49
3279.14
3286.19
3693.48
3766.71
3816.50
3827.00
3898.27
3915.02
3920.11
$end
