
$molecule
   O    -1.63890804  -7.53998651   0.41097711
  O    -3.44289322  -2.93562958   1.31338664
  O    -0.15239732  -6.02128122  -0.27625138
  O    -3.93095369  -6.56997689  -3.49884530
  O    -4.49500188  -4.40933890  -3.61766584
  O     4.92786562   3.40784331  -0.29474609
  N    -1.65986285  -3.96345505   0.39983522
  N     0.59433275   2.02968408   1.05152426
  N     2.23369468   4.01291432   0.37961064
  N     1.60758321   6.68251451   0.64478645
  N     5.39556077   5.62443858  -0.30846813
  N     3.81399870   7.29370782   0.15445686
  N     6.00327216   7.87496822  -0.36914388
  C    -2.29907168  -5.23376379   0.37941561
  C    -3.34969525  -5.33402909  -0.71420582
  C    -2.77600925  -5.02311312  -2.07690302
  C    -2.29782873  -2.86596905   0.92086067
  C    -1.49640769  -1.60516656   0.93912813
  C    -1.23677072  -6.29559421   0.15359478
  C    -0.11866333   0.84423267   0.99848735
  C    -0.03468874   3.30374703   0.86584898
  C    -2.17700916  -0.40464681   1.10703979
  C    -0.10817496  -1.56555668   0.81056734
  C    -1.50976737   0.80257954   1.13262382
  C     0.57004105  -0.36769213   0.84087772
  C    -3.81368352  -5.27628955  -3.15049886
  C     1.01402456   4.37038208   0.68775617
  C     3.16448374   4.95590713   0.20085261
  C     0.70897392   5.74572510   0.81957682
  C     2.86730484   6.31455141   0.32999543
  C     4.53460106   4.53141303  -0.14737839
  C     5.02247244   6.93617113  -0.15224569
  H    -2.78810267  -5.41350596   1.34504024
  H    -3.79740772  -6.33017038  -0.70820299
  H    -4.14224781  -4.62511084  -0.48166456
  H    -1.88883758  -5.62328328  -2.27921466
  H    -2.49217386  -3.97637279  -2.13582064
  H    -0.71766371  -3.91623863   0.05782253
  H    -0.67096546   3.55869912   1.72384322
  H    -0.69868875   3.32082352  -0.01257934
  H    -3.25463378  -0.42989874   1.21679574
  H     0.46887505  -2.47543178   0.70061295
  H     1.53904880   1.99267362   0.69921820
  H    -2.06510676   1.72007069   1.26086599
  H     1.64861847  -0.35035268   0.74368333
  H    -0.30342590   6.05647453   1.07512915
  H    -2.52806525  -7.53688010   0.78113592
  H     6.33622076   5.40254205  -0.59172486
  H    -3.27277634  -7.10486232  -3.04526652
  H     6.96098706   7.60694359  -0.21109996
  H     5.74592337   8.80458956  -0.07342377
$end
$temperature
298.15
$end
$mult
 1
$end
$sigma
 1
$end
$pressure
1.00000
$end
$scale
1.0
$end
$msrrho
$end
$freq
8.71
9.35
17.44
23.03
26.18
40.19
41.51
49.62
53.61
64.35
70.18
97.67
106.10
123.45
134.41
151.84
159.72
162.87
192.89
209.96
213.75
242.75
255.73
299.09
337.62
341.43
348.41
357.71
364.21
388.38
442.88
449.62
459.88
464.15
475.16
483.15
487.82
492.89
516.60
534.66
537.54
550.13
560.60
590.42
601.05
605.72
615.57
638.02
647.05
663.70
695.22
700.49
702.73
719.61
774.16
785.80
787.75
813.54
824.49
828.05
845.53
856.24
885.23
893.38
914.34
929.17
931.13
949.09
965.31
985.50
993.42
1025.85
1032.81
1047.52
1063.85
1083.97
1087.62
1098.61
1098.97
1144.06
1145.64
1168.56
1177.04
1180.37
1188.87
1190.46
1205.75
1215.49
1219.13
1221.06
1228.41
1281.22
1284.03
1304.05
1306.03
1309.17
1326.98
1333.70
1345.43
1347.44
1369.26
1379.51
1394.20
1404.29
1411.88
1454.06
1464.88
1474.01
1477.84
1484.18
1488.40
1498.49
1520.40
1561.94
1574.35
1578.32
1612.88
1632.81
1649.92
1737.32
1754.04
1774.82
1789.74
1799.79
1837.14
1895.44
1922.81
1933.72
3036.19
3114.33
3129.12
3140.93
3164.14
3208.63
3226.65
3242.85
3252.01
3255.84
3259.31
3282.65
3692.12
3776.10
3815.18
3825.62
3886.51
3959.87
3979.97
$end
