
$molecule
   O     0.51685787   0.47386537   3.35793726
  O    -3.11583094  -0.71377856   0.14733768
  O    -1.32180481   1.49338026   4.09956416
  O    -2.38275074  -1.19566580   5.06054910
  O    -2.99439478  -3.24188423   4.38625686
  O     0.91591040   1.81926772   0.28034373
  N    -1.46187227   0.50260149   1.12593621
  N     0.24793573   2.48237587  -4.40237363
  N     1.66281986   1.22019241  -2.39761651
  N     2.86920989  -1.21597258  -2.81153551
  N     1.76210016  -0.15768723   0.92667619
  N     2.77027011  -1.70102825  -0.52163473
  N     2.50244559  -2.20217800   1.73632286
  C    -1.56332806  -0.17412185   2.38668116
  C    -1.05710478  -1.59602946   2.29723549
  C    -0.90745670  -2.31820339   3.61968181
  C    -2.25116711   0.12565197   0.06560516
  C    -1.84122521   0.81891116  -1.19814010
  C    -0.82372134   0.68059827   3.38386581
  C    -0.60866797   1.96499975  -3.41121688
  C     1.36260514   1.63031932  -4.77302271
  C    -1.62872271   0.06815764  -2.34382450
  C    -1.55430520   2.17781309  -1.21545403
  C    -1.02505258   0.63729263  -3.44744036
  C    -0.96079024   2.75109796  -2.31620945
  C    -2.20134319  -2.34116186   4.38453166
  C     1.90988447   0.81961096  -3.61575403
  C     1.94660203   0.41875550  -1.37180900
  C     2.55558114  -0.42410910  -3.80809235
  C     2.53678708  -0.83553425  -1.56105533
  C     1.50404197   0.81227578  -0.02771862
  C     2.37094304  -1.35636194   0.66321071
  H    -2.60874147  -0.17453753   2.69800899
  H    -1.75546097  -2.13566844   1.66003595
  H    -0.09493656  -1.60167738   1.79778232
  H    -0.15755699  -1.83534822   4.24387888
  H    -0.60079425  -3.35011350   3.43731935
  H    -0.66032983   1.08310128   0.92721119
  H     2.14471809   2.26198796  -5.21287104
  H     1.05806634   0.92229048  -5.55365342
  H    -1.89546305  -0.98261183  -2.35091845
  H    -1.75034881   2.78673122  -0.34232941
  H     0.56935018   3.40007198  -4.12515060
  H    -0.81394716   0.03822057  -4.32080092
  H    -0.67230981   3.79333611  -2.29094683
  H     2.80245285  -0.76032531  -4.81477409
  H     0.91769806   1.11724028   3.95939856
  H     1.39698703   0.03573251   1.85094087
  H    -3.23888447  -1.22861174   5.50677303
  H     2.51764423  -1.80109705   2.65924841
  H     3.10740073  -2.99217205   1.57200910
$end
$temperature
298.15
$end
$mult
 1
$end
$sigma
 1
$end
$pressure
1.00000
$end
$scale
1.0
$end
$msrrho
$end
$freq
16.40
21.54
31.43
38.38
54.62
56.42
72.61
86.46
89.81
110.14
115.18
126.98
130.08
143.24
153.93
179.96
190.87
198.50
207.95
237.54
248.58
265.60
290.68
299.03
323.21
346.92
355.14
378.42
384.35
399.90
428.52
445.86
454.39
468.64
493.31
499.95
509.95
529.93
554.22
560.67
575.74
589.90
604.11
613.59
616.92
631.93
637.79
648.47
664.68
685.32
698.99
717.98
742.30
767.17
792.61
797.78
810.40
824.54
830.81
847.86
855.68
861.25
872.44
888.91
890.88
926.73
932.57
937.52
945.16
990.22
995.32
1033.43
1050.73
1059.91
1069.73
1079.58
1084.02
1096.93
1112.25
1140.08
1149.80
1160.54
1167.19
1174.78
1206.45
1211.19
1214.43
1216.25
1221.32
1239.50
1249.28
1257.94
1282.70
1300.83
1312.64
1323.05
1332.47
1344.41
1353.04
1357.56
1376.69
1384.70
1405.29
1421.60
1437.34
1447.94
1451.32
1458.05
1461.75
1466.35
1475.32
1493.59
1513.25
1566.88
1579.79
1584.47
1616.57
1638.73
1644.85
1735.64
1758.58
1791.07
1801.47
1816.70
1858.81
1879.72
1913.47
1942.84
3063.80
3137.95
3142.87
3193.18
3205.56
3228.82
3233.74
3242.64
3259.38
3265.65
3288.27
3302.56
3701.79
3712.47
3728.47
3767.87
3838.54
3905.49
3919.46
$end
