
$molecule
   O     1.04678453  -6.52671781   0.92843017
  O    -0.42882300  -4.51750847  -0.90128000
  O    -0.75955871  -7.79517576   0.56411173
  O    -5.42966007  -5.74797052   1.31491365
  O    -5.19192237  -3.78579502   0.26125845
  O     0.43114870   5.05963418  -3.41957270
  N    -0.40826200  -4.36319043   1.35413726
  N     1.40617803   1.57658532  -0.36746915
  N     1.39582834   4.17752687  -0.89674124
  N     2.57791467   6.08600810   0.69921420
  N     1.14743056   7.15352228  -2.93325442
  N     2.22099460   7.73052000  -0.92872963
  N     1.82540497   9.35082646  -2.54767098
  C    -1.08638861  -5.62889792   1.51383636
  C    -2.48303011  -5.64889736   0.95089633
  C    -3.37594020  -4.61493511   1.60171516
  C    -0.24231708  -3.84025838   0.07815211
  C     0.19308724  -2.41554290   0.02679912
  C    -0.25846746  -6.77074367   0.92493157
  C     0.99731154   0.26644352  -0.21104919
  C     1.71906687   2.42242494   0.74543494
  C     0.79071224  -1.75489306   1.09336308
  C     0.01306856  -1.71806899  -1.16865543
  C     1.19026885  -0.43716331   0.98169247
  C     0.39776185  -0.40471022  -1.28969658
  C    -4.74698127  -4.63921430   0.98234559
  C     1.86310644   3.84756664   0.27928050
  C     1.50325063   5.44418587  -1.30968476
  C     2.46691579   4.83983066   1.08682739
  C     2.09875198   6.42727909  -0.51556100
  C     0.96838602   5.79563183  -2.63997018
  C     1.75583156   8.05496970  -2.09578619
  H    -1.11857458  -5.81949064   2.59679838
  H    -2.42312811  -5.46302533  -0.11618278
  H    -2.89909255  -6.64421021   1.09211918
  H    -2.97877765  -3.61000328   1.46964010
  H    -3.48479032  -4.81307853   2.67051865
  H    -0.53027698  -3.68906248   2.09012737
  H     2.64964184   2.10420810   1.23467770
  H     0.94478399   2.38908778   1.52792780
  H     0.97558305  -2.26694834   2.03020378
  H    -0.44306925  -2.23081975  -2.00719994
  H     1.02790672   2.07111458  -1.16136059
  H     1.66143146   0.05209453   1.82156001
  H     0.24287774   0.12743411  -2.22015030
  H     2.85971778   4.57809977   2.06870460
  H     1.18386643  -5.61626508   1.21143300
  H     0.76363517   7.46596341  -3.81049438
  H    -6.29076649  -5.70978081   0.87754822
  H     1.83207450   9.50974596  -3.54196297
  H     2.42910413   9.94166398  -1.99612646
$end
$temperature
298.15
$end
$mult
 1
$end
$sigma
 1
$end
$pressure
1.00000
$end
$scale
1.0
$end
$msrrho
$end
$freq
8.50
11.26
19.34
26.18
29.32
35.53
48.87
52.27
57.65
75.75
84.27
94.89
111.83
117.49
138.25
151.57
162.02
167.50
191.17
209.70
227.44
248.13
279.69
305.48
321.92
347.35
353.71
381.87
388.01
402.35
438.45
446.99
451.18
483.04
488.40
492.21
500.39
517.72
530.71
547.03
560.91
564.75
580.37
594.54
601.24
606.75
616.52
622.86
638.02
663.21
671.38
698.36
704.69
721.75
778.48
778.95
794.11
796.45
813.38
827.85
841.30
859.90
881.94
888.25
919.58
926.12
930.83
947.54
958.09
982.26
993.21
1032.73
1039.74
1054.51
1068.32
1082.25
1087.13
1098.29
1118.91
1139.17
1145.32
1149.81
1171.73
1190.26
1198.59
1206.16
1212.62
1219.04
1221.82
1224.50
1232.80
1257.56
1279.22
1282.06
1299.46
1318.48
1338.14
1341.61
1345.60
1348.55
1376.29
1391.47
1395.90
1412.49
1415.74
1453.20
1455.37
1462.33
1482.14
1487.36
1491.67
1497.57
1520.50
1537.22
1569.54
1578.57
1613.33
1633.45
1648.15
1736.86
1753.94
1774.14
1788.89
1798.91
1871.57
1896.51
1899.46
1936.89
3034.64
3100.54
3111.61
3126.92
3194.64
3208.10
3228.70
3242.09
3245.63
3255.25
3281.88
3287.71
3693.44
3777.47
3814.03
3826.98
3832.00
3904.90
3977.62
$end
