
$molecule
   O     2.52838899  -0.37386384  -1.19406619
  O    -0.15368099  -0.63865389  -2.53738717
  O     3.20589277  -1.68824534   0.46872740
  O     1.66336476  -5.12003822  -4.31707193
  O    -0.11557648  -3.98911707  -5.06067125
  O    -0.06472070  -0.59012707   2.13133334
  N     0.13685224  -1.78124641  -0.57976929
  N    -3.92577180   2.23927029   1.82942208
  N    -1.21061433   2.01659223   2.33475083
  N     0.46137821   4.12160371   1.76184477
  N     1.93450509   0.36543866   1.73968584
  N     2.24845321   2.65864004   1.38571322
  N     3.93646773   1.14040907   0.85470528
  C     1.37865497  -2.42365300  -0.89717635
  C     1.53029545  -2.86432227  -2.32863876
  C     0.42250711  -3.80534036  -2.73768066
  C    -0.47184419  -0.84404486  -1.39447956
  C    -1.55477972  -0.09650230  -0.68326536
  C     2.49126730  -1.47962320  -0.49028579
  C    -3.27313149   1.43961153   0.87476004
  C    -3.19824144   3.41297339   2.28088716
  C    -1.73486826   1.24993217  -0.96194437
  C    -2.34345420  -0.69461222   0.29202694
  C    -2.59647732   2.01152819  -0.19992157
  C    -3.20371156   0.05964777   1.05481461
  C     0.60591827  -4.30134449  -4.15842612
  C    -1.69590206   3.22832671   2.25642739
  C     0.07923589   1.80791620   2.08049476
  C    -0.81688421   4.30200256   1.99355543
  C     0.93906399   2.86336029   1.75561924
  C     0.57604944   0.42239532   2.01775996
  C     2.68339555   1.44243969   1.35739634
  H     1.46990643  -3.28762585  -0.22631004
  H     1.52803332  -1.99701422  -2.97633250
  H     2.50378480  -3.35348267  -2.42222441
  H    -0.53347012  -3.29528678  -2.70300710
  H     0.37738776  -4.66963330  -2.06930638
  H    -0.04807933  -1.66570008   0.40912455
  H    -3.54852438   3.66450410   3.28966310
  H    -3.43205978   4.27591214   1.64476203
  H    -1.15922976   1.70683516  -1.75846419
  H    -2.25849554  -1.75482029   0.49037222
  H    -4.21839989   1.66717871   2.60976964
  H    -2.70053279   3.06913336  -0.39050078
  H    -3.75667018  -0.40318374   1.86126933
  H    -1.19464800   5.32338237   1.96466857
  H     3.16540488   0.23811999  -0.78635231
  H     2.33945642  -0.55480302   1.63152833
  H     2.10292526  -5.26488899  -3.47473407
  H     4.34833231   0.27039002   1.16291791
  H     4.55284635   1.93962983   0.81401583
$end
$temperature
298.15
$end
$mult
 1
$end
$sigma
 1
$end
$pressure
1.00000
$end
$scale
1.0
$end
$msrrho
$end
$freq
16.33
28.37
32.37
50.47
58.72
71.87
77.95
94.42
98.67
103.89
116.96
123.98
139.49
153.97
168.07
194.97
196.91
212.21
216.70
237.61
256.45
286.39
288.36
304.58
330.22
354.54
363.15
380.92
389.24
411.34
449.08
455.60
457.69
480.03
491.00
500.35
509.11
523.97
560.89
590.58
605.33
622.18
631.42
637.02
642.37
660.27
685.05
689.65
697.91
709.36
715.72
742.73
754.17
763.30
778.91
789.07
794.90
829.13
837.26
848.98
865.27
872.90
887.66
913.55
920.32
930.00
937.36
944.90
959.08
974.77
993.03
1028.93
1037.87
1054.30
1063.69
1077.66
1093.28
1113.10
1118.86
1140.22
1145.88
1155.19
1166.61
1169.77
1207.13
1213.07
1214.76
1217.68
1236.31
1250.30
1273.88
1281.69
1293.62
1305.75
1323.37
1328.68
1332.86
1351.04
1356.13
1361.38
1375.37
1398.25
1404.15
1413.88
1421.01
1451.07
1457.54
1459.23
1466.67
1467.97
1491.22
1505.39
1513.84
1569.20
1577.26
1582.22
1619.67
1630.24
1646.66
1735.89
1759.16
1801.29
1804.93
1816.58
1864.84
1879.71
1888.97
1925.01
3063.80
3120.18
3132.95
3142.59
3142.87
3209.30
3249.79
3259.06
3269.16
3279.22
3292.29
3310.18
3660.50
3715.99
3720.78
3745.84
3783.13
3800.24
3994.66
$end
