
$molecule
   O     7.81705857  -1.85912938   1.51181783
  O     3.49092493  -0.82330183   3.09958736
  O     6.63850133  -1.44428559  -0.34899031
  O     1.68166896  -3.48200459   2.06578800
  O     2.86940880  -3.69480727   0.19125424
  O    -5.63781720   2.36269583   0.93580805
  N     4.33006531  -1.40909410   1.08569858
  N    -1.46201885   0.73807359  -0.63560573
  N    -3.73327871   2.03297155  -1.14883192
  N    -4.56712468   2.70764900  -3.68644581
  N    -7.12670417   3.14324527  -0.58255168
  N    -6.66886893   3.34411437  -2.87420824
  N    -8.75839539   3.93941027  -2.04603475
  C     5.46030441  -2.07131727   1.63925242
  C     5.28536385  -3.57756235   1.66493803
  C     3.97873165  -3.96981708   2.30760459
  C     3.36954471  -0.86480654   1.89538791
  C     2.14175227  -0.39991236   1.18200069
  C     6.68190874  -1.74198442   0.81303255
  C    -0.25346640   0.39224101  -0.04853689
  C    -1.52213583   1.38860423  -1.91106608
  C     2.10596558  -0.10186561  -0.17303579
  C     0.96581387  -0.28393392   1.92006015
  C     0.92994084   0.29297366  -0.78296728
  C    -0.21320575   0.09675277   1.32276625
  C     2.81289104  -3.71128561   1.39354341
  C    -2.91891368   1.89339117  -2.16282584
  C    -4.96696241   2.50154597  -1.36274276
  C    -3.36338373   2.24321497  -3.45956854
  C    -5.40788578   2.85201603  -2.64095663
  C    -5.87524472   2.63815668  -0.20713202
  C    -7.47558726   3.47672681  -1.86749955
  H     5.60691707  -1.69415281   2.65188955
  H     5.29499700  -3.95790291   0.64556984
  H     6.12582960  -4.02613272   2.20158850
  H     3.80498602  -3.43412488   3.23831823
  H     3.96889931  -5.04150259   2.53667952
  H     4.12966628  -1.58050275   0.11812973
  H    -1.23257509   0.70211328  -2.71755788
  H    -0.82879378   2.24142837  -1.98299278
  H     3.00328780  -0.15961107  -0.77679050
  H     0.99391473  -0.51045189   2.97870088
  H    -2.18379989   1.04185620   0.00092184
  H     0.92701038   0.51993998  -1.83890870
  H    -1.12248516   0.17549938   1.90595677
  H    -2.69557558   2.12971434  -4.31274644
  H     8.55113251  -1.66121666   0.91429428
  H    -7.80714162   3.21966275   0.15599803
  H     0.98132566  -3.31597681   1.42106963
  H    -8.91919012   4.34094458  -2.95756048
  H    -9.20725654   4.40174095  -1.27210027
$end
$temperature
298.15
$end
$mult
 1
$end
$sigma
 1
$end
$pressure
1.00000
$end
$scale
1.0
$end
$msrrho
$end
$freq
10.02
12.27
18.66
29.71
35.18
44.04
51.35
52.36
61.14
64.10
90.54
97.09
119.49
133.98
149.94
152.75
162.91
168.68
199.56
213.32
221.73
263.07
284.40
312.91
321.50
330.98
347.10
356.70
384.35
390.59
412.74
445.61
447.90
479.00
487.69
499.21
515.08
534.85
539.86
548.66
555.72
558.39
588.93
589.75
601.03
602.05
607.93
635.44
640.21
658.72
683.49
697.37
704.05
717.39
721.28
778.38
787.60
814.17
822.36
826.53
855.60
864.92
885.34
892.12
918.40
930.72
931.22
947.94
960.28
993.55
1026.14
1033.15
1045.25
1047.77
1068.50
1084.09
1089.08
1099.03
1109.81
1145.72
1152.69
1165.48
1170.34
1190.20
1196.08
1200.35
1205.44
1214.86
1219.15
1223.56
1229.54
1257.57
1280.68
1285.80
1299.84
1305.51
1334.59
1338.21
1346.98
1352.79
1373.21
1384.39
1396.12
1410.16
1431.26
1448.04
1452.64
1463.94
1486.09
1489.87
1496.13
1512.56
1520.01
1563.79
1578.22
1587.86
1613.04
1632.46
1653.15
1737.42
1753.80
1779.91
1790.17
1804.05
1848.75
1895.77
1902.24
1915.09
3034.85
3100.30
3115.47
3122.67
3208.84
3219.28
3231.80
3242.72
3245.03
3252.93
3263.56
3283.15
3691.00
3771.93
3815.31
3824.35
3896.90
3906.05
3915.90
$end
