
$molecule
   O     2.77332891  -4.84619396  -4.85055146
  O     3.11476442  -2.23317550  -1.85182969
  O     1.43532844  -4.29402051  -3.16097652
  O     2.90245483  -3.60531413  -7.30140578
  O     4.05714233  -1.78338899  -7.87972983
  O    -0.87555828   3.70661534   6.59494955
  N     1.70769408  -1.64301624  -3.53734251
  N    -1.30646297   0.97949088   1.49324719
  N    -1.92125647   2.07942622   4.49976164
  N    -4.59255175   2.44342464   3.89641001
  N    -2.91011367   4.66874601   6.82598330
  N    -4.78486104   4.09241281   5.54136334
  N    -4.94840021   5.74948934   7.16291035
  C     2.35390675  -2.50969871  -4.48139365
  C     3.80276901  -2.11853081  -4.66305867
  C     4.56243157  -2.80485800  -5.78118930
  C     2.10320760  -1.67882731  -2.21047616
  C     1.18537748  -0.97084086  -1.26943415
  C     2.13842811  -3.95263147  -4.06297826
  C    -0.48440550   0.30058651   0.59426093
  C    -1.64765549   0.39791604   2.77506224
  C     1.19398227  -1.34658083   0.06735539
  C     0.33707325   0.05984899  -1.66644446
  C     0.37023365  -0.73090474   0.98843930
  C    -0.48159597   0.68776477  -0.75339933
  C     3.83839549  -2.67154076  -7.10356963
  C    -2.48889983   1.36893203   3.55316950
  C    -2.66075338   2.97185620   5.16391242
  C    -3.85345922   1.56525424   3.26058159
  C    -4.01526453   3.17512926   4.86894641
  C    -2.01569605   3.76651625   6.23144855
  C    -4.23026699   4.79763016   6.47833808
  H     1.82298953  -2.39665362  -5.43435258
  H     3.79726658  -1.04613006  -4.86148706
  H     4.32621688  -2.27412808  -3.72492387
  H     4.73618060  -3.85464167  -5.55856292
  H     5.53141082  -2.31489607  -5.89094704
  H     0.71924137  -1.50893709  -3.67253560
  H    -0.73875983   0.20600808   3.34451712
  H    -2.18395323  -0.55572519   2.66563049
  H     1.85814796  -2.14260722   0.38180876
  H     0.32590614   0.39666842  -2.69626922
  H    -2.07859990   1.44194336   1.03922269
  H     0.39053974  -1.04981800   2.01999641
  H    -1.12927938   1.49506889  -1.07254350
  H    -4.33417109   0.97263084   2.48350224
  H     2.53826222  -5.73140092  -4.53964885
  H    -2.51763490   5.27009433   7.53202617
  H     2.87297457  -4.20908080  -6.54550503
  H    -4.65179392   5.98945784   8.09478579
  H    -5.94426098   5.69063009   7.01292560
$end
$temperature
298.15
$end
$mult
 1
$end
$sigma
 1
$end
$pressure
1.00000
$end
$scale
1.0
$end
$msrrho
$end
$freq
8.60
10.62
19.88
25.12
32.62
35.47
55.69
66.81
74.08
90.10
99.99
124.26
133.70
142.30
152.89
163.05
165.73
185.27
202.93
226.43
233.41
271.14
278.93
333.85
341.98
346.74
357.19
365.39
379.66
389.33
428.78
444.60
450.17
471.27
484.90
495.87
505.56
534.51
536.78
551.40
563.21
571.53
573.85
600.06
601.07
605.42
632.93
649.01
661.52
672.68
699.88
707.43
738.88
758.86
772.77
786.28
793.21
802.80
819.38
834.30
850.41
858.47
885.82
889.94
913.33
916.97
930.84
937.94
949.35
986.89
1005.99
1019.26
1048.63
1058.17
1062.85
1075.74
1084.31
1098.43
1114.28
1125.74
1150.25
1164.44
1173.61
1174.81
1188.94
1191.56
1204.86
1205.27
1213.28
1238.12
1243.21
1273.81
1280.99
1292.35
1301.85
1325.15
1334.04
1346.03
1347.02
1351.86
1375.64
1378.80
1386.84
1402.60
1441.30
1450.27
1453.39
1462.44
1476.22
1480.18
1491.44
1492.02
1511.69
1543.64
1567.58
1577.73
1616.86
1631.61
1644.03
1733.83
1741.15
1782.45
1788.66
1803.11
1862.49
1899.60
1917.25
1937.89
3065.02
3143.15
3152.97
3163.71
3211.31
3214.56
3239.77
3246.52
3246.87
3256.61
3272.93
3287.95
3693.24
3771.49
3813.98
3816.45
3826.72
3884.93
3911.70
$end
