
$molecule
   O     4.02271449   2.75378303  -0.50827052
  O     4.13565266  -2.42361585  -0.60660174
  O     4.81294925   0.77290452   0.16494617
  O     0.70114026  -1.41169288  -2.24872761
  O    -1.24361063  -0.48756019  -1.69156360
  O    -0.96523619   2.27840645   0.30301944
  N     3.23263905  -0.60272005  -1.59504800
  N    -0.58497300  -1.17374799   3.57528219
  N    -2.04370226   0.00071042   1.60512991
  N    -4.18352998  -1.21382677   0.36602792
  N    -2.63345799   2.16299516  -1.21354469
  N    -4.20895649   0.43339755  -1.29098856
  N    -4.17983823   2.05937538  -2.95608424
  C     3.01838643   0.81336882  -1.42759040
  C     1.61860592   1.22045789  -1.02334778
  C     0.59056327   0.96463218  -2.10683173
  C     3.34581341  -1.52337344  -0.52396104
  C     2.33737306  -1.40159631   0.57179377
  C     4.04960058   1.41848207  -0.49475546
  C     0.37752708  -1.27436885   2.56525628
  C    -1.90403625  -1.68960871   3.33192221
  C     1.23196343  -2.23741312   0.53053120
  C     2.48615163  -0.53748627   1.64783857
  C     0.26418173  -2.17648855   1.51144520
  C     1.51710938  -0.46622684   2.62426820
  C    -0.08346918  -0.38209469  -1.98985468
  C    -2.55170863  -1.09969358   2.10030424
  C    -2.57949913   0.51789152   0.50276954
  C    -3.64755350  -1.70788772   1.45657858
  C    -3.65917420  -0.08709954  -0.14686762
  C    -1.95561136   1.71490731  -0.08183962
  C    -3.69316525   1.50790915  -1.78717297
  H     3.22841143   1.26136592  -2.40876477
  H     1.32821024   0.72619001  -0.10652009
  H     1.63601087   2.28853175  -0.80965402
  H     1.03847199   1.03715393  -3.09976756
  H    -0.19718223   1.70615074  -2.04360278
  H     4.00039898  -0.79529624  -2.22975568
  H    -2.51816420  -1.47069275   4.21578393
  H    -1.87424680  -2.77943735   3.23227484
  H     1.10876083  -2.93907284  -0.28364772
  H     3.36454478   0.08495409   1.72644091
  H    -0.60851011  -0.23791633   3.95621548
  H    -0.58991400  -2.82991570   1.44566914
  H     1.63172186   0.22360825   3.45074570
  H    -4.07869027  -2.62317715   1.86035618
  H     4.71524396   3.07196983   0.08703424
  H    -2.26004454   2.98396600  -1.65843312
  H     1.63978441  -1.14886885  -2.22593950
  H    -4.12634182   3.06233669  -3.04126644
  H    -5.06331472   1.65542993  -3.23123188
$end
$temperature
298.15
$end
$mult
 1
$end
$sigma
 1
$end
$pressure
1.00000
$end
$scale
1.0
$end
$msrrho
$end
$freq
23.73
31.08
41.38
45.55
54.30
55.24
72.55
80.65
109.07
119.29
127.66
129.52
144.48
154.19
176.66
178.56
181.67
203.51
207.37
245.48
266.78
270.57
292.51
297.75
328.32
342.62
355.95
362.89
388.20
396.52
425.21
447.44
451.92
475.04
481.88
492.25
518.06
550.84
575.14
576.48
586.81
595.39
597.30
618.22
628.06
635.43
643.33
654.88
685.00
688.50
701.65
716.29
726.47
769.90
774.17
780.52
815.50
820.14
832.46
835.81
847.18
883.23
891.54
898.27
900.16
922.02
937.19
943.56
944.86
996.08
1022.37
1035.23
1050.03
1052.70
1061.60
1082.37
1088.16
1104.61
1105.08
1142.57
1154.79
1165.98
1172.22
1185.05
1187.51
1202.17
1214.49
1216.15
1223.76
1246.18
1250.20
1287.60
1291.57
1308.16
1317.92
1325.68
1332.08
1348.07
1362.97
1370.41
1386.20
1397.82
1413.70
1432.09
1437.56
1444.43
1453.11
1460.76
1463.93
1479.60
1488.86
1492.90
1494.92
1523.75
1568.23
1582.36
1619.57
1633.56
1646.39
1745.69
1759.48
1792.82
1809.16
1817.01
1878.49
1885.75
1920.26
1929.87
3069.97
3116.87
3145.16
3159.48
3186.51
3207.89
3249.59
3276.25
3293.53
3318.69
3324.24
3329.41
3675.28
3688.23
3707.05
3731.59
3805.68
3842.71
3897.51
$end
