
$molecule
   O    -1.12650933  -0.82640638   0.11219468
  O     0.30705200   2.23712940   3.80610873
  O    -2.62619487  -0.85672776   1.75742224
  O     0.73771042   3.72417299   1.46225572
  O    -1.29999131   4.55470906   1.86181917
  O     1.36722221   1.27441257  -2.55736027
  N    -1.36225180   1.69485068   2.38734410
  N     2.65742583  -3.06269158   1.00815251
  N     1.72274348  -1.40451367  -1.65595540
  N    -0.45345316  -3.07139225  -1.92367581
  N    -0.70305926   0.72334849  -3.27906490
  N    -1.68051420  -1.38126427  -2.96062262
  N    -2.88986882   0.32110910  -3.97810480
  C    -1.76657561   1.26651004   1.07818136
  C    -0.89983229   1.80701131  -0.03350250
  C    -0.92727368   3.31509493  -0.14892107
  C    -0.13184480   1.48887262   2.96271069
  C     0.61501656   0.29257175   2.46861254
  C    -1.89138479  -0.24806488   1.03313820
  C     1.99574841  -1.93079035   1.51706854
  C     2.98010877  -3.05701395  -0.41133210
  C     1.70156392   0.45347442   1.62290299
  C     0.24669774  -0.97907880   2.87313755
  C     2.38221593  -0.64549146   1.14673829
  C     0.92812375  -2.08280758   2.40071516
  C    -0.53499729   3.95855417   1.15006314
  C     1.78233488  -2.64154319  -1.21995263
  C     0.60770301  -0.98150526  -2.24844470
  C     0.66143686  -3.47805683  -1.36364188
  C    -0.50835642  -1.81211081  -2.39461029
  C     0.52998537   0.42622799  -2.68290948
  C    -1.74967280  -0.15729050  -3.37974507
  H    -2.79302820   1.63720433   0.95819216
  H     0.11729749   1.48031812   0.12453755
  H    -1.23598239   1.38007217  -0.97243730
  H    -1.92271303   3.67874570  -0.40878096
  H    -0.22141937   3.63015213  -0.92243959
  H    -1.83527401   2.50272403   2.76372909
  H     3.31828360  -4.06350752  -0.68171604
  H     3.78651128  -2.35358487  -0.61663050
  H     2.01050463   1.44545673   1.31865482
  H    -0.59466811  -1.11591780   3.54097958
  H     2.18975279  -3.91357491   1.28695621
  H     3.20983381  -0.51013472   0.46818258
  H     0.61993928  -3.07588729   2.70374403
  H     0.69063187  -4.49973433  -0.98869620
  H    -1.33218961  -1.77002144   0.09770148
  H    -0.79351914   1.65205727  -3.65754010
  H     0.87471330   3.94766465   2.39525843
  H    -3.06997347   1.31098105  -3.94655749
  H    -3.69000944  -0.28431333  -3.87385985
$end
$temperature
298.15
$end
$mult
 1
$end
$sigma
 1
$end
$pressure
1.00000
$end
$scale
1.0
$end
$msrrho
$end
$freq
13.35
28.59
37.21
38.88
53.93
59.13
64.27
82.44
96.58
102.96
118.50
131.75
149.98
151.82
160.44
170.83
177.36
186.97
196.68
219.36
266.67
273.29
283.58
332.95
347.28
348.22
349.81
392.37
403.97
421.60
430.42
448.58
452.21
455.75
489.74
506.86
525.22
533.11
545.59
551.80
567.33
578.79
596.91
601.44
607.73
611.49
625.18
645.67
655.33
678.33
691.21
697.68
700.83
720.47
745.38
778.03
792.19
817.84
833.52
837.55
846.51
872.60
878.61
891.17
902.15
920.11
921.18
931.68
941.55
1009.04
1021.06
1022.57
1048.87
1058.62
1063.60
1069.21
1093.18
1098.22
1111.85
1124.73
1133.38
1151.06
1157.84
1175.46
1197.53
1204.53
1211.91
1220.54
1234.11
1245.94
1249.59
1268.83
1283.31
1294.92
1323.52
1324.69
1332.33
1343.80
1352.01
1368.58
1381.39
1392.03
1403.07
1443.21
1446.60
1450.91
1454.00
1465.38
1466.56
1470.43
1490.91
1498.78
1517.42
1529.29
1568.33
1579.76
1620.04
1634.22
1651.96
1745.11
1748.88
1795.35
1801.02
1821.06
1853.15
1899.97
1905.29
1918.35
3103.71
3112.98
3130.40
3200.80
3216.84
3221.93
3242.90
3251.96
3262.40
3270.54
3311.35
3358.43
3696.23
3725.53
3791.45
3820.24
3830.47
3874.76
3939.42
$end
