
$molecule
   O    -0.44044836   3.54800363   3.52151015
  O    -2.91592840   1.15547083  -0.32883635
  O    -0.86743802   3.18444492   1.36160161
  O     2.87861143  -0.27727951   2.35882339
  O     1.38680536  -1.49795553   3.49747046
  O    -2.20605566  -2.37655946  -1.50084278
  N    -2.46561804   1.04975761   1.87541001
  N     2.88656074  -1.61240509  -0.50863852
  N     0.51984794  -2.29949628  -2.24026220
  N     1.27017338  -0.36986341  -4.04535391
  N    -2.47162197  -0.38111298  -2.52780108
  N    -0.82813068   0.64614321  -3.84962258
  N    -2.78767342   1.78516645  -3.27819062
  C    -1.59464848   1.53060369   2.91755669
  C    -0.54229831   0.54590851   3.42088805
  C     0.85920756   0.77270662   2.90803572
  C    -2.12182230   0.87592805   0.54458156
  C    -0.79738546   0.24320095   0.27764393
  C    -0.94133357   2.84581503   2.50412559
  C     1.66108444  -0.96618243  -0.20268238
  C     2.75031359  -2.67032566  -1.53483897
  C    -0.56397954  -1.05936154   0.69458882
  C     0.19363831   0.93347706  -0.39878857
  C     0.65157845  -1.65843936   0.45179411
  C     1.41952069   0.33903995  -0.62036437
  C     1.70983739  -0.46341016   2.98044150
  C     1.78536016  -2.15566526  -2.55982834
  C    -0.37911741  -1.46803361  -2.75187990
  C     2.13983775  -1.21589193  -3.54653890
  C     0.00385022  -0.40540384  -3.58253853
  C    -1.74654152  -1.52068481  -2.20589294
  C    -1.97725575   0.67662017  -3.23677371
  H    -2.27336613   1.75329365   3.75456985
  H    -0.52221764   0.57741759   4.51331438
  H    -0.87292556  -0.45147101   3.15929111
  H     1.37720926   1.55858544   3.46013937
  H     0.86602368   1.07745960   1.87079374
  H    -3.38874407   1.46369976   1.91723401
  H     2.33924080  -3.57240165  -1.08154784
  H     3.74572885  -2.88785981  -1.93467782
  H    -1.34019173  -1.61921885   1.19820517
  H     0.01332266   1.94573479  -0.73547502
  H     3.55516060  -0.92024664  -0.82558768
  H     0.82478287  -2.67799592   0.76110029
  H     2.18800540   0.88306756  -1.15264094
  H     3.16980662  -1.14536333  -3.89428016
  H    -0.58652809   3.09156619   4.35560396
  H    -3.30976148  -0.23220642  -1.98926128
  H     3.34167527  -1.12431088   2.30878682
  H    -2.31784031   2.58845342  -3.67071493
  H    -3.27831150   1.95758070  -2.40965001
$end
$temperature
298.15
$end
$mult
 1
$end
$sigma
 1
$end
$pressure
1.00000
$end
$scale
1.0
$end
$msrrho
$end
$freq
31.31
32.64
47.74
52.83
66.54
73.96
75.15
88.80
92.33
108.47
115.11
117.72
133.90
144.45
181.68
185.72
193.11
197.47
202.15
227.40
257.79
276.95
302.59
322.12
341.44
355.57
385.69
390.31
429.34
434.15
442.32
457.28
460.57
474.61
482.34
500.97
504.65
515.18
537.99
554.43
559.35
605.90
608.72
612.68
632.44
640.67
648.39
667.90
684.48
694.47
701.47
704.12
711.46
722.96
758.61
778.07
825.17
832.98
834.92
845.41
859.98
868.46
880.40
886.69
915.02
926.31
930.19
939.44
949.28
970.36
999.25
1023.90
1051.80
1061.60
1074.95
1077.76
1094.92
1103.81
1123.88
1124.18
1142.35
1172.59
1175.63
1175.77
1183.90
1199.23
1207.36
1209.92
1214.32
1219.69
1240.61
1267.75
1295.61
1303.14
1310.61
1320.09
1332.82
1334.24
1339.71
1363.47
1378.71
1388.95
1399.54
1411.31
1443.64
1448.04
1449.86
1452.35
1458.10
1472.04
1477.23
1513.56
1515.77
1519.06
1564.53
1581.31
1623.75
1635.61
1647.61
1731.13
1743.26
1781.10
1802.35
1824.16
1842.61
1897.53
1912.42
1950.66
3088.43
3106.92
3122.64
3164.96
3207.29
3216.63
3268.25
3279.26
3281.77
3287.70
3304.52
3341.30
3646.27
3670.58
3721.54
3782.54
3833.06
3912.44
3982.10
$end
