
$molecule
   O    -3.20475167  -4.17164506   1.94679241
  O     0.10462912  -2.23832469  -0.50442114
  O    -4.53992190  -4.61234171   0.20547522
  O    -0.85210179  -7.20760481  -1.12713493
  O     1.10733859  -6.17095340  -0.84263635
  O     3.66616991   1.92641817  -0.36477092
  N    -1.88877862  -2.34456540   0.61140767
  N     0.64199119   3.07112397   3.01222925
  N     1.57661518   3.59094373   0.56931566
  N     0.29091823   5.13958921  -1.30170411
  N     3.30464907   2.69883283  -2.46574855
  N     1.66101264   4.28833375  -3.00281885
  N     3.03467276   3.42139302  -4.66572750
  C    -2.58068254  -3.31613791  -0.20285317
  C    -1.69492619  -4.32890196  -0.89185676
  C    -0.84308072  -5.12908012   0.06187048
  C    -0.67454743  -1.75884463   0.27854206
  C    -0.38961158  -0.49890181   1.03880338
  C    -3.56770174  -4.09102754   0.66980385
  C     0.29004994   1.86777950   2.36976453
  C     0.14883952   4.27661257   2.38152908
  C    -1.37173993   0.41556596   1.40104285
  C     0.93668292  -0.21378798   1.35099471
  C    -1.03652498   1.58557882   2.05406297
  C     1.27362295   0.94311372   2.01663695
  C    -0.07687480  -6.20915316  -0.67123071
  C     0.57661347   4.35261798   0.93243500
  C     1.94524683   3.55687445  -0.70808977
  C    -0.06779737   5.14766162  -0.03855240
  C     1.30231265   4.33246115  -1.67813332
  C     3.04171257   2.64712231  -1.09225688
  C     2.62248264   3.49138697  -3.35623306
  H    -3.18729271  -2.81910653  -0.97195568
  H    -2.36331253  -4.98512796  -1.45349871
  H    -1.05349158  -3.82426224  -1.60688486
  H    -1.45021404  -5.60888931   0.82996350
  H    -0.11138045  -4.48970808   0.54185588
  H    -2.50191180  -1.71590819   1.10697878
  H     0.53591078   5.14127197   2.93670996
  H    -0.94203859   4.32387504   2.43957588
  H    -2.41357955   0.25014488   1.15352164
  H     1.71108583  -0.90817645   1.04844666
  H     1.64956286   3.12169261   3.09806281
  H    -1.80934783   2.29055932   2.32587744
  H     2.31315667   1.16550578   2.21479229
  H    -0.89594436   5.79609460   0.24590879
  H    -2.37882128  -3.68496665   2.06333473
  H     4.06130262   2.11857637  -2.79032687
  H    -1.76963913  -7.07080539  -0.87278357
  H     2.40327868   3.86866681  -5.31317738
  H     3.46615746   2.56842385  -4.98293892
$end
$temperature
298.15
$end
$mult
 1
$end
$sigma
 1
$end
$pressure
1.00000
$end
$scale
1.0
$end
$msrrho
$end
$freq
5.46
5.98
13.64
16.71
24.78
39.94
47.28
49.42
57.42
73.82
94.67
106.58
117.27
129.23
144.04
152.78
165.15
180.03
198.90
246.85
256.68
268.32
296.99
325.19
336.97
352.15
356.31
357.99
389.50
418.30
421.16
445.12
452.67
464.84
486.39
492.62
496.31
527.11
537.11
550.45
573.68
578.08
600.24
611.18
629.22
637.86
643.46
663.36
681.69
699.78
708.79
718.82
749.16
763.00
772.32
784.86
806.30
816.30
824.49
831.30
843.28
863.53
877.49
897.25
919.38
928.40
934.11
942.45
949.12
979.12
997.47
1007.18
1029.60
1044.17
1065.64
1085.20
1092.76
1096.73
1098.78
1123.75
1146.31
1160.57
1171.27
1178.99
1185.99
1199.25
1211.42
1218.57
1221.84
1231.40
1233.08
1263.99
1284.72
1307.79
1318.64
1329.93
1334.12
1338.87
1346.81
1363.01
1374.79
1377.88
1392.06
1399.92
1407.80
1446.47
1449.49
1458.07
1459.13
1475.19
1480.30
1484.43
1516.50
1557.96
1569.66
1578.89
1612.37
1633.58
1641.32
1737.92
1755.60
1787.73
1790.25
1807.28
1875.58
1896.71
1925.33
1932.92
3075.50
3126.24
3146.83
3172.60
3172.79
3205.58
3240.18
3257.31
3270.72
3275.17
3277.47
3293.98
3691.09
3702.11
3803.38
3813.07
3824.25
3927.06
3979.58
$end
