
$molecule
   O    -4.04114278   0.56889468   3.04045542
  O    -3.15380574  -2.36278564  -0.14589616
  O    -3.07912325  -0.63893584   4.66054109
  O     1.05483145   0.01765111   3.70383287
  O    -0.98458213   0.65823277   3.09845795
  O     0.32365058   0.33633509   0.41609915
  N    -2.57418413  -0.62241576   1.20149993
  N    -0.29716261   1.79477308  -4.16808052
  N     1.38564413   0.90023974  -2.14760548
  N     4.12276673   0.97395150  -2.36479030
  N     2.42628968   0.17668308   1.21998120
  N     4.35610800   0.47698722  -0.08413312
  N     4.52839816   0.00716845   2.18953789
  C    -2.83126967  -1.36941152   2.39588652
  C    -1.67763145  -2.22881399   2.85325249
  C    -0.31630999  -1.61037163   2.65212732
  C    -2.70030886  -1.24997968  -0.02492199
  C    -2.19073298  -0.42387440  -1.15961253
  C    -3.30842029  -0.43529106   3.50129902
  C    -1.00456652   1.04702938  -3.20851204
  C     1.02367164   1.32553911  -4.50790921
  C    -1.64943204  -1.06516549  -2.26471675
  C    -2.20411138   0.96367957  -1.12789084
  C    -1.06550140  -0.34184590  -3.28145358
  C    -1.63322083   1.69339694  -2.14640326
  C    -0.16998966  -0.21470864   3.16965133
  C     1.93255939   1.14349227  -3.30771724
  C     2.15623771   0.68435621  -1.08419360
  C     3.34416934   1.18241434  -3.39978671
  C     3.55166841   0.71130256  -1.17097054
  C     1.50714351   0.39653249   0.20326537
  C     3.78778341   0.22183575   1.05461438
  H    -3.68082801  -2.02960011   2.18386693
  H    -1.83074389  -2.46993451   3.90409135
  H    -1.69024313  -3.16719333   2.29196534
  H    -0.08597545  -1.54346753   1.59057685
  H     0.45156971  -2.22981403   3.11905140
  H    -1.85082437   0.07656412   1.26600703
  H     1.47955950   2.03174967  -5.21225295
  H     0.95080117   0.36328221  -5.02650613
  H    -1.67846383  -2.14731848  -2.31216793
  H    -2.65536201   1.48870373  -0.29612078
  H    -0.29194236   2.77552736  -3.92517313
  H    -0.63025230  -0.85150461  -4.12819394
  H    -1.62598471   2.77448006  -2.09785549
  H     3.82400235   1.39149271  -4.35560938
  H    -4.01268392   0.53490457   2.07605068
  H     2.04347859   0.02222360   2.14296964
  H     1.04387362   0.92223893   4.05038889
  H     5.51170797  -0.14221693   2.02284156
  H     4.10888462  -0.51701322   2.94016203
$end
$temperature
298.15
$end
$mult
 1
$end
$sigma
 1
$end
$pressure
1.00000
$end
$scale
1.0
$end
$msrrho
$end
$freq
14.13
35.13
39.41
46.94
64.09
66.06
70.76
85.88
96.82
111.33
131.88
145.65
151.96
158.16
164.41
174.51
185.45
203.38
225.78
230.34
263.04
271.67
288.48
324.75
353.77
365.73
372.82
381.88
389.61
396.90
442.84
450.40
458.34
475.80
492.25
507.67
520.40
533.80
558.71
562.87
593.15
597.15
614.59
615.72
625.32
634.39
640.16
658.83
685.35
700.18
714.20
730.46
752.23
769.91
774.02
791.24
795.46
808.09
824.02
831.82
850.16
856.96
867.78
887.73
915.32
928.59
936.05
943.26
962.70
1000.96
1003.11
1029.51
1039.91
1052.06
1061.72
1076.55
1094.45
1105.90
1113.40
1153.81
1163.52
1169.54
1174.19
1183.39
1192.55
1205.53
1208.65
1215.44
1217.74
1220.29
1244.25
1278.16
1283.04
1298.33
1302.12
1327.66
1328.48
1341.42
1351.19
1359.83
1375.78
1393.90
1412.17
1419.64
1431.37
1441.55
1447.72
1459.54
1461.37
1476.54
1479.42
1495.21
1514.80
1547.61
1575.99
1584.72
1613.81
1638.58
1648.33
1736.57
1760.05
1789.95
1802.04
1818.04
1858.50
1890.28
1931.42
1942.76
3079.50
3122.64
3149.87
3153.94
3161.33
3204.30
3221.84
3250.40
3252.64
3252.93
3264.53
3286.64
3696.48
3725.48
3749.28
3829.93
3831.17
3879.86
3934.57
$end
