
$molecule
   O     4.01266177   1.05635733   4.15912889
  O     0.28549181  -1.97045445   4.17763397
  O     3.79617250   0.62423136   6.33865651
  O     6.18034294  -0.58458979   6.02876931
  O     6.69857487  -2.14806066   4.53070502
  O    -1.45834904   3.36642253  -4.83170662
  N     1.86314428  -0.43045431   3.65825001
  N    -2.10773412   0.21984204  -1.34729738
  N    -2.60756447   0.95830745  -3.85268896
  N    -4.50079207  -0.23637691  -5.45790273
  N    -2.72750415   3.18290211  -6.69934264
  N    -4.24473007   1.43446385  -7.07804279
  N    -3.99417356   3.12305033  -8.65629020
  C     2.68380525  -0.79751128   4.77242753
  C     3.58162861  -1.98094200   4.46199821
  C     4.56878697  -2.32978721   5.56574664
  C     0.69366187  -1.12173160   3.41726810
  C    -0.01092219  -0.74074585   2.15518162
  C     3.52428643   0.37852253   5.18955806
  C    -1.41379801  -0.12689568  -0.20023539
  C    -2.79149541  -0.75460898  -2.14524569
  C    -0.93665385  -1.63010607   1.62290374
  C     0.19681121   0.47188928   1.49887092
  C    -1.62582011  -1.33914835   0.46322333
  C    -0.49002966   0.77713686   0.34521210
  C     5.92325535  -1.68626394   5.32336193
  C    -3.19245309  -0.14472536  -3.46304520
  C    -2.94247790   1.49324392  -5.03119025
  C    -4.16352673  -0.74487630  -4.29882415
  C    -3.89776541   0.90162806  -5.86100615
  C    -2.28030709   2.74543586  -5.44627893
  C    -3.66630004   2.53090060  -7.45965530
  H     2.03369724  -1.04620039   5.61314400
  H     2.91885947  -2.82732182   4.27885227
  H     4.12338621  -1.78738880   3.53819652
  H     4.75447962  -3.40520104   5.55769260
  H     4.17546770  -2.06287308   6.54557446
  H     2.31235117   0.03239435   2.88904515
  H    -3.68601588  -1.12966242  -1.63032819
  H    -2.17129584  -1.64160210  -2.34872041
  H    -1.11174980  -2.56863546   2.13548907
  H     0.88901275   1.20356579   1.89757796
  H    -1.71472307   0.97580382  -1.88783474
  H    -2.33642568  -2.05029949   0.06825082
  H    -0.32405985   1.72381705  -0.15413970
  H    -4.65938988  -1.66273057  -3.98501368
  H     4.63158426   1.72285535   4.48834681
  H    -2.34368838   4.05695294  -7.02038976
  H     5.39910233  -0.26440115   6.50231303
  H    -4.54415274   2.53304435  -9.26237395
  H    -3.30266656   3.70082728  -9.10582576
$end
$temperature
298.15
$end
$mult
 1
$end
$sigma
 1
$end
$pressure
1.00000
$end
$scale
1.0
$end
$msrrho
$end
$freq
9.41
12.03
21.75
22.96
27.28
43.55
48.01
49.73
66.62
79.33
90.56
101.55
113.57
133.09
151.94
161.41
162.90
180.22
211.21
215.03
226.18
249.49
290.76
295.10
333.57
347.50
352.30
360.01
370.85
388.61
436.43
447.77
463.69
465.55
470.61
486.68
495.24
516.10
536.61
549.69
560.41
583.90
590.41
601.25
606.33
608.33
615.00
634.72
640.11
657.83
671.66
700.05
701.14
718.53
777.26
786.99
814.10
816.77
826.49
834.32
853.25
856.51
886.68
903.50
913.72
928.19
931.00
946.86
961.26
985.06
993.51
1032.78
1049.22
1062.47
1075.53
1083.86
1087.53
1098.65
1125.62
1132.02
1145.66
1162.40
1173.33
1190.17
1194.82
1205.62
1210.84
1215.57
1219.15
1224.36
1227.42
1267.28
1275.79
1284.04
1300.06
1304.07
1336.15
1337.19
1347.43
1366.20
1371.52
1380.55
1395.97
1410.30
1432.09
1442.87
1454.90
1467.47
1482.05
1486.79
1494.54
1499.30
1520.37
1559.03
1569.50
1578.30
1612.91
1632.83
1647.44
1737.27
1753.86
1776.80
1789.71
1800.08
1845.15
1894.18
1895.22
1912.11
3036.12
3114.42
3131.51
3147.55
3208.69
3215.20
3219.62
3237.37
3242.09
3249.37
3253.38
3282.27
3691.79
3774.93
3814.89
3825.24
3871.02
3873.53
3900.45
$end
