
$molecule
   O     1.19824640   2.01762342   0.60752042
  O     3.44161047  -0.32319731  -3.75902999
  O     3.32012787   2.46853670   0.04656725
  O    -0.15782284  -2.18014767   1.43151475
  O    -0.08502509  -0.24921586   0.38424399
  O    -1.21187191  -0.14561221   3.25855306
  N     3.31414217   0.13923997  -1.52708446
  N    -2.11863201  -2.57066006  -1.05077903
  N    -2.60869805  -0.38599626   0.80281498
  N    -2.98487463   1.94685114  -0.61752055
  N    -0.97502523   2.06094470   2.87324251
  N    -1.83191361   3.16595301   1.00093227
  N    -0.51651867   4.32367710   2.53745077
  C     2.45575619   0.29373810  -0.39783364
  C     2.81569165  -0.62242770   0.75213454
  C     1.72924823  -0.71480770   1.81425098
  C     2.84801483  -0.40684664  -2.71403742
  C     1.52571345  -1.10956633  -2.52353353
  C     2.38098787   1.72431456   0.09338663
  C    -0.94141153  -2.10480833  -1.64380581
  C    -3.31917728  -1.76891683  -1.05301080
  C     0.34332886  -0.48812129  -2.88630276
  C     1.45914122  -2.30261933  -1.81309014
  C    -0.87776564  -0.98526720  -2.46464748
  C     0.24748486  -2.79847386  -1.39159246
  C     0.40367869  -1.02662464   1.16771153
  C    -3.11763007  -0.42436599  -0.39946755
  C    -2.23702221   0.79277189   1.30730724
  C    -3.34677783   0.78300483  -1.09277713
  C    -2.36493848   1.97768044   0.57720006
  C    -1.48105903   0.80392006   2.56690587
  C    -1.12948741   3.17614000   2.08660773
  H     1.46808707   0.03492554  -0.72621878
  H     2.99699350  -1.61331616   0.33919040
  H     3.74536886  -0.29500051   1.22143579
  H     1.60764251   0.23326160   2.33437206
  H     1.98848237  -1.46895287   2.55938640
  H     4.11865554   0.74419282  -1.59274347
  H    -4.08597546  -2.33636621  -0.51392603
  H    -3.66955804  -1.62165087  -2.07818567
  H     0.36940937   0.42908080  -3.46512461
  H     2.36940836  -2.83218850  -1.55714547
  H    -1.92585202  -2.94643394  -0.13255511
  H    -1.77921068  -0.46261325  -2.73555673
  H     0.20486166  -3.71486956  -0.81970588
  H    -3.83005122   0.76835876  -2.06863478
  H     0.59638392   1.25311042   0.49009275
  H    -0.44735878   2.12803630   3.72788102
  H     0.22777281  -2.60027269   2.20708340
  H    -0.49796694   5.04144517   1.82581322
  H     0.36538592   4.19253242   3.01070964
$end
$temperature
298.15
$end
$mult
 1
$end
$sigma
 1
$end
$pressure
1.00000
$end
$scale
1.0
$end
$msrrho
$end
$freq
24.07
33.29
40.50
49.85
58.19
62.61
84.83
96.26
102.27
133.51
134.59
149.79
157.10
164.42
179.90
191.57
203.19
213.54
221.66
264.88
275.72
281.87
293.45
319.28
331.93
348.99
352.13
377.01
392.01
398.59
412.83
441.33
452.51
458.25
482.02
495.38
506.42
508.05
551.63
565.07
584.59
593.98
605.04
617.61
626.02
640.28
659.64
665.76
684.48
689.36
699.49
717.76
734.07
768.13
776.43
808.64
830.93
836.05
842.72
848.56
856.93
864.86
888.20
892.63
920.92
927.60
936.82
944.65
958.73
993.34
1002.49
1036.02
1046.28
1058.37
1071.37
1076.94
1094.00
1107.19
1130.39
1153.08
1167.33
1174.13
1184.01
1194.98
1207.18
1212.14
1215.98
1220.15
1226.97
1241.07
1250.78
1252.93
1299.97
1300.62
1317.98
1328.44
1353.56
1364.10
1368.72
1380.85
1389.53
1405.85
1415.87
1432.63
1442.04
1453.88
1455.04
1466.45
1471.92
1485.84
1490.92
1514.48
1518.21
1555.59
1561.89
1581.30
1617.46
1635.74
1644.55
1744.63
1759.88
1794.13
1805.25
1817.64
1865.68
1875.50
1917.75
1938.38
3093.98
3132.60
3140.43
3185.22
3214.50
3219.43
3232.56
3239.78
3244.00
3273.58
3337.49
3508.96
3617.99
3657.78
3743.11
3785.66
3787.75
3827.81
3982.89
$end
