
$molecule
   O    -5.73945348  -0.35244349  -0.10698368
  O    -3.54592141   2.27929540   3.55450454
  O    -6.67775737   0.24177654   1.84019128
  O    -3.75027630  -5.03242662   2.01437936
  O    -5.95570507  -5.08065299   1.65071203
  O     6.39113713   3.37575588  -1.11290652
  N    -4.18575295   0.16874246   3.00971287
  N     1.34125486   0.67006271  -0.26684995
  N     4.00861065   1.90900953  -1.66087056
  N     4.29340313  -0.31329635  -3.27691110
  N     7.55776931   1.89553275  -2.36478914
  N     6.59217283   0.06331853  -3.46417870
  N     8.88047936   0.43892491  -3.61534321
  C    -4.46456488  -0.66295092   1.87276917
  C    -4.60820955  -2.11345906   2.29238902
  C    -4.79368381  -3.06149872   1.12335238
  C    -3.33178809   1.26626587   2.93448980
  C    -2.12322649   1.08490065   2.07091866
  C    -5.75101535  -0.19748872   1.22011475
  C     0.17640694   0.82787110   0.48386644
  C     1.62856228   1.54196939  -1.38743315
  C    -1.68367007   2.13885734   1.28323662
  C    -1.38990930  -0.09791303   2.07391138
  C    -0.55816680   2.01433320   0.49058010
  C    -0.25921450  -0.22820380   1.29805167
  C    -4.91335498  -4.49256386   1.60906609
  C     2.96357224   1.17731820  -1.97067747
  C     5.20302072   1.56077230  -2.14618955
  C     3.12633938   0.04899142  -2.79882819
  C     5.36916835   0.43410977  -2.96287560
  C     6.37551143   2.39165219  -1.79599561
  C     7.62920674   0.78267137  -3.16275817
  H    -3.66776819  -0.56430631   1.13887273
  H    -3.71598702  -2.38018763   2.85919378
  H    -5.45535276  -2.20018960   2.97261395
  H    -3.95818290  -2.98123402   0.42350721
  H    -5.70772384  -2.83603076   0.58138343
  H    -5.01421134   0.38495309   3.55004789
  H     1.67980270   2.57496330  -1.04440976
  H     0.85313185   1.48325472  -2.16473417
  H    -2.23744553   3.07091130   1.28704897
  H    -1.70043750  -0.92153098   2.70458482
  H     1.56543008  -0.29760058  -0.43813993
  H    -0.24408405   2.84530568  -0.12367157
  H     0.31065651  -1.14914737   1.31733245
  H     2.26288370  -0.55743561  -3.06874352
  H    -6.58784040  -0.04032992  -0.45193922
  H     8.39904385   2.39544182  -2.12686806
  H    -3.02900434  -4.40691887   1.90187771
  H     9.57012801   1.16650739  -3.70939621
  H     8.87201622  -0.26565959  -4.33721609
$end
$temperature
298.15
$end
$mult
 1
$end
$sigma
 1
$end
$pressure
1.00000
$end
$scale
1.0
$end
$msrrho
$end
$freq
7.74
9.81
11.25
21.27
25.33
27.45
40.45
51.70
55.19
67.98
74.04
83.81
100.34
117.59
127.48
147.61
160.72
164.89
179.22
212.33
229.79
233.67
269.93
299.24
318.19
343.32
353.50
362.31
385.38
387.92
424.17
442.20
450.46
453.40
457.43
480.36
485.28
504.50
532.15
533.79
551.12
568.41
594.16
600.62
601.51
609.99
631.81
653.57
660.42
665.69
690.47
698.78
714.92
741.71
772.37
784.79
800.94
814.81
821.63
826.34
840.61
859.46
871.85
890.38
914.63
915.99
925.41
932.49
945.40
951.26
1006.12
1019.04
1050.61
1058.02
1060.23
1086.82
1090.69
1098.17
1127.35
1142.27
1150.17
1162.29
1173.08
1180.21
1188.45
1195.22
1205.00
1208.56
1215.79
1230.32
1239.85
1256.65
1286.68
1292.17
1298.38
1305.00
1318.90
1331.38
1347.03
1354.31
1370.20
1381.35
1393.40
1397.78
1435.44
1452.56
1458.90
1468.41
1472.58
1480.05
1480.32
1491.85
1512.14
1531.00
1564.30
1577.83
1617.24
1632.10
1641.77
1733.54
1740.67
1783.73
1787.98
1806.47
1853.58
1900.06
1919.68
1926.03
3065.19
3120.62
3147.03
3210.91
3213.71
3216.17
3238.67
3243.77
3254.26
3258.54
3267.52
3287.11
3694.28
3733.80
3772.99
3815.70
3827.85
3887.73
3989.38
$end
