
$molecule
   O     0.67641132   3.06627141  -3.92232771
  O     2.84948616   1.14737438  -3.11402187
  O     2.50563523   4.25753717  -4.40550430
  O     2.74758113   2.48579925   1.24289569
  O     4.14228866   1.40209398  -0.12337488
  O    -2.33665440   0.37333716   3.12876779
  N     1.67820921   2.31752130  -1.58696263
  N     0.25968590  -3.74717982   0.08147561
  N    -1.72599329  -2.23654167   2.17971163
  N    -3.87221447  -3.80305623   1.44180877
  N    -4.54232087  -0.10211171   2.93562643
  N    -5.37189070  -2.13111814   2.09983356
  N    -6.84000354  -0.44159708   2.72941577
  C     2.13211113   3.55838283  -2.13003364
  C     3.59938087   3.76344601  -1.86397940
  C     3.89831380   3.77438951  -0.38269876
  C     2.09197479   1.14158325  -2.17487292
  C     1.56494587  -0.10488111  -1.55118787
  C     1.82869365   3.66628031  -3.61215057
  C     0.70596156  -2.52636535  -0.42657185
  C    -0.11131724  -3.89907775   1.46773188
  C     0.94092973  -0.13258155  -0.31260362
  C     1.76337536  -1.30904570  -2.22072071
  C     0.51915470  -1.32240954   0.24921328
  C     1.33909760  -2.49958077  -1.67707858
  C     3.63136467   2.42889482   0.23418709
  C    -1.52714679  -3.43505673   1.68834037
  C    -2.97756393  -1.79036725   2.31288563
  C    -2.63561764  -4.22006052   1.30883971
  C    -4.07943557  -2.57250769   1.95060116
  C    -3.18295604  -0.42313804   2.82996541
  C    -5.56759055  -0.94266743   2.57970004
  H     1.54935273   4.35141849  -1.64188351
  H     4.15069721   2.95918893  -2.33645445
  H     3.91915483   4.70223992  -2.31950137
  H     3.31003963   4.52562605   0.14358842
  H     4.95695606   4.00188885  -0.22112328
  H     0.79343248   2.30074132  -1.11378558
  H     0.53565794  -3.33402077   2.14150550
  H    -0.02490428  -4.96163276   1.72025336
  H     0.78036538   0.77730664   0.24848214
  H     2.26300903  -1.29284736  -3.18151529
  H     0.71892368  -4.54332155  -0.33154603
  H     0.03862949  -1.31101656   1.21368670
  H     1.49348895  -3.42769614  -2.21339919
  H    -2.47933893  -5.21276390   0.89052112
  H     0.53471801   3.17801153  -4.87107003
  H    -4.74872744   0.83422216   3.24358798
  H     2.65891247   1.59244397   1.60123868
  H    -6.99260986   0.25657056   3.43904177
  H    -7.56165366  -1.13992669   2.63146251
$end
$temperature
298.15
$end
$mult
 1
$end
$sigma
 1
$end
$pressure
1.00000
$end
$scale
1.0
$end
$msrrho
$end
$freq
8.36
11.50
17.78
25.02
40.02
50.37
58.60
67.54
81.54
85.91
97.85
104.20
124.71
148.95
155.10
162.52
165.21
171.57
199.72
239.23
255.10
268.82
306.11
310.42
341.48
345.38
356.93
379.74
388.40
395.95
405.33
421.92
446.45
453.78
471.48
478.41
492.18
497.42
533.01
538.99
551.40
561.61
571.91
584.69
596.50
598.93
606.72
632.16
645.11
650.22
679.23
685.49
708.19
722.86
762.96
779.23
786.99
797.91
819.79
843.25
848.07
856.04
873.43
897.11
899.27
919.11
929.27
936.12
953.88
1004.57
1020.84
1033.63
1042.22
1055.97
1058.07
1066.17
1087.10
1095.38
1106.45
1128.77
1146.65
1152.69
1157.31
1177.06
1186.07
1201.70
1210.76
1216.25
1222.01
1230.01
1263.98
1265.46
1281.50
1291.59
1309.57
1313.90
1337.69
1339.56
1346.67
1361.46
1384.65
1391.40
1392.45
1401.43
1439.66
1449.49
1456.59
1460.85
1462.56
1482.53
1487.26
1499.41
1513.49
1553.37
1572.48
1578.05
1613.05
1631.73
1652.41
1737.08
1748.53
1788.30
1790.72
1808.05
1872.06
1893.48
1911.18
1918.42
3098.89
3106.39
3121.74
3158.12
3202.23
3204.95
3220.05
3241.56
3260.99
3282.06
3295.32
3339.22
3690.20
3773.09
3816.16
3823.58
3874.34
3906.30
3924.89
$end
