
$molecule
   O    -0.98012514   3.91120705   1.19094928
  O    -2.84114207   1.39854186   1.23168617
  O     0.02711718   4.29033220   3.14863078
  O     2.61731637   0.77957129   1.01962343
  O     1.83122262   2.82764812   0.73409202
  O    -1.91632236  -1.80836570   0.76053910
  N    -0.56948761   1.34100156   1.29140326
  N    -1.27730716  -1.07040776  -4.48577713
  N    -0.86123450  -2.46154726  -1.79351332
  N     1.86835019  -2.73152913  -1.96346175
  N     0.19076444  -1.71094953   1.56942848
  N     2.09130138  -2.28196141   0.32619364
  N     2.32120697  -1.62237885   2.54404018
  C    -0.50385246   2.03350206   2.53832285
  C     0.64934713   1.54432008   3.39132448
  C     2.01141449   2.05380237   2.96424924
  C    -1.79573224   1.24004103   0.65619358
  C    -1.68540785   0.83505068  -0.78040701
  C    -0.44260930   3.53464371   2.34141158
  C    -1.47625530  -0.28750791  -3.31838575
  C    -1.17720776  -2.50218132  -4.16735476
  C    -2.75466345   0.14644643  -1.33685101
  C    -0.54576982   1.04488980  -1.54563906
  C    -2.65582904  -0.40595385  -2.59459791
  C    -0.44382801   0.49202049  -2.80636375
  C     2.17756682   1.94237727   1.47215461
  C    -0.29666743  -2.68101885  -2.95978380
  C    -0.10015768  -2.32904941  -0.71510877
  C     1.09915509  -2.83090575  -3.02703484
  C     1.29166073  -2.44973677  -0.78624989
  C    -0.74720712  -1.94905000   0.55759718
  C     1.53096873  -1.90722724   1.42308297
  H    -1.44720072   1.83716603   3.05868594
  H     0.48311194   1.84806168   4.42773407
  H     0.63380024   0.45585288   3.36556414
  H     2.80207473   1.50388485   3.48032336
  H     2.10617560   3.10779214   3.20880202
  H     0.18909194   1.52040436   0.66119221
  H    -0.78718098  -3.02958644  -5.04394737
  H    -2.16734659  -2.89202496  -3.93037621
  H    -3.64793721   0.00481520  -0.74400262
  H     0.29103046   1.62043351  -1.17265240
  H    -0.44074805  -0.76351376  -4.96744117
  H    -3.46727586  -0.99246146  -3.00122444
  H     0.47137933   0.61333898  -3.37193385
  H     1.58468196  -3.03327024  -3.98046831
  H    -0.88035703   4.86815183   1.10963898
  H    -0.17719424  -1.29683890   2.40938521
  H     2.70607093   0.12126129   1.72267931
  H     3.22963102  -2.06275499   2.45373519
  H     1.88160671  -1.81633722   3.43391188
$end
$temperature
298.15
$end
$mult
 1
$end
$sigma
 1
$end
$pressure
1.00000
$end
$scale
1.0
$end
$msrrho
$end
$freq
25.18
30.44
44.05
47.87
57.60
61.17
71.08
80.83
86.01
100.00
104.11
127.73
151.65
162.92
166.61
173.29
178.56
208.52
238.51
251.86
271.09
282.11
292.29
319.97
341.07
354.78
387.96
388.39
419.44
427.41
442.20
445.04
466.07
476.67
485.24
497.75
518.27
550.17
557.75
561.36
583.61
600.61
613.74
624.00
628.79
646.17
657.12
666.25
672.76
684.29
700.44
722.04
769.67
774.77
787.86
797.90
808.39
812.91
837.11
852.57
871.83
873.80
880.66
897.49
911.45
930.37
940.21
945.04
975.13
997.18
1009.62
1024.37
1036.15
1052.30
1061.21
1072.96
1097.59
1107.05
1111.62
1113.24
1138.93
1159.61
1166.06
1170.34
1197.59
1199.33
1205.86
1212.60
1229.05
1238.33
1254.27
1266.87
1285.15
1293.96
1322.78
1326.29
1336.77
1341.91
1346.17
1354.20
1372.85
1380.96
1400.12
1407.84
1430.56
1439.14
1443.78
1452.43
1460.03
1461.02
1483.24
1498.75
1521.01
1557.66
1572.58
1576.91
1617.59
1623.32
1645.62
1744.57
1751.77
1798.93
1813.76
1820.20
1880.97
1909.77
1914.40
1921.12
3106.84
3125.09
3132.57
3171.96
3213.72
3216.01
3220.95
3250.73
3262.10
3276.29
3279.66
3285.49
3622.84
3671.74
3751.35
3841.30
3878.42
3932.51
3935.67
$end
