
$molecule
   O    -1.90597219   0.55743346  -0.70936157
  O    -0.95673147  -0.57786464  -3.16072615
  O    -1.71131248   2.72943621  -0.27819265
  O    -1.15510723   5.80285018  -2.20017142
  O     0.47920261   4.52184679  -1.39202268
  O    -2.07723841  -0.21856388   1.85800663
  N     0.50776473   0.39941416  -1.70387437
  N     0.02609834  -4.73887070   1.68453489
  N     0.04483517  -2.02400517   2.54672671
  N     2.58531577  -0.95643346   2.46729139
  N    -0.57455851   1.45216435   1.82731211
  N     1.74131929   1.12041602   1.81834314
  N     0.83678634   3.18969674   1.23733130
  C    -0.08306172   1.70643087  -1.69662442
  C    -0.33684197   2.28103532  -3.06280383
  C    -1.05602744   3.61176476  -3.03565569
  C    -0.21702874  -0.66973228  -2.21453643
  C    -0.07452513  -1.90810970  -1.38642847
  C    -1.33669473   1.72590009  -0.84231379
  C    -0.00047138  -3.90619391   0.54965870
  C     0.88560929  -4.28680526   2.77723526
  C     1.14400493  -2.38495433  -0.92486726
  C    -1.24766808  -2.50621510  -0.95106034
  C     1.17972071  -3.40419535   0.00472674
  C    -1.21645728  -3.48745334   0.01630762
  C    -0.47198700   4.65228373  -2.12141410
  C     1.08757922  -2.79252389   2.74940986
  C     0.23486661  -0.73140885   2.28763530
  C     2.37696638  -2.22214084   2.73661493
  C     1.52088113  -0.17568943   2.20270592
  C    -0.92663033   0.12245811   1.99491889
  C     0.71131629   1.89306463   1.63695027
  H     0.60977871   2.36788113  -1.17937587
  H     0.63158233   2.39222479  -3.55176933
  H    -0.92111381   1.57670584  -3.64891493
  H    -2.09642941   3.49895084  -2.72831535
  H    -1.08014648   4.04557778  -4.04002564
  H     1.00333148   0.18247694  -0.85360916
  H     1.86916482  -4.76736417   2.71264788
  H     0.43165353  -4.60887547   3.72087806
  H     2.07352877  -1.95186621  -1.27866061
  H    -2.19574218  -2.14637992  -1.32768922
  H    -0.91866055  -4.89315085   2.01110923
  H     2.12661965  -3.77500825   0.36631311
  H    -2.14134356  -3.87878649   0.41955023
  H     3.24929848  -2.84322731   2.93507623
  H    -2.44225263   0.48783118   0.09891400
  H    -1.32374502   2.08783520   1.59837220
  H    -0.74799486   6.43345840  -1.59147759
  H     0.08946588   3.57772636   0.67864684
  H     1.76905210   3.43895494   0.94267341
$end
$temperature
298.15
$end
$mult
 1
$end
$sigma
 1
$end
$pressure
1.00000
$end
$scale
1.0
$end
$msrrho
$end
$freq
20.41
29.23
40.26
53.77
60.35
71.84
78.97
95.85
104.36
114.58
133.92
144.03
154.66
168.48
177.38
186.47
196.11
202.04
228.42
242.42
258.68
272.47
292.67
342.77
346.76
349.74
363.94
374.89
389.38
414.83
445.86
454.72
481.54
490.18
500.44
513.37
528.44
540.66
544.95
559.14
591.06
620.00
625.14
634.72
641.50
661.18
669.83
681.08
691.72
695.18
700.21
708.10
712.01
732.31
759.81
783.31
809.53
820.27
831.45
851.83
854.72
859.13
883.60
889.08
897.32
926.62
935.06
939.61
946.24
979.01
997.59
1037.34
1050.65
1060.70
1072.06
1085.76
1091.71
1113.45
1118.93
1124.90
1143.84
1166.87
1169.90
1171.57
1201.71
1207.99
1213.41
1216.76
1223.15
1244.51
1247.31
1267.03
1277.60
1298.00
1316.98
1325.98
1330.61
1344.29
1347.08
1366.82
1378.13
1387.26
1407.42
1421.40
1431.27
1450.93
1452.90
1460.26
1470.08
1471.48
1501.64
1507.85
1512.83
1547.63
1568.08
1573.62
1618.00
1638.21
1644.62
1733.56
1746.35
1788.55
1798.97
1815.70
1863.27
1879.11
1891.11
1898.98
3073.55
3111.85
3153.84
3155.69
3199.48
3213.40
3230.57
3255.84
3260.48
3275.58
3287.61
3297.98
3680.35
3703.93
3791.26
3796.97
3802.93
3814.62
3908.32
$end
