
$molecule
   O     1.41272408  -5.78484673  -0.17373670
  O     3.31193373  -1.78071395   2.31793785
  O     2.80423799  -4.03970314  -0.12877341
  O    -2.09770648  -6.50296522  -0.59113174
  O    -1.47711296  -5.83106562   1.44705139
  O    -2.82509365   3.05021895   1.68007164
  N     1.43432246  -3.03071805   2.09629167
  N     0.75455657   1.32541654  -2.64309758
  N    -1.36830927   3.04760684  -0.76518040
  N    -0.00284489   5.36633554  -1.37634879
  N    -2.14849894   5.17887685   2.04937355
  N    -0.75355790   6.37820202   0.59495810
  N    -1.52888284   7.37096966   2.54956040
  C     0.79555760  -3.95529918   1.19547339
  C    -0.37967467  -3.37982803   0.44083092
  C    -1.10544952  -4.37288341  -0.43893812
  C     2.30160144  -2.01077501   1.69876232
  C     1.86106563  -1.17283375   0.54194552
  C     1.79387965  -4.56758980   0.23617345
  C     1.08702824   0.48601707  -1.57313624
  C    -0.55815665   1.91338356  -2.75211441
  C     0.70196060  -0.41708028   0.62485396
  C     2.64774226  -1.07899383  -0.59773065
  C     0.31196854   0.40281851  -0.41868078
  C     2.26204996  -0.27157212  -1.64692216
  C    -1.56051683  -5.61917608   0.26590669
  C    -0.66567590   3.12767774  -1.86844401
  C    -1.41093723   4.10444846   0.05172839
  C     0.02970686   4.31846561  -2.16393459
  C    -0.72525694   5.28815367  -0.24089210
  C    -2.19693383   3.99752537   1.29695976
  C    -1.44392808   6.29971099   1.68957995
  H     0.42192774  -4.77424418   1.81273085
  H    -1.06994139  -2.97898753   1.18187764
  H    -0.05103047  -2.55651095  -0.18459125
  H    -0.49632456  -4.69245224  -1.28275351
  H    -1.99850858  -3.90371536  -0.86548063
  H     1.82489407  -3.48898973   2.90980577
  H    -1.36085868   1.22744626  -2.47321722
  H    -0.70504259   2.20162776  -3.79944083
  H     0.08320623  -0.46840914   1.51344542
  H     3.56000617  -1.65711639  -0.66656298
  H     1.16514692   1.03333880  -3.51593778
  H    -0.59761549   0.97462959  -0.33275839
  H     2.87650813  -0.20921065  -2.53668246
  H     0.62073277   4.38762460  -3.07507333
  H     2.09288619  -6.12250260  -0.77176557
  H    -2.70120894   5.18452624   2.89107590
  H    -2.37301118  -7.27446171  -0.07786952
  H    -0.85799724   8.09793379   2.35049873
  H    -1.69556813   7.17969030   3.52430192
$end
$temperature
298.15
$end
$mult
 1
$end
$sigma
 1
$end
$pressure
1.00000
$end
$scale
1.0
$end
$msrrho
$end
$freq
9.38
12.67
18.78
23.99
27.40
32.59
54.25
56.82
64.65
79.81
105.40
110.24
119.61
131.06
151.47
166.94
173.62
198.12
209.95
233.64
248.91
270.95
282.42
300.07
323.28
336.24
345.77
353.06
377.85
381.62
395.99
425.06
449.81
469.12
479.18
494.35
522.54
537.46
542.25
545.87
552.99
586.65
589.87
597.62
602.66
604.68
638.80
643.50
668.36
680.57
684.70
689.53
702.09
719.46
725.60
782.25
798.09
818.81
822.56
831.87
846.02
860.59
873.95
883.97
889.37
902.54
917.49
927.36
935.80
981.26
1004.76
1019.04
1052.09
1060.59
1065.05
1073.45
1092.50
1096.26
1128.25
1136.98
1152.81
1158.57
1166.33
1175.68
1185.50
1201.30
1213.29
1214.48
1217.95
1228.08
1263.06
1268.31
1279.92
1291.31
1308.12
1316.93
1327.74
1331.52
1345.62
1348.59
1371.16
1390.14
1395.58
1430.38
1440.42
1449.10
1450.59
1462.90
1472.45
1479.54
1484.23
1498.77
1508.45
1513.25
1561.37
1578.24
1613.38
1631.48
1646.65
1736.68
1748.54
1790.57
1791.12
1811.90
1850.47
1895.19
1906.21
1933.30
3092.59
3107.33
3173.05
3196.65
3220.14
3223.92
3229.34
3239.35
3244.00
3272.00
3290.82
3335.21
3688.53
3723.37
3767.25
3817.24
3822.16
3903.40
3909.47
$end
