
$molecule
   O     5.88556239  -1.46965122  -0.91859271
  O     3.42313083   0.78228707   2.87756876
  O     3.70468591  -1.36915845  -1.37554560
  O     2.50827125  -4.30653698  -0.18541952
  O     4.72737527  -4.06318191  -0.07499193
  O    -1.78532957   0.75292243  -3.68830691
  N     3.10127337  -0.14913247   0.84795527
  N    -2.37185292   3.17155031   1.59216370
  N    -2.99303667   1.95485955  -1.41075396
  N    -5.29548518   0.75944281  -0.47245228
  N    -3.44255496  -0.78980948  -3.72000968
  N    -5.19550913  -0.85539347  -2.16278767
  N    -5.08931213  -2.43425912  -3.86578242
  C     4.37739480  -0.78512152   0.81920191
  C     4.45114692  -1.94462828   1.79422169
  C     3.36364866  -2.96033242   1.56031320
  C     2.72588130   0.64833328   1.89379239
  C     1.38949908   1.30814338   1.74659950
  C     4.62005602  -1.23988987  -0.61038455
  C    -1.11111546   2.57728065   1.61035183
  C    -2.98891641   3.60823087   0.36307826
  C     0.74776474   1.48974646   0.52793713
  C     0.76946245   1.78758458   2.89859946
  C    -0.48159678   2.11800765   0.45488186
  C    -0.45831448   2.40527352   2.83955153
  C     3.63166660  -3.82138540   0.35758788
  C    -3.60668541   2.44106880  -0.35959989
  C    -3.50108128   0.87757542  -2.01510822
  C    -4.78008209   1.81583499   0.10952876
  C    -4.66769257   0.25734479  -1.55447482
  C    -2.79314457   0.33443509  -3.19174852
  C    -4.58772384  -1.33895129  -3.20165237
  H     5.15367245  -0.05883174   1.09106060
  H     5.42253647  -2.43578751   1.73528418
  H     4.34926465  -1.52039577   2.79328402
  H     2.39416165  -2.48671019   1.43473706
  H     3.28121663  -3.63922449   2.41603029
  H     2.51474711  -0.27214663   0.04233860
  H    -2.28421345   4.08839407  -0.31886596
  H    -3.76301328   4.33837105   0.62483722
  H     1.20272008   1.16201002  -0.39883253
  H     1.27229750   1.66408997   3.85013320
  H    -2.56016141   3.74299609   2.40014546
  H    -0.94937100   2.25197936  -0.50698292
  H    -0.93215852   2.76181308   3.74578054
  H    -5.29080303   2.21057960   0.98582169
  H     6.44027356  -1.43426683  -0.13333231
  H    -3.03032744  -1.18262076  -4.55063081
  H     2.76007587  -4.82099599  -0.96434687
  H    -5.81464478  -2.91652875  -3.35670850
  H    -4.44365918  -3.01521435  -4.37547504
$end
$temperature
298.15
$end
$mult
 1
$end
$sigma
 1
$end
$pressure
1.00000
$end
$scale
1.0
$end
$msrrho
$end
$freq
6.11
9.35
14.43
15.45
35.35
43.15
46.35
58.34
64.57
69.69
82.18
99.15
127.65
136.08
149.68
162.60
165.18
171.16
209.10
245.30
250.61
277.17
282.93
308.36
320.95
345.52
352.60
356.63
373.50
392.80
412.18
422.75
448.67
451.63
467.57
477.59
491.08
516.37
527.14
536.14
538.19
551.56
559.44
586.09
597.54
604.55
618.72
642.51
644.55
677.02
689.57
705.60
706.15
713.61
721.75
775.60
786.02
813.32
818.60
842.54
845.63
850.96
860.89
898.14
917.39
921.12
926.16
935.94
976.67
1001.83
1004.71
1019.36
1047.69
1055.85
1059.18
1065.43
1084.20
1090.22
1095.74
1151.96
1155.07
1160.28
1172.42
1179.92
1191.04
1197.18
1200.87
1209.10
1215.69
1226.32
1254.74
1263.63
1287.02
1289.81
1300.68
1315.09
1331.64
1339.55
1346.14
1357.67
1381.50
1390.22
1394.58
1400.03
1423.01
1448.50
1450.18
1462.39
1463.73
1481.87
1490.82
1509.05
1513.61
1561.75
1576.93
1579.36
1613.87
1632.16
1649.91
1736.21
1747.98
1780.38
1789.35
1804.86
1836.66
1897.35
1906.95
1933.59
3096.50
3107.15
3139.58
3148.36
3200.30
3221.92
3225.32
3240.99
3249.05
3252.22
3257.83
3333.53
3691.49
3777.34
3816.28
3824.88
3877.38
3901.42
3984.11
$end
