
$molecule
   O     0.13033030  -1.71715741   1.91206725
  O    -1.92503250  -1.95495619  -0.24992632
  O     0.15403600  -0.02603091   3.35314366
  O    -1.42714984  -4.37451770   3.33778659
  O    -0.36031694  -2.82932810   4.54997739
  O     0.03030524   2.22195517   0.39248500
  N    -1.95517777  -0.00426982   0.95578214
  N     0.03643881   2.60453628  -4.34000928
  N     1.48588807   2.13919100  -2.05688352
  N     3.71471762   0.53212215  -2.09322332
  N     1.62415059   0.94248925   1.33504928
  N     3.37492075  -0.06209590   0.14697626
  N     2.85592167  -0.76213749   2.31363036
  C    -1.90562663  -0.57048627   2.27936071
  C    -2.73233494  -1.81272372   2.45178878
  C    -2.61903308  -2.40873278   3.84447680
  C    -1.83643260  -0.75344707  -0.20200390
  C    -1.54674673   0.09162152  -1.40471062
  C    -0.44419746  -0.76773517   2.60697456
  C    -0.62892829   1.71594691  -3.47464127
  C     1.46449692   2.39364923  -4.47095520
  C    -0.74914974  -0.43573550  -2.40943392
  C    -1.99309530   1.40261466  -1.52344441
  C    -0.30705410   0.36179334  -3.44424781
  C    -1.55016665   2.20285790  -2.54958200
  C    -1.34990537  -3.20233448   3.97456246
  C     2.11334006   1.92704639  -3.18303348
  C     1.89768284   1.52723798  -0.94895455
  C     3.27769582   1.12842268  -3.17703089
  C     3.00710751   0.67428674  -0.95556129
  C     1.08119925   1.64659401   0.27203862
  C     2.65990230   0.05967470   1.21812884
  H    -2.24942984   0.20295759   2.97486454
  H    -3.77162907  -1.54278010   2.25499295
  H    -2.43907329  -2.54667148   1.71483741
  H    -3.45620967  -3.08749666   4.01961193
  H    -2.62556445  -1.63637723   4.61364244
  H    -1.58396757   0.93411427   0.88386336
  H     1.92172471   3.32627041  -4.82493460
  H     1.67043707   1.63238405  -5.22941400
  H    -0.43795115  -1.47257431  -2.35091152
  H    -2.65901327   1.82383746  -0.78188860
  H    -0.16903828   3.55627606  -4.06772777
  H     0.34859226  -0.05026780  -4.19570222
  H    -1.84138285   3.24517819  -2.58380069
  H     3.84297480   0.97778111  -4.09632361
  H     1.08302731  -1.71551773   2.10485945
  H     1.06526444   0.91326750   2.17860213
  H    -0.57389691  -4.82137216   3.41216532
  H     2.54580357  -0.40217451   3.20633017
  H     3.75154638  -1.22718609   2.30634640
$end
$temperature
298.15
$end
$mult
 1
$end
$sigma
 1
$end
$pressure
1.00000
$end
$scale
1.0
$end
$msrrho
$end
$freq
22.77
32.33
43.21
53.21
64.19
69.42
80.85
97.68
105.40
110.52
118.92
134.13
143.36
166.23
175.29
195.35
198.30
220.63
229.34
242.05
255.15
274.97
290.34
315.20
334.87
352.95
363.13
379.68
404.86
437.15
449.22
450.69
465.61
496.43
501.89
511.31
523.97
559.98
573.85
589.88
601.44
605.47
622.81
634.84
638.22
645.10
665.95
684.23
690.23
701.56
714.89
739.93
754.29
765.66
793.28
795.61
815.00
836.39
841.14
855.14
863.04
869.24
888.89
899.40
914.53
931.05
937.01
944.75
958.34
987.70
992.83
1038.23
1053.98
1064.82
1069.11
1079.15
1092.63
1111.09
1119.14
1121.01
1137.94
1145.30
1165.48
1171.55
1206.28
1215.88
1218.23
1222.05
1236.86
1243.67
1248.28
1274.73
1284.12
1295.95
1324.97
1331.18
1336.94
1351.70
1358.93
1363.76
1371.96
1391.05
1403.73
1419.06
1437.11
1448.82
1455.93
1458.35
1466.93
1472.65
1492.78
1513.69
1520.57
1565.95
1576.56
1578.68
1619.41
1630.21
1646.64
1736.14
1760.61
1799.75
1801.32
1818.37
1869.59
1880.10
1889.82
1905.36
3074.98
3127.32
3146.81
3163.42
3166.04
3205.55
3215.54
3246.45
3249.70
3267.81
3299.09
3337.00
3661.22
3715.11
3715.81
3737.64
3800.25
3806.45
3916.06
$end
