
$molecule
   O    -4.40420414   1.19966397  -0.25901650
  O    -2.63958536  -2.75976198   0.24693864
  O    -4.32515351   1.75009640   1.88726877
  O    -2.48056575   2.94963924   3.18789656
  O    -0.47772914   2.12647168   3.64591102
  O    -0.29506277   1.14703845  -0.25888987
  N    -2.50421831  -0.51008557  -0.13160391
  N     2.27321588  -1.82799654  -3.88225967
  N     1.95440789   0.42885430  -1.84063855
  N     4.39016342   0.37744510  -0.55227827
  N     1.10125869   1.59997146   1.45201038
  N     3.41094541   1.15719741   1.42140248
  N     2.36283867   1.96234473   3.34199945
  C    -3.09391179  -0.18761989   1.14544072
  C    -1.99434749  -0.10707797   2.18003438
  C    -2.26995727   0.57832681   3.50656320
  C    -2.16856527  -1.84048377  -0.37299986
  C    -1.11046407  -1.95759305  -1.41965054
  C    -3.98558588   1.03748981   0.97245591
  C     1.09530230  -1.94872757  -3.11840292
  C     2.84975705  -0.48534266  -3.88615126
  C    -1.05731554  -1.08221178  -2.49930917
  C    -0.09218050  -2.88156487  -1.24571394
  C     0.01987126  -1.09545162  -3.35216679
  C     1.00849707  -2.87404486  -2.08116540
  C    -1.67298942   1.96749725   3.47273941
  C     3.02818087   0.03435890  -2.48322686
  C     2.05646096   0.79041621  -0.56213541
  C     4.26437832   0.01000568  -1.80476564
  C     3.28781657   0.78044768   0.11536433
  C     0.83956301   1.18465525   0.16447940
  C     2.33955642   1.55453556   2.05122031
  H    -3.79539207  -0.98767307   1.40990959
  H    -1.68983882  -1.13832670   2.36188836
  H    -1.15225088   0.37809181   1.70756099
  H    -1.74652060   0.04886480   4.30519965
  H    -3.32871184   0.61208585   3.74416063
  H    -1.75816004   0.13642026  -0.38885064
  H     2.18661720   0.18983822  -4.42688603
  H     3.80900703  -0.52453891  -4.41272315
  H    -1.85687056  -0.37349420  -2.66986195
  H    -0.14334580  -3.57994961  -0.41830574
  H     2.95727648  -2.51628747  -3.59592635
  H     0.06623511  -0.40085030  -4.17716244
  H     1.82857237  -3.55843042  -1.90185225
  H     5.16433984  -0.31844685  -2.32394102
  H    -3.96406246   0.53132740  -0.81005052
  H     0.33497625   1.89726425   2.04519585
  H    -3.33062729   2.59738963   2.83827998
  H     1.48476999   2.09535537   3.82567489
  H     3.22360849   1.83286617   3.84633979
$end
$temperature
298.15
$end
$mult
 1
$end
$sigma
 1
$end
$pressure
1.00000
$end
$scale
1.0
$end
$msrrho
$end
$freq
24.90
27.89
36.46
52.67
55.60
68.76
71.80
75.58
94.46
108.89
121.14
143.06
153.91
171.38
177.41
180.38
198.36
220.24
233.80
264.05
274.50
284.17
293.24
356.61
366.24
372.98
378.03
386.26
393.53
427.57
446.85
448.82
472.69
478.12
487.84
494.75
519.60
561.35
575.74
593.13
598.61
615.10
630.19
637.67
649.99
670.57
697.37
700.57
715.93
719.83
756.17
776.28
796.69
802.46
806.06
821.74
838.67
846.92
856.03
858.45
873.31
895.08
898.43
913.89
926.37
932.84
942.35
953.56
990.18
1003.93
1006.91
1026.33
1050.54
1060.28
1063.66
1094.37
1107.80
1110.91
1127.57
1131.61
1148.44
1169.24
1173.58
1184.93
1195.86
1213.09
1217.95
1224.36
1237.12
1245.67
1255.03
1270.97
1304.88
1316.61
1322.44
1327.21
1336.88
1348.85
1357.64
1374.25
1378.25
1390.51
1408.42
1424.57
1451.25
1453.58
1454.14
1465.32
1469.66
1476.58
1495.62
1504.59
1523.05
1560.71
1570.15
1576.90
1617.85
1643.53
1645.51
1731.24
1739.50
1781.30
1797.30
1816.49
1842.79
1869.61
1877.32
1910.11
3108.87
3141.22
3153.02
3163.80
3205.01
3217.63
3241.55
3247.50
3258.49
3266.19
3296.02
3352.12
3542.71
3608.91
3672.73
3697.15
3716.58
3810.50
3847.23
$end
