
$molecule
   O     0.01438372   0.85641883   0.27046200
  O    -3.40157689  -2.50515799   0.98570495
  O     0.93369469  -1.14701896   0.20088711
  O     1.40778827  -4.68134613   3.00894533
  O    -0.51530972  -3.68081246   3.50901176
  O     0.56380596  -1.31070546  -3.22719726
  N    -1.47880175  -1.69334353   1.87200514
  N    -2.32892685   3.28500568  -1.78253093
  N     0.15037363   1.44438012  -2.73612109
  N     1.96067880   2.68657221  -1.08237109
  N     2.54209185  -1.17222830  -2.13367129
  N     3.20348864   0.71445118  -0.90767027
  N     4.44799884  -1.24171164  -0.80015696
  C    -0.50174452  -0.67418400   2.05788287
  C     0.50735307  -1.07070566   3.11686957
  C     1.31963957  -2.30479969   2.81555754
  C    -2.59695128  -1.61195379   1.07472347
  C    -2.69664828  -0.32795752   0.30203950
  C     0.21505666  -0.35630509   0.74432976
  C    -2.53225855   2.07142024  -1.11836394
  C    -1.31175671   3.35005577  -2.82611860
  C    -2.46859424  -0.33404742  -1.06567798
  C    -2.93581501   0.87819570   0.94193710
  C    -2.40786121   0.84784344  -1.77161852
  C    -2.84205597   2.06867247   0.24561249
  C     0.62816293  -3.60599017   3.14826735
  C    -0.02733862   2.69982705  -2.39343146
  C     1.20514872   0.78873875  -2.27280966
  C     0.90812111   3.31824462  -1.54945824
  C     2.13424543   1.39894631  -1.42319590
  C     1.34328903  -0.63954720  -2.61159007
  C     3.37084067  -0.52141018  -1.26317363
  H    -0.96615395   0.25608442   2.40397502
  H     1.19456739  -0.22894183   3.25668899
  H    -0.03000594  -1.20812862   4.05532405
  H     2.24850447  -2.28272623   3.39576859
  H     1.58785375  -2.33791168   1.76242217
  H    -1.41019139  -2.51785416   2.45534671
  H    -1.16717182   4.40790791  -3.07060916
  H    -1.66241403   2.83304869  -3.71976181
  H    -2.29560373  -1.27019668  -1.58343066
  H    -3.14995074   0.89963928   2.00442494
  H    -2.27385389   4.05885120  -1.13659655
  H    -2.19938632   0.82261828  -2.82801307
  H    -2.98210885   3.01036601   0.76244718
  H     0.77997246   4.36046925  -1.26059205
  H    -0.77962474   1.26658189   0.62919208
  H     2.70668854  -2.14035090  -2.35169933
  H     2.28058759  -4.43036296   2.68978069
  H     4.35845895  -2.24171176  -0.74007883
  H     4.94931027  -0.78692929  -0.05366801
$end
$temperature
298.15
$end
$mult
 1
$end
$sigma
 1
$end
$pressure
1.00000
$end
$scale
1.0
$end
$msrrho
$end
$freq
16.08
20.68
33.28
38.70
41.45
56.42
74.12
75.72
84.94
87.99
113.27
139.42
146.18
164.02
180.00
182.31
207.47
216.75
225.24
233.77
270.50
274.85
284.50
313.56
322.52
333.50
350.25
354.60
391.92
406.31
424.35
447.41
456.29
487.78
492.80
505.28
509.04
514.97
519.58
526.70
551.33
572.73
583.13
597.64
609.68
632.55
646.33
659.03
668.70
674.87
684.04
691.44
700.70
720.28
745.13
779.04
802.10
815.53
832.89
841.09
848.08
858.51
882.12
893.92
900.00
922.54
930.31
943.42
945.22
1011.66
1018.04
1021.73
1024.87
1046.59
1059.12
1065.96
1094.58
1100.03
1114.01
1132.74
1159.92
1167.09
1172.92
1181.51
1194.32
1202.22
1214.50
1215.83
1220.55
1235.52
1252.10
1266.45
1300.09
1316.78
1325.04
1331.55
1337.91
1343.60
1346.68
1351.00
1355.51
1400.54
1408.88
1416.61
1440.66
1451.82
1453.52
1458.67
1465.83
1475.10
1485.24
1504.71
1523.41
1527.63
1565.00
1582.60
1627.77
1637.51
1646.92
1747.48
1753.98
1790.31
1795.43
1818.93
1865.24
1901.43
1918.92
1938.46
3097.55
3103.88
3106.06
3160.09
3201.01
3209.77
3214.42
3238.69
3244.67
3253.28
3257.96
3338.98
3710.21
3725.38
3738.01
3837.50
3845.32
3965.14
3980.94
$end
