
$molecule
   O    -1.92032803   4.26484465  -1.31795380
  O    -4.39109980   2.43894937  -3.10407555
  O     0.01617433   3.24706904  -0.91762817
  O     1.90065481   2.15501576  -2.46913728
  O     2.70625719   2.59647704  -4.50111486
  O     2.65976285  -4.29712082   0.99600040
  N    -2.24330860   2.95346601  -3.62330951
  N    -1.07334745  -1.38555924   0.88273002
  N     0.69005401  -2.74562037   2.33438892
  N     0.52568704  -3.06699288   5.06536431
  N     3.30551287  -5.15296864   2.99181059
  N     2.30022285  -4.59438865   5.03628768
  N     4.04534390  -6.12950284   4.97580756
  C    -0.91102609   3.09658704  -3.12262651
  C    -0.11879474   4.08433685  -3.95214400
  C     1.31987188   4.24294174  -3.49668791
  C    -3.21506525   2.23488492  -2.93509281
  C    -2.67199148   1.24496269  -1.95616298
  C    -0.88503372   3.52743786  -1.67177860
  C    -1.60739672  -0.49758004  -0.03793820
  C    -1.11516770  -1.12507358   2.29124577
  C    -3.08544161   1.31165944  -0.63563535
  C    -1.74129585   0.27578629  -2.32102818
  C    -2.55678529   0.46283175   0.31792723
  C    -1.21849341  -0.58348973  -1.38314786
  C     2.05980701   2.91906181  -3.54042284
  C    -0.20541151  -2.08101467   3.01751795
  C     1.51487616  -3.57852350   2.97681271
  C    -0.27783171  -2.25920705   4.41906656
  C     1.45083607  -3.75242983   4.36129584
  C     2.50750281  -4.33147483   2.18474648
  C     3.18539815  -5.25412223   4.35510051
  H    -0.40406121   2.13441449  -3.14610608
  H    -0.13473976   3.73591510  -4.98659549
  H    -0.61665009   5.05688703  -3.92600897
  H     1.37171728   4.66060649  -2.49234056
  H     1.83693858   4.92252998  -4.17544479
  H    -2.63301353   3.74747709  -4.10769983
  H    -2.13661906  -1.22903167   2.68150388
  H    -0.80517532  -0.09759365   2.53832001
  H    -3.82269294   2.05115356  -0.34596325
  H    -1.41985447   0.19029561  -3.35239658
  H    -0.23481251  -1.86548885   0.59049977
  H    -2.88236181   0.54000150   1.34492717
  H    -0.48839950  -1.32884915  -1.67390883
  H    -1.02109272  -1.71361710   4.99934222
  H    -1.82480805   4.50104291  -0.38547325
  H     3.97687695  -5.72463615   2.50512485
  H     1.30114168   2.55159297  -1.80768050
  H     4.05310520  -6.04337245   5.98099669
  H     4.93435830  -6.31057107   4.53868541
$end
$temperature
298.15
$end
$mult
 1
$end
$sigma
 1
$end
$pressure
1.00000
$end
$scale
1.0
$end
$msrrho
$end
$freq
8.77
13.41
18.74
23.23
34.46
52.52
60.32
76.27
87.45
91.78
102.84
114.47
121.40
151.17
156.03
162.78
182.40
197.92
206.18
210.88
222.01
244.82
272.29
301.49
331.70
348.66
357.78
362.48
387.76
389.53
426.89
451.47
469.01
485.22
491.45
496.27
512.07
537.46
544.61
550.68
563.17
592.11
597.87
602.63
608.27
632.83
639.57
647.88
662.55
673.93
695.61
703.19
714.32
769.45
803.37
810.19
814.30
823.76
826.58
836.54
861.19
869.25
890.96
897.18
914.09
924.02
927.71
930.99
949.82
967.15
993.15
1033.18
1050.07
1065.85
1069.69
1085.08
1089.86
1099.15
1105.75
1145.49
1161.23
1169.99
1189.77
1196.83
1205.76
1209.50
1212.04
1218.73
1219.37
1223.50
1242.37
1282.82
1295.34
1301.47
1312.67
1326.56
1337.75
1346.97
1371.43
1372.92
1383.99
1392.55
1402.56
1424.21
1442.54
1452.23
1459.57
1471.74
1485.50
1487.93
1490.80
1497.93
1506.29
1520.65
1565.61
1578.47
1613.33
1632.79
1646.43
1737.33
1754.28
1784.28
1789.65
1808.16
1866.09
1887.30
1897.47
1912.12
3034.98
3110.28
3111.86
3143.11
3192.25
3208.12
3229.01
3243.46
3246.69
3250.41
3282.04
3284.79
3673.04
3691.41
3768.51
3790.23
3814.54
3824.70
3911.31
$end
