
$molecule
   O     5.36604555  -2.57774543  -0.70129613
  O     1.45161809  -3.20066066   2.27315798
  O     3.85859950  -1.03432996  -1.29841575
  O     2.11005183  -6.89496424  -0.92676970
  O     3.09995223  -6.36798633  -2.86498761
  O     0.26326578   4.18123879  -1.28076829
  N     2.14629807  -1.88115925   0.57821441
  N    -2.75500058   1.57828218   2.93313565
  N    -1.85168277   3.64161056   0.54304166
  N    -4.39900919   3.60282220  -0.51533506
  N    -1.26227526   4.42806786  -2.93574950
  N    -3.57266562   4.15820081  -2.63286100
  N    -2.72419214   4.67061321  -4.73582699
  C     3.16759736  -2.79419141   0.16598479
  C     2.59212500  -3.96076543  -0.61391957
  C     3.59509391  -5.05540565  -0.90878996
  C     1.33424968  -2.17199249   1.64188745
  C     0.29284189  -1.14016965   1.95070593
  C     4.15045774  -2.02574728  -0.68545567
  C    -1.71467634   0.70474122   2.61679745
  C    -2.63195082   3.00389621   2.74896705
  C     0.37269635   0.18177491   1.53199423
  C    -0.80000049  -1.52516049   2.72398635
  C    -0.61164063   1.09557235   1.86026782
  C    -1.79026131  -0.62687245   3.04936737
  C     2.93757357  -6.16049746  -1.69082954
  C    -2.87937805   3.36971153   1.30956528
  C    -2.06018639   3.89830586  -0.75107696
  C    -4.17411715   3.34795701   0.75145216
  C    -3.34465832   3.88653811  -1.30566029
  C    -0.89014600   4.17292503  -1.60888948
  C    -2.55542200   4.41769929  -3.39426631
  H     3.68837832  -3.17365929   1.04840440
  H     1.78168282  -4.37033095  -0.01624298
  H     2.16714440  -3.58458976  -1.54494701
  H     3.97994124  -5.47410121   0.02244948
  H     4.43046278  -4.68458548  -1.49785995
  H     1.95926538  -1.09669280  -0.01896182
  H    -1.64689680   3.38406282   3.02677008
  H    -3.37839440   3.48560024   3.39040415
  H     1.21933992   0.53376640   0.95513404
  H    -0.85962990  -2.55102560   3.06702831
  H    -3.29545146   1.28842756   3.73233483
  H    -0.51744905   2.11581554   1.52546743
  H    -2.63944303  -0.94428724   3.64186785
  H    -5.03114976   3.11383283   1.38019602
  H     5.92935356  -2.03758177  -1.27271896
  H    -0.50407761   4.57727629  -3.58157681
  H     1.71566072  -7.57660156  -1.48708991
  H    -2.03511940   5.23924655  -5.20054886
  H    -3.68482123   4.83311845  -4.99773807
$end
$temperature
298.15
$end
$mult
 1
$end
$sigma
 1
$end
$pressure
1.00000
$end
$scale
1.0
$end
$msrrho
$end
$freq
7.90
9.31
15.81
21.53
24.48
32.58
48.80
49.57
59.76
63.13
75.03
91.79
99.92
130.89
145.89
155.48
166.93
177.28
186.36
213.88
223.80
267.66
274.77
304.73
317.55
343.90
356.38
364.84
368.33
383.88
395.23
413.06
436.02
450.33
454.64
475.26
481.12
491.77
534.71
548.66
552.58
578.39
587.32
594.67
598.25
603.75
611.54
636.60
645.13
673.97
680.31
682.39
705.97
722.19
778.36
786.59
794.42
814.03
819.73
837.38
842.60
855.91
857.37
898.60
905.97
918.38
926.22
935.79
950.52
979.16
1004.64
1019.94
1054.88
1058.69
1065.43
1087.93
1095.60
1099.88
1134.65
1146.83
1151.50
1153.91
1160.42
1177.13
1194.37
1201.15
1207.90
1215.70
1222.13
1227.26
1257.44
1263.60
1280.64
1292.17
1303.56
1310.15
1321.14
1338.21
1346.28
1354.88
1372.08
1383.14
1390.37
1398.91
1418.76
1449.96
1461.95
1464.63
1472.36
1482.03
1485.10
1499.14
1513.46
1561.26
1576.21
1578.80
1613.55
1631.98
1649.11
1736.51
1748.16
1781.53
1789.91
1805.28
1838.18
1894.63
1896.31
1911.67
3097.29
3137.54
3162.45
3201.16
3201.19
3221.33
3240.74
3241.92
3250.84
3257.09
3263.00
3334.06
3691.80
3777.30
3815.88
3825.13
3881.44
3895.01
3905.67
$end
