
$molecule
   O    -0.04870332  -2.20391871   0.63862106
  O    -4.03311422  -1.17881469  -2.45228327
  O    -2.05112584  -2.94521294   0.04429248
  O     1.35856833   0.84898683  -4.94879214
  O     1.37246170   1.38170536  -2.78690298
  O     0.91775296   1.16956143   5.24704715
  N    -1.91259347  -1.97560834  -2.43951789
  N    -0.92767116   3.45579947   0.80400739
  N     1.02761720   1.95449681   2.50012199
  N     1.77170516  -0.00831964   0.71686539
  N     1.54855597  -0.91756100   4.63899010
  N     2.04280103  -1.54653610   2.43790438
  N     2.17795628  -3.10723333   4.15236446
  C    -0.68229611  -2.17158743  -1.71784211
  C     0.31347851  -1.05874028  -1.94656527
  C     0.48553512  -0.75827533  -3.41004410
  C    -2.88980672  -1.04874561  -2.09602348
  C    -2.41382755   0.14727745  -1.32340364
  C    -0.98908897  -2.46835967  -0.24609618
  C    -1.47179544   2.35619579   0.08990098
  C     0.53118551   3.52361714   0.72674221
  C    -1.92667870   1.25717383  -2.00062999
  C    -2.47196704   0.16334403   0.05923536
  C    -1.45353887   2.34866198  -1.30171872
  C    -1.99792947   1.25707613   0.76110474
  C     1.12059905   0.59310750  -3.65505443
  C     1.10340480   2.21985648   1.21564278
  C     1.35332072   0.73333562   2.92533071
  C     1.48966888   1.21143587   0.31735247
  C     1.73082011  -0.27516531   2.03399689
  C     1.24044939   0.42389763   4.36622166
  C     1.93182322  -1.83766090   3.69743917
  H    -0.25550811  -3.10740467  -2.10997710
  H    -0.02034581  -0.16336913  -1.45049222
  H     1.28016995  -1.31694477  -1.51760252
  H    -0.47998890  -0.74902046  -3.91519674
  H     1.09429335  -1.51962010  -3.90613398
  H    -2.35690224  -2.82979910  -2.74867754
  H     0.87493177   4.34840374   1.35693399
  H     0.84151953   3.70602078  -0.30395977
  H    -1.90578887   1.26712133  -3.08290310
  H    -2.86626645  -0.68896599   0.59633877
  H    -1.19383507   3.39873025   1.78074384
  H    -1.05551039   3.20579130  -1.82775097
  H    -2.01451404   1.24987989   1.84360642
  H     1.52836505   1.41601203  -0.74672268
  H     0.71650649  -1.71764332   0.30627954
  H     1.43071022  -1.20458543   5.59720336
  H     1.07533645   0.11215106  -5.50044781
  H     2.45963930  -3.23276428   5.11030132
  H     2.59962071  -3.71778322   3.47015003
$end
$temperature
298.15
$end
$mult
 1
$end
$sigma
 1
$end
$pressure
1.00000
$end
$scale
1.0
$end
$msrrho
$end
$freq
17.08
21.33
36.93
46.85
53.46
58.35
67.35
70.97
78.97
98.11
102.43
119.47
131.65
136.58
151.08
164.62
177.82
188.00
208.92
257.55
262.93
264.44
278.91
308.74
329.18
348.11
359.63
376.22
394.42
432.80
437.32
452.55
455.05
478.15
483.85
497.38
503.18
512.53
531.36
555.42
563.00
593.30
600.19
608.39
613.04
625.99
634.46
649.82
661.43
695.26
697.51
708.07
711.89
725.14
732.47
771.29
806.63
814.98
832.76
844.68
858.04
871.04
881.94
894.45
912.38
921.47
932.70
940.10
945.60
1001.29
1017.95
1053.61
1056.46
1065.09
1070.35
1078.59
1097.37
1100.26
1118.97
1122.74
1146.90
1159.32
1160.83
1166.39
1187.19
1189.97
1201.71
1216.75
1218.39
1236.04
1238.81
1275.23
1289.30
1299.55
1310.58
1320.81
1327.00
1337.95
1340.26
1351.09
1371.76
1382.00
1403.13
1418.59
1442.59
1446.29
1452.32
1459.85
1464.41
1468.79
1474.77
1495.78
1519.02
1519.80
1555.68
1579.20
1620.85
1635.51
1643.58
1744.06
1753.72
1793.38
1795.86
1817.66
1864.13
1898.46
1917.34
1922.41
3088.43
3116.29
3116.63
3195.11
3210.75
3218.49
3253.77
3258.00
3271.11
3281.29
3312.01
3398.37
3666.94
3706.55
3744.46
3814.79
3840.00
3919.34
3955.64
$end
