
$molecule
   O     0.81072858  -3.96402940  -1.06922778
  O    -1.16459171  -2.19073661  -3.13460556
  O     2.98642367  -3.96946507  -1.56743637
  O     3.70458563  -0.03318486   0.69539467
  O     2.26872771  -1.66663099   0.25756881
  O     1.64515820   0.53888181   2.34113846
  N     0.54832970  -1.47664901  -1.80353934
  N    -4.09607242   0.01467081   2.20061514
  N    -1.10355827   1.26880808   2.51368650
  N    -1.90029162   3.38702998   0.93413494
  N     1.92004470   2.08969536   0.72759205
  N     0.23811870   3.55002721   0.00121970
  N     2.34848006   3.60422212  -0.98205355
  C     1.59172379  -2.20657760  -2.44065200
  C     2.85087777  -1.38533509  -2.63627964
  C     3.10268934  -0.34588775  -1.56923506
  C    -0.77526061  -1.73913691  -2.08613551
  C    -1.67698176  -1.35683627  -0.94813260
  C     1.90002339  -3.46326143  -1.64644866
  C    -3.32119462  -0.51281861   1.14736384
  C    -3.36661571   0.78981538   3.20320784
  C    -1.30759047  -1.57788853   0.37420736
  C    -2.90200032  -0.76187866  -1.21239208
  C    -2.12678961  -1.17777067   1.40811383
  C    -3.71276465  -0.33219472  -0.17919421
  C     2.99124484  -0.79341339  -0.14084264
  C    -2.35079328   1.66795313   2.52679271
  C    -0.23209965   1.89912830   1.71991532
  C    -2.73540943   2.76851246   1.72997950
  C    -0.62547257   2.94972298   0.88345325
  C     1.15711603   1.42000208   1.67737652
  C     1.45206335   3.10291243  -0.06824641
  H     1.22139188  -2.54973595  -3.41297766
  H     3.69640570  -2.06873343  -2.70302934
  H     2.78812485  -0.85022226  -3.58913724
  H     2.37320529   0.46326643  -1.66303309
  H     4.09074153   0.10214629  -1.69999241
  H     0.73590735  -1.30685642  -0.83280593
  H    -2.83549803   0.12704517   3.88688011
  H    -4.09750836   1.37021738   3.77670277
  H    -0.37592282  -2.07208948   0.61380262
  H    -3.20428190  -0.60702607  -2.24171370
  H    -4.88533688   0.53058724   1.83622937
  H    -1.82161154  -1.34411229   2.42959715
  H    -4.64382476   0.17616500  -0.39851170
  H    -3.76419395   3.12406349   1.75587730
  H     1.06489550  -4.77020608  -0.60288288
  H     2.85445802   1.73411798   0.59372867
  H     3.31572166  -0.15955202   1.58406182
  H     3.32924599   3.55030279  -0.75848134
  H     2.03923173   4.45293567  -1.43165353
$end
$temperature
298.15
$end
$mult
 1
$end
$sigma
 1
$end
$pressure
1.00000
$end
$scale
1.0
$end
$msrrho
$end
$freq
16.65
18.59
31.63
48.75
56.15
64.06
77.28
86.89
92.55
104.61
122.42
128.50
150.26
160.29
173.18
183.28
184.39
193.11
242.73
251.55
263.85
275.87
287.09
309.67
339.80
354.33
375.23
399.13
399.80
416.32
421.00
441.52
455.79
475.20
490.02
502.97
526.08
547.64
559.16
564.35
582.01
600.72
606.73
621.95
625.71
642.93
651.49
678.05
688.37
690.15
699.80
720.74
729.74
751.14
758.49
784.10
795.88
800.51
820.18
841.62
846.98
861.50
867.72
903.94
921.80
923.15
935.32
937.54
946.38
1006.23
1020.50
1021.84
1029.28
1054.08
1063.90
1068.56
1096.13
1106.47
1110.94
1126.60
1158.69
1172.90
1174.57
1189.49
1204.31
1204.97
1212.36
1222.15
1225.44
1243.73
1253.46
1274.29
1296.52
1303.35
1316.52
1322.85
1333.48
1344.73
1349.04
1361.18
1366.08
1393.59
1404.20
1409.88
1430.42
1440.58
1454.05
1459.26
1459.44
1468.83
1472.47
1507.28
1515.65
1559.22
1566.40
1579.63
1616.35
1633.72
1644.57
1736.51
1750.67
1793.44
1795.27
1815.38
1869.59
1881.50
1911.48
1923.29
3102.42
3104.24
3116.93
3165.00
3187.64
3213.90
3216.06
3219.23
3238.85
3247.05
3285.54
3307.45
3688.61
3703.36
3711.23
3801.05
3822.09
3920.18
3934.52
$end
