
$molecule
   O    -2.80238661   0.76074773  -1.50552926
  O     1.26344561   2.71195533  -0.09079913
  O    -3.13383898   2.61482969  -2.69549170
  O    -0.73984765   1.13293274  -3.87912706
  O    -1.08151326   2.80495312  -5.31779978
  O    -0.86542967  -1.31343136  -0.56110604
  N    -0.23238347   1.39194835  -1.19638105
  N     3.11410963  -3.38423077   0.91266815
  N     0.53688360  -2.65955233   1.49865359
  N    -0.29957818  -2.17905284   4.07116072
  N    -2.19435588  -0.37571482   0.98874064
  N    -2.01851601  -0.78675269   3.29201521
  N    -3.60996953   0.70508014   2.48285062
  C    -1.16860625   2.47953690  -1.31493033
  C    -0.61874089   3.64824462  -2.10405687
  C     0.16889966   3.26290711  -3.33222246
  C     0.94205862   1.61957568  -0.48340737
  C     1.71664694   0.37166130  -0.22907753
  C    -2.45848718   1.99062345  -1.93629997
  C     2.81838938  -2.08237172   0.47651876
  C     2.57777533  -3.75769459   2.20887258
  C     2.33102635   0.20954036   1.00472420
  C     1.78445235  -0.66000600  -1.15756504
  C     2.88764742  -1.00190949   1.35361739
  C     2.34607795  -1.86796273  -0.81756483
  C    -0.61237777   2.39802581  -4.29458269
  C     1.23000738  -3.12881442   2.49977099
  C    -0.53209846  -1.90209254   1.73437239
  C     0.76817063  -2.89604230   3.81698164
  C    -0.96148503  -1.62194253   3.03552737
  C    -1.17679808  -1.23102198   0.59993380
  C    -2.58758093  -0.18817215   2.29005789
  H    -1.45231274   2.85217946  -0.31929231
  H    -1.45779136   4.28118711  -2.39227825
  H     0.03194083   4.23019025  -1.45242368
  H     1.08054014   2.73772771  -3.05120137
  H     0.45672371   4.16494037  -3.87369734
  H    -0.60990778   0.45429165  -1.08365066
  H     3.26321650  -3.45046156   3.00854804
  H     2.51979475  -4.85253469   2.25140465
  H     2.32918498   1.03198107   1.71069075
  H     1.35575785  -0.54199087  -2.14324967
  H     2.85394697  -4.05253928   0.20024681
  H     3.32058213  -1.13951068   2.33302798
  H     2.32725863  -2.68776590  -1.52302389
  H     1.31051883  -3.31000091   4.66678302
  H    -3.55556002   0.46264199  -2.03413483
  H    -2.61627500   0.14542754   0.23212811
  H    -0.30534172   1.02532034  -3.02206952
  H    -3.99289041   0.70781285   3.41565102
  H    -4.25098332   0.87530648   1.72601630
$end
$temperature
298.15
$end
$mult
 1
$end
$sigma
 1
$end
$pressure
1.00000
$end
$scale
1.0
$end
$msrrho
$end
$freq
13.85
26.57
32.48
52.26
70.82
78.12
83.19
86.18
105.45
118.98
129.27
132.25
138.11
153.09
175.72
188.54
192.58
207.87
234.29
249.02
253.50
274.78
304.05
305.85
346.56
352.80
364.85
373.80
385.96
403.19
447.28
454.11
465.44
483.93
496.40
503.82
514.09
526.85
540.16
560.27
593.27
616.44
619.91
631.68
635.80
641.23
664.76
683.34
698.12
715.34
724.68
736.24
750.87
778.18
798.39
805.33
812.22
821.77
831.51
838.51
854.98
869.44
884.27
887.67
915.34
928.90
937.43
945.76
967.76
993.99
996.38
1029.17
1031.86
1051.41
1061.70
1078.76
1093.96
1096.63
1100.81
1139.41
1140.80
1157.03
1169.88
1182.74
1193.43
1204.06
1204.16
1214.15
1221.26
1244.44
1248.48
1269.37
1286.20
1295.38
1315.83
1323.28
1333.09
1351.61
1358.98
1368.20
1378.99
1399.72
1406.69
1422.15
1439.60
1448.41
1451.38
1455.07
1460.39
1466.04
1472.89
1485.72
1513.38
1549.82
1575.78
1580.05
1612.86
1639.07
1644.44
1735.98
1760.08
1787.96
1799.05
1813.97
1870.68
1888.35
1927.89
1947.14
3064.62
3102.26
3143.26
3143.62
3161.38
3204.35
3226.46
3240.57
3247.65
3261.72
3278.31
3292.91
3647.34
3703.08
3717.66
3760.35
3838.36
3899.57
3913.96
$end
