
$molecule
   O     5.45956764   3.01244682  -0.57204951
  O     3.99365080  -1.58955533   0.15372957
  O     6.73848281   2.24984906   1.11223766
  O     9.00862804   1.96831744  -2.77486572
  O     6.86960756   2.55915338  -2.73532601
  O    -5.72611437  -3.44829460   0.39306879
  N     4.10921260   0.66028198  -0.06397379
  N    -2.25602428  -0.21369352   0.20798857
  N    -4.79213610  -0.79170214   0.78276230
  N    -6.70774225   1.11145328   1.32883720
  N    -7.84082706  -2.73443912   0.78037293
  N    -8.39951894  -0.50520056   1.24950752
  N   -10.06379213  -2.12478843   1.13372422
  C     5.53872837   0.66187570  -0.18348106
  C     5.97765558   0.20496902  -1.55565469
  C     7.44741440   0.41259898  -1.83670356
  C     3.42425185  -0.52238372   0.07855531
  C     1.93466079  -0.38554663   0.12191544
  C     6.00098746   2.05875696   0.18840980
  C    -0.87008420  -0.25590410   0.21087937
  C    -2.98206611   0.82027977   0.88422802
  C     1.28840729   0.79321751   0.47144100
  C     1.15819806  -1.50641995  -0.16968743
  C    -0.09157044   0.86203974   0.51887599
  C    -0.21551234  -1.44852680  -0.13360616
  C     7.72916504   1.75252301  -2.48226897
  C    -4.44188706   0.45618926   0.95838124
  C    -6.08391369  -1.12500982   0.86933621
  C    -5.43825201   1.42121608   1.23678632
  C    -7.07001064  -0.17576819   1.14802892
  C    -6.45991804  -2.53615636   0.65398979
  C    -8.74419266  -1.74256955   1.07046195
  H     5.95030595  -0.01670622   0.56601047
  H     5.73206005  -0.85487731  -1.62487133
  H     5.40000968   0.72518431  -2.31337787
  H     7.82134884  -0.34654085  -2.53277388
  H     8.04948285   0.33545763  -0.92751474
  H     3.61770566   1.47622320  -0.37989012
  H    -2.87316832   1.78227430   0.36611978
  H    -2.61636108   0.99120562   1.90903413
  H     1.85680995   1.67689484   0.73592552
  H     1.65715674  -2.43335679  -0.42604347
  H    -2.71974866  -1.10958993   0.23358288
  H    -0.57067627   1.78935324   0.79687876
  H    -0.80694294  -2.32519910  -0.36742416
  H    -5.15988425   2.46422853   1.38310454
  H     5.71283106   2.87338178  -1.50738083
  H    -8.16661176  -3.67047436   0.60146517
  H     9.56024129   1.23829682  -2.47220487
  H   -10.67011696  -1.41839899   1.52278730
  H   -10.26949781  -3.07656591   1.39067148
$end
$temperature
298.15
$end
$mult
 1
$end
$sigma
 1
$end
$pressure
1.00000
$end
$scale
1.0
$end
$msrrho
$end
$freq
8.77
12.35
13.55
22.98
25.50
37.60
44.06
52.06
61.80
66.21
78.20
97.59
124.50
144.66
151.78
154.70
162.94
192.96
207.03
212.61
251.15
258.50
282.47
312.13
319.26
346.76
349.19
356.08
377.76
389.16
409.66
446.58
459.04
473.21
486.19
494.84
505.17
517.46
538.74
539.71
549.59
563.67
573.12
587.67
601.17
607.12
631.82
640.13
641.57
647.78
665.93
690.24
698.62
705.14
724.05
779.01
788.65
814.16
819.17
826.56
851.66
855.00
884.49
901.47
917.41
925.57
930.95
945.62
963.24
993.51
1000.17
1033.04
1044.70
1063.20
1065.38
1083.83
1087.85
1099.04
1135.90
1145.71
1162.01
1163.25
1172.62
1188.95
1190.28
1205.41
1211.47
1219.16
1222.05
1227.21
1252.74
1271.83
1279.95
1283.23
1296.14
1303.87
1328.32
1337.93
1347.02
1356.85
1372.84
1376.26
1394.97
1408.32
1430.91
1450.36
1452.55
1457.64
1467.83
1487.54
1495.71
1496.38
1519.88
1555.56
1570.35
1578.27
1613.02
1632.45
1647.99
1737.35
1753.84
1776.58
1790.09
1801.60
1840.30
1895.82
1898.42
1922.77
3034.69
3087.70
3114.58
3162.10
3171.45
3208.78
3212.53
3242.91
3246.59
3255.13
3264.68
3281.81
3661.48
3690.86
3772.87
3815.19
3824.22
3877.95
3945.97
$end
