
$molecule
   O    -4.24857800  -3.80263700  -1.82775895
  O    -0.85681618  -0.80618123   0.62827438
  O    -4.67872400  -1.62439876  -1.55148005
  O    -0.56236617  -2.63661091   2.29993155
  O    -1.89634373  -4.31123969   2.94048531
  O     1.45581357  -0.86271707  -1.21256471
  N    -2.14880166  -0.93705161  -1.23992114
  N     1.27252862   4.54067969  -1.46894850
  N     2.50253796   1.76379545  -0.83540043
  N     3.25926168   2.41253519   1.72759707
  N     1.86278136  -1.29450639   0.96306425
  N     2.68439092   0.28043363   2.48665415
  N     2.04393116  -1.84568496   3.20895803
  C    -2.40566207  -2.34412474  -1.36232573
  C    -1.90176024  -3.18287235  -0.21247337
  C    -2.58615787  -2.93238220   1.10533159
  C    -1.32227924  -0.30380586  -0.38058230
  C    -0.94524601   1.08757625  -0.74406836
  C    -3.90724328  -2.53653121  -1.58339253
  C     0.37122019   3.46794402  -1.25454952
  C     2.65096253   4.03862114  -1.60498271
  C    -0.56741537   1.40727249  -2.04043664
  C    -0.74239044   2.00130341   0.28178847
  C     0.08741582   2.59244533  -2.29276100
  C    -0.11381442   3.19828949   0.02445937
  C    -1.67160472  -3.37432854   2.22833630
  C     2.90266485   2.98597619  -0.55718267
  C     2.44045487   0.85927755   0.13884437
  C     3.29606638   3.29547615   0.75745422
  C     2.80259031   1.17446100   1.45729270
  C     1.88470373  -0.47430596  -0.15812837
  C     2.20851495  -0.90263124   2.22971609
  H    -1.90824819  -2.71176755  -2.27719289
  H    -1.99653134  -4.23802454  -0.47341832
  H    -0.84121139  -2.98772217  -0.13129628
  H    -3.51671449  -3.49370129   1.19286576
  H    -2.80904633  -1.87967475   1.23769997
  H    -2.68150238  -0.35165300  -1.86347467
  H     3.33832587   4.88587076  -1.51821763
  H     2.76929093   3.58245993  -2.58777946
  H    -0.70723193   0.69221426  -2.84016435
  H    -1.03601065   1.74606805   1.29214156
  H     1.21797896   5.19229335  -0.69356710
  H     0.45274019   2.82072409  -3.28363074
  H     0.08690183   3.89167759   0.83015199
  H     3.63784178   4.30022471   1.00342306
  H    -3.47261556  -4.37069391  -1.80429649
  H     1.51173516  -2.22657712   0.82503620
  H    -0.65077730  -1.85943741   1.69480119
  H     1.23424710  -2.44838149   3.10929811
  H     2.20019223  -1.47797674   4.13638921
$end
$temperature
298.15
$end
$mult
 1
$end
$sigma
 1
$end
$pressure
1.00000
$end
$scale
1.0
$end
$msrrho
$end
$freq
10.04
13.08
42.76
45.09
51.10
63.00
73.53
85.91
96.12
103.21
112.60
138.45
144.35
165.97
177.58
184.82
191.63
204.02
251.07
262.64
268.78
274.15
287.14
330.19
357.43
363.28
381.15
391.08
427.48
443.66
450.90
454.71
479.52
485.91
503.18
505.75
516.68
524.58
546.19
553.57
578.60
603.20
616.52
633.51
642.21
653.99
667.52
672.59
693.28
696.98
706.52
719.38
768.80
778.61
793.54
812.14
827.30
832.31
852.39
854.75
860.56
876.71
894.86
925.44
928.28
933.98
942.25
957.18
991.06
1009.69
1024.12
1030.19
1034.36
1049.11
1059.17
1063.69
1096.20
1101.64
1108.52
1115.91
1133.34
1169.07
1175.93
1178.01
1191.21
1206.29
1211.43
1212.95
1214.76
1238.92
1275.24
1293.30
1303.00
1310.22
1319.80
1328.98
1330.10
1351.04
1356.45
1362.39
1376.21
1394.41
1400.84
1406.56
1448.17
1451.69
1465.13
1469.30
1474.30
1477.42
1483.23
1500.59
1511.90
1566.06
1584.52
1609.19
1619.32
1636.91
1663.69
1734.82
1738.09
1784.78
1798.76
1818.77
1839.67
1888.43
1926.24
1941.16
3058.21
3109.73
3154.50
3174.56
3207.64
3218.58
3260.33
3265.89
3270.35
3284.90
3287.64
3316.52
3448.75
3627.72
3650.74
3776.27
3818.90
3857.57
3988.67
$end
