
$molecule
   O    -3.00533495  -3.76964888   3.57681285
  O     0.18813272  -2.43907385  -0.12246935
  O    -1.98305119  -1.85347412   4.09314970
  O     2.43069927  -4.93088344   4.83095404
  O     1.39134835  -6.22698832   3.33597099
  O    -1.77825824   1.50930469  -0.92021712
  N    -0.48580961  -1.82256908   1.93968557
  N     2.41069847   3.55476804  -0.13247834
  N     0.41823811   3.01425925  -1.88312598
  N     0.37597977   3.71579017  -4.53671596
  N    -2.72172021   1.62556056  -2.97869219
  N    -1.72513999   2.70915366  -4.80891492
  N    -3.77873784   1.64791102  -5.05650038
  C    -1.20895500  -3.02748815   2.17216040
  C    -0.28562618  -4.20766268   2.41761036
  C     0.64772488  -3.96023689   3.56812843
  C     0.13427394  -1.58812332   0.73979569
  C     0.75463056  -0.23532180   0.59634165
  C    -2.10920639  -2.80649085   3.37603452
  C     1.90492238   2.27328549   0.13557274
  C     2.63541301   3.90945865  -1.50970880
  C     1.73738791  -0.06954649  -0.37169486
  C     0.37919646   0.86636878   1.35655560
  C     2.31859358   1.15938537  -0.59222551
  C     0.94943139   2.09993192   1.13599671
  C     1.51234072  -5.16474117   3.87624168
  C     1.43558985   3.64947247  -2.39811738
  C    -0.61740657   2.68974576  -2.65195188
  C     1.39571465   4.00854561  -3.76456204
  C    -0.66022965   3.03577374  -4.00489963
  C    -1.71145773   1.90435251  -2.05023999
  C    -2.70200296   2.03059903  -4.29090259
  H    -1.83892115  -3.25901176   1.30327652
  H    -0.85396616  -5.11890367   2.60176375
  H     0.28711559  -4.37246045   1.50844495
  H     0.09999180  -3.71621983   4.48160758
  H     1.29829632  -3.11134547   3.35685128
  H    -0.57714500  -1.09745967   2.62793557
  H     3.48536101   3.34543849  -1.91120199
  H     2.91487080   4.96974560  -1.55519574
  H     2.04072221  -0.92770565  -0.95914211
  H    -0.39340987   0.78864619   2.10999258
  H     1.86932140   4.25751127   0.35074542
  H     3.08362113   1.26526224  -1.34609045
  H     0.61920826   2.95503535   1.71071969
  H     2.22927255   4.54832442  -4.21328367
  H    -2.92189711  -4.45246107   2.90271311
  H    -3.47343799   1.04245114  -2.64844163
  H     2.36321837  -4.02486615   5.14945155
  H    -3.81889028   2.10647705  -5.95423186
  H    -4.66071139   1.50012427  -4.59350854
$end
$temperature
298.15
$end
$mult
 1
$end
$sigma
 1
$end
$pressure
1.00000
$end
$scale
1.0
$end
$msrrho
$end
$freq
5.95
9.59
12.32
20.07
28.04
36.71
49.74
54.51
58.46
69.61
75.38
93.96
112.31
132.85
150.58
161.10
165.52
169.76
195.86
226.14
236.08
264.70
271.16
324.34
339.79
347.31
349.40
359.65
379.99
390.24
434.13
448.09
460.14
477.97
487.70
489.22
493.67
506.96
526.26
535.46
540.82
549.77
580.85
597.78
613.31
621.05
626.96
631.57
646.09
683.92
684.53
697.74
700.55
711.66
720.34
767.05
780.26
813.82
827.12
838.50
841.94
855.80
865.83
888.00
916.50
926.73
932.56
943.31
966.18
994.68
997.54
1026.01
1027.65
1047.18
1064.01
1081.34
1092.96
1096.87
1129.93
1148.02
1155.84
1163.74
1170.91
1178.73
1193.36
1197.22
1200.38
1201.87
1211.54
1225.66
1246.77
1278.90
1283.52
1296.06
1304.75
1333.03
1337.28
1339.49
1347.08
1351.68
1364.96
1380.72
1393.02
1402.91
1412.46
1447.17
1453.05
1460.42
1466.03
1475.48
1485.25
1509.80
1516.95
1566.19
1578.94
1579.71
1610.50
1634.02
1650.91
1737.75
1762.32
1789.51
1793.66
1814.01
1839.06
1898.88
1923.04
1929.65
3071.20
3126.59
3131.85
3151.16
3167.14
3203.72
3207.30
3251.64
3255.11
3257.54
3267.22
3295.11
3692.03
3733.06
3816.23
3825.40
3880.20
3959.85
3962.59
$end
