
$molecule
   O    -4.81519135  -0.62858082   0.44306270
  O    -1.20590971   2.55590069   1.13813380
  O    -3.04797993  -1.96828976   0.63580068
  O    -3.72371935   3.32167025   0.91479307
  O    -5.20462964   2.04832494  -0.15928723
  O     0.32127948  -1.98698539   1.37333010
  N    -1.41323998   0.29874208   1.13461646
  N     4.65682301  -0.16606891   1.52561322
  N     2.76719020  -1.47896275   0.04328567
  N     2.65092865  -1.28585938  -2.69525200
  N    -0.69075843  -2.21425748  -0.61458955
  N     0.36993351  -1.84002791  -2.67557853
  N    -1.92176976  -2.25635834  -2.57086342
  C    -2.70461627   0.39553164   0.53960855
  C    -2.66053667   0.82820781  -0.92634758
  C    -3.04598553   2.28184651  -1.11643499
  C    -0.71179688   1.45202640   1.31179419
  C     0.73472006   1.23374154   1.59705363
  C    -3.53338837  -0.86352506   0.57345705
  C     3.39596692   0.44217015   1.66561394
  C     5.00482861  -0.56219683   0.17118848
  C     1.65482302   1.80684602   0.73010381
  C     1.17848179   0.36697600   2.58635054
  C     2.97746267   1.42051901   0.76670171
  C     2.50225002  -0.00593783   2.63634228
  C    -4.11750217   2.58217074  -0.09697466
  C     3.81667656  -1.07277039  -0.61916311
  C     1.63844566  -1.74503322  -0.60911592
  C     3.74523679  -1.00161758  -2.02962751
  C     1.54641098  -1.63389736  -2.00122588
  C     0.42537412  -2.01364875   0.17206448
  C    -0.69535162  -2.10716274  -1.97759836
  H    -3.25274438   1.10866969   1.14088484
  H    -1.66766648   0.63305149  -1.32000785
  H    -3.34956426   0.22239242  -1.51057142
  H    -3.45904683   2.44152523  -2.11507231
  H    -2.19787244   2.94557899  -0.97850984
  H    -0.95775117  -0.59071366   1.28837174
  H     5.79282582  -1.32337854   0.23142534
  H     5.43139690   0.28674146  -0.37616465
  H     1.31983976   2.51988260  -0.01413699
  H     0.47891061  -0.06623284   3.28955660
  H     4.72668203  -0.95065970   2.15995235
  H     3.68215370   1.82421185   0.05494140
  H     2.82387817  -0.74248526   3.35995362
  H     4.61736377  -0.69264625  -2.60546770
  H    -5.03002301   0.31501097   0.27284387
  H    -1.57450206  -2.29340447  -0.10759654
  H    -2.74177743   3.27952085   0.99724687
  H    -2.63582226  -2.75292046  -2.06209989
  H    -1.90073683  -2.36763766  -3.57240504
$end
$temperature
298.15
$end
$mult
 1
$end
$sigma
 1
$end
$pressure
1.00000
$end
$scale
1.0
$end
$msrrho
$end
$freq
20.15
31.05
53.11
62.07
85.33
87.73
96.00
107.25
115.45
128.06
136.97
151.01
158.04
176.02
181.04
190.74
200.56
215.08
219.77
239.88
242.56
271.71
296.31
320.09
358.66
370.98
385.13
398.44
407.84
421.31
430.13
448.01
457.47
477.28
493.74
499.57
501.96
524.69
563.22
584.10
620.82
632.93
638.15
644.89
650.64
686.88
693.77
702.94
719.11
730.40
750.74
773.58
779.30
813.25
816.46
828.97
835.80
847.21
859.79
871.69
873.20
888.48
896.49
902.90
927.37
935.78
941.38
948.22
957.22
995.00
1036.67
1047.88
1052.31
1056.95
1079.11
1079.60
1097.02
1118.91
1120.13
1137.39
1162.81
1167.44
1171.41
1181.97
1204.71
1212.56
1220.31
1224.26
1245.23
1248.40
1265.49
1303.28
1314.60
1320.41
1328.08
1334.61
1342.14
1354.42
1373.47
1380.07
1394.76
1404.88
1420.52
1430.06
1450.94
1452.84
1458.42
1459.92
1466.52
1471.96
1505.69
1513.65
1516.79
1569.47
1583.55
1588.25
1620.97
1643.70
1648.36
1735.80
1756.70
1784.05
1791.61
1810.09
1816.79
1873.31
1882.44
1911.94
3067.05
3135.55
3146.95
3180.04
3203.36
3245.38
3253.83
3262.33
3265.03
3268.18
3289.28
3367.44
3496.95
3528.99
3564.07
3699.17
3709.46
3739.04
3834.92
$end
