
$molecule
   O    -0.36738245   5.73395418   2.10436916
  O     2.17242037   3.61649695  -1.72341739
  O    -0.91491663   3.56424244   1.97266996
  O    -3.75942992   3.61662558  -0.45722871
  O    -2.80391436   5.35086076   0.56474503
  O    -0.43900437  -2.51033659   3.20525708
  N     0.78358920   3.14516028  -0.00461377
  N     2.80098701  -2.75251937  -1.61685294
  N     0.87929101  -3.58201967   0.92514838
  N    -0.63543658  -5.20095053  -0.71613335
  N    -2.31511629  -3.63348240   2.61618233
  N    -2.48383293  -4.97895795   0.70169288
  N    -4.31890135  -4.70881363   2.10257668
  C     0.43118080   4.50671016   0.25277809
  C    -0.38426372   5.11518888  -0.87131823
  C    -1.59821377   4.29734417  -1.21790494
  C     1.67677657   2.79778890  -0.97879626
  C     1.96358688   1.32929650  -1.08010621
  C    -0.35419568   4.53659711   1.53939748
  C     2.54588561  -1.39891425  -1.39941280
  C     2.81052657  -3.70782786  -0.53558995
  C     1.74754610   0.42823255  -0.04539516
  C     2.49682531   0.84912395  -2.27427464
  C     2.03699748  -0.91541964  -0.19575513
  C     2.77898724  -0.48749766  -2.43933208
  C    -2.75951482   4.48968468  -0.26696425
  C     1.40318848  -4.09126772  -0.16302073
  C    -0.39264645  -3.86031155   1.22211067
  C     0.61378365  -4.91264847  -0.99364646
  C    -1.17653915  -4.68088529   0.40356286
  C    -0.97828996  -3.25365628   2.43440720
  C    -3.00672330  -4.46476391   1.77179282
  H     1.33256187   5.11515213   0.38829823
  H    -0.68324464   6.12605071  -0.59874353
  H     0.26797001   5.17115210  -1.74330276
  H    -1.34914176   3.23848127  -1.25219782
  H    -1.96991208   4.56901023  -2.21269792
  H     0.35063598   2.44717154   0.57194631
  H     3.30287457  -3.32926833   0.36256963
  H     3.36046571  -4.59045085  -0.88105712
  H     1.36551868   0.75792394   0.91310266
  H     2.68480876   1.54945791  -3.07914796
  H     3.46361229  -2.92501828  -2.35581127
  H     1.86576847  -1.58683800   0.62974481
  H     3.18055870  -0.84684823  -3.37878943
  H     1.03978992  -5.33197013  -1.90318495
  H    -1.02081923   5.72132546   2.81651116
  H    -2.78565576  -3.21471884   3.40208375
  H    -3.53752052   2.99757429  -1.15997454
  H    -4.58372341  -4.64797151   3.07218482
  H    -4.73779811  -5.45724973   1.57153834
$end
$temperature
298.15
$end
$mult
 1
$end
$sigma
 1
$end
$pressure
1.00000
$end
$scale
1.0
$end
$msrrho
$end
$freq
8.06
9.09
15.23
20.26
33.19
45.13
49.22
61.94
65.12
78.72
98.50
112.99
130.84
144.22
150.17
162.59
165.71
171.64
207.09
242.63
254.01
274.39
285.09
307.27
315.39
343.98
350.26
356.47
370.45
392.29
407.49
419.15
451.62
467.13
475.01
483.54
491.60
511.95
518.25
530.78
542.63
550.63
561.07
587.66
598.53
602.56
606.86
637.06
645.29
666.43
675.98
681.87
705.88
715.29
722.34
779.18
788.44
819.57
826.22
841.92
846.25
852.46
863.53
898.79
917.07
919.53
926.34
935.68
973.96
1004.48
1007.11
1019.74
1048.13
1055.94
1059.19
1065.51
1080.69
1089.63
1095.45
1151.70
1154.25
1158.24
1174.54
1179.48
1188.15
1199.78
1200.99
1212.17
1215.67
1225.38
1262.80
1263.83
1284.25
1290.12
1295.94
1312.16
1328.94
1338.11
1346.54
1357.98
1379.34
1389.56
1390.72
1399.11
1421.75
1440.16
1449.91
1459.65
1462.78
1482.96
1497.70
1512.83
1515.13
1562.61
1577.87
1582.47
1613.74
1632.43
1649.92
1736.25
1747.90
1781.28
1788.90
1805.48
1840.03
1897.03
1913.58
1932.63
3096.48
3096.80
3156.38
3158.92
3199.52
3219.65
3221.79
3240.50
3241.05
3251.56
3257.07
3336.07
3693.37
3776.79
3814.44
3826.78
3885.05
3913.14
3966.86
$end
