
$molecule
   O    -4.98900642  -0.44307357  -3.97622982
  O    -1.79788789   3.09950923  -2.80970253
  O    -6.18490924   1.34134944  -3.34299599
  O    -1.38464547   4.71877170  -5.44771486
  O    -3.55880891   4.46738089  -4.98434039
  O     1.23709479  -4.34604046   4.11697608
  N    -2.87522193   1.12988901  -3.05983625
  N     1.08481415  -0.18600147   1.84981485
  N     2.43739775  -1.87323491   3.39481007
  N     4.79447749  -1.23671729   4.67024424
  N     2.93064763  -4.71276797   5.57652012
  N     4.71234750  -3.22309554   5.90698940
  N     4.62363788  -5.21715296   7.09861237
  C    -3.88883922   1.67578078  -3.92781151
  C    -3.47608690   1.67744583  -5.38169088
  C    -2.27509472   2.54826894  -5.64524712
  C    -1.97605833   1.96193422  -2.43727543
  C    -1.20383448   1.34978238  -1.31300089
  C    -5.15846042   0.86545165  -3.72250100
  C     0.35688427   0.32698476   0.79124685
  C     2.45821028   0.15807134   2.07003714
  C    -0.00731927   1.95614026  -0.94710795
  C    -1.61756698   0.22505011  -0.59969229
  C     0.76773146   1.45864325   0.07960418
  C    -0.85668891  -0.27772370   0.43195583
  C    -2.50250267   3.99443923  -5.30841553
  C     3.05050370  -0.75269831   3.11359251
  C     2.96663378  -2.69566894   4.30612193
  C     4.26062405  -0.44120002   3.77698867
  C     4.16074239  -2.39142439   4.96408545
  C     2.25961955  -3.95579645   4.60784414
  C     4.10164082  -4.33347212   6.18426815
  H    -4.11230856   2.69583099  -3.62876765
  H    -3.23883583   0.66324786  -5.71045192
  H    -4.31909464   2.02723771  -5.98082866
  H    -1.99861959   2.50178404  -6.70413988
  H    -1.40934300   2.21888365  -5.07904371
  H    -3.04679109   0.24848741  -2.61408745
  H     2.55610864   1.20124987   2.39873801
  H     3.06407729   0.07603692   1.15397326
  H     0.31415122   2.83754683  -1.48879216
  H    -2.55538134  -0.26898944  -0.82252146
  H     0.85449091  -1.12679431   2.13217688
  H     1.69486214   1.94873128   0.33820592
  H    -1.19266762  -1.14850256   0.98148474
  H     4.78164861   0.48847180   3.55098412
  H    -4.13586981  -0.58400802  -4.39631178
  H     2.52094498  -5.60659057   5.79471497
  H    -1.59318990   5.62630818  -5.19038417
  H     3.99000124  -5.83524520   7.57869849
  H     5.37574061  -4.83251134   7.65020290
$end
$temperature
298.15
$end
$mult
 1
$end
$sigma
 1
$end
$pressure
1.00000
$end
$scale
1.0
$end
$msrrho
$end
$freq
9.42
10.92
21.40
27.66
39.12
44.02
48.76
61.06
65.19
86.27
96.74
105.79
116.74
120.54
140.99
151.92
162.74
181.30
202.97
214.11
229.16
235.34
283.68
301.78
311.26
343.75
349.11
359.09
376.45
388.44
399.13
411.09
447.63
467.93
475.68
487.52
505.69
511.65
524.01
533.42
549.50
552.00
560.10
586.18
601.06
606.00
608.46
638.04
647.87
660.83
666.46
692.67
700.74
705.36
720.80
775.69
786.55
813.52
824.32
828.53
852.58
861.27
884.19
896.41
912.02
922.28
930.40
938.98
951.91
993.49
998.29
1032.74
1042.96
1055.29
1063.52
1083.79
1086.59
1089.08
1098.50
1145.63
1165.19
1172.62
1184.42
1190.39
1203.68
1205.58
1206.23
1216.84
1219.03
1223.35
1229.07
1264.69
1280.48
1284.15
1302.37
1308.00
1334.52
1337.35
1347.57
1351.99
1371.56
1382.93
1394.24
1406.44
1422.98
1432.55
1456.38
1462.87
1481.36
1487.60
1498.27
1513.87
1520.48
1558.61
1570.53
1578.36
1613.03
1633.06
1650.74
1737.16
1753.75
1775.29
1789.40
1799.92
1854.23
1895.40
1910.38
1942.62
3035.60
3110.61
3114.87
3117.86
3195.05
3208.58
3242.19
3249.08
3257.30
3260.43
3282.77
3295.25
3692.39
3777.27
3814.66
3825.91
3895.94
3916.04
4005.64
$end
