
$molecule
   O    -2.34916717   2.48228440   1.05063903
  O    -2.61417085   0.52164740  -0.67288475
  O    -0.59705344   3.86442200   1.20901873
  O     0.07095630   3.76335503  -4.30235935
  O     0.82377438   1.97820649  -3.18323492
  O     2.27555368   0.59096651  -0.03940074
  N    -0.50661234   1.35027803  -0.74841594
  N     0.98359501  -4.66906419  -0.04867637
  N     2.05250048  -1.99068979   1.07251137
  N     0.80195176  -2.18053589   3.51266798
  N     1.10504559   1.42966801   1.71729795
  N     0.47603948   0.13458436   3.56354967
  N     0.03247120   2.41199168   3.55327771
  C    -0.90528770   2.71944299  -0.84506053
  C    -1.91815455   3.05068166  -1.92125829
  C    -1.53000431   2.40359659  -3.24347831
  C    -1.40452533   0.34606607  -0.76820829
  C    -0.80637556  -1.01143059  -0.86435948
  C    -1.31129959   3.12671944   0.56370565
  C     0.31689615  -3.52125746  -0.51150982
  C     2.17665510  -4.35437083   0.75652774
  C     0.42234654  -1.31286041  -1.45748167
  C    -1.53130648  -2.02422460  -0.24512635
  C     0.95468142  -2.57061224  -1.29499500
  C    -0.98691633  -3.27658826  -0.09116580
  C    -0.09451598   2.65145057  -3.57455875
  C     1.88526331  -3.16385925   1.63122430
  C     1.59438253  -0.90068296   1.68808361
  C     1.24091390  -3.24616780   2.88355689
  C     0.95196348  -0.97590685   2.92805424
  C     1.72542357   0.39686702   1.00960435
  C     0.52849084   1.28605240   2.96246464
  H     0.01512278   3.27451371  -1.03511725
  H    -2.90092028   2.69755232  -1.64487893
  H    -1.95614835   4.13317488  -2.03019157
  H    -2.16186308   2.80002690  -4.04438491
  H    -1.67331620   1.32435720  -3.17894678
  H     0.43708784   1.11366332  -1.02858506
  H     3.00876898  -4.09330359   0.09865276
  H     2.42215832  -5.26427658   1.31838115
  H     0.98342858  -0.57145344  -2.01313962
  H    -2.51747413  -1.77957099   0.14563574
  H     0.34721731  -5.26123371   0.46197892
  H     1.92244086  -2.80666276  -1.71449206
  H    -1.52900831  -4.04966436   0.44304504
  H     1.09247636  -4.19542711   3.39231765
  H    -2.62122628   1.78449182   0.40392794
  H     1.08114642   2.32688426   1.26236799
  H     1.01811927   3.89029092  -4.44807434
  H    -0.53414462   2.20883306   4.36737407
  H    -0.29738055   3.15777461   2.95411975
$end
$temperature
298.15
$end
$mult
 1
$end
$sigma
 1
$end
$pressure
1.00000
$end
$scale
1.0
$end
$msrrho
$end
$freq
14.78
25.66
38.14
43.33
47.91
72.07
83.44
94.18
100.93
118.53
130.84
137.79
148.89
168.45
176.11
187.88
196.40
200.39
240.61
256.94
277.97
282.14
317.97
341.22
359.67
372.62
392.47
396.29
420.11
430.27
445.37
457.34
462.62
485.25
505.00
531.11
533.77
554.17
579.90
589.48
598.94
606.48
624.69
629.06
642.22
651.46
667.25
678.13
697.41
698.43
718.83
725.47
759.43
781.26
798.57
810.90
830.04
846.60
848.92
854.08
873.64
888.42
900.36
916.18
926.05
940.15
941.95
957.22
995.47
1004.94
1016.12
1023.79
1049.11
1057.57
1068.74
1078.19
1081.76
1093.22
1103.59
1110.50
1125.47
1172.05
1181.42
1183.70
1200.30
1212.98
1213.82
1222.33
1232.12
1246.11
1256.23
1289.33
1302.17
1322.53
1335.95
1343.14
1352.85
1358.72
1362.61
1370.81
1391.87
1399.45
1409.81
1417.00
1442.61
1444.71
1451.03
1455.44
1458.37
1471.58
1509.07
1512.28
1513.16
1569.92
1571.54
1606.88
1610.19
1636.30
1665.90
1734.27
1750.26
1780.76
1787.00
1807.49
1823.92
1877.51
1899.34
1907.31
3080.59
3113.93
3176.64
3192.22
3204.24
3216.04
3218.53
3227.61
3229.81
3265.38
3284.69
3318.02
3397.58
3628.07
3744.16
3749.10
3764.98
3839.61
3901.81
$end
