
$molecule
   O    -1.02192169   2.96445499   1.36813080
  O     2.55005995   1.52808057  -1.54104411
  O    -0.66492306   4.99324336   0.52982318
  O    -1.34348647   2.24659166  -1.34352451
  O    -1.96101638   3.86717083  -2.72422993
  O    -0.30144230   0.25477608   1.96703411
  N     0.91580094   1.85141530   0.02687699
  N     1.90294785  -4.34627544   1.02122051
  N    -0.38842630  -2.55058100   1.80426331
  N    -2.27757194  -3.64519417   0.13066427
  N    -2.03666773   0.36792924   0.53704995
  N    -3.06933229  -1.50895911  -0.42298950
  N    -3.71445295   0.65036792  -1.03652890
  C     0.94313791   3.29262872   0.03292327
  C     1.16961922   3.95081197  -1.31337388
  C     0.38496162   3.39333121  -2.47731655
  C     1.87206377   1.09898809  -0.64436441
  C     1.92189417  -0.33021140  -0.19503379
  C    -0.32878246   3.85113372   0.64817343
  C     2.00305272  -3.00252330   0.58744366
  C     0.84574247  -4.57384909   2.01596145
  C     2.24692212  -0.66750493   1.11159644
  C     1.68722995  -1.33563932  -1.12019946
  C     2.30496580  -1.99061238   1.49209097
  C     1.71304607  -2.66065586  -0.73129352
  C    -1.08764433   3.22523068  -2.21697482
  C    -0.39083906  -3.84150046   1.57846887
  C    -1.27119844  -1.77908407   1.17987505
  C    -1.38138359  -4.38824364   0.73731691
  C    -2.22395937  -2.30745403   0.29820723
  C    -1.13428165  -0.32650008   1.31403559
  C    -2.93988640  -0.21796443  -0.31865023
  H     1.74112218   3.65238675   0.70145047
  H     0.92781424   5.00563908  -1.17959471
  H     2.22586228   3.88261950  -1.56811188
  H     0.78127124   2.42089226  -2.76069392
  H     0.48913064   4.06165172  -3.33296363
  H     0.54656868   1.41111207   0.87105583
  H     1.16076698  -4.17846273   2.98199152
  H     0.68581885  -5.65283738   2.10831266
  H     2.44582005   0.10315051   1.84451504
  H     1.45553470  -1.08049743  -2.14803575
  H     1.77336574  -4.95775627   0.22500470
  H     2.53804542  -2.25111726   2.51383281
  H     1.47441781  -3.43691082  -1.44764826
  H    -1.41938888  -5.46341839   0.56467803
  H    -1.74820297   3.44279822   1.79212014
  H    -1.95897342   1.37158704   0.56491163
  H    -0.51762857   1.88427228  -0.97685168
  H    -4.25469535   0.19790392  -1.75933768
  H    -3.27087776   1.52358531  -1.29026769
$end
$temperature
298.15
$end
$mult
 1
$end
$sigma
 1
$end
$pressure
1.00000
$end
$scale
1.0
$end
$msrrho
$end
$freq
24.32
36.85
43.74
57.98
62.95
72.60
80.62
93.22
103.50
112.19
119.69
152.80
158.26
164.86
177.57
189.48
197.51
209.20
247.91
264.52
282.75
291.25
303.11
312.49
349.08
368.64
381.78
398.22
427.74
446.05
451.51
469.18
482.97
492.92
506.66
519.81
529.50
548.41
558.84
596.82
611.90
625.63
633.31
639.95
656.73
660.44
674.96
696.12
697.45
712.47
752.19
769.81
779.62
796.17
806.78
818.50
829.29
831.86
841.11
858.15
862.28
872.89
899.25
921.47
925.34
927.86
932.19
944.52
960.60
998.79
1005.37
1025.62
1026.83
1046.45
1059.23
1063.68
1091.29
1093.16
1102.43
1114.03
1146.33
1167.40
1171.48
1175.40
1198.69
1204.92
1212.47
1218.00
1223.83
1245.74
1249.26
1287.61
1297.42
1311.87
1313.04
1327.24
1334.73
1340.25
1360.55
1368.72
1376.34
1398.67
1409.35
1430.26
1443.29
1449.19
1451.00
1455.47
1456.31
1467.53
1477.26
1489.06
1512.37
1561.19
1567.57
1574.43
1615.37
1639.05
1642.85
1737.31
1749.86
1785.17
1796.53
1816.92
1874.39
1880.26
1921.63
1937.28
3088.00
3108.17
3151.41
3162.81
3205.80
3214.52
3236.32
3239.31
3248.59
3254.16
3267.99
3292.18
3564.20
3658.31
3686.15
3746.19
3797.66
3845.38
3907.50
$end
