
$molecule
   O     0.58339265  -5.32488646   1.69375969
  O     1.00006384  -1.35500595   0.71114704
  O     0.12158460  -3.43650318   2.79058130
  O     1.73609108  -2.29290426  -2.72404320
  O     0.49405872  -3.55553232  -4.08878077
  O    -0.76554543   0.27174704  -1.85552966
  N    -1.08665078  -2.24848037   0.74467949
  N    -2.16565425   3.99164335   1.78840523
  N    -0.81856421   2.90153197  -0.75278787
  N     1.60507436   3.95506468   0.01275620
  N     1.45279547   0.22077571  -1.49499145
  N     2.67249441   1.93407907  -0.46924072
  N     3.63853340  -0.16443983  -0.84569760
  C    -0.62685615  -3.58393229   0.53318222
  C     0.26470191  -3.68798147  -0.68290414
  C    -0.34792440  -3.02056663  -1.89063150
  C    -0.18141363  -1.22914383   0.93449494
  C    -0.79924127   0.06529632   1.34090202
  C     0.07196155  -4.09544552   1.79650660
  C    -1.77449118   2.62845141   1.79515260
  C    -2.04717669   4.57631503   0.43588905
  C    -2.06428503   0.42316331   0.89275884
  C    -0.05545361   0.97256281   2.08003855
  C    -2.54761143   1.69230619   1.12115136
  C    -0.54427418   2.23921982   2.32192952
  C     0.62492763  -3.00794832  -3.03174832
  C    -0.76602800   4.07577219  -0.16682433
  C     0.30588817   2.21620471  -0.93719499
  C     0.48709372   4.62185565   0.16858167
  C     1.54142085   2.70494269  -0.48625355
  C     0.22360239   0.85091674  -1.48572809
  C     2.58012105   0.71578463  -0.90977540
  H    -1.51975338  -4.21098725   0.38856034
  H     1.21652650  -3.22706822  -0.45929897
  H     0.45095244  -4.73788478  -0.91960972
  H    -0.61134069  -1.98705707  -1.68130013
  H    -1.24589977  -3.54125209  -2.22299560
  H    -1.93364724  -2.15385969   1.28144899
  H    -2.07966695   5.66662056   0.52701926
  H    -2.88153033   4.24408400  -0.18126704
  H    -2.64813998  -0.26275143   0.29523085
  H     0.93070882   0.69163609   2.42830424
  H    -1.59316323   4.51655208   2.43883248
  H    -3.50301463   1.99455605   0.71687929
  H     0.06440273   2.95808358   2.85456583
  H     0.55110719   5.62057983   0.59857556
  H     0.44012019  -5.67745903   0.81123496
  H     1.47214321  -0.73117425  -1.83019276
  H     2.32672041  -2.29875374  -3.49011666
  H     4.38954526   0.19243914  -0.27119688
  H     3.36129389  -1.11116669  -0.62445878
$end
$temperature
298.15
$end
$mult
 1
$end
$sigma
 1
$end
$pressure
1.00000
$end
$scale
1.0
$end
$msrrho
$end
$freq
20.77
29.65
34.64
41.07
51.60
57.59
71.15
81.41
92.94
108.10
116.96
131.38
135.23
140.59
149.38
182.80
190.87
215.80
238.29
252.82
269.67
282.83
291.12
322.45
346.96
358.25
365.13
388.37
389.47
417.68
438.18
452.80
455.53
456.47
476.01
488.05
500.31
528.57
550.81
560.53
565.02
584.17
607.25
621.18
629.21
644.27
666.52
679.65
686.43
696.43
700.32
710.39
746.17
770.37
774.77
803.36
814.40
816.34
828.59
843.46
865.49
869.01
879.91
901.75
905.29
928.73
936.68
942.38
951.13
998.40
1007.22
1023.63
1041.97
1050.68
1061.90
1064.69
1095.58
1100.31
1124.93
1139.22
1153.97
1155.86
1169.71
1174.77
1180.60
1197.27
1213.01
1214.86
1216.75
1234.79
1242.73
1272.82
1293.34
1304.50
1316.79
1325.51
1331.36
1345.50
1347.09
1364.98
1374.61
1381.20
1397.82
1414.38
1416.94
1446.16
1450.93
1455.93
1459.47
1469.59
1473.38
1492.93
1514.02
1561.12
1571.43
1585.98
1628.07
1638.10
1646.94
1735.97
1745.31
1790.71
1798.00
1820.52
1864.31
1886.22
1916.62
1944.39
3096.49
3108.47
3139.35
3170.59
3209.61
3220.11
3258.35
3263.94
3268.71
3281.58
3287.06
3330.24
3651.42
3668.83
3781.07
3793.37
3812.09
3908.10
4004.02
$end
