
$molecule
   O     0.94748734  -3.05027561  -3.70230786
  O     0.70687348   1.21572131  -1.60129836
  O     0.02735487  -1.87684332  -5.37043286
  O     3.68745206   1.07253833  -7.27899753
  O     4.73811734   0.35692402  -5.44102219
  O    -2.40495295  -0.92091853   1.15389416
  N     1.04535674  -0.95697009  -2.14191462
  N     1.08757182  -1.23746778   4.28973584
  N    -1.24909099  -0.08588393   3.60104586
  N    -2.45835173   2.01195089   4.89469945
  N    -3.98437382   0.68864524   1.38633593
  N    -4.08300023   2.16454808   3.21019128
  N    -5.66816147   2.29700156   1.51384149
  C     1.03337994  -0.68724298  -3.54625379
  C     2.39146425  -0.25179594  -4.06396833
  C     2.33949894   0.26619306  -5.47735817
  C     0.90722471   0.07508059  -1.24403771
  C     1.02436364  -0.32638260   0.19192229
  C     0.58826558  -1.91206246  -4.30886273
  C     1.12804611  -0.93644742   2.91855610
  C     0.58266016  -0.21831735   5.17456645
  C     1.40397835   0.63473283   1.11947952
  C     0.72968549  -1.60866291   0.64162415
  C     1.47246331   0.33433978   2.46280916
  C     0.78610492  -1.91242129   1.98308605
  C     3.71731683   0.56044128  -6.03375395
  C    -0.72821554   0.37821068   4.70448088
  C    -2.34078373   0.48142169   3.09578910
  C    -1.36891493   1.45104409   5.36407233
  C    -2.96903701   1.55427235   3.73344737
  C    -2.85500730  -0.02283305   1.80857957
  C    -4.54599119   1.73357644   2.07757756
  H     0.30627497   0.10521567  -3.73231387
  H     2.76074793   0.53202735  -3.40685001
  H     3.09299838  -1.08081263  -4.00226050
  H     1.74725380   1.18408016  -5.52979552
  H     1.86149546  -0.45318110  -6.14533458
  H     1.42657208  -1.82995822  -1.82873514
  H     1.31148711   0.59441523   5.27408913
  H     0.46460459  -0.65517901   6.17461311
  H     1.64193829   1.63331548   0.77289287
  H     0.40767303  -2.37495154  -0.05155183
  H     0.62123649  -2.12129407   4.43928857
  H     1.77352107   1.09302300   3.16891589
  H     0.50908456  -2.90125647   2.32316785
  H    -0.96091297   1.84304117   6.29540804
  H     0.66940358  -3.79008872  -4.25876509
  H    -4.40199206   0.37845641   0.52413263
  H     2.77893503   1.14814584  -7.58865664
  H    -5.76245858   2.25360810   0.51186129
  H    -5.93664777   3.16927641   1.94436737
$end
$temperature
298.15
$end
$mult
 1
$end
$sigma
 1
$end
$pressure
1.00000
$end
$scale
1.0
$end
$msrrho
$end
$freq
6.05
9.72
11.01
22.97
29.38
32.50
48.14
53.28
58.77
66.52
74.81
91.79
112.81
134.55
149.31
158.04
167.02
169.45
187.92
213.53
232.30
263.04
273.84
317.21
332.48
350.47
355.59
361.57
379.79
388.42
395.79
437.35
449.17
454.91
480.03
488.71
490.89
515.98
539.88
546.23
553.02
580.71
589.07
598.51
615.42
621.10
625.01
634.43
644.97
651.47
682.39
688.03
700.56
712.28
723.45
768.47
787.00
814.03
820.65
827.64
838.50
857.54
865.72
890.76
909.26
926.26
932.81
944.03
949.14
974.61
996.39
1028.29
1048.71
1061.48
1082.77
1089.43
1093.23
1097.55
1146.50
1148.50
1158.18
1165.78
1175.64
1177.85
1181.67
1200.42
1203.45
1211.37
1213.50
1219.59
1245.66
1256.40
1282.20
1291.41
1304.12
1328.79
1334.36
1338.33
1346.72
1347.75
1361.75
1378.72
1394.37
1409.94
1420.46
1448.05
1450.77
1460.21
1462.31
1474.94
1481.67
1503.75
1517.02
1563.07
1577.65
1579.50
1611.08
1633.66
1648.29
1737.87
1762.24
1789.67
1795.29
1813.58
1840.53
1898.37
1907.92
1923.00
3069.37
3111.05
3149.75
3175.28
3192.73
3203.78
3218.22
3253.25
3257.42
3257.51
3264.16
3295.33
3687.24
3728.85
3816.57
3820.98
3893.83
3909.59
3958.34
$end
