
$molecule
   O     1.25870477   1.71520925  -4.92280002
  O     5.05248900   0.26705135  -1.82707695
  O     3.40099301   2.33769206  -4.94226127
  O     3.58342446   5.63828251  -5.03485403
  O     1.53089352   4.74875521  -5.04254258
  O    -3.96575282  -0.10923737   3.68142749
  N     3.64116003   1.97650832  -2.31005355
  N    -0.03940817  -1.68034010   1.52049786
  N    -2.41877345  -2.22639300   2.58423009
  N    -3.32485874  -4.78273447   3.06644220
  N    -5.39021987  -1.63792772   4.55671915
  N    -5.13360409  -3.95557032   4.30173589
  N    -6.93935116  -3.10684641   5.49490285
  C     2.33570379   2.25833679  -2.83378119
  C     1.88109015   3.65892655  -2.46632065
  C     2.79212279   4.73386189  -3.00296007
  C     3.95832535   0.76367538  -1.70479009
  C     2.87954990   0.14237892  -0.87511398
  C     2.38703103   2.10271374  -4.34858993
  C     0.92152517  -1.09780645   0.70634902
  C    -0.52899993  -3.00594452   1.27935716
  C     2.71145874  -1.23472693  -0.90513428
  C     2.07056891   0.89551489  -0.02800392
  C     1.74208626  -1.85100829  -0.13638477
  C     1.10935241   0.29166943   0.75165874
  C     2.54648319   5.02150567  -4.45903325
  C    -1.76151325  -3.25295368   2.10964450
  C    -3.52554553  -2.43642608   3.30397165
  C    -2.24070383  -4.55912900   2.36598804
  C    -4.00181832  -3.72458230   3.55927346
  C    -4.25372687  -1.26450028   3.82847944
  C    -5.78365206  -2.93573922   4.77038312
  H     1.62351586   1.53769207  -2.43011488
  H     0.86925776   3.83586415  -2.83377074
  H     1.85218907   3.71742465  -1.37624969
  H     3.84089326   4.48073341  -2.87418017
  H     2.62663490   5.67733544  -2.47160338
  H     4.37717065   2.25641118  -2.94669709
  H     0.23236293  -3.75840079   1.52382035
  H    -0.78568062  -3.17493155   0.22175220
  H     3.34867105  -1.83183907  -1.54771765
  H     2.20300737   1.96832069   0.03037131
  H    -0.74885898  -1.05416575   1.87129736
  H     1.62223271  -2.92353300  -0.18391336
  H     0.48695083   0.88511255   1.41024923
  H    -1.70304647  -5.42255799   1.97585571
  H     0.53978700   1.68575433  -4.28474535
  H    -5.95613524  -0.88056361   4.90380630
  H     3.37115415   5.76434332  -5.96951838
  H    -7.19590969  -2.39278829   6.15696794
  H    -7.09923097  -4.06042755   5.78303014
$end
$temperature
298.15
$end
$mult
 1
$end
$sigma
 1
$end
$pressure
1.00000
$end
$scale
1.0
$end
$msrrho
$end
$freq
9.52
14.32
20.31
22.63
30.47
39.99
55.76
61.60
65.74
78.53
86.66
98.06
121.18
129.96
146.85
152.16
162.82
178.99
181.09
209.90
225.83
235.67
286.32
309.51
337.62
347.72
354.13
359.87
388.32
414.73
421.75
447.92
452.37
464.12
477.73
487.65
498.29
525.06
528.15
534.16
543.47
552.17
588.14
601.19
606.60
610.79
636.29
638.42
650.71
674.73
696.25
698.49
707.02
725.65
745.54
775.24
809.56
814.03
826.03
831.27
832.99
851.13
878.00
891.23
916.09
926.35
930.73
948.15
951.05
993.74
1003.22
1032.80
1047.79
1051.20
1060.55
1084.19
1085.02
1088.93
1098.51
1145.66
1165.95
1169.95
1180.71
1189.07
1190.03
1203.39
1205.23
1207.59
1218.91
1219.63
1235.23
1254.14
1283.13
1289.90
1300.44
1317.28
1329.09
1334.69
1347.18
1357.97
1368.48
1388.37
1401.17
1422.51
1438.15
1444.56
1451.56
1458.19
1461.27
1488.35
1496.77
1509.73
1519.88
1532.87
1562.89
1578.22
1612.85
1632.73
1644.86
1737.29
1753.53
1781.05
1789.89
1804.59
1850.11
1894.77
1906.54
1939.90
3035.43
3107.46
3115.41
3127.15
3205.46
3208.89
3225.19
3240.70
3243.44
3245.17
3264.95
3281.11
3692.10
3737.80
3771.32
3815.05
3825.64
3904.11
3987.13
$end
