
$molecule
   O    -3.23452124  -4.54924878  -1.64555419
  O    -3.22085951  -0.48401105  -2.57898201
  O    -1.65414728  -3.07876408  -2.22526943
  O    -5.24355011  -4.60246804   0.30881212
  O    -5.66319179  -3.71713713   2.31106073
  O     2.09221302   0.98037564   3.32026558
  N    -2.52126380  -1.17717165  -0.52506152
  N     1.80047044   3.40304714  -1.85198329
  N     2.86306694   2.56485692   1.08702645
  N     5.46086661   2.26362954   0.21159036
  N     4.19442924   0.14474479   3.41775049
  N     5.89788002   0.71370123   1.90915006
  N     6.31582063  -0.80281620   3.62126293
  C    -3.25322063  -2.40626163  -0.58771594
  C    -4.72937107  -2.19342583  -0.85204392
  C    -5.54568684  -2.23173495   0.41826055
  C    -2.43954465  -0.38682748  -1.66344231
  C    -1.32561811   0.60857604  -1.65210972
  C    -2.62540752  -3.36959887  -1.59183207
  C     0.74640294   2.49532670  -1.75483292
  C     2.31070829   4.10626484  -0.70107033
  C    -0.72563422   1.07033184  -0.48804067
  C    -0.88502237   1.11300409  -2.87270690
  C     0.29285461   2.00356455  -0.53242073
  C     0.13482622   2.03521726  -2.92965665
  C    -5.49582413  -3.55570664   1.13466728
  C     3.28907583   3.23922305   0.04717926
  C     3.70255094   1.73168325   1.70685143
  C     4.61888495   3.06940728  -0.39041561
  C     5.02478589   1.56767320   1.27984995
  C     3.20070248   0.96093018   2.86160517
  C     5.47488550   0.04261153   2.93460392
  H    -3.11996773  -2.88990694   0.38694091
  H    -4.85188615  -1.23370443  -1.33764115
  H    -5.11672771  -2.93553663  -1.54287627
  H    -6.60257474  -2.04093116   0.19696037
  H    -5.22377795  -1.47099470   1.13182388
  H    -1.64622380  -1.24165533  -0.02890578
  H     1.52274923   4.40360112  -0.00649446
  H     2.81296279   5.01168997  -1.05875750
  H    -1.05975795   0.72456773   0.48280715
  H    -1.35661673   0.76278959  -3.78274349
  H     1.81917360   3.91251459  -2.72041289
  H     0.73897377   2.34251699   0.38824113
  H     0.47627046   2.40985203  -3.88668224
  H     4.97996556   3.62125015  -1.25647799
  H    -3.97470241  -4.57988809  -1.02068682
  H     3.92734895  -0.37260397   4.23931369
  H    -5.26733345  -5.40959332   0.84225609
  H     7.17906958  -0.99234417   3.13440218
  H     5.90549335  -1.58062016   4.11213515
$end
$temperature
298.15
$end
$mult
 1
$end
$sigma
 1
$end
$pressure
1.00000
$end
$scale
1.0
$end
$msrrho
$end
$freq
9.80
10.26
16.52
22.81
27.30
38.87
55.51
67.66
80.23
87.03
96.59
116.23
129.79
145.38
156.62
165.70
172.22
175.94
212.44
240.86
270.80
292.11
309.06
312.28
344.45
345.74
352.32
356.03
375.77
392.64
411.98
430.52
451.80
473.40
482.01
491.31
517.86
540.10
547.59
552.95
575.82
580.07
594.74
597.28
602.13
608.06
618.61
643.16
667.84
681.48
693.17
704.29
720.89
723.95
765.62
775.54
792.45
805.70
818.70
832.95
846.77
860.35
864.61
897.83
903.92
918.38
927.64
936.52
939.45
1004.74
1021.32
1028.33
1048.58
1054.39
1057.30
1064.30
1082.18
1095.30
1099.81
1148.53
1152.86
1158.17
1175.74
1181.35
1188.39
1201.72
1214.91
1219.39
1226.25
1245.49
1262.88
1264.59
1281.19
1291.72
1310.49
1328.78
1336.28
1346.28
1350.80
1362.85
1381.07
1386.53
1390.75
1401.60
1430.77
1449.66
1450.36
1457.08
1460.91
1477.13
1478.95
1482.83
1513.26
1547.27
1568.94
1578.26
1613.39
1631.70
1647.36
1737.00
1748.38
1785.29
1790.76
1805.46
1865.23
1894.10
1906.28
1943.50
3087.62
3100.01
3150.31
3183.92
3203.24
3219.10
3225.32
3241.24
3248.88
3259.34
3311.10
3336.19
3689.50
3783.98
3794.39
3817.56
3823.16
3853.18
3900.55
$end
