
$molecule
   O     0.53413999   3.07318408  -0.61895793
  O    -1.61673521   0.40322394  -1.40547075
  O     2.38663197   3.83873630  -1.59968081
  O     0.01639763   3.38232438  -3.86581974
  O     0.35624045   2.34763350  -5.81557290
  O    -1.30464009  -2.76217323  -0.23128624
  N     0.34133492   1.06596251  -2.30027803
  N     2.07600524  -2.36945993   2.91393089
  N    -0.59507895  -2.67125402   2.49104165
  N    -2.37956339  -1.49864305   4.21383397
  N    -2.98268681  -1.31114469   0.22757075
  N    -3.76288517  -0.90899874   2.41401031
  N    -4.81152487   0.06744422   0.58604115
  C     1.65204737   1.59461540  -2.07906991
  C     2.48625592   1.58374027  -3.34421653
  C     2.22376551   2.69910721  -4.33397155
  C    -0.40545431   0.45569348  -1.32513930
  C     0.37091529  -0.17342768  -0.21429014
  C     1.58266783   2.96398983  -1.43083103
  C     1.60655189  -1.55544102   1.87085741
  C     1.21781201  -2.57723154   4.07296441
  C     0.26935885   0.28953031   1.08662252
  C     1.16735838  -1.27977809  -0.47976457
  C     0.91178150  -0.37237007   2.11460995
  C     1.77484616  -1.96428426   0.54675072
  C     0.79624910   2.77563425  -4.78569480
  C    -0.25013823  -2.45995191   3.73547920
  C    -1.76648676  -2.23212349   2.05101022
  C    -1.20276881  -1.91704938   4.62147915
  C    -2.65715413  -1.55943906   2.89582046
  C    -1.96992311  -2.19734600   0.58972045
  C    -3.84197591  -0.73658615   1.12466696
  H     2.14588934   0.95378221  -1.34316015
  H     3.54168842   1.64493164  -3.06318065
  H     2.32942292   0.61550438  -3.82354568
  H     2.83840728   2.53980794  -5.22304267
  H     2.48363032   3.65903451  -3.89441168
  H    -0.22922618   1.57755719  -2.95037411
  H     1.44040103  -1.83489631   4.85079412
  H     1.46570001  -3.55775264   4.49757841
  H    -0.32342535   1.16988474   1.30263337
  H     1.26678780  -1.64483009  -1.49451017
  H     2.40006784  -3.24869124   2.53599134
  H     0.82114315  -0.01003476   3.12714296
  H     2.32861638  -2.86919154   0.33467464
  H    -0.96835640  -1.80529721   5.67971473
  H     0.56278284   3.94973622  -0.21361957
  H    -2.84353720  -0.86376069  -0.67358863
  H    -0.87888098   3.45943203  -4.22237844
  H    -5.54112547   0.33847316   1.22551294
  H    -5.06333001  -0.06780691  -0.37859666
$end
$temperature
298.15
$end
$mult
 1
$end
$sigma
 1
$end
$pressure
1.00000
$end
$scale
1.0
$end
$msrrho
$end
$freq
13.55
16.70
33.36
38.78
41.03
45.94
55.26
60.50
66.16
89.78
97.53
117.20
126.47
133.94
169.83
181.90
184.65
193.96
219.37
239.43
254.49
276.07
285.34
316.31
349.21
353.91
365.48
373.64
388.69
408.21
426.07
447.01
454.45
461.12
469.52
493.33
503.13
532.76
545.84
556.93
566.44
581.47
583.85
600.40
615.97
627.78
642.49
649.90
661.70
677.20
692.45
699.93
707.36
721.99
753.45
779.03
799.56
806.46
809.14
834.23
842.63
855.44
871.90
893.97
894.97
924.11
932.17
948.24
949.46
983.91
996.65
1004.86
1039.46
1050.30
1058.19
1073.37
1096.30
1110.53
1114.44
1133.83
1155.89
1158.04
1172.56
1173.41
1199.33
1199.91
1215.63
1216.64
1220.89
1242.10
1247.12
1263.87
1292.47
1303.21
1318.14
1323.75
1329.09
1333.85
1357.14
1361.87
1375.98
1399.52
1415.89
1422.51
1436.47
1452.18
1455.72
1457.82
1463.83
1469.75
1475.75
1488.05
1518.52
1535.29
1570.84
1576.79
1619.39
1636.54
1647.93
1730.62
1750.89
1779.23
1798.43
1814.09
1835.11
1905.28
1915.60
1917.09
3058.15
3105.62
3137.24
3140.76
3189.91
3194.67
3203.87
3254.09
3254.60
3255.98
3261.65
3299.05
3679.86
3714.97
3724.27
3850.38
3886.79
3912.82
3919.97
$end
