
$molecule
   O     6.54573910  -2.37207046  -0.13241329
  O     3.61809602  -0.42106744   2.62533668
  O     4.44665448  -2.49167147   0.60541843
  O     9.17947978   1.19366621   0.61970797
  O     8.27429804  -0.41365461  -0.62678000
  O    -5.94097219   0.05897633  -4.18629202
  N     4.06564715   0.16093211   0.45595063
  N    -2.36278823   0.10790431   0.43631457
  N    -4.85656217   0.66841621  -1.61968157
  N    -6.64245466   0.64978469   0.48812602
  N    -7.96485586  -0.25601216  -3.22580076
  N    -8.38431878   0.01438725  -0.93511326
  N   -10.11022858  -0.58362484  -2.37327071
  C     5.41700385  -0.32891342   0.42696065
  C     6.20110179   0.15692084   1.62207941
  C     7.65322953  -0.28128580   1.68425886
  C     3.22718414  -0.13352490   1.52084484
  C     1.76987766  -0.03276371   1.19074933
  C     5.41650799  -1.85309459   0.31381082
  C    -0.98718894   0.10176498   0.68712035
  C    -2.99493503   1.25488999  -0.18118853
  C     1.26514930   0.83963474   0.23694556
  C     0.87943940  -0.83245461   1.90071841
  C    -0.09393086   0.91424463  -0.01045405
  C    -0.47354512  -0.77553257   1.65255627
  C     8.39516055   0.13364803   0.44894026
  C    -4.45113634   0.96131629  -0.40627946
  C    -6.14428311   0.36712280  -1.81152168
  C    -5.37710375   0.95264496   0.65651665
  C    -7.06283283   0.34357479  -0.75452165
  C    -6.59822154   0.05685735  -3.18420113
  C    -8.79221156  -0.27201517  -2.13230887
  H     5.86710702   0.05906199  -0.49351578
  H     6.15567884   1.24667650   1.61961824
  H     5.70203147  -0.18713552   2.52066952
  H     7.73118364  -1.36422253   1.77579782
  H     8.13436466   0.17624385   2.55003983
  H     3.59719033   0.10134908  -0.43429457
  H    -2.53886843   1.44854518  -1.15118705
  H    -2.88851117   2.16466131   0.42766490
  H     1.92921430   1.49690032  -0.31230599
  H     1.26865735  -1.50716729   2.65342313
  H    -2.89080645  -0.27222883   1.20689511
  H    -0.46240677   1.60764932  -0.75195522
  H    -1.15332039  -1.41248505   2.20493587
  H    -5.05177556   1.20866863   1.66381395
  H     7.18814416  -1.68567922  -0.40225014
  H    -8.34331313  -0.43549144  -4.14158019
  H     9.60093586   1.39707599  -0.22767687
  H   -10.64162443  -0.76337492  -1.53473311
  H   -10.32088059  -1.16804812  -3.16588819
$end
$temperature
298.15
$end
$mult
 1
$end
$sigma
 1
$end
$pressure
1.00000
$end
$scale
1.0
$end
$msrrho
$end
$freq
7.49
11.91
18.22
28.53
35.69
38.41
55.51
63.41
71.57
90.27
105.82
119.08
123.70
144.18
151.30
164.54
185.05
197.98
208.53
216.74
233.52
264.14
291.82
316.89
343.82
350.10
353.45
361.33
384.07
396.37
416.91
443.44
455.77
469.92
477.38
490.91
513.07
535.96
548.70
551.84
591.30
598.77
601.26
605.79
608.67
623.99
650.68
657.78
670.68
693.76
699.52
710.98
747.40
787.85
793.12
805.76
817.39
823.90
837.42
851.11
859.36
886.70
890.86
912.00
918.89
930.14
936.94
940.42
953.41
980.09
1006.41
1018.87
1044.42
1058.75
1062.03
1084.93
1095.06
1098.64
1113.56
1124.87
1150.00
1162.91
1175.07
1181.59
1189.99
1202.80
1204.76
1214.24
1226.58
1238.88
1244.64
1272.40
1275.44
1291.94
1296.13
1334.31
1344.13
1346.17
1352.70
1371.29
1378.48
1386.72
1397.13
1400.72
1442.57
1447.53
1451.71
1468.22
1479.49
1490.07
1496.82
1511.14
1511.43
1549.90
1568.09
1577.49
1616.31
1630.97
1644.12
1734.54
1742.05
1784.83
1789.87
1806.44
1865.39
1870.16
1898.75
1938.88
3061.20
3138.67
3156.90
3165.57
3211.84
3218.28
3229.61
3240.18
3242.96
3258.66
3286.15
3294.39
3646.67
3691.54
3763.02
3796.87
3816.86
3824.94
3879.43
$end
