
$molecule
   O     1.95394111  -2.59083115  -3.67852307
  O    -1.04774842  -1.74602508  -0.05059868
  O     2.19965148  -4.49146981  -2.52187550
  O    -1.86625088  -5.25617992  -5.01946649
  O    -3.08796021  -6.08400720  -3.33668542
  O     2.04528091   0.95548592   1.42267749
  N     0.30100120  -1.64774875  -1.86774025
  N    -0.35774337   4.58368155  -0.38027024
  N     0.45278753   3.26024319   1.83307732
  N    -0.38290054   3.75376316   4.40008287
  N     1.89607622   0.49585176   3.63724470
  N     0.73316149   1.84052065   5.17188190
  N     1.82666722  -0.07994985   5.89572943
  C     0.32828477  -3.06969917  -2.02855061
  C    -0.86506247  -3.58132393  -2.81166971
  C    -0.94560446  -5.09314612  -2.84865262
  C    -0.44412747  -1.07909504  -0.86224568
  C    -0.44296385   0.41641204  -0.85458028
  C     1.59956247  -3.47507135  -2.73532023
  C    -0.43430344   3.19918407  -0.60380222
  C    -0.83939962   5.07447748   0.88696333
  C    -1.51340495   1.07785082  -0.26767011
  C     0.61128318   1.16799465  -1.35968134
  C    -1.52303483   2.45148060  -0.16010227
  C     0.61452067   2.53967006  -1.24299804
  C    -2.08566944  -5.54250217  -3.72170806
  C    -0.33633607   4.27256517   2.07023781
  C     0.81426363   2.45526490   2.82768458
  C    -0.74616283   4.52111358   3.39956231
  C     0.39326444   2.68155075   4.14070278
  C     1.63290210   1.27211185   2.50296504
  C     1.44807832   0.79204427   4.90074247
  H     0.33346990  -3.52764871  -1.03796260
  H    -1.75910023  -3.18123865  -2.33507286
  H    -0.82021094  -3.18873879  -3.82566797
  H    -1.10101304  -5.49889834  -1.84894110
  H    -0.02871588  -5.52021924  -3.25523420
  H     0.59285255  -1.07887759  -2.64026460
  H    -1.93564263   5.05675696   0.90890876
  H    -0.54357954   6.12685265   0.98536127
  H    -2.34300882   0.49655609   0.11680877
  H     1.46872493   0.68190553  -1.80647113
  H     0.57522592   4.91785736  -0.57718775
  H    -2.36290445   2.95012676   0.29897490
  H     1.46544688   3.10801804  -1.59402196
  H    -1.38797952   5.37260405   3.62449245
  H     2.74905588  -2.92043716  -4.11804604
  H     2.46564195  -0.32111695   3.48781304
  H    -2.62955566  -5.57059075  -5.52211518
  H     2.00022159  -1.03853051   5.63909362
  H     1.32901721   0.06140228   6.76212136
$end
$temperature
298.15
$end
$mult
 1
$end
$sigma
 1
$end
$pressure
1.00000
$end
$scale
1.0
$end
$msrrho
$end
$freq
5.54
9.64
12.64
24.41
27.93
30.16
41.80
49.31
57.75
62.22
77.18
93.67
101.72
131.76
150.41
157.48
168.31
174.35
182.96
222.94
230.25
259.61
273.91
316.50
328.06
351.02
355.24
371.57
383.90
388.24
403.54
434.38
445.99
450.30
464.24
485.38
489.27
531.29
545.03
552.92
572.87
581.46
587.11
599.21
614.55
619.93
622.02
634.77
645.84
652.21
682.69
700.46
713.15
722.04
767.95
782.72
794.08
812.18
814.99
827.91
841.93
857.60
865.21
890.08
901.14
926.12
932.94
940.75
944.45
976.18
996.11
1028.27
1048.23
1061.37
1082.01
1089.52
1093.31
1097.62
1120.96
1139.04
1148.47
1163.01
1170.15
1178.08
1200.23
1201.52
1211.45
1212.13
1219.26
1228.98
1246.91
1257.09
1282.11
1289.86
1308.12
1325.76
1328.96
1339.05
1347.42
1359.91
1362.63
1381.43
1396.17
1411.18
1420.18
1448.07
1460.11
1461.88
1463.07
1475.27
1479.92
1482.76
1517.15
1562.31
1577.93
1579.83
1611.18
1634.15
1648.83
1737.61
1762.39
1789.14
1796.69
1814.69
1841.98
1899.03
1900.41
1915.63
3067.52
3140.13
3146.72
3167.23
3203.42
3217.46
3226.36
3251.45
3252.69
3257.11
3265.23
3295.58
3687.08
3728.70
3815.73
3820.53
3893.13
3906.08
3912.25
$end
