
$molecule
   O    -2.35957895  -1.81485397   1.57504363
  O    -3.74555723   2.47357022   3.63801397
  O    -4.36229694  -0.97534539   2.09786065
  O    -0.38031966  -2.92276065   3.12251622
  O    -0.24544785  -3.72637672   5.19770356
  O     4.92331968   0.83885753  -1.92931911
  N    -3.06666377   0.38505302   4.21857709
  N     0.23485660   0.78566392  -1.16638246
  N     2.25511823   1.05152377  -2.88399092
  N     1.93234746   1.09978710  -5.61902747
  N     5.65905719   0.79078684  -4.07159825
  N     4.24360913   0.90626405  -5.93878689
  N     6.54459634   0.74671920  -6.22812661
  C    -2.61134664  -0.88832150   3.74528527
  C    -2.94042475  -1.98474217   4.73291504
  C    -2.42153866  -3.34885088   4.31768097
  C    -3.05430625   1.51407634   3.40724349
  C    -2.15254497   1.39957591   2.21842510
  C    -3.23428804  -1.21409314   2.40297862
  C    -0.56566553   1.03337084  -0.05853474
  C    -0.12464173   1.26270881  -2.47076439
  C    -2.69783221   1.53012178   0.95221086
  C    -0.79609953   1.11599303   2.34244624
  C    -1.92208335   1.34085651  -0.17595009
  C    -0.01191129   0.93849350   1.22601117
  C    -0.90606373  -3.36730973   4.26212575
  C     1.05646129   1.15009799  -3.39886082
  C     3.31081483   0.97147661  -3.69929511
  C     0.90830980   1.17427337  -4.80512027
  C     3.16872243   0.99438441  -5.08910432
  C     4.65471679   0.86251852  -3.09775548
  C     5.43086754   0.80870069  -5.42495327
  H    -1.53576304  -0.85186553   3.59271974
  H    -2.51145664  -1.71332274   5.69933079
  H    -4.02506582  -2.03408284   4.85463052
  H    -2.83424293  -3.65134430   3.35602807
  H    -2.71948210  -4.08893459   5.06155957
  H    -3.85413210   0.37929066   4.84892909
  H    -0.45668213   2.31252436  -2.45817617
  H    -0.96653953   0.69047727  -2.88252344
  H    -3.75273669   1.75499948   0.84626614
  H    -0.34546209   1.03078539   3.32449685
  H     1.22906785   0.82341031  -0.99470707
  H    -2.37072211   1.42687012  -1.15487814
  H     1.04242910   0.71355719   1.33069034
  H    -0.08400742   1.25706421  -5.24696469
  H    -2.79015251  -1.97694140   0.72531030
  H     6.60381712   0.75834050  -3.72404339
  H    -1.05500810  -2.63755264   2.48950258
  H     6.33432696   0.58165731  -7.20091600
  H     7.36762596   0.29284742  -5.86672254
$end
$temperature
298.15
$end
$mult
 1
$end
$sigma
 1
$end
$pressure
1.00000
$end
$scale
1.0
$end
$msrrho
$end
$freq
10.98
14.56
19.64
26.08
33.75
46.42
63.17
76.47
83.79
84.46
98.17
110.09
121.55
151.52
154.76
162.94
175.37
186.22
190.73
211.55
218.44
243.47
274.73
296.53
329.12
348.71
353.98
363.97
382.53
390.23
421.41
449.84
468.71
471.87
488.58
488.97
505.72
526.54
533.47
543.73
552.36
559.36
598.78
605.61
610.22
630.14
638.75
646.01
668.25
674.67
695.87
704.13
714.52
764.89
767.32
798.95
809.43
813.65
825.87
829.52
837.31
860.91
869.11
892.41
912.56
914.16
927.56
930.92
950.42
971.17
993.50
1033.09
1051.25
1064.93
1068.14
1084.01
1090.27
1098.58
1106.37
1145.64
1159.38
1170.01
1178.22
1188.70
1196.97
1204.96
1209.22
1212.99
1218.72
1221.47
1241.29
1267.42
1283.01
1299.05
1300.80
1312.35
1329.05
1344.77
1347.46
1362.82
1370.83
1388.36
1400.78
1425.99
1440.74
1444.84
1455.89
1472.36
1477.22
1485.55
1488.93
1496.01
1497.93
1520.30
1564.73
1578.42
1613.45
1633.05
1645.82
1737.09
1753.04
1786.63
1789.31
1810.91
1867.92
1896.70
1913.53
1947.30
3036.63
3114.18
3114.37
3142.35
3195.60
3208.58
3225.97
3242.01
3246.72
3250.18
3280.78
3290.99
3692.87
3763.55
3785.04
3814.40
3826.35
3873.63
3928.12
$end
