
$molecule
   O    -0.50603242   2.74300375   2.13035525
  O    -0.30110385  -2.21259812   2.75581811
  O     0.83584858   2.65197392   3.86673924
  O     2.48917742   1.60431452   2.10043214
  O     2.18348390  -0.18491486   0.83587072
  O    -1.22230592   1.57665124   0.00666395
  N    -0.59697241  -0.03894089   2.10895789
  N    -2.37323342  -2.37812730  -3.38901178
  N    -1.34919018   0.38378512  -2.53525189
  N     0.99483394   0.30842887  -3.99084804
  N     0.94569833   2.07150259  -0.35512924
  N     2.13010576   1.41855337  -2.27171042
  N     3.21979111   2.49129780  -0.51147962
  C    -0.26647900   0.62238682   3.32740160
  C     0.87886696  -0.03092319   4.06949593
  C     2.03333196  -0.48182543   3.19706254
  C    -0.64455060  -1.39594107   1.93758372
  C    -1.14365105  -1.74360490   0.56563707
  C     0.05726899   2.10439738   3.11782008
  C    -1.99517885  -2.26525506  -2.02711189
  C    -2.50357764  -1.07413038  -4.04750741
  C    -2.40615452  -1.34289417   0.15146529
  C    -0.32553684  -2.44446718  -0.30302055
  C    -2.83481377  -1.61868693  -1.12819191
  C    -0.74414406  -2.69607136  -1.59636260
  C     2.23251040   0.29839550   1.93102041
  C    -1.31579868  -0.22291784  -3.69265342
  C    -0.23056401   0.94007628  -2.06407668
  C    -0.10825241  -0.23966207  -4.43059515
  C     0.97639583   0.89938632  -2.77440820
  C    -0.25066145   1.54294267  -0.74035424
  C     2.10679848   1.95431444  -1.08816382
  H    -1.13453797   0.65027450   4.01042694
  H     1.21955468   0.67631945   4.82345479
  H     0.50620031  -0.90814924   4.59390612
  H     1.88901702  -1.51013984   2.88561975
  H     2.96873557  -0.42949476   3.76419402
  H    -0.97424778   0.48433322   1.33617671
  H    -3.40560444  -0.57453180  -3.69430836
  H    -2.58673445  -1.23413870  -5.12739213
  H    -3.05774202  -0.80235877   0.82647801
  H     0.66105876  -2.75518012   0.01943356
  H    -1.71116070  -2.95998563  -3.88705687
  H    -3.80957417  -1.29202920  -1.45994365
  H    -0.07959811  -3.19570996  -2.29017969
  H    -0.07569096  -0.72611394  -5.40524647
  H    -0.95622621   2.24213964   1.40769093
  H     0.99879506   2.48883941   0.56054848
  H     2.26045474   1.92676320   2.98847274
  H     4.06828879   2.25588203  -1.00488978
  H     3.25310129   2.42283067   0.49616779
$end
$temperature
298.15
$end
$mult
 1
$end
$sigma
 1
$end
$pressure
1.00000
$end
$scale
1.0
$end
$msrrho
$end
$freq
20.69
40.60
55.00
62.98
70.79
87.27
98.12
110.59
116.69
132.17
135.74
150.37
157.82
168.85
194.97
201.72
220.53
242.82
257.87
268.30
275.07
283.85
309.43
323.32
355.69
377.16
397.06
422.34
431.08
444.22
447.33
455.16
475.74
483.22
495.29
518.80
543.57
562.76
587.24
602.52
613.86
617.41
624.78
629.85
641.69
656.85
669.76
687.46
689.40
697.42
709.81
728.14
767.85
779.40
806.06
813.68
831.17
846.18
849.94
858.66
866.69
872.43
899.97
923.73
930.36
932.41
945.26
956.99
969.45
991.48
1007.54
1027.61
1044.21
1049.23
1058.90
1065.80
1090.89
1098.45
1106.17
1122.65
1150.98
1168.74
1176.22
1195.62
1205.60
1208.96
1215.84
1217.10
1244.69
1257.65
1259.11
1276.20
1293.59
1317.60
1322.86
1332.45
1338.61
1344.27
1368.55
1372.75
1387.16
1398.95
1417.86
1436.82
1437.61
1448.80
1453.70
1456.31
1458.78
1474.52
1479.90
1491.35
1513.21
1561.44
1576.15
1613.80
1620.17
1649.17
1653.80
1737.42
1756.48
1790.63
1801.65
1817.10
1825.11
1876.00
1879.23
1925.85
3046.62
3108.61
3109.71
3174.40
3205.22
3218.29
3246.15
3250.12
3253.49
3256.66
3283.61
3286.47
3405.76
3671.39
3682.34
3793.02
3810.87
3826.43
3843.57
$end
