
$molecule
   O    -1.87477503   3.17700029   0.57497007
  O    -1.87860524   0.61067285  -1.38424553
  O    -2.94081671   3.07303073   2.53090361
  O    -5.34011724  -1.01862254   0.29562444
  O    -3.34348337  -1.86844777  -0.22181426
  O     1.00995223   0.94310614   1.78076923
  N    -1.60059058   0.40647790   0.84878849
  N     3.39228108  -3.05205790  -0.88783655
  N     3.18178643  -0.29120526   0.41448745
  N     3.92018905   0.83821843  -1.98333091
  N     0.61099590   2.13005281  -0.08809176
  N     1.99600889   2.16364539  -1.97245850
  N    -0.12328809   3.16282175  -2.01830807
  C    -2.80572166   1.08284721   1.16821896
  C    -3.55381285   0.37488376   2.27461831
  C    -3.66812774  -1.11288216   2.01020298
  C    -1.30183097   0.08980948  -0.45823133
  C    -0.18219889  -0.88395726  -0.60811053
  C    -2.56478347   2.53227910   1.53219961
  C     2.10350665  -2.45845840  -0.85774522
  C     4.36841480  -2.30543018  -0.06466900
  C     0.23515142  -1.69205303   0.44086208
  C     0.49158986  -0.95571681  -1.81842043
  C     1.36477892  -2.47090857   0.31813447
  C     1.61902447  -1.73848223  -1.94855702
  C    -4.08788454  -1.39605861   0.58691331
  C     4.12402795  -0.84446629  -0.31096292
  C     2.55335556   0.78636757  -0.05164256
  C     4.54669687  -0.20243618  -1.49396880
  C     2.83569560   1.29785561  -1.32611718
  C     1.37505102   1.27237299   0.67819063
  C     0.87862186   2.46821929  -1.38420905
  H    -3.39862943   1.11042369   0.25171186
  H    -3.03376981   0.52702542   3.22039759
  H    -4.53763336   0.83491927   2.38640455
  H    -4.38277327  -1.56866696   2.70353780
  H    -2.70830458  -1.60154884   2.14914492
  H    -0.86297824   0.33078745   1.53276785
  H     5.37501388  -2.63111924  -0.34568426
  H     4.20187207  -2.52003952   0.99067209
  H    -0.30083906  -1.69671610   1.37748297
  H     0.15239863  -0.34696941  -2.64595932
  H     3.72238293  -3.10281178  -1.84421007
  H     1.72157653  -3.05197319   1.15652232
  H     2.17374945  -1.72989836  -2.87730538
  H     5.39613903  -0.59123703  -2.05426887
  H    -1.78715923   4.10434356   0.83785668
  H    -0.27662266   2.42310284   0.29012715
  H    -5.78394742  -0.68504996   1.08068513
  H    -1.05322349   2.84282141  -1.77301912
  H     0.04165586   3.23412867  -3.01302791
$end
$temperature
298.15
$end
$mult
 1
$end
$sigma
 1
$end
$pressure
1.00000
$end
$scale
1.0
$end
$msrrho
$end
$freq
16.56
26.68
35.40
47.57
56.44
68.88
71.96
98.75
107.42
115.89
123.73
129.51
133.58
155.44
171.99
191.25
199.00
204.04
214.46
254.09
275.11
290.78
299.71
342.24
365.42
369.20
389.28
400.94
403.60
421.05
422.07
457.18
459.69
462.56
481.94
497.78
504.06
527.42
534.86
561.32
564.88
600.34
611.84
618.17
622.32
641.24
660.38
670.99
681.26
701.76
705.85
710.18
765.54
776.23
785.99
801.15
810.31
814.92
846.69
853.34
859.60
869.16
875.73
897.60
914.62
929.67
936.58
941.10
952.78
1001.87
1023.15
1030.74
1049.72
1052.46
1058.93
1068.35
1083.23
1097.25
1101.90
1124.31
1137.23
1169.44
1182.18
1192.01
1199.02
1201.78
1212.70
1214.99
1217.39
1235.97
1246.41
1262.86
1278.54
1297.13
1309.74
1317.45
1335.39
1339.33
1350.30
1360.85
1370.93
1386.25
1402.85
1419.29
1425.65
1440.61
1446.77
1451.02
1467.53
1470.38
1479.66
1490.28
1511.74
1563.84
1582.85
1587.15
1624.83
1636.16
1647.53
1732.19
1746.03
1790.58
1798.38
1819.79
1856.65
1877.95
1924.10
1935.31
3106.04
3106.95
3127.15
3201.69
3208.75
3219.31
3223.35
3250.57
3263.65
3277.97
3282.03
3306.72
3630.41
3670.62
3766.22
3790.92
3819.06
3901.52
3987.54
$end
