
$molecule
   O    -4.14454547   4.96150672  -0.62390365
  O    -5.14316112   1.33009928   0.74423683
  O    -2.01409408   4.93104490   0.06948731
  O    -3.57326533   2.87060112  -5.59089175
  O    -3.16124800   5.06210409  -5.41659888
  O     4.32842436  -3.01073550  -1.05310287
  N    -4.01906520   2.29962665  -0.96920400
  N     0.46069879  -1.70602817   1.35405906
  N     2.97184847  -2.57460847   1.40589383
  N     4.25711412  -3.43808854   3.68413882
  N     6.03322560  -3.97298542   0.08727726
  N     6.06215370  -4.22783926   2.41898890
  N     7.85740144  -4.97101334   1.14263207
  C    -2.83880600   3.07927741  -1.22053987
  C    -2.60136469   3.27921329  -2.70687252
  C    -3.78096962   3.88860826  -3.42921250
  C    -4.11284495   1.43089651   0.12169939
  C    -2.88987670   0.63401439   0.42863547
  C    -2.92583399   4.41681924  -0.51261572
  C    -0.64204888  -0.91660132   1.07232399
  C     1.07389269  -1.71746639   2.64951015
  C    -2.56871840   0.36571291   1.75210967
  C    -2.08481428   0.10024308  -0.57564016
  C    -1.45781295  -0.38848406   2.07636374
  C    -0.98300226  -0.66349810  -0.26548537
  C    -3.48083296   4.02558031  -4.90871516
  C     2.41049290  -2.40841802   2.57534650
  C     4.16742132  -3.16853325   1.33439575
  C     3.08412110  -2.85751283   3.73569550
  C     4.83610616  -3.61243964   2.47756259
  C     4.78400281  -3.34505211   0.00499538
  C     6.61733520  -4.38910319   1.25779655
  H    -1.97022190   2.57609615  -0.79540565
  H    -1.71900644   3.90880608  -2.84970410
  H    -2.36910769   2.30257471  -3.13469809
  H    -3.99502516   4.88485262  -3.05515502
  H    -4.67210429   3.27574054  -3.29664230
  H    -4.87346550   2.83155169  -1.05558702
  H     0.43840454  -2.23161678   3.38298614
  H     1.23003567  -0.70348149   3.04956602
  H    -3.19950019   0.76056385   2.54046999
  H    -2.33209074   0.27418833  -1.61524171
  H     1.11994678  -1.82432126   0.59928282
  H    -1.22128698  -0.57623006   3.11347022
  H    -0.36490333  -1.07763198  -1.05263710
  H     2.62748803  -2.72468764   4.71583743
  H    -4.15498711   5.79694654  -0.13813680
  H     6.52674469  -4.08158887  -0.78392654
  H    -3.85432481   2.15638371  -5.01128299
  H     8.08774961  -5.43355084   0.27835198
  H     8.17372103  -5.42153587   1.98808642
$end
$temperature
298.15
$end
$mult
 1
$end
$sigma
 1
$end
$pressure
1.00000
$end
$scale
1.0
$end
$msrrho
$end
$freq
9.95
10.80
15.30
24.87
26.72
39.72
42.75
46.46
60.62
64.34
83.86
97.47
98.89
123.02
130.78
152.08
154.37
162.76
191.74
206.82
219.59
227.26
255.56
297.26
310.73
345.93
350.62
357.78
388.06
409.14
429.81
449.82
463.28
469.83
485.93
487.43
494.17
520.66
533.10
538.33
551.44
575.82
582.45
600.87
606.09
606.73
631.27
638.21
645.15
670.89
698.22
702.46
714.84
738.44
773.34
785.84
803.74
813.47
821.96
826.00
832.82
860.09
878.11
889.61
914.96
917.54
927.44
930.80
949.53
972.53
993.45
1028.20
1032.77
1051.49
1060.09
1084.26
1088.00
1094.47
1098.48
1145.45
1148.92
1167.20
1178.30
1190.12
1204.66
1205.84
1210.90
1217.09
1219.16
1223.07
1233.07
1267.14
1283.10
1300.94
1303.96
1318.33
1332.72
1340.18
1347.41
1351.64
1370.73
1388.99
1394.67
1401.37
1434.81
1442.10
1457.90
1465.07
1472.02
1482.08
1487.82
1497.53
1512.02
1520.45
1564.73
1578.34
1612.84
1632.91
1644.91
1737.30
1754.06
1779.82
1789.64
1802.95
1849.73
1895.27
1917.02
1922.99
3036.82
3112.32
3113.92
3168.30
3192.86
3208.57
3240.73
3241.88
3244.45
3260.34
3272.71
3282.20
3692.64
3773.36
3776.33
3814.90
3826.16
3913.87
3980.52
$end
