
$molecule
   O    -5.60767234   2.28611055   4.35013542
  O    -2.85090221   3.19526316   1.89262559
  O    -4.75387876   0.92746423   2.80056724
  O    -0.76723721   1.55593165   5.98032954
  O    -1.22546269   3.14499678   7.48331277
  O     3.95925963  -3.91277558  -2.08350737
  N    -2.22119269   1.56210163   3.33109706
  N     0.93692981  -0.25392310  -1.94899251
  N     2.18637202  -2.11416821  -3.38902854
  N     2.21147003  -2.15434282  -6.14362895
  N     4.64280895  -4.66741276  -4.10701912
  N     3.82480301  -3.85122765  -6.14810670
  N     5.44990364  -5.51420118  -6.12450187
  C    -3.20724991   1.94490894   4.29052940
  C    -3.00334120   3.36572788   4.76358424
  C    -1.56667502   3.62918784   5.15427276
  C    -2.22744861   2.17940320   2.09510249
  C    -1.38613336   1.51446224   1.05953355
  C    -4.60320280   1.67636554   3.71977749
  C     0.14278091   0.32633179  -0.97103619
  C     0.49049093  -0.38119104  -3.30499352
  C    -1.68067348   1.74261848  -0.27815139
  C    -0.30697199   0.69069018   1.37449221
  C    -0.93722763   1.15662010  -1.28292825
  C     0.44800959   0.10882122   0.38049225
  C    -1.16731812   2.78975552   6.33577814
  C     1.40925760  -1.30493153  -4.06126178
  C     2.98786401  -2.95200357  -4.05488968
  C     1.43526524  -1.33758127  -5.47554599
  C     3.01352033  -2.98959664  -5.45083098
  C     3.86653185  -3.84794274  -3.27776060
  C     4.59730634  -4.64924023  -5.47884610
  H    -3.10416017   1.26287560   5.14309619
  H    -3.28379163   4.05364584   3.97094156
  H    -3.63389870   3.57379413   5.63161251
  H    -1.44731075   4.67698433   5.43995769
  H    -0.89977064   3.40879158   4.32644281
  H    -1.99198535   0.58299838   3.30967434
  H     0.46473019   0.59591967  -3.80528584
  H    -0.53401198  -0.77896810  -3.37598156
  H    -2.51390244   2.38922855  -0.52623281
  H    -0.03514208   0.51429558   2.40845329
  H     1.50687082  -1.02871477  -1.64380223
  H    -1.18986961   1.34400357  -2.31621877
  H     1.28888791  -0.52510368   0.63378282
  H     0.79404422  -0.66753889  -6.04707402
  H    -5.26656055   2.87849069   5.02535630
  H     5.29637481  -5.27231904  -3.63670387
  H    -0.52005606   1.08778706   6.78983290
  H     5.26175175  -5.60311603  -7.11180101
  H     5.71781437  -6.35927707  -5.64665093
$end
$temperature
298.15
$end
$mult
 1
$end
$sigma
 1
$end
$pressure
1.00000
$end
$scale
1.0
$end
$msrrho
$end
$freq
8.43
11.45
15.50
16.91
25.08
28.70
39.83
48.10
63.24
76.71
91.97
105.37
106.61
125.47
139.90
151.75
161.11
164.64
209.91
217.70
229.62
255.60
296.51
334.93
347.30
352.51
362.63
366.29
388.81
393.16
434.85
448.02
454.98
470.57
473.76
481.50
487.93
507.13
538.53
540.69
550.71
560.74
586.62
594.71
597.77
602.37
607.40
631.79
640.20
658.54
667.50
699.54
703.57
723.50
776.98
788.68
794.47
814.43
825.73
826.62
850.33
859.81
886.08
888.77
916.44
921.64
930.94
942.63
954.69
993.55
1030.98
1033.03
1045.05
1053.70
1061.44
1083.56
1087.11
1089.15
1099.08
1132.35
1145.84
1166.87
1174.33
1180.77
1190.24
1205.38
1210.72
1214.57
1219.22
1223.76
1229.65
1261.82
1283.10
1291.39
1303.39
1327.61
1335.35
1346.93
1348.76
1354.92
1373.00
1387.75
1396.03
1410.52
1431.43
1449.49
1453.43
1467.41
1475.66
1487.23
1489.25
1496.81
1519.90
1552.56
1567.75
1578.19
1612.73
1632.28
1648.69
1737.53
1753.97
1780.33
1790.38
1801.37
1860.37
1895.05
1898.30
1936.61
3036.29
3115.34
3127.80
3143.46
3152.76
3208.94
3241.09
3247.39
3254.77
3257.88
3264.72
3282.57
3690.24
3773.11
3815.52
3823.62
3835.87
3895.23
4018.34
$end
