
$molecule
   O     0.90058419   0.38689359   3.24936453
  O     1.92275283   3.22484112   0.05632540
  O    -1.09210653   1.22998575   3.76101927
  O    -2.53242903   0.93411924  -0.29541407
  O    -1.60345689   2.83253865  -0.99335942
  O    -2.70056788  -3.15130809  -1.23049925
  N     0.48759034   1.62774162   0.80365944
  N     2.12183798  -2.27767079  -3.43587554
  N     0.16316567  -2.98535109  -1.23703130
  N     1.25734673  -1.37136031   0.71592944
  N    -2.73465774  -1.91237757   0.66213254
  N    -0.85152758  -0.82094049   1.49890565
  N    -2.89501050  -0.49504370   2.50562923
  C     0.16423842   2.29211149   2.02248685
  C    -0.97451447   3.26649841   1.86062921
  C    -2.22939612   2.63735148   1.31890163
  C     1.37205273   2.16499808  -0.09707871
  C     1.61109497   1.21793743  -1.23801077
  C    -0.08658708   1.23937001   3.09363792
  C     1.98829092  -0.96539364  -2.90599167
  C     2.31078031  -3.24543270  -2.33599209
  C     2.89027075   0.74532604  -1.47783446
  C     0.54506850   0.69585869  -1.95350054
  C     3.07898908  -0.34115247  -2.31442641
  C     0.72913907  -0.38188161  -2.79143253
  C    -2.07278431   2.18190054  -0.10027336
  C     1.46445719  -2.83130098  -1.15881505
  C    -0.61182459  -2.37943859  -0.33523287
  C     2.00641610  -2.03499516  -0.12945740
  C    -0.07625093  -1.53009932   0.63525290
  C    -2.07783174  -2.54996291  -0.40122008
  C    -2.13326089  -1.06465761   1.55323535
  H     1.04722718   2.85658087   2.35060330
  H    -1.19129063   3.72880491   2.82626031
  H    -0.63955077   4.04704909   1.17731847
  H    -3.04246381   3.37105868   1.32023185
  H    -2.54387044   1.79720990   1.92072387
  H     0.12866319   0.70179590   0.66754902
  H     3.36446582  -3.26520483  -2.04361296
  H     2.02619101  -4.23849341  -2.69140913
  H     3.73279780   1.18400421  -0.95565032
  H    -0.43425146   1.12237494  -1.82153967
  H     1.27523745  -2.52262842  -3.93799046
  H     4.06339050  -0.76973250  -2.44853312
  H    -0.11842917  -0.84099082  -3.28326593
  H     3.08308757  -1.92800485  -0.03564027
  H     1.42234632   0.30580477   2.44066948
  H    -3.73560298  -2.02250251   0.67946476
  H    -2.48702041   0.74295855  -1.24074319
  H    -3.88174774  -0.66648337   2.56386561
  H    -2.41104897   0.05729380   3.20603456
$end
$temperature
298.15
$end
$mult
 1
$end
$sigma
 1
$end
$pressure
1.00000
$end
$scale
1.0
$end
$msrrho
$end
$freq
28.70
38.34
52.09
61.99
68.95
79.04
85.01
107.04
114.63
121.80
126.22
130.37
146.41
160.42
166.04
179.30
192.58
197.63
205.39
228.63
248.09
259.52
278.78
292.14
309.22
359.84
371.43
386.12
390.53
413.42
418.29
442.23
454.80
459.96
469.72
487.18
493.45
524.69
554.22
564.71
586.73
591.58
595.77
614.48
631.75
643.37
652.12
660.67
691.36
698.08
703.16
707.56
726.33
748.15
770.61
803.32
817.21
820.38
829.52
846.85
857.11
864.12
875.50
898.30
911.94
932.22
935.97
950.32
997.21
1003.92
1010.22
1029.79
1032.45
1055.00
1063.73
1064.23
1084.61
1099.61
1103.85
1115.79
1136.94
1158.01
1168.27
1176.02
1194.16
1207.75
1210.48
1212.37
1216.53
1224.66
1244.30
1272.29
1280.86
1291.30
1305.94
1306.29
1324.30
1327.81
1340.08
1360.89
1376.21
1381.25
1401.54
1412.13
1427.03
1443.70
1454.29
1456.64
1462.11
1474.43
1487.23
1499.49
1525.79
1555.77
1567.06
1574.94
1628.11
1641.70
1659.97
1743.74
1756.76
1786.90
1802.46
1818.76
1875.39
1896.45
1905.77
1915.51
3105.96
3115.57
3130.73
3136.02
3197.36
3218.12
3243.58
3255.78
3260.98
3264.86
3352.19
3377.61
3621.42
3651.27
3817.37
3868.71
3929.93
3934.82
3942.67
$end
