
$molecule
   O    -7.17931193   2.58835088  -1.54706561
  O    -2.51653319   3.87974194   0.37353869
  O    -6.00022469   0.87412548  -0.76140028
  O    -4.51064583   2.21234871  -3.24829554
  O    -5.83077148   3.78906863  -4.12144465
  O     4.75398397  -3.65799504   4.28973978
  N    -3.82536098   2.26099594  -0.54206916
  N     1.68682373  -0.95319210   0.19136894
  N     4.11582714  -2.34027547   1.84344997
  N     5.15317920  -3.47120828  -0.45341302
  N     5.89563183  -5.22102921   3.11792041
  N     6.12990070  -5.19557921   0.78489295
  N     7.12315753  -6.88232211   2.03724375
  C    -5.05296184   3.00350652  -0.42113014
  C    -4.97240340   4.37941293  -1.04213323
  C    -4.31477917   4.42266525  -2.39934151
  C    -2.63919790   2.73907093  -0.00245294
  C    -1.53236899   1.73904467   0.02913385
  C    -6.13231497   2.05268032  -0.95127684
  C     0.64837762  -0.03263670   0.13389301
  C     3.01909485  -0.56775004   0.60920312
  C    -0.38711275   2.05296476   0.75337978
  C    -1.56922159   0.52393064  -0.65490486
  C     0.68558450   1.18871219   0.81291896
  C    -0.50207359  -0.34370788  -0.60744668
  C    -4.95962991   3.45673478  -3.36616397
  C     3.89163560  -1.78816423   0.67354937
  C     4.85555817  -3.45055144   1.89809505
  C     4.43207128  -2.37541190  -0.48765494
  C     5.38424728  -4.04391048   0.74358958
  C     5.11928862  -4.05753540   3.22087580
  C     6.36057559  -5.74350313   1.93828712
  H    -5.32537996   3.14499594   0.63661733
  H    -5.96937426   4.82209339  -1.09356162
  H    -4.39851083   5.00942895  -0.36528776
  H    -3.25577590   4.19319436  -2.30754262
  H    -4.40944165   5.42348062  -2.82270576
  H    -3.98548292   1.26820091  -0.42788636
  H     2.97733382  -0.12848712   1.60533079
  H     3.46262667   0.17482770  -0.06950305
  H    -0.34650128   3.00062559   1.27716682
  H    -2.42941131   0.24157698  -1.24910889
  H     1.66628700  -1.62265013  -0.56149150
  H     1.55889439   1.45997736   1.38732724
  H    -0.54610689  -1.28220591  -1.14616780
  H     4.26044161  -1.91675906  -1.46050371
  H    -7.04718923   3.51518622  -1.76138044
  H     6.14437853  -5.65772690   3.99068042
  H    -3.95745405   2.13855827  -2.45689141
  H     7.29495431  -7.33477451   1.15215279
  H     6.97568655  -7.48812461   2.82786876
$end
$temperature
298.15
$end
$mult
 1
$end
$sigma
 1
$end
$pressure
1.00000
$end
$scale
1.0
$end
$msrrho
$end
$freq
8.88
9.44
21.68
24.61
32.42
42.36
54.92
64.55
69.94
87.08
95.92
114.18
116.90
132.37
140.62
148.37
164.41
202.26
215.93
234.20
247.73
261.88
285.26
314.37
341.41
346.82
352.19
377.04
391.35
405.50
417.64
435.26
448.13
471.83
486.54
487.54
513.04
527.63
543.60
551.15
559.58
577.88
595.49
599.52
604.67
612.62
634.48
654.15
661.82
677.30
700.21
701.51
724.85
776.90
786.47
790.51
813.50
816.63
818.75
836.76
846.94
861.02
885.38
903.82
917.20
925.90
933.36
945.57
970.16
1004.47
1006.52
1019.94
1026.20
1049.71
1056.82
1066.36
1085.63
1095.56
1098.15
1128.69
1150.51
1165.40
1170.75
1176.68
1182.48
1188.40
1197.94
1205.59
1216.89
1237.88
1246.30
1269.56
1286.04
1292.70
1305.54
1313.27
1337.62
1347.55
1350.55
1361.17
1379.84
1387.53
1404.42
1418.02
1447.34
1451.37
1454.41
1471.28
1479.74
1485.38
1493.11
1496.29
1512.71
1547.08
1569.50
1577.73
1617.21
1632.09
1643.28
1733.13
1740.27
1776.32
1787.82
1798.65
1860.56
1899.67
1918.55
1925.46
3066.84
3087.49
3135.51
3153.71
3210.96
3216.24
3228.67
3243.13
3244.01
3254.28
3256.87
3288.64
3694.34
3751.16
3780.63
3815.49
3827.95
3863.34
4035.11
$end
