
$molecule
   O     3.56977384   3.61512107   2.24284131
  O    -0.29492952   3.76196809   0.45141791
  O     3.08663081   2.72801171   0.24462446
  O    -0.90527545   0.29145847   2.44366065
  O    -0.20843471  -1.12153859   3.98964885
  O     1.06757855  -0.86121482   0.34615553
  N     0.71194010   1.80476741   1.03700829
  N    -0.87454938  -0.29234868  -4.61170959
  N    -0.05512767  -1.83028096  -2.09139970
  N    -2.22435868  -3.51097355  -1.84484597
  N    -0.27349472  -2.28525477   1.46445745
  N    -2.05460893  -3.45908535   0.48519634
  N    -1.81462093  -3.34621380   2.80643230
  C     1.54025854   2.39700950   2.03803220
  C     1.87614505   1.41534515   3.13813529
  C     0.69796442   1.08061149   4.03769818
  C     0.04337177   2.64920190   0.14824916
  C    -0.20997629   1.97365229  -1.15588825
  C     2.80864282   2.91968232   1.39395892
  C    -0.64972568   0.54762813  -3.50050346
  C    -0.29698175  -1.62918408  -4.47849750
  C     0.86128021   1.43099698  -1.85589497
  C    -1.49295118   1.85548646  -1.66289140
  C     0.64431854   0.74978206  -3.02941348
  C    -1.71531558   1.13351335  -2.82137352
  C    -0.18475817  -0.01303729   3.49129942
  C    -0.69271280  -2.24195815  -3.16251641
  C    -0.47947802  -2.21998365  -0.89153963
  C    -1.79772291  -3.10329742  -3.01654939
  C    -1.58600511  -3.07327992  -0.73988059
  C     0.20032460  -1.70514869   0.30877418
  C    -1.41425764  -3.04306579   1.53996568
  H     1.02129481   3.26784500   2.44687491
  H     2.28018619   0.50730139   2.69026880
  H     2.66074790   1.85329578   3.75810781
  H     0.08253621   1.96654523   4.21022228
  H     1.05773482   0.71972897   5.00240219
  H     1.08149838   0.95517855   0.61476058
  H     0.78982105  -1.56123981  -4.52118631
  H    -0.64195182  -2.23848833  -5.32034982
  H     1.86788335   1.54660689  -1.47761196
  H    -2.32805622   2.29743246  -1.13052651
  H    -1.86248903  -0.34485168  -4.82335881
  H     1.47576465   0.31956262  -3.56604796
  H    -2.72576087   0.99323759  -3.18529856
  H    -2.33195759  -3.45891635  -3.89699554
  H     4.34088888   3.93603961   1.75536601
  H     0.07129386  -1.92882468   2.34299443
  H    -0.49354503   1.02655528   1.93537299
  H    -1.49084688  -2.73238360   3.54225221
  H    -2.73798679  -3.74299578   2.87810101
$end
$temperature
298.15
$end
$mult
 1
$end
$sigma
 1
$end
$pressure
1.00000
$end
$scale
1.0
$end
$msrrho
$end
$freq
24.64
34.96
40.88
52.41
53.59
66.14
69.47
75.74
88.92
111.44
122.26
130.59
147.61
151.95
171.70
188.64
198.32
214.03
223.91
250.52
273.14
280.11
293.75
336.30
351.97
362.81
388.64
392.32
420.89
430.26
446.24
455.44
473.92
482.83
495.77
514.01
520.00
559.26
562.25
566.80
573.58
610.47
624.64
638.56
640.98
652.73
681.95
695.97
699.06
704.92
713.33
754.55
766.20
785.54
801.65
812.14
819.33
824.44
852.63
863.47
871.81
896.11
901.22
920.47
929.97
933.11
942.20
956.06
966.91
1006.21
1008.54
1026.58
1044.78
1046.07
1063.66
1073.82
1097.92
1113.64
1123.90
1129.15
1160.13
1169.73
1175.94
1178.66
1196.16
1197.01
1217.14
1217.89
1229.94
1242.73
1244.86
1277.59
1305.38
1307.85
1322.98
1331.54
1340.08
1344.05
1361.95
1374.34
1384.61
1389.52
1406.48
1424.38
1446.33
1448.85
1453.89
1461.87
1464.34
1469.27
1486.70
1506.15
1514.09
1563.90
1569.00
1582.60
1623.49
1642.29
1643.16
1732.63
1743.39
1786.78
1797.50
1819.01
1850.46
1878.42
1886.62
1926.64
3108.76
3118.12
3136.37
3196.47
3205.06
3206.02
3219.61
3220.41
3233.93
3243.89
3288.36
3301.88
3497.08
3651.24
3663.85
3696.89
3804.48
3821.78
3897.29
$end
