
$molecule
   O     3.70945983  -0.29054475   4.03927694
  O     2.88727034  -0.38145370  -0.82922656
  O     2.25957163   1.33929218   3.57854956
  O     6.56980255   0.11605977   4.21809187
  O     5.69305964   2.15686431   3.92995689
  O    -3.95293183   0.20149028   1.05595383
  N     2.29124683   0.80736959   0.99169173
  N    -2.59755340   2.12494479  -3.01607588
  N    -3.74085934   0.05256426  -1.76654181
  N    -4.15513577  -2.41456347  -2.90956874
  N    -4.44243452  -2.01084804   1.10764823
  N    -4.55517834  -3.36636441  -0.80565238
  N    -4.95846999  -4.27743056   1.29552789
  C     3.42571013   0.38235075   1.74812138
  C     4.65047972   1.19830888   1.38985265
  C     5.94238383   0.72504378   2.01940114
  C     2.09396938   0.35912813  -0.28544118
  C     0.84960017   0.85667807  -0.95715473
  C     3.06454177   0.53151949   3.21647126
  C    -1.43750769   1.70201993  -2.33234676
  C    -3.21586470   1.12657483  -3.85902279
  C     0.76126028   0.72528468  -2.33846079
  C    -0.22494166   1.41313028  -0.27034690
  C    -0.36144233   1.14517081  -3.02105500
  C    -1.35333020   1.82891205  -0.94717138
  C     6.04338130   1.10484586   3.47360337
  C    -3.62322077  -0.09290727  -3.06157036
  C    -4.04168290  -1.00400372  -1.01415377
  C    -3.84296282  -1.36452379  -3.63298617
  C    -4.25507068  -2.26702764  -1.57410838
  C    -4.12525377  -0.81800097   0.44712352
  C    -4.63663093  -3.21675080   0.47961155
  H     3.61685697  -0.67048344   1.52211519
  H     4.74504248   1.14258013   0.30510457
  H     4.47953004   2.23598441   1.66837212
  H     6.78935947   1.20168373   1.51491242
  H     6.07803279  -0.35201684   1.91874200
  H     1.67816464   1.47502630   1.42279694
  H    -2.53723006   0.82472606  -4.66071141
  H    -4.09979961   1.57111445  -4.33625222
  H     1.59307039   0.28446168  -2.87404486
  H    -0.21474897   1.50138912   0.80865252
  H    -3.27651961   2.46244181  -2.34492592
  H    -0.40869529   1.05012844  -4.09679534
  H    -2.20023376   2.21144248  -0.39346229
  H    -3.75481802  -1.50272770  -4.71008483
  H     4.31421637  -0.86675509   3.56363187
  H    -4.55142897  -1.94422399   2.10657221
  H     6.56522308   0.41060464   5.13949603
  H    -4.62770302  -4.25757561   2.24667084
  H    -4.90958468  -5.17093418   0.82921194
$end
$temperature
298.15
$end
$mult
 1
$end
$sigma
 1
$end
$pressure
1.00000
$end
$scale
1.0
$end
$msrrho
$end
$freq
5.36
7.81
15.98
18.70
30.04
34.09
45.64
54.51
60.03
72.78
88.40
96.75
129.34
140.78
150.71
157.21
162.75
175.65
202.10
237.51
264.58
274.61
286.37
323.76
342.80
351.60
353.95
373.75
380.28
389.38
403.42
436.16
445.32
468.36
484.93
488.78
496.99
509.33
520.87
543.26
551.76
563.43
584.43
599.41
613.31
622.94
630.63
638.12
664.32
680.15
694.97
700.10
705.65
747.27
751.19
781.96
807.50
814.24
817.11
829.53
841.53
856.58
873.39
901.28
910.52
929.23
935.77
945.92
953.25
991.08
998.04
1029.50
1051.96
1065.36
1085.92
1090.72
1094.66
1097.50
1130.38
1143.38
1147.14
1155.87
1165.77
1172.83
1184.12
1198.42
1200.75
1211.46
1222.18
1227.37
1233.31
1253.93
1275.12
1284.80
1296.35
1323.84
1325.78
1335.47
1345.06
1348.03
1355.00
1374.89
1387.49
1405.99
1436.39
1447.61
1456.14
1456.83
1462.32
1480.22
1487.18
1499.57
1515.37
1562.97
1578.24
1579.17
1611.63
1632.12
1645.52
1738.59
1755.80
1788.25
1790.42
1807.30
1833.75
1894.55
1917.15
1942.26
3072.65
3100.46
3153.29
3178.12
3184.98
3195.47
3206.76
3246.78
3257.17
3258.88
3270.68
3274.02
3688.67
3701.33
3815.76
3822.02
3880.71
3894.74
4008.61
$end
