
$molecule
   O    -3.16477662  -1.26457562   5.23133274
  O    -2.05119555   0.49669422   3.70730787
  O    -4.83220997  -2.67252806   4.75984869
  O    -8.37250020   0.29950655   4.57454993
  O    -6.62287624   1.19910063   3.51975853
  O     6.33363493   1.69606299  -1.33390529
  N    -3.30819089  -0.84363559   2.40106813
  N     1.95210206  -0.07997476  -1.22405838
  N     4.04310083   0.67747818  -2.67145712
  N     4.30963551   0.20484230  -5.37186750
  N     7.45644087   1.68591949  -3.30193945
  N     6.52223152   0.96964345  -5.33117006
  N     8.72670387   1.70321164  -5.25708150
  C    -4.44521772  -0.82524206   3.28705058
  C    -5.67649330  -1.24957911   2.53492768
  C    -6.93957490  -1.17154704   3.35283180
  C    -2.18733634  -0.11460090   2.65640663
  C    -1.14001175  -0.12627859   1.60071636
  C    -4.17015977  -1.69939643   4.50908819
  C     0.91449356  -0.07843725  -0.31347857
  C     1.73611923  -0.06941479  -2.63997306
  C    -1.40237649  -0.42611648   0.26904178
  C     0.16489915   0.21230629   1.96205580
  C    -0.39669006  -0.40233012  -0.67698052
  C     1.17549996   0.23262878   1.03168330
  C    -7.27112748   0.23284722   3.80892460
  C     3.03660006   0.19470746  -3.35269387
  C     5.19420588   0.93331163  -3.30078726
  C     3.19025624  -0.04340098  -4.73873305
  C     5.34924189   0.70313201  -4.66995624
  C     6.32195649   1.46534587  -2.51070982
  C     7.52074692   1.44352890  -4.65151742
  H    -4.56283265   0.19752065   3.64576332
  H    -5.77148126  -0.60673972   1.65906379
  H    -5.54965968  -2.27849949   2.19384201
  H    -6.86254291  -1.81029243   4.23150515
  H    -7.78994962  -1.53108389   2.76287763
  H    -3.27281718  -1.53507178   1.67515417
  H     1.00904092   0.69881073  -2.94672815
  H     1.32040441  -1.02613837  -2.98407416
  H    -2.40909418  -0.66144923  -0.05566311
  H     0.37178603   0.46072568   2.99608839
  H     2.80266277   0.38002179  -0.93661862
  H    -0.62497689  -0.63473205  -1.70678061
  H     2.18533361   0.49115070   1.32538388
  H     2.36002726  -0.44703137  -5.31724415
  H    -2.73100371  -0.49431839   4.79500627
  H     8.27504836   2.00959589  -2.81246037
  H    -8.73048274  -0.58164915   4.72548459
  H     9.32641673   2.39979154  -4.84587440
  H     8.68698904   1.68617911  -6.26500914
$end
$temperature
298.15
$end
$mult
 1
$end
$sigma
 1
$end
$pressure
1.00000
$end
$scale
1.0
$end
$msrrho
$end
$freq
9.11
13.86
18.13
27.59
38.50
45.23
46.97
58.65
64.84
73.99
90.15
99.85
128.53
151.62
158.59
162.94
176.76
180.94
211.04
228.08
262.03
276.27
285.54
318.06
335.02
341.24
346.92
355.04
372.47
388.31
414.84
441.17
446.57
469.10
484.70
495.97
497.11
516.36
533.33
544.85
549.11
560.62
574.36
578.35
601.45
606.39
634.26
639.90
651.44
661.84
694.21
702.31
707.49
722.38
776.21
787.80
813.87
826.43
845.50
853.61
863.87
881.07
889.35
914.21
922.73
931.05
942.53
956.86
989.04
993.28
1004.05
1032.68
1043.25
1067.16
1082.02
1086.81
1091.25
1098.40
1129.68
1145.43
1159.91
1170.03
1175.22
1190.37
1205.27
1206.45
1212.45
1219.20
1223.85
1225.02
1245.51
1279.41
1284.22
1299.30
1308.76
1319.43
1330.04
1339.74
1348.04
1376.77
1379.88
1396.14
1411.09
1427.65
1431.31
1455.49
1461.08
1473.27
1487.11
1488.77
1497.81
1516.27
1520.83
1562.77
1578.46
1583.35
1613.35
1633.50
1656.67
1736.88
1753.97
1765.66
1788.93
1797.64
1806.31
1896.33
1915.59
1926.27
3035.02
3099.72
3111.99
3130.76
3208.21
3209.39
3229.00
3241.86
3242.88
3245.78
3257.33
3282.76
3469.89
3693.05
3779.59
3813.99
3826.56
3879.20
3956.38
$end
