
$molecule
   O    -0.13819836   4.32218627   4.87890222
  O     0.27549881   4.08904627   2.33449557
  O    -1.87647802   3.55702988   6.04821882
  O    -4.01751978   1.58865171   6.81898991
  O    -4.83575115   3.63379273   6.41603111
  O    -0.52859701  -4.08269895  -4.27282393
  N    -1.52608117   2.83370313   2.84001276
  N     1.50728587  -0.98265888  -1.34745943
  N     1.75438799  -2.62813365  -3.40970934
  N     4.15579543  -3.31274527  -4.57194907
  N     0.78791402  -5.25566084  -5.69589439
  N     3.10174040  -4.92710051  -5.90050990
  N     2.03616900  -6.54585532  -7.18385115
  C    -2.12287473   3.83968987   3.68433375
  C    -3.60472727   3.60016022   3.82243373
  C    -3.96868739   2.34535156   4.58414761
  C    -0.36485525   3.05874454   2.16763690
  C     0.08453565   1.98223163   1.24587933
  C    -1.37248097   3.89173625   5.01274768
  C     1.05657212   0.01643428  -0.51064540
  C     2.76871949  -0.91685103  -2.02308909
  C     1.41969340   1.96859874   0.85655132
  C    -0.76643363   1.00214465   0.73281159
  C     1.90623438   1.00501104  -0.00091579
  C    -0.29520421   0.03975400  -0.12926860
  C    -4.30564324   2.62860598   6.02441985
  C     2.85166772  -2.01256112  -3.05345264
  C     1.81668024  -3.58857425  -4.33750435
  C     4.07739556  -2.37676676  -3.65933538
  C     3.02393561  -3.94915723  -4.94065872
  C     0.56863763  -4.27965712  -4.71590103
  C     2.01229235  -5.54005962  -6.24803261
  H    -1.95920922   4.80741028   3.19722623
  H    -4.06024777   4.45125155   4.32555713
  H    -4.01727920   3.56261965   2.80996958
  H    -3.18255099   1.59753142   4.56639799
  H    -4.85979396   1.87906024   4.14900237
  H    -1.91122317   1.90849445   2.83914642
  H     3.60285511  -1.01782084  -1.31560354
  H     2.92185105   0.04948145  -2.52835899
  H     2.08234306   2.73401006   1.24247667
  H    -1.82006212   0.99536622   0.98512824
  H     0.80473766  -1.51172177  -1.84120263
  H     2.94971805   1.01159023  -0.27956094
  H    -0.96584857  -0.71156397  -0.52773606
  H     4.99878831  -1.87253502  -3.37001222
  H     0.10045061   4.40220257   3.92698426
  H    -0.01957124  -5.79336207  -5.96662130
  H    -4.24898155   1.83973539   7.72267270
  H     2.90527523  -6.60733600  -7.69245247
  H     1.19712524  -6.72880607  -7.70962476
$end
$temperature
298.15
$end
$mult
 1
$end
$sigma
 1
$end
$pressure
1.00000
$end
$scale
1.0
$end
$msrrho
$end
$freq
11.05
13.25
20.90
26.78
35.63
44.34
56.34
66.01
77.05
97.04
97.53
115.98
128.52
133.32
149.41
152.25
162.73
194.43
198.97
211.01
245.55
271.70
303.87
307.53
345.11
348.93
355.74
364.29
377.17
387.74
406.23
433.78
447.93
467.33
471.42
483.63
491.15
518.51
529.79
532.24
546.47
560.85
580.03
593.84
601.69
605.89
624.26
639.59
656.46
689.90
699.79
705.91
715.97
742.13
776.44
787.55
813.89
826.40
848.01
849.95
855.70
883.68
903.19
909.82
930.98
932.90
949.09
971.11
983.29
993.41
1004.76
1030.08
1032.53
1048.49
1063.79
1083.42
1087.26
1098.14
1100.39
1145.39
1153.89
1171.91
1186.62
1190.64
1206.15
1206.68
1211.87
1219.24
1220.41
1228.27
1235.85
1282.62
1286.41
1295.11
1303.74
1307.34
1333.81
1338.51
1348.21
1375.47
1390.13
1400.21
1415.04
1420.44
1430.88
1455.26
1459.80
1460.87
1487.21
1499.59
1504.99
1515.99
1520.98
1564.56
1578.42
1579.17
1612.96
1633.60
1656.76
1736.94
1753.99
1765.29
1788.74
1794.90
1804.11
1895.07
1905.80
1940.30
3037.07
3101.06
3113.32
3114.51
3156.71
3208.32
3221.64
3241.52
3247.40
3252.81
3256.41
3283.83
3496.34
3693.28
3783.08
3814.19
3826.89
3900.87
3916.33
$end
