
$molecule
   O    -1.77724582  -0.42136915   5.15390535
  O    -2.13887542  -2.55672735   1.86814662
  O     0.24470523  -1.04286565   5.88844892
  O     2.98888168  -0.28540991   1.43174519
  O     3.40733699  -2.27382610   0.53666198
  O     0.24140545  -1.30413917  -1.22360034
  N    -1.08300174  -0.70295087   2.63010844
  N    -3.14985463   1.49408284  -2.99640949
  N    -0.50443948   1.08331108  -2.57279761
  N     1.49832793   2.90859169  -3.01281471
  N     2.40942313  -0.72031419  -1.48779043
  N     3.08657494   1.44467649  -2.08937786
  N     4.57652647  -0.02039069  -1.05418017
  C    -0.29134835  -1.43197465   3.58614764
  C     1.17660829  -1.34985768   3.25526260
  C     1.48675005  -2.04963954   1.95203358
  C    -1.87669094  -1.38746143   1.72053165
  C    -2.33529364  -0.57226193   0.55879859
  C    -0.56204634  -0.93806028   5.00882859
  C    -2.96562534   0.81930202  -1.78176360
  C    -2.26035279   2.58944323  -3.29028116
  C    -2.30600172   0.81690914   0.53188278
  C    -2.76691658  -1.24931576  -0.57653677
  C    -2.63174577   1.50577475  -0.61621089
  C    -3.08527931  -0.57001981  -1.72805916
  C     2.73512721  -1.57670544   1.27017096
  C    -0.79835418   2.25519911  -3.06748303
  C     0.75554372   0.79422625  -2.26167822
  C     0.24629151   3.17837774  -3.30116558
  C     1.78943551   1.71166194  -2.46576984
  C     1.04112772  -0.50506195  -1.62588462
  C     3.34083086   0.27524434  -1.59564524
  H    -0.63947251  -2.46770671   3.56004551
  H     1.45196284  -0.30140968   3.18158447
  H     1.75619170  -1.77642147   4.07297348
  H     0.70297499  -1.86180057   1.21576280
  H     1.55440022  -3.13175485   2.06587436
  H    -0.71806611   0.18308726   2.32830101
  H    -2.50723385   3.45562306  -2.66471407
  H    -2.42417707   2.89990134  -4.32996374
  H    -2.03750042   1.38810015   1.41211971
  H    -2.81583957  -2.33032305  -0.55067765
  H    -3.20520036   0.83775584  -3.76243302
  H    -2.59955419   2.58466197  -0.62268008
  H    -3.37281912  -1.11606983  -2.61674017
  H     0.02752921   4.15522938  -3.73163384
  H    -2.20631313  -0.42362074   4.28839151
  H     2.68583406  -1.57576706  -1.02350432
  H     3.72738299  -0.04184514   0.84854998
  H     5.31306214   0.60191723  -1.35331612
  H     4.81501357  -0.99800622  -0.96316401
$end
$temperature
298.15
$end
$mult
 1
$end
$sigma
 1
$end
$pressure
1.00000
$end
$scale
1.0
$end
$msrrho
$end
$freq
27.09
32.84
36.72
43.74
46.22
52.97
64.78
78.52
85.19
93.63
102.51
129.25
143.07
156.27
162.69
174.01
184.80
222.94
231.35
235.79
256.85
283.71
284.99
310.94
344.00
360.91
374.32
388.08
402.57
435.75
449.86
452.92
460.69
493.71
500.27
516.92
528.96
533.68
558.47
588.25
597.48
604.86
624.41
626.17
631.07
637.37
662.44
682.43
693.43
696.96
701.29
714.95
723.34
762.80
771.78
780.65
789.47
802.57
831.34
835.48
848.41
862.98
869.25
885.32
921.56
927.74
936.28
945.34
946.91
996.15
1021.35
1034.81
1036.92
1047.81
1066.12
1081.57
1093.46
1115.93
1148.22
1154.51
1159.45
1166.52
1174.83
1183.79
1204.78
1208.35
1212.62
1220.55
1226.74
1246.17
1256.58
1271.36
1284.02
1291.07
1305.40
1325.45
1336.78
1345.82
1357.66
1359.81
1372.80
1392.65
1405.48
1418.18
1424.85
1435.43
1445.77
1459.40
1466.24
1476.31
1477.41
1504.51
1517.83
1547.15
1576.22
1578.94
1616.65
1632.54
1647.73
1737.54
1764.37
1793.69
1796.98
1812.35
1856.78
1860.73
1899.45
1928.06
3069.68
3144.70
3148.60
3173.52
3197.45
3204.59
3220.79
3247.73
3257.06
3260.43
3270.15
3294.35
3666.57
3732.24
3735.61
3801.00
3808.04
3859.81
3923.22
$end
