
$molecule
   O    -1.27256442   0.16640437   2.51869496
  O    -1.00869649   1.77918545  -0.15021404
  O    -2.24313139  -1.82167666   2.15634798
  O    -7.40238187  -0.09577073   0.32214932
  O    -6.67284442  -1.15702642  -1.50560420
  O     1.14667248  -0.64741032   2.34121500
  N    -2.18344923  -0.15501339  -0.27665607
  N     3.67714575  -2.04235631  -2.18099801
  N     3.39155914  -0.93329749   0.64063578
  N     4.58665112   1.39552891  -0.21533877
  N     1.04948024   1.52173746   1.72099946
  N     2.76483922   2.63322943   0.57332149
  N     0.74634478   3.71827229   1.05575141
  C    -2.97766165   0.07789693   0.90776028
  C    -4.37326607  -0.46303221   0.75384808
  C    -5.12194779   0.24642645  -0.35455973
  C    -1.05519696   0.61038600  -0.46767807
  C     0.11122918  -0.13573772  -1.03339031
  C    -2.17201565  -0.63894999   1.97598102
  C     2.43226860  -1.43602091  -1.88611694
  C     4.53512488  -2.23191756  -0.99367058
  C     0.36221041  -1.45324582  -0.66246560
  C     1.01925527   0.51498509  -1.85710034
  C     1.50709177  -2.09359726  -1.08440458
  C     2.15820581  -0.12973586  -2.29251564
  C    -6.46976211  -0.40620994  -0.59447066
  C     4.41534628  -0.98025590  -0.17490392
  C     2.90864791   0.25460474   1.00284332
  C     5.06565131   0.22106410  -0.53636260
  C     3.43089032   1.44470728   0.48202701
  C     1.65913858   0.28878176   1.76444192
  C     1.57031568   2.61978282   1.08668025
  H    -2.97556697   1.14798991   1.10994588
  H    -4.30920801  -1.52811379   0.53706363
  H    -4.90215181  -0.36505548   1.70511969
  H    -4.56578630   0.18001998  -1.28602653
  H    -5.25968826   1.30421933  -0.11637091
  H    -2.09694513  -1.12506896  -0.53396412
  H     5.55412643  -2.43503283  -1.33739890
  H     4.17765112  -3.07715655  -0.40610855
  H    -0.30120251  -1.98087767   0.00912968
  H     0.84248415   1.54705523  -2.13443341
  H     4.16899444  -1.49730161  -2.87833372
  H     1.71805262  -3.10027813  -0.75372838
  H     2.87374216   0.40284547  -2.90544239
  H     5.97662518   0.19102847  -1.13311440
  H    -0.45654585  -0.34009859   2.75624224
  H     0.09767054   1.56490905   2.05276116
  H    -7.04778511   0.51685762   0.97277537
  H     1.13077914   4.45314174   0.47751790
  H    -0.21039650   3.46917822   0.82811852
$end
$temperature
298.15
$end
$mult
 1
$end
$sigma
 1
$end
$pressure
1.00000
$end
$scale
1.0
$end
$msrrho
$end
$freq
22.49
27.45
29.55
41.42
59.24
61.26
75.92
88.39
92.35
103.17
118.38
134.39
138.57
152.44
162.82
185.73
189.62
204.95
209.21
242.63
267.11
292.33
296.13
317.42
337.90
350.30
369.77
385.97
419.24
431.36
438.36
452.38
456.69
457.93
475.73
480.69
507.46
541.19
560.36
572.08
596.60
611.10
637.63
646.39
661.25
671.14
689.09
695.08
700.18
704.60
713.89
720.78
749.07
771.92
792.32
796.09
807.83
823.08
843.24
856.17
870.36
873.36
888.06
906.16
926.72
932.33
940.33
941.27
955.32
989.39
1002.58
1023.63
1033.47
1053.04
1062.73
1067.20
1095.16
1100.77
1112.98
1128.56
1136.58
1175.31
1179.98
1187.38
1202.77
1209.49
1212.18
1220.44
1228.56
1236.11
1253.58
1259.46
1292.41
1303.41
1307.98
1320.39
1335.47
1341.55
1347.80
1354.22
1372.12
1385.64
1397.24
1410.14
1429.77
1450.59
1452.92
1465.23
1467.58
1473.31
1480.69
1511.25
1516.77
1554.90
1565.70
1578.58
1618.79
1636.61
1642.37
1733.52
1748.39
1785.41
1790.26
1815.68
1846.48
1863.45
1918.08
1920.88
3110.65
3114.65
3133.28
3208.38
3215.90
3221.33
3243.17
3247.90
3254.77
3260.46
3279.57
3288.55
3440.14
3622.42
3680.91
3759.89
3808.36
3817.37
3986.81
$end
