
$molecule
   O     0.36766469   4.32065517   1.90779897
  O    -1.23854465   2.09526933   0.21444151
  O     0.66511429   2.23229319   2.59435902
  O     0.17171512   4.49532610  -3.37050507
  O     2.15191645   5.54363412  -3.34059793
  O     1.97166216  -0.93551953   0.51954865
  N     0.92152488   1.52350061  -0.11566226
  N    -1.54160418  -3.95389252  -2.05861813
  N     0.47729423  -3.30190698   0.12636579
  N    -1.32811616  -3.97421236   2.09319448
  N     0.67198939  -0.47251637   2.30112674
  N    -0.89347606  -1.96894931   3.21422747
  N    -0.59038978   0.15187421   4.12916601
  C     1.38136410   2.78302878   0.37527399
  C     1.11983802   3.88679441  -0.61948578
  C     1.81976551   3.61732883  -1.93222629
  C    -0.43072265   1.28935233  -0.18764550
  C    -0.78430438  -0.03285134  -0.78364460
  C     0.75705956   3.07370660   1.72869999
  C    -1.37368793  -2.58383192  -1.73442870
  C    -0.50135905  -4.80464631  -1.44670506
  C     0.03074989  -0.63572083  -1.73378209
  C    -1.93741362  -0.68364591  -0.37069618
  C    -0.26615388  -1.89307071  -2.21066367
  C    -2.23198369  -1.94785100  -0.83931264
  C     1.43853252   4.65762864  -2.95043582
  C    -0.31370488  -4.33580818  -0.03289741
  C     0.35915764  -2.55767180   1.22313118
  C    -1.19093719  -4.69807889   1.00981027
  C    -0.61090788  -2.83523986   2.19733153
  C     1.11053757  -1.29794708   1.28826902
  C    -0.29915420  -0.80953129   3.20839390
  H     2.46061687   2.68852220   0.56253473
  H     0.04988437   3.94932762  -0.78098613
  H     1.45374674   4.84073677  -0.21208628
  H     1.52784975   2.64328272  -2.32068941
  H     2.90397142   3.63920108  -1.81570243
  H     1.51956490   0.70536001  -0.04468844
  H     0.43678133  -4.68465418  -1.98789523
  H    -0.82557288  -5.84796044  -1.51450372
  H     0.91862270  -0.13243731  -2.08944557
  H    -2.58254383  -0.20664598   0.35715708
  H    -2.45803287  -4.26709660  -1.76202782
  H     0.39052021  -2.37783835  -2.91862677
  H    -3.09988080  -2.47286759  -0.46178678
  H    -1.80423823  -5.59415385   0.92061611
  H     0.00554576   4.40052753   2.80071968
  H     0.99814833   0.48795734   2.31734020
  H    -0.02166548   5.18951405  -4.01460949
  H    -1.43034622  -0.00715009   4.66197711
  H    -0.32639789   1.09887496   3.89887177
$end
$temperature
298.15
$end
$mult
 1
$end
$sigma
 1
$end
$pressure
1.00000
$end
$scale
1.0
$end
$msrrho
$end
$freq
17.85
27.52
32.03
44.89
49.15
64.82
88.94
94.06
96.28
101.80
115.75
117.35
133.83
152.68
162.01
191.33
192.41
203.00
210.77
248.22
273.34
290.96
298.00
302.09
359.63
370.11
392.76
402.13
422.47
432.97
452.79
455.83
461.49
483.62
501.71
505.77
531.87
548.67
552.54
561.49
590.45
599.95
603.48
620.35
620.92
650.82
664.07
675.75
693.77
695.52
709.69
714.60
765.82
788.71
790.36
804.58
814.24
820.87
824.60
830.72
862.60
868.56
876.12
901.08
908.15
930.31
939.53
941.23
950.34
1004.48
1013.77
1024.34
1052.89
1058.12
1065.89
1071.15
1095.22
1100.39
1118.72
1126.83
1144.39
1155.91
1168.01
1177.78
1200.48
1210.44
1212.09
1214.26
1221.46
1237.87
1248.41
1270.55
1287.22
1303.65
1317.55
1328.06
1331.50
1344.09
1351.07
1370.18
1379.25
1391.83
1400.48
1417.64
1426.82
1449.07
1453.14
1466.70
1470.41
1473.80
1489.43
1504.16
1512.06
1560.81
1574.55
1580.33
1623.32
1642.55
1647.46
1735.38
1744.25
1784.40
1796.25
1817.98
1852.68
1863.34
1886.97
1899.35
3108.31
3114.81
3145.49
3177.83
3206.55
3220.22
3236.93
3254.00
3259.55
3281.98
3287.53
3293.14
3638.47
3673.70
3679.99
3702.56
3837.00
3904.71
3905.97
$end
