
$molecule
   O     5.10773050   2.83614256   2.74720507
  O     2.82544641   3.58659229  -0.84720915
  O     4.62073561   4.73608714   3.82478523
  O     2.18282328   6.72021014  -1.45529889
  O     4.00557180   6.53315052  -0.18260022
  O    -2.47917505  -5.21209683   1.76669473
  N     2.84654163   3.10567855   1.36492003
  N    -0.62553692  -1.79553261  -0.92501474
  N    -2.40039694  -3.74998630  -0.66814713
  N    -3.93307663  -4.72924272  -2.73649494
  N    -3.93790995  -6.66374547   0.81856163
  N    -4.70256727  -6.48495170  -1.39212038
  N    -5.42497561  -8.23737104  -0.04684238
  C     3.55432808   4.31007778   1.71605073
  C     2.65261796   5.47492144   2.00845732
  C     1.90269821   5.93989073   0.78783721
  C     2.49311669   2.85458143   0.05639319
  C     1.67202547   1.62457237  -0.15194491
  C     4.47839442   4.00362693   2.88977599
  C     0.11072785  -0.65213832  -0.68587355
  C    -1.58295620  -1.88689670  -1.98702157
  C     1.00748654   1.48001104  -1.36484073
  C     1.55511472   0.60288638   0.79123635
  C     0.23513452   0.36955288  -1.63365236
  C     0.79250077  -0.51318585   0.53350212
  C     2.82169638   6.41132253  -0.31909471
  C    -2.40523393  -3.13849618  -1.82417594
  C    -3.14302059  -4.84985373  -0.50857319
  C    -3.19716450  -3.65490154  -2.87666594
  C    -3.92893261  -5.36152753  -1.54404373
  C    -3.11363030  -5.53175150   0.80019651
  C    -4.69123465  -7.09290705  -0.24590329
  H     4.19606095   4.56242409   0.87267213
  H     1.94229563   5.20096516   2.79121477
  H     3.26343368   6.28747267   2.39560979
  H     1.24800320   6.77984320   1.04843540
  H     1.26548411   5.15424406   0.38866231
  H     2.27936277   2.67851872   2.07615168
  H    -1.08682451  -1.90098627  -2.96675776
  H    -2.26533633  -1.02287860  -2.01096895
  H     1.10631810   2.26213244  -2.10823333
  H     2.07696595   0.65847805   1.73890763
  H    -0.85686769  -2.35714441  -0.11953491
  H    -0.27268321   0.28552491  -2.58325473
  H     0.71233325  -1.30110051   1.27237199
  H    -3.20861447  -3.15581328  -3.84500202
  H     4.78957926   2.41353977   1.94102104
  H    -3.92846671  -7.19833343   1.67214930
  H     1.24845821   6.50392117  -1.38762140
  H    -6.09576236  -8.42250693  -0.77729794
  H    -5.71261949  -8.46302044   0.89137664
$end
$temperature
298.15
$end
$mult
 1
$end
$sigma
 1
$end
$pressure
1.00000
$end
$scale
1.0
$end
$msrrho
$end
$freq
10.04
12.35
19.83
28.48
37.36
47.42
50.20
59.37
65.59
68.93
97.05
100.88
112.29
119.64
138.31
152.09
162.81
187.99
209.74
219.74
245.56
255.19
293.69
309.71
323.12
346.35
350.54
360.37
378.61
388.06
434.68
439.32
448.92
467.40
479.98
485.61
489.93
512.23
532.12
537.49
548.33
554.34
563.89
585.01
601.74
605.96
627.26
639.82
644.38
654.82
668.15
694.29
700.72
707.96
719.38
777.02
785.21
791.82
813.94
826.43
852.78
867.19
885.61
888.78
914.64
926.48
931.09
940.32
952.78
993.49
1032.48
1038.96
1049.46
1060.93
1064.29
1084.02
1087.45
1094.76
1098.16
1145.50
1155.92
1168.89
1179.30
1190.26
1197.60
1200.77
1206.06
1214.11
1219.10
1224.77
1227.64
1265.28
1272.84
1283.68
1298.88
1304.03
1325.04
1336.62
1347.05
1348.41
1372.39
1384.75
1397.29
1411.85
1426.29
1441.77
1457.59
1462.55
1485.84
1487.54
1498.92
1501.41
1520.83
1560.10
1571.04
1578.48
1613.10
1633.55
1649.71
1736.89
1753.78
1774.10
1788.85
1797.80
1853.54
1895.36
1929.56
1936.35
3036.18
3096.18
3113.82
3136.80
3208.34
3223.76
3242.21
3243.25
3248.73
3254.49
3257.09
3282.73
3693.31
3779.02
3813.90
3826.90
3850.47
3954.87
3985.77
$end
