
$molecule
   O     1.99038754   2.16812802  -0.98839534
  O     1.93738123   1.94119118   2.90529273
  O     0.22413544   2.74110513  -2.18108832
  O    -1.15505435   5.51810005  -1.38845801
  O     0.45594888   4.76107409  -0.05660590
  O     2.22749596  -0.39866113  -0.32138914
  N     0.45874990   2.30985307   1.24702509
  N    -0.46838242  -3.97805351   2.33636029
  N     0.90020543  -2.89354330  -0.12337976
  N    -1.00598886  -3.41441515  -2.03814141
  N     1.28775728  -0.10930483  -2.35315622
  N    -0.48944060  -1.41664462  -3.14900885
  N     0.05396484   0.62045024  -4.16743158
  C    -0.15672888   1.90503948   0.03112832
  C    -1.56539859   2.43657465  -0.12751528
  C    -1.70727036   3.88007199   0.29581335
  C     1.07360987   1.50002046   2.18470562
  C     0.61251472   0.07893019   2.27013887
  C     0.69956171   2.33470830  -1.15066905
  C    -0.12333495  -2.60786958   2.40699524
  C     0.23329037  -4.71244759   1.28292092
  C     1.55866662  -0.89891714   2.55021870
  C    -0.71485936  -0.29201608   2.12929163
  C     1.19587231  -2.22437625   2.62394396
  C    -1.08299575  -1.62277871   2.19255833
  C    -0.69865168   4.76854185  -0.39400496
  C     0.13903765  -3.95548850  -0.01442369
  C     0.71850097  -2.06337600  -1.14477190
  C    -0.82573528  -4.21132728  -1.00966523
  C    -0.25291370  -2.30018147  -2.12823218
  C     1.50449343  -0.82458686  -1.19025957
  C     0.24889172  -0.34931166  -3.22116768
  H    -0.18524457   0.81566102  -0.01080926
  H    -1.87182296   2.31240670  -1.16561096
  H    -2.24547061   1.83918904   0.48538960
  H    -1.51433043   3.97687726   1.36314521
  H    -2.72590492   4.22932060   0.11031240
  H     0.81940847   3.25533975   1.23370524
  H    -0.20812210  -5.71116711   1.20166425
  H     1.28525560  -4.81478395   1.55020936
  H     2.59116263  -0.60901161   2.69186515
  H    -1.47492020   0.45894728   1.96414879
  H    -1.46991591  -4.08325226   2.23661233
  H     1.94148732  -2.98265849   2.81175836
  H    -2.11823040  -1.90427843   2.04353530
  H    -1.45664485  -5.09719268  -0.94440365
  H     2.20260587   1.48794970  -0.32544202
  H     1.82002835   0.73951508  -2.46134687
  H    -2.08517145   5.34373185  -1.55984076
  H    -0.79923948   0.48468223  -4.69073484
  H     0.22135855   1.56823501  -3.84278656
$end
$temperature
298.15
$end
$mult
 1
$end
$sigma
 1
$end
$pressure
1.00000
$end
$scale
1.0
$end
$msrrho
$end
$freq
28.68
36.05
46.79
50.08
63.60
70.44
84.76
87.24
99.54
115.93
128.62
135.70
148.26
164.29
178.13
184.14
198.27
214.52
226.56
256.33
275.28
283.20
300.36
349.95
355.04
367.74
384.44
397.59
431.22
433.87
450.32
454.61
472.84
489.34
496.37
502.00
508.24
532.87
557.20
560.51
579.45
609.23
619.96
626.02
639.13
643.73
667.27
676.20
693.30
703.45
707.78
725.25
750.16
762.44
770.36
799.43
813.58
833.97
839.15
850.52
858.38
868.78
874.62
893.27
901.14
928.26
937.77
944.08
959.94
995.38
1007.57
1028.26
1043.97
1049.73
1065.44
1069.73
1097.43
1103.77
1112.02
1123.12
1139.09
1167.28
1179.76
1190.02
1197.82
1210.63
1215.99
1222.33
1229.48
1243.00
1247.52
1274.27
1289.97
1302.18
1319.36
1324.20
1334.83
1344.57
1348.27
1362.82
1373.00
1392.44
1422.59
1435.95
1443.86
1449.15
1450.79
1458.71
1463.55
1464.15
1476.68
1501.39
1510.40
1538.79
1567.34
1580.35
1617.09
1639.26
1646.11
1734.81
1749.49
1787.54
1796.43
1819.58
1849.05
1871.76
1912.19
1922.42
3107.84
3120.80
3127.28
3206.76
3211.01
3215.62
3228.16
3241.88
3245.23
3275.32
3283.75
3290.53
3603.25
3691.41
3752.05
3765.92
3778.92
3830.09
3985.04
$end
