
$molecule
   O    -4.47150836   0.49984703   0.26310191
  O    -2.52678045   0.43235637   2.62116637
  O    -5.79266772  -0.30868567   1.87199313
  O    -5.13543105  -2.93689169   5.18703210
  O    -5.13057512  -4.96514860   4.24144709
  O     1.50480884  -0.19194088  -4.02196571
  N    -2.49542651  -1.10517219   0.96264363
  N     3.67269466   0.78712103   1.11437406
  N     3.44127534   0.54255628  -2.07677774
  N     4.85333788   2.85854989  -2.56364158
  N     2.10269454   1.61024024  -5.25728683
  N     3.72701945   3.16724307  -4.59161827
  N     2.61420430   3.43620854  -6.61417167
  C    -3.83432709  -1.55272071   1.28453596
  C    -3.90229952  -2.26846412   2.60959665
  C    -5.19808344  -3.01749904   2.82645225
  C    -1.88888237  -0.17549517   1.79809939
  C    -0.42751996   0.02466465   1.57510232
  C    -4.80525508  -0.37869968   1.20096441
  C     2.32000199   0.50258478   1.25182807
  C     4.48855337   0.20170461   0.07870595
  C     0.23637450  -0.37881652   0.42233259
  C     0.30310734   0.67935214   2.56527355
  C     1.58756832  -0.14717629   0.25833191
  C     1.65018884   0.91150669   2.41549222
  C    -5.15778982  -3.76632219   4.12950932
  C     4.33028563   0.96427583  -1.21053336
  C     3.22822839   1.25231137  -3.18593553
  C     5.04063233   2.15337709  -1.47309804
  C     3.93734414   2.42909141  -3.45344232
  C     2.20282769   0.77734978  -4.13597976
  C     2.84143806   2.75229155  -5.44394496
  H    -4.12739645  -2.23966406   0.47649629
  H    -3.06977182  -2.97466794   2.64122646
  H    -3.75935040  -1.54725818   3.40587770
  H    -5.37093643  -3.74657576   2.03351229
  H    -6.03042933  -2.31832076   2.85775543
  H    -1.88175778  -1.79044846   0.55379810
  H     4.22894486  -0.84142977  -0.11108666
  H     5.53074094   0.24245319   0.41271354
  H    -0.29379015  -0.86638749  -0.38674088
  H    -0.21005824   1.00655322   3.46174143
  H     4.14030636   1.01200796   1.97675104
  H     2.06967343  -0.45892147  -0.65365365
  H     2.20387886   1.42002157   3.19501583
  H     5.77907866   2.51518580  -0.75956320
  H    -3.60854900   0.25760628  -0.09009644
  H     1.45016053   1.31559064  -5.96552435
  H    -5.11107123  -3.47846980   5.98695155
  H     3.03417074   4.35330202  -6.63568911
  H     1.71011734   3.34982339  -7.04907248
$end
$temperature
298.15
$end
$mult
 1
$end
$sigma
 1
$end
$pressure
1.00000
$end
$scale
1.0
$end
$msrrho
$end
$freq
8.79
10.93
18.19
21.22
25.58
47.87
51.28
53.00
66.26
71.95
87.64
102.64
124.35
140.07
149.97
156.62
167.00
172.37
204.26
222.33
243.61
258.77
293.08
312.12
325.80
337.50
347.48
351.24
387.68
395.78
411.50
430.92
451.28
467.60
476.52
491.10
500.04
532.44
534.22
551.56
564.73
567.72
579.70
595.47
598.08
605.12
616.55
634.03
642.69
644.54
683.78
696.19
709.05
721.31
773.80
786.24
787.39
809.93
818.14
821.74
846.44
857.49
864.86
892.29
897.87
918.31
927.32
937.19
942.08
996.90
1004.32
1021.80
1052.42
1056.63
1066.19
1079.87
1094.08
1101.38
1119.72
1143.58
1151.96
1154.44
1157.35
1178.33
1195.08
1200.96
1211.68
1215.71
1221.29
1225.52
1253.29
1263.43
1287.05
1292.41
1312.43
1326.80
1337.98
1346.82
1348.01
1350.28
1368.51
1383.63
1392.05
1403.66
1415.86
1450.40
1459.92
1462.64
1477.52
1479.27
1486.31
1489.14
1513.86
1538.19
1570.11
1578.43
1613.81
1632.92
1647.14
1736.49
1747.63
1780.83
1788.96
1801.79
1869.97
1891.40
1893.79
1943.23
3098.40
3102.94
3136.17
3156.80
3205.21
3216.97
3242.03
3249.80
3254.01
3255.45
3288.73
3338.48
3692.49
3796.13
3811.59
3815.84
3826.12
3909.50
3972.64
$end
