
$molecule
   O     5.45860964   1.92124032   0.37440876
  O     3.85666618  -2.56179516   0.09642488
  O     7.35280204   0.85675278   0.91376110
  O     9.36846073   0.73302430  -1.86038115
  O     7.37136680   1.71873000  -1.93416717
  O    -6.30822001   3.12653030  -0.99337638
  N     4.14470772  -0.31643667   0.15067065
  N    -2.26891517  -0.75595255   0.57909141
  N    -4.92277595   1.14546716   0.51920189
  N    -6.47416906  -0.88252884   1.57401161
  N    -8.23840376   1.99607398  -0.65432135
  N    -8.39529939   0.01675061   0.59259764
  N   -10.30001735   0.94740588  -0.36094092
  C     5.56202857  -0.40735060  -0.02447277
  C     5.93950456  -0.62843359  -1.47379719
  C     7.42889030  -0.66336387  -1.71158729
  C     3.37523977  -1.45260835   0.17482564
  C     1.90099001  -1.21213257   0.29732527
  C     6.22930090   0.84231328   0.49160974
  C    -0.88107937  -0.89244882   0.52296585
  C    -2.88497058   0.22169832   1.45178914
  C     1.35877189  -0.04219842   0.81260205
  C     1.03261852  -2.22955095  -0.09192193
  C    -0.00990938   0.11875578   0.92860052
  C    -0.33103966  -2.07704378   0.01118215
  C     8.03028950   0.72117868  -1.83696622
  C    -4.37322408   0.20266748   1.24861177
  C    -6.24067868   1.10491332   0.30404779
  C    -5.18029774  -0.82168166   1.78319560
  C    -7.04289769   0.08056770   0.82337432
  C    -6.85624339   2.18036064  -0.50310381
  C    -8.94577287   0.94874717  -0.12204982
  H     5.93023636  -1.24523084   0.57187462
  H     5.49403845  -1.57757425  -1.77500536
  H     5.50364502   0.16201746  -2.07840900
  H     7.65222356  -1.18581320  -2.64921084
  H     7.94380878  -1.19931607  -0.91313644
  H     3.71118765   0.57288154  -0.01239078
  H    -2.52387958   1.21810077   1.19962100
  H    -2.65087706   0.03663926   2.51020385
  H     2.00117775   0.75954578   1.15615843
  H     1.45009855  -3.15150630  -0.47857131
  H    -2.74352805  -1.64550893   0.57083450
  H    -0.40399959   1.03676861   1.33882309
  H    -0.99202483  -2.87505596  -0.30384488
  H    -4.73392261  -1.60035387   2.40008588
  H     5.99734106   2.70176180   0.56004459
  H    -8.72228394   2.72102937  -1.15877269
  H     9.71845342  -0.15123709  -1.71293467
  H   -10.75295238   0.08033182  -0.11435554
  H   -10.63507555   1.40286819  -1.19422625
$end
$temperature
298.15
$end
$mult
 1
$end
$sigma
 1
$end
$pressure
1.00000
$end
$scale
1.0
$end
$msrrho
$end
$freq
7.48
11.57
21.16
24.29
31.89
37.89
52.30
56.55
64.92
75.02
89.66
98.18
118.22
136.39
146.71
151.51
162.15
165.80
197.12
218.27
233.40
260.83
286.34
301.89
316.40
345.49
352.66
360.29
377.89
386.90
405.96
441.52
449.85
453.22
468.17
478.48
489.28
512.37
532.56
534.42
541.24
551.47
556.61
583.63
598.85
603.57
618.49
624.51
649.42
656.74
667.64
681.91
698.26
702.62
725.49
779.05
787.15
816.90
830.71
833.75
844.81
854.86
886.73
895.72
916.62
917.18
930.32
941.23
960.02
987.11
1006.41
1019.47
1045.98
1058.53
1064.41
1079.56
1088.11
1098.57
1139.40
1149.99
1152.00
1160.13
1172.53
1175.86
1186.36
1189.57
1204.78
1207.01
1217.81
1228.99
1238.81
1263.44
1278.38
1291.52
1295.27
1305.83
1326.63
1337.39
1346.60
1359.33
1376.98
1380.23
1389.41
1402.55
1432.64
1447.65
1452.34
1461.57
1479.18
1487.69
1490.63
1493.80
1511.72
1560.96
1574.07
1577.65
1616.60
1631.31
1645.85
1734.07
1741.41
1780.04
1789.17
1804.32
1841.94
1899.11
1916.61
1926.87
3063.64
3088.75
3155.07
3189.33
3206.69
3211.42
3216.47
3241.38
3249.36
3256.09
3258.98
3287.03
3692.36
3767.72
3816.32
3825.78
3896.54
3919.83
3969.38
$end
