
$molecule
   O     0.95741967   0.37943737   2.90879259
  O     1.97289248   2.97432357  -0.92934796
  O     0.98046739   2.48923086   2.17057251
  O     3.21954882   1.35419661   4.23925069
  O     4.03262253   3.37910304   3.78730920
  O    -0.94251297   0.28665905   0.54517863
  N     1.71109320   0.80441858  -0.20587200
  N    -3.36297954   0.32028108  -3.56549186
  N    -2.56141307  -1.06518109  -1.32293792
  N    -2.93676362  -3.75780547  -0.91542473
  N    -0.68233219  -1.63443408   1.69294426
  N    -1.67560869  -3.66807730   1.06580415
  N    -0.30771839  -3.55974269   2.94503388
  C     2.38716068   0.89505502   1.05919431
  C     3.59373481   1.79375529   1.03258339
  C     4.51336762   1.63807968   2.22995817
  C     1.40517496   1.91795164  -0.98367824
  C     0.23556283   1.60939710  -1.86869817
  C     1.37632370   1.37168642   2.08324307
  C    -2.12640574   0.80305530  -3.10163371
  C    -3.59458320  -1.10016024  -3.52209382
  C     0.21441356   0.47706268  -2.66926024
  C    -0.90394769   2.39139923  -1.77018201
  C    -0.94585817   0.09463000  -3.30880256
  C    -2.07575738   1.99268023  -2.37725395
  C     3.91375071   2.22714248   3.48991750
  C    -3.19682256  -1.76698402  -2.21810921
  C    -2.06135796  -1.66816825  -0.24475657
  C    -3.39778322  -3.15047860  -1.98196667
  C    -2.22472842  -3.03626831  -0.02293359
  C    -1.22279835  -0.87651027   0.66254902
  C    -0.92965757  -2.97338641   1.86961428
  H     2.67725515  -0.12709209   1.33365048
  H     4.15660815   1.55449210   0.13011048
  H     3.26553107   2.82308307   0.95513162
  H     5.43305143   2.19456493   2.04160529
  H     4.78006402   0.59086945   2.39254079
  H     0.93011085   0.16761875  -0.17567094
  H    -3.03074740  -1.59711324  -4.32228250
  H    -4.65603287  -1.28396610  -3.73112467
  H     1.11070599  -0.12160565  -2.78676221
  H    -0.88497864   3.29125529  -1.16667817
  H    -4.12301391   0.84093685  -3.15150687
  H    -0.95536571  -0.79137062  -3.92495971
  H    -2.97850903   2.57475664  -2.24364360
  H    -3.95069140  -3.75148332  -2.70380442
  H     0.40052831   0.80884624   3.57491793
  H    -0.03281645  -1.13527695   2.28670987
  H     3.20334108   0.48544353   3.83099288
  H    -0.63997990  -4.48849038   3.15599345
  H    -0.06956496  -2.97781698   3.73127787
$end
$temperature
298.15
$end
$mult
 1
$end
$sigma
 1
$end
$pressure
1.00000
$end
$scale
1.0
$end
$msrrho
$end
$freq
13.82
19.45
36.96
45.85
47.61
51.90
71.21
74.09
79.52
104.14
115.25
119.65
131.35
161.17
169.08
171.52
182.83
192.71
203.98
237.69
238.51
256.89
297.97
302.76
317.60
349.93
358.84
368.96
387.11
392.92
434.72
441.00
451.23
465.08
468.63
482.02
495.54
516.57
526.29
554.76
563.68
573.82
600.73
614.42
621.17
625.36
632.35
658.33
681.08
689.74
696.00
715.66
722.57
761.87
770.72
799.77
813.17
821.45
825.36
843.98
858.02
859.33
885.36
889.46
903.65
920.97
934.92
942.12
955.37
964.85
997.72
1028.76
1044.94
1054.99
1066.24
1078.69
1087.76
1097.62
1108.99
1126.06
1134.57
1146.74
1162.79
1173.58
1177.70
1204.92
1209.85
1214.68
1217.56
1245.09
1251.61
1260.65
1287.49
1296.26
1315.99
1325.67
1333.05
1343.31
1345.25
1352.79
1361.21
1377.10
1402.04
1418.78
1432.45
1444.32
1450.20
1461.48
1468.52
1474.65
1482.55
1486.56
1514.24
1560.53
1572.26
1578.64
1609.21
1637.17
1645.49
1737.43
1764.78
1788.03
1802.53
1817.80
1891.86
1900.88
1930.47
1966.43
3062.13
3108.23
3133.06
3141.00
3164.04
3194.10
3202.01
3237.35
3246.66
3252.86
3294.88
3300.04
3695.84
3733.64
3740.34
3826.58
3830.39
3888.74
4029.72
$end
