
$molecule
   O     4.02126123  -2.16840303  -1.39935554
  O     3.11150327  -4.46614448   1.29289818
  O     3.17981674  -0.13374322  -1.05137355
  O     5.39907807   0.67480411  -2.31729027
  O     7.50441852   0.14689507  -1.81738852
  O    -4.23081608   2.90409986   2.24956150
  N     4.24664059  -2.50240418   1.29678580
  N    -1.52593635  -0.21282431  -0.08325754
  N    -3.84918340   1.06635263   0.11510210
  N    -5.78140345   1.05128214  -1.84823148
  N    -6.16861074   3.57816167   1.28891325
  N    -6.99678059   2.70824300  -0.72595360
  N    -8.16757461   4.37682030   0.39222375
  C     4.37244007  -1.19276882   0.72461040
  C     5.83091841  -0.78224077   0.65775873
  C     6.05440348   0.57717998   0.00951251
  C     3.09013751  -3.26505740   1.18860871
  C     1.85446480  -2.47745997   0.89703265
  C     3.76910661  -1.10975637  -0.65666259
  C    -0.42995306  -0.99559433   0.24002275
  C    -2.55196231  -0.67114721  -0.97172783
  C     1.07106043  -2.83269114  -0.18934837
  C     1.46924527  -1.39126185   1.67666665
  C    -0.04986319  -2.09972043  -0.52625252
  C     0.34546242  -0.66400162   1.36093803
  C     6.39570434   0.44631469  -1.46568933
  C    -3.73544120   0.25857934  -0.90720789
  C    -4.90777273   1.87936045   0.18966981
  C    -4.73606706   0.26414013  -1.90738021
  C    -5.89959201   1.88527809  -0.79390502
  C    -5.01032283   2.79273371   1.34464956
  C    -7.10407724   3.51185459   0.28644617
  H     3.82575055  -0.45679905   1.31997975
  H     6.20882344  -0.76827050   1.68324466
  H     6.39768011  -1.54017655   0.11951291
  H     6.92389868   1.05509741   0.46412454
  H     5.19491676   1.22940319   0.15624916
  H     5.07561687  -3.07706438   1.29027934
  H    -2.89712416  -1.68823038  -0.72748309
  H    -2.18541775  -0.72213734  -2.00566793
  H     1.35265250  -3.68978326  -0.78984333
  H     2.05103580  -1.11575934   2.54807097
  H    -1.86910036   0.38893817   0.65015060
  H    -0.63580384  -2.38150582  -1.38871749
  H     0.04977824   0.17853493   1.97372870
  H    -4.65232072  -0.40266423  -2.76478799
  H     3.68426015  -2.01353025  -2.29188305
  H    -6.27506592   4.25408535   2.02791230
  H     4.53963563   0.73456081  -1.87275126
  H    -8.44344303   4.68009242   1.31201721
  H    -8.91607787   4.17832818  -0.25451228
$end
$temperature
298.15
$end
$mult
 1
$end
$sigma
 1
$end
$pressure
1.00000
$end
$scale
1.0
$end
$msrrho
$end
$freq
9.45
14.09
18.68
24.79
33.46
40.01
57.80
66.82
77.04
86.59
93.26
103.22
120.77
148.88
152.02
162.60
163.88
186.54
212.46
215.63
220.37
253.02
261.80
297.87
327.04
346.92
357.36
364.02
389.05
390.48
424.54
451.12
462.97
466.23
482.54
490.64
517.16
532.16
536.68
543.73
553.75
584.80
588.03
601.10
605.97
618.14
624.81
640.11
653.66
672.23
686.54
695.70
703.20
713.16
767.64
800.05
812.48
814.45
826.50
835.16
840.15
860.92
867.85
888.92
911.28
926.70
929.10
931.01
949.90
990.90
993.51
1032.89
1050.96
1061.80
1071.67
1084.95
1089.39
1098.74
1123.64
1135.29
1145.72
1168.07
1175.01
1190.38
1205.66
1210.81
1212.37
1218.99
1221.93
1229.69
1234.94
1271.76
1282.82
1287.57
1302.05
1320.06
1335.00
1347.22
1352.26
1371.81
1381.41
1392.43
1403.00
1418.82
1441.64
1443.25
1460.14
1470.73
1478.64
1486.62
1490.20
1499.18
1511.44
1520.61
1566.81
1578.30
1612.94
1632.75
1648.26
1737.37
1753.99
1785.50
1790.04
1809.17
1864.13
1894.77
1895.30
1913.04
3034.29
3113.70
3116.31
3135.38
3197.33
3208.74
3217.47
3227.46
3243.81
3247.18
3251.54
3283.10
3691.71
3777.68
3785.85
3815.09
3825.15
3838.98
3915.46
$end
