
$molecule
   O     2.12861596   5.33088984   2.48013573
  O     2.71515018   3.64912093   0.65283421
  O     0.28052246   6.53114881   2.75594638
  O    -1.76567269   8.08466551   2.10670335
  O    -2.46484805   9.01408896   0.19723651
  O    -3.05976518  -4.92188277  -1.60424221
  N     0.50553867   4.05122238   0.50645778
  N     0.70246109  -2.28250300  -0.56973239
  N    -0.37699794  -4.69120716  -0.70075928
  N     0.99685107  -7.04750354  -0.32064796
  N    -2.84911773  -7.17813248  -1.57594804
  N    -0.88207504  -8.29419512  -0.95145880
  N    -2.75131956  -9.50732913  -1.61125964
  C     0.64850641   5.48042557   0.63284955
  C    -0.61031867   6.16697899   0.17358513
  C    -0.48714875   7.68382651   0.14134058
  C     1.58326856   3.21993286   0.45672413
  C     1.30861209   1.78978017   0.18026667
  C     0.99986799   5.83768139   2.07715969
  C     0.91775768  -0.95113653  -0.30044923
  C     1.51503060  -3.33169251  -0.03036379
  C     2.29413712   0.85996486   0.49849488
  C     0.12240945   1.32949360  -0.39618789
  C     2.10929232  -0.48605989   0.27068937
  C    -0.07191239  -0.00978896  -0.63436479
  C    -1.67798818   8.34223957   0.81111261
  C     0.86694082  -4.66470420  -0.29904434
  C    -0.96594169  -5.87019925  -0.92405061
  C     1.55939492  -5.88404731  -0.10952370
  C    -0.28774820  -7.07678267  -0.73494283
  C    -2.36686881  -5.87699350  -1.38846206
  C    -2.11575667  -8.31737928  -1.35383618
  H     1.50607196   5.78296148   0.02275199
  H    -0.86576500   5.79366540  -0.82044241
  H    -1.41323994   5.86633346   0.84122005
  H    -0.43307158   8.05445034  -0.88163026
  H     0.40896062   8.01536181   0.66235724
  H    -0.41221215   3.65021311   0.56919216
  H     1.66276243  -3.22616507   1.05545396
  H     2.52175915  -3.32010351  -0.47022440
  H     3.22021918   1.21185572   0.93728711
  H    -0.65936056   2.02164692  -0.68559850
  H    -0.24201118  -2.56084994  -0.78819121
  H     2.88817223  -1.18726161   0.53181300
  H    -0.99352525  -0.35598845  -1.08583048
  H     2.59676934  -5.87533414   0.22331882
  H     2.51435785   4.73310321   1.78966066
  H    -3.78850586  -7.24978893  -1.93230962
  H    -1.02339959   7.52161858   2.41192454
  H    -3.75543811  -9.53852228  -1.54351633
  H    -2.25342136 -10.31711878  -1.27349917
$end
$temperature
298.15
$end
$mult
 1
$end
$sigma
 1
$end
$pressure
1.00000
$end
$scale
1.0
$end
$msrrho
$end
$freq
10.18
14.41
20.72
27.72
44.49
50.24
59.04
80.17
88.08
103.01
113.56
114.58
131.38
136.38
152.36
162.80
172.87
194.92
210.56
211.75
257.42
269.90
311.32
320.85
336.69
346.23
353.92
356.48
369.26
387.30
412.13
447.47
449.05
468.71
473.54
487.77
501.77
526.62
529.49
546.97
556.70
569.71
587.30
602.18
606.12
639.22
641.76
658.53
673.45
699.25
702.66
717.90
776.55
785.08
797.24
813.74
826.43
847.16
852.79
860.13
882.53
909.27
912.64
930.78
931.11
937.44
946.43
957.34
993.28
1012.13
1032.22
1036.53
1049.31
1064.49
1081.37
1087.27
1095.11
1097.79
1132.16
1145.23
1159.79
1172.24
1186.52
1190.59
1206.75
1209.43
1215.12
1219.38
1224.17
1235.56
1280.96
1285.19
1303.31
1311.62
1315.21
1325.59
1338.92
1348.80
1362.16
1379.60
1390.58
1399.25
1415.69
1431.59
1448.72
1459.88
1467.78
1471.39
1480.73
1487.34
1500.97
1521.49
1534.49
1566.32
1578.51
1579.04
1613.06
1634.21
1657.04
1736.62
1753.59
1759.71
1786.50
1790.23
1799.84
1895.29
1900.20
1918.66
3038.66
3112.20
3129.70
3155.83
3165.08
3207.92
3233.06
3241.55
3243.17
3247.43
3256.03
3284.30
3344.11
3613.84
3694.11
3784.06
3813.21
3827.82
3874.74
$end
