
$molecule
   O    -2.12078265   2.97904987   4.32508110
  O    -3.36171045   1.50063261   1.89411434
  O    -1.34675291   3.75250530   2.37310879
  O     3.25046118   3.37947867   1.00372674
  O     3.31098831   1.36096250   1.90814925
  O     0.42559778  -1.12715649   0.92420948
  N    -1.15443140   0.94193436   1.77616797
  N    -2.48972817  -2.32994598  -3.32602875
  N    -0.03686161  -2.42894403  -1.55114649
  N     2.00247521  -2.29397464  -3.40395218
  N     2.51462574  -0.63990499   0.24800411
  N     3.34675661  -1.10970590  -1.89819507
  N     4.62205268   0.08583057  -0.35518956
  C    -0.78611314   1.51888452   3.02967586
  C     0.72438551   1.65502027   3.07124119
  C     1.22676404   2.55254920   1.97385887
  C    -2.45534850   0.93087990   1.34012710
  C    -2.57329186   0.12468401   0.07708369
  C    -1.45456160   2.86884242   3.17959398
  C    -2.57681533  -1.46086490  -2.20536845
  C    -1.57623998  -3.44814847  -3.09766957
  C    -3.24764353  -1.08611469   0.07383663
  C    -1.93339652   0.55811853  -1.07210485
  C    -3.24480396  -1.87482517  -1.05982314
  C    -1.94512673  -0.22265414  -2.21189071
  C     2.68644918   2.36652973   1.65567439
  C    -0.20142147  -2.94257018  -2.74666645
  C     1.11838585  -1.83391109  -1.25577995
  C     0.85431122  -2.86669609  -3.67911512
  C     2.16844925  -1.74552120  -2.18240514
  C     1.26938736  -1.20341925   0.06204917
  C     3.48883017  -0.57296593  -0.72019967
  H    -1.11508762   0.90469782   3.87756011
  H     1.04608232   2.02935055   4.04597206
  H     1.15076437   0.66123457   2.95357711
  H     1.04325065   3.59981962   2.20319345
  H     0.69103577   2.34400138   1.04763232
  H    -0.58012191   0.16866142   1.45021489
  H    -1.54505125  -4.06896012  -3.99983419
  H    -1.95198514  -4.04986540  -2.27006117
  H    -3.76296038  -1.42162552   0.96654698
  H    -1.41459030   1.50943391  -1.07604384
  H    -2.20742192  -1.81307998  -4.14984908
  H    -3.75278718  -2.82990197  -1.06587796
  H    -1.42908838   0.11219362  -3.10264705
  H     0.73344483  -3.29490957  -4.67372629
  H    -2.54964646   3.84531689   4.33583318
  H     2.68363716  -0.15168969   1.11956484
  H     2.60764851   4.07976702   0.83813006
  H     5.26705487   0.29247569  -1.10033816
  H     4.58093179   0.69450042   0.44998517
$end
$temperature
298.15
$end
$mult
 1
$end
$sigma
 1
$end
$pressure
1.00000
$end
$scale
1.0
$end
$msrrho
$end
$freq
16.05
26.01
33.11
35.62
46.03
60.18
64.75
72.33
85.27
91.51
109.38
123.44
132.77
148.72
171.29
174.95
191.66
197.46
209.95
232.22
236.06
268.31
282.10
312.42
339.42
358.55
364.03
387.98
400.14
431.76
439.50
447.90
465.66
476.45
484.37
496.75
522.27
555.87
560.00
564.69
574.41
578.71
611.96
636.65
639.44
645.21
653.67
694.52
695.81
702.49
713.86
755.24
762.80
782.36
786.26
820.20
823.45
824.42
835.94
853.50
859.89
866.05
886.49
901.59
915.12
928.02
929.77
943.00
969.94
1007.25
1009.44
1028.06
1041.11
1055.00
1057.96
1067.76
1095.89
1103.14
1108.98
1129.24
1162.79
1170.07
1172.98
1186.89
1189.90
1197.19
1203.99
1215.05
1216.84
1222.82
1244.12
1280.74
1295.72
1303.37
1316.92
1324.77
1327.70
1334.58
1344.98
1357.02
1372.24
1385.89
1401.89
1409.50
1423.73
1438.36
1451.07
1456.57
1466.86
1468.25
1506.42
1509.03
1520.24
1555.96
1577.27
1589.99
1617.74
1642.31
1646.56
1734.39
1743.30
1783.35
1803.05
1820.01
1864.83
1877.97
1892.18
1916.86
3102.16
3129.99
3142.65
3173.09
3205.66
3215.22
3232.34
3240.09
3243.30
3252.10
3252.83
3265.59
3644.92
3676.82
3679.79
3718.83
3836.20
3904.87
3928.08
$end
