
$molecule
   O     1.84862195   2.22860961  -3.82426792
  O    -2.91830292   1.77256731  -3.44101749
  O     0.22858020   0.68037902  -3.95658670
  O     2.43736494  -1.37996756  -1.21702360
  O     2.97776273  -0.08100236  -2.93539744
  O    -1.09219893   0.56625469   4.91527183
  N    -1.16238230   2.45109438  -2.16957204
  N    -2.20431986  -3.39164552   0.30037732
  N    -0.90895187  -1.46803832   2.91456230
  N     1.28151234  -1.34162603   1.27014707
  N     0.81454949   1.48399893   4.11002411
  N     2.03283869   0.60094389   2.31325042
  N     2.76695922   2.52534907   3.38315748
  C     0.25204417   2.15932692  -2.09092993
  C     0.66215221   1.21245394  -0.98659751
  C     2.16672220   0.97752652  -0.95073197
  C    -2.10516270   1.50534345  -2.59225353
  C    -2.11615254   0.21180253  -1.84350366
  C     0.75669092   1.60247686  -3.40534254
  C    -2.21654757  -2.18374267  -0.41626711
  C    -1.84233301  -3.36269084   1.70416763
  C    -2.50078277   0.20375030  -0.51063822
  C    -1.81335822  -0.98549101  -2.47226893
  C    -2.56965410  -0.98214399   0.19377035
  C    -1.84382254  -2.16941150  -1.76177629
  C     2.57646837  -0.20361283  -1.80704405
  C    -0.73610733  -2.37606010   1.98164864
  C     0.00169359  -0.50484745   3.06434820
  C     0.39910888  -2.30540251   1.15809560
  C     1.11430294  -0.41046049   2.22379481
  C    -0.20181532   0.51303428   4.11783878
  C     1.86640641   1.50623994   3.23338772
  H     0.74910793   3.12273656  -1.93257739
  H     0.33318107   1.63858218  -0.03868253
  H     0.14436926   0.27225233  -1.11211045
  H     2.48209138   0.78697796   0.07383658
  H     2.70099200   1.84765525  -1.32337633
  H    -1.32813679   3.30816946  -2.68574104
  H    -1.55125311  -4.37895407   1.99629173
  H    -2.68997191  -3.06850365   2.32734203
  H    -2.75411080   1.13358095  -0.01420172
  H    -1.51109655  -0.98426230  -3.51139291
  H    -1.75129305  -4.13009336  -0.21663195
  H    -2.89058606  -0.97847806   1.22351569
  H    -1.56614573  -3.09664416  -2.24802056
  H     0.55751673  -3.04083216   0.37504514
  H     2.31360689   1.63950382  -4.43545976
  H     0.74717729   2.18784890   4.82788185
  H     2.14305559  -1.29863751  -0.28876952
  H     2.47897902   3.37332161   3.84220730
  H     3.44062952   2.61076779   2.63822050
$end
$temperature
298.15
$end
$mult
 1
$end
$sigma
 1
$end
$pressure
1.00000
$end
$scale
1.0
$end
$msrrho
$end
$freq
14.93
29.73
38.95
45.75
60.08
64.17
72.83
79.42
89.98
103.96
121.93
129.14
139.20
150.44
160.66
173.22
180.48
194.39
202.50
237.32
249.61
257.55
275.56
297.53
330.47
340.08
348.33
356.07
386.34
411.72
423.00
437.70
448.18
476.77
484.79
487.59
488.12
497.05
523.00
555.01
571.48
595.03
600.63
606.27
628.44
643.07
644.78
658.34
680.48
693.47
703.91
727.27
744.15
784.10
790.65
816.59
827.70
829.86
837.65
851.01
863.87
882.99
887.19
890.74
902.07
920.42
926.19
932.45
933.04
990.89
1006.32
1019.66
1051.02
1060.36
1073.39
1079.21
1092.55
1097.79
1117.86
1128.25
1147.05
1158.87
1160.18
1172.86
1196.53
1208.69
1216.25
1218.05
1239.30
1244.86
1251.38
1269.36
1291.24
1305.51
1314.80
1327.12
1327.96
1339.88
1347.28
1355.64
1385.37
1394.26
1400.89
1435.10
1445.88
1450.01
1458.52
1460.02
1467.99
1473.60
1489.86
1491.64
1513.28
1519.19
1563.05
1579.70
1625.79
1638.01
1646.35
1746.43
1755.46
1788.38
1795.39
1815.28
1857.30
1904.82
1910.39
1939.33
3087.42
3153.39
3165.26
3180.30
3190.31
3239.40
3242.67
3259.85
3262.36
3277.48
3311.12
3335.24
3651.41
3687.90
3707.65
3747.69
3808.14
3841.49
3898.68
$end
