
$molecule
   O     2.42851007   2.16822573  -6.43230343
  O    -0.24015675  -0.29440162  -4.77248083
  O     2.52528461   2.13114370  -4.19831332
  O    -2.52168969   2.03865821  -5.40988640
  O    -2.96362502   3.74093565  -6.78825950
  O     1.55095552   0.17931102   5.66632646
  N    -0.10766673   1.80914803  -3.93212853
  N     0.25099246  -1.61561481   1.47962399
  N     0.19464847  -1.78910168   4.12937619
  N    -0.79272386  -3.95733980   5.51197150
  N     1.17766236  -1.05459132   7.52943411
  N     0.03836572  -3.10513461   7.52819410
  N     0.84480757  -2.22072263   9.52111242
  C     0.38040478   2.33168957  -5.17457242
  C     0.02901745   3.79814468  -5.33285339
  C    -1.41679866   4.11412717  -5.01197405
  C    -0.11595232   0.41439238  -3.80616270
  C    -0.01969146  -0.07971157  -2.40742072
  C     1.89517728   2.18667569  -5.21511609
  C     0.13428888  -1.11876204   0.19516959
  C    -0.64685633  -2.60106947   2.00461642
  C    -0.68374952  -1.25317127  -2.06854768
  C     0.74375728   0.56136451  -1.43204793
  C    -0.62121619  -1.76478031  -0.78935491
  C     0.82364193   0.05228086  -0.15600598
  C    -2.38819449   3.29263869  -5.83514571
  C    -0.44370615  -2.73540075   3.49116603
  C     0.36199144  -1.89206979   5.45171418
  C    -0.94514165  -3.84207408   4.21621440
  C    -0.13125012  -2.98302189   6.17127888
  C     1.08335132  -0.81219575   6.15326395
  C     0.67154345  -2.16473557   8.15867082
  H    -0.05303271   1.73425645  -5.97655968
  H     0.66436326   4.38795793  -4.66745305
  H     0.25782035   4.11161074  -6.35486140
  H    -1.61677356   5.16475439  -5.22901441
  H    -1.61791071   3.94028143  -3.95452396
  H     0.27781518   2.27836374  -3.12771917
  H    -0.48725742  -3.57628752   1.52545662
  H    -1.70254138  -2.34761216   1.82001483
  H    -1.26389101  -1.76691323  -2.82665779
  H     1.31738505   1.44863626  -1.67139058
  H     0.60061168  -0.97433386   2.17553820
  H    -1.15420410  -2.67258737  -0.54764547
  H     1.42697392   0.55087042   0.59254724
  H    -1.47955774  -4.63646259   3.69640108
  H     1.74252924   2.15777992  -7.10791245
  H     1.62132771  -0.33119645   8.07186629
  H    -1.88578007   1.85262829  -4.70578533
  H     1.63171980  -1.73619408   9.92114616
  H     0.62442087  -3.12038923   9.92099341
$end
$temperature
298.15
$end
$mult
 1
$end
$sigma
 1
$end
$pressure
1.00000
$end
$scale
1.0
$end
$msrrho
$end
$freq
7.86
11.68
18.10
26.67
39.87
44.87
50.29
57.01
63.92
66.42
87.13
99.98
107.35
132.08
139.07
152.07
162.75
177.33
204.22
211.90
221.56
248.28
285.04
313.98
343.50
346.78
348.72
357.22
387.92
395.25
434.03
449.09
465.25
470.89
487.07
488.91
494.10
501.70
533.55
549.00
564.54
580.51
600.87
605.04
606.35
626.17
638.00
642.27
664.14
698.44
699.85
712.59
729.29
761.67
786.38
792.06
801.32
813.54
814.30
828.06
859.42
865.41
885.80
902.54
916.87
925.59
930.58
942.43
954.45
993.46
1028.09
1032.72
1041.87
1053.16
1059.38
1081.23
1085.57
1089.28
1098.49
1145.50
1147.15
1168.69
1178.57
1186.95
1190.48
1205.92
1213.17
1215.77
1219.13
1228.24
1254.16
1274.15
1281.31
1283.85
1304.97
1321.15
1336.24
1344.66
1347.71
1372.16
1374.79
1385.77
1397.91
1412.98
1434.52
1446.19
1457.21
1467.20
1475.41
1486.07
1487.84
1498.78
1520.64
1542.69
1566.87
1578.38
1612.92
1633.03
1646.22
1737.11
1753.99
1775.44
1789.40
1798.53
1870.58
1895.37
1916.72
1934.49
3036.27
3102.14
3114.19
3133.85
3180.00
3208.53
3215.50
3240.19
3243.81
3246.01
3254.77
3283.31
3692.29
3778.37
3814.75
3818.75
3825.81
3901.60
3962.65
$end
