
$molecule
   O    -2.07540504  -1.50224755  -1.77896564
  O    -0.52601996   0.66365842  -3.10272509
  O    -2.01168042  -2.22832069  -3.88535135
  O    -0.38571891  -6.02236852  -1.04651917
  O     1.12295561  -5.27911234   0.42627212
  O     0.80394586  -0.94672748   0.84899544
  N     0.55178410  -0.91050181  -1.88805319
  N     2.37110720   4.05082019   1.58252149
  N     1.03118402   1.42894232   2.36191809
  N    -1.31826372   2.67238886   3.07774667
  N    -1.42285975  -0.61931280   0.74467569
  N    -2.56337009   1.04503768   1.94313392
  N    -3.73810066  -0.46916681   0.60838285
  C     0.06777762  -1.96750124  -2.70996898
  C     0.48011643  -3.32547731  -2.17920819
  C    -0.10021604  -3.65175721  -0.82189563
  C     0.22054527   0.38655018  -2.19331124
  C     0.84504876   1.39753529  -1.28398161
  C    -1.43447030  -1.90676503  -2.88977225
  C     1.90916535   3.23476651   0.51819612
  C     2.35700611   3.34683302   2.87604915
  C     2.11325936   1.20572346  -0.75084221
  C     0.14205745   2.54891197  -0.96283325
  C     2.64342971   2.12026908   0.13281617
  C     0.66475652   3.45958448  -0.06646156
  C     0.28418690  -5.05445861  -0.39755122
  C     1.06186491   2.59089568   2.96892714
  C    -0.14506407   0.88723053   2.05793061
  C    -0.14903611   3.19376734   3.36491096
  C    -1.34930770   1.53064733   2.36595342
  C    -0.15661234  -0.30930385   1.20551922
  C    -2.56254247   0.02959764   1.14148626
  H     0.46385877  -1.85477301  -3.72731701
  H     0.17567960  -4.07536299  -2.91325042
  H     1.56968106  -3.35593594  -2.12262540
  H    -1.18620236  -3.57981477  -0.84043800
  H     0.28052721  -2.97586579  -0.06344423
  H     0.89632677  -1.09715738  -0.95724796
  H     2.47699915   4.08475191   3.67557719
  H     3.18185656   2.63583603   2.91824732
  H     2.68850563   0.32815695  -1.01209165
  H    -0.83827126   2.70869580  -1.39585696
  H     1.81165227   4.89296002   1.64044336
  H     3.61558492   1.95318210   0.57394206
  H     0.08333064   4.32560022   0.22317729
  H    -0.13747733   4.13554993   3.91201582
  H    -2.99603281  -1.31476428  -2.00464278
  H    -1.48806989  -1.22790939  -0.05981900
  H    -1.00242713  -5.64484207  -1.68032791
  H    -4.55288950  -0.06477423   1.04986722
  H    -3.77415591  -1.47367185   0.51579632
$end
$temperature
298.15
$end
$mult
 1
$end
$sigma
 1
$end
$pressure
1.00000
$end
$scale
1.0
$end
$msrrho
$end
$freq
25.34
30.20
35.82
38.44
47.42
69.71
74.13
85.59
97.77
101.89
112.57
116.86
137.98
148.31
152.94
184.38
187.93
189.72
207.30
234.93
257.87
272.35
297.43
310.48
322.01
353.82
373.59
393.04
398.19
422.61
436.02
448.88
454.16
466.72
480.14
487.38
497.85
524.38
535.61
557.92
577.25
605.76
611.34
620.07
638.12
642.02
651.61
665.06
681.80
691.30
699.61
725.55
728.74
772.03
775.34
802.43
810.96
823.35
825.87
832.73
854.05
858.10
873.30
903.47
911.14
930.56
939.61
941.44
944.85
981.35
1008.55
1025.31
1029.45
1056.25
1061.62
1066.61
1091.81
1098.51
1103.91
1127.66
1139.28
1165.44
1168.25
1184.32
1201.92
1206.96
1212.99
1216.20
1219.88
1233.00
1245.45
1284.25
1302.89
1310.23
1317.00
1329.32
1333.27
1338.13
1342.77
1362.92
1366.19
1387.79
1395.18
1413.96
1419.07
1447.37
1449.84
1461.06
1464.30
1465.97
1478.03
1487.79
1515.57
1559.60
1571.72
1579.27
1618.46
1627.90
1646.08
1739.25
1751.93
1796.93
1800.78
1819.30
1856.90
1879.99
1925.35
1928.13
3109.82
3117.65
3144.90
3186.21
3199.07
3211.14
3220.27
3249.95
3255.63
3276.92
3284.57
3293.03
3654.85
3677.07
3755.31
3774.19
3785.61
3935.76
3985.37
$end
