
$molecule
   O     0.00039305  -0.84351838  -2.72495302
  O     3.61971781  -1.46377939   0.39987177
  O     0.92145390  -2.49502105  -3.89896782
  O    -0.14734998  -3.23465071  -0.99577999
  O     0.24014012  -5.24099945  -1.88966351
  O     0.43347917   1.28030521  -0.57602355
  N     1.63153832  -1.20748607  -0.72182349
  N    -0.49894674   1.97627687   4.09512245
  N    -1.35208646   2.04822974   1.45858413
  N    -3.85471755   2.86568037   0.67348855
  N    -1.12832668   1.79290743  -2.12053663
  N    -3.26789194   2.60182545  -1.58743803
  N    -2.67724428   2.21058986  -3.80760417
  C     2.12367452  -1.67967007  -1.98604994
  C     2.79367125  -3.03387534  -1.90020959
  C     2.09698425  -4.02599757  -1.00087069
  C     2.48163314  -1.07959653   0.37555409
  C     1.76898185  -0.39058727   1.49394775
  C     0.97300156  -1.73983668  -2.97346253
  C     0.28652793   1.12695336   3.29986534
  C    -1.90836082   2.06910611   3.81934152
  C     0.51905313  -0.82300797   1.91605732
  C     2.30896057   0.75827926   2.04781580
  C    -0.19933025  -0.09338035   2.83629391
  C     1.57462030   1.51586567   2.93613148
  C     0.64310726  -4.25056705  -1.34854578
  C    -2.25017913   2.32144471   2.36283547
  C    -1.66602921   2.13461760   0.16770915
  C    -3.53167652   2.75473854   1.93992934
  C    -2.93364890   2.53694134  -0.25645320
  C    -0.66636974   1.70501987  -0.81636798
  C    -2.38697838   2.22950313  -2.46262193
  H     2.84392909  -0.97047605  -2.42175907
  H     2.85672020  -3.43495595  -2.91164800
  H     3.80888714  -2.89864231  -1.52860844
  H     2.15745379  -3.70342534   0.03657733
  H     2.59553847  -4.99293315  -1.07802455
  H     1.01498847  -0.40039524  -0.78989448
  H    -2.33347714   2.86248050   4.44601754
  H    -2.40745815   1.13710275   4.11332019
  H     0.09621993  -1.74126256   1.52810818
  H     3.29838147   1.08500040   1.74917030
  H    -0.06634032   2.88314251   4.19372991
  H    -1.16874840  -0.44026167   3.15937798
  H     1.98225483   2.44095876   3.32336796
  H    -4.29290670   3.00911354   2.67719616
  H    -0.74190261  -1.08939853  -3.29548021
  H    -0.52095737   1.39302778  -2.81774982
  H     0.38723513  -2.50149215  -0.65022663
  H    -1.91546670   2.35832948  -4.45097385
  H    -3.54215270   2.67777657  -4.03767673
$end
$temperature
298.15
$end
$mult
 1
$end
$sigma
 1
$end
$pressure
1.00000
$end
$scale
1.0
$end
$msrrho
$end
$freq
17.69
25.24
34.35
47.83
60.77
63.92
72.57
77.41
99.16
105.78
115.23
134.03
148.39
160.17
163.41
171.56
186.23
200.37
231.45
248.39
265.79
276.89
303.21
310.25
352.41
361.07
367.91
370.92
387.46
397.31
437.98
451.01
460.76
481.11
484.98
518.91
529.62
546.47
559.00
564.66
587.32
610.92
614.63
620.53
627.13
627.93
637.27
670.75
687.04
695.31
711.69
716.45
750.03
766.00
806.89
809.14
817.49
821.08
835.32
838.05
859.47
870.95
884.62
897.72
917.18
928.85
934.93
942.34
965.09
999.25
1008.29
1024.85
1029.48
1047.03
1054.10
1076.70
1092.07
1095.90
1099.69
1142.42
1150.07
1163.72
1175.57
1181.29
1197.89
1205.37
1213.23
1215.92
1217.86
1247.50
1252.39
1278.16
1292.58
1297.88
1322.87
1329.40
1341.30
1349.77
1359.71
1368.83
1380.82
1402.21
1409.18
1420.64
1440.54
1444.36
1451.07
1456.11
1460.03
1469.54
1478.54
1487.48
1513.86
1556.81
1572.79
1578.35
1607.20
1635.58
1647.41
1738.67
1765.12
1792.37
1801.53
1817.97
1885.65
1896.21
1919.53
1934.77
3068.89
3095.22
3148.10
3149.08
3160.76
3203.68
3231.33
3242.14
3244.15
3249.65
3259.36
3297.67
3657.60
3678.81
3741.10
3803.07
3810.21
3823.43
3897.07
$end
