
$molecule
   O     6.07927154   0.84340154   4.88459595
  O     0.89905614   0.61874662   4.27816565
  O     5.37324312   0.43808560   2.81027724
  O     0.91587607  -1.11874655   6.26421403
  O     2.47756950  -2.25327385   7.39065316
  O    -5.35990232   0.45396483  -3.36155444
  N     2.89237928   0.95586281   3.25003746
  N    -0.99954381  -0.32156479  -1.71133437
  N    -2.61097986  -0.11052372  -3.80618866
  N    -1.89304981  -0.75221301  -6.38678236
  N    -5.76200021   0.10516169  -5.56398889
  N    -4.10245998  -0.48408032  -7.11392258
  N    -6.30934864  -0.24493008  -7.80327429
  C     3.74685538   1.20608001   4.37339562
  C     3.28959491   0.54123934   5.65078196
  C     3.17146836  -0.95673673   5.51750857
  C     1.56580303   0.67375339   3.25553758
  C     0.96062367   0.42013679   1.91705132
  C     5.14980660   0.77692705   3.93873746
  C    -0.33556703  -0.06371656  -0.53104071
  C    -0.34153477  -0.34117645  -2.98326960
  C     1.69100140   0.12148846   0.77084306
  C    -0.43199444   0.46201860   1.82142628
  C     1.05888746  -0.11902409  -0.43228969
  C    -1.07218322   0.23358066   0.62819843
  C     2.15710202  -1.51949655   6.49329294
  C    -1.36580407  -0.39513812  -4.08640230
  C    -3.52250837  -0.13815064  -4.78352006
  C    -1.01354921  -0.72347631  -5.41676491
  C    -3.17881857  -0.45918339  -6.09894302
  C    -4.92450926   0.17430800  -4.44354358
  C    -5.33838923  -0.20774443  -6.83168162
  H     3.81622399   2.29295379   4.56027872
  H     3.96466484   0.79194775   6.47154459
  H     2.33486142   0.98133884   5.90664347
  H     4.12272740  -1.45190053   5.70538883
  H     2.85186772  -1.22057468   4.51420305
  H     3.37889453   0.90733208   2.37059077
  H     0.33062470  -1.20581139  -3.06820524
  H     0.29257689   0.54557893  -3.13918369
  H     2.77171781   0.04910623   0.79392658
  H    -1.00744569   0.68345570   2.71186310
  H    -1.97047567  -0.05168725  -1.75366628
  H     1.64831263  -0.35860699  -1.30514088
  H    -2.15262888   0.27755440   0.56893436
  H     0.02016190  -0.96389988  -5.66283167
  H     5.69405072   1.10608643   5.72598203
  H    -6.74074391   0.26646659  -5.38933938
  H     0.85378576  -0.48618435   5.51810471
  H    -5.94332349  -0.30031046  -8.74174026
  H    -7.13224833   0.32157497  -7.67756849
$end
$temperature
298.15
$end
$mult
 1
$end
$sigma
 1
$end
$pressure
1.00000
$end
$scale
1.0
$end
$msrrho
$end
$freq
9.12
10.78
18.00
24.78
33.98
44.79
49.41
59.70
76.82
89.30
93.14
110.66
132.32
136.05
149.93
151.86
162.80
194.05
209.69
223.52
239.48
258.43
294.09
315.98
333.78
346.38
355.77
381.24
387.98
399.52
445.77
451.16
471.45
475.65
482.87
493.95
513.91
530.98
532.87
543.80
555.76
565.99
583.73
601.34
606.22
615.27
639.64
642.56
661.70
676.08
699.06
705.14
723.14
772.27
775.99
788.75
813.45
817.21
826.38
851.75
854.47
880.65
911.99
915.27
923.28
931.03
931.35
946.31
967.66
992.20
993.32
1027.29
1032.73
1045.21
1068.91
1083.16
1087.28
1098.24
1114.43
1134.61
1145.42
1172.80
1177.34
1190.84
1195.62
1206.48
1208.92
1216.65
1219.37
1227.74
1272.42
1281.95
1299.14
1299.42
1313.77
1322.42
1343.69
1345.59
1349.23
1364.23
1379.45
1395.38
1396.97
1415.22
1435.70
1456.53
1473.68
1475.63
1479.91
1487.59
1488.86
1498.57
1520.95
1566.48
1578.52
1595.24
1613.31
1633.63
1659.70
1736.83
1754.05
1766.50
1788.79
1795.76
1818.13
1895.95
1908.08
1926.55
3035.89
3048.61
3112.40
3143.03
3180.09
3208.22
3245.41
3250.10
3261.50
3270.59
3283.22
3309.87
3612.88
3693.48
3782.81
3814.10
3827.06
3852.34
3992.99
$end
