
$molecule
   O    -6.09969757   1.00692473  -2.31907748
  O    -3.39201388  -0.11408703  -3.31470056
  O    -6.25124676   1.86879323  -4.37808603
  O    -2.06636314   3.84553577  -6.53865093
  O    -0.28625722   3.33182409  -5.28939671
  O     2.72639580  -0.02989250   5.33447978
  N    -3.57613967   1.75269894  -2.05634036
  N     0.82133358  -1.54286862   1.28459578
  N     2.80642486  -1.69574816   3.03392155
  N     4.78465858  -3.61141637   2.97589112
  N     4.53191773  -1.12340442   6.15798891
  N     5.60047841  -2.89356265   5.04989297
  N     6.37128372  -2.18190369   7.12423600
  C    -4.34056976   2.43820817  -3.06988971
  C    -3.59201384   2.65087334  -4.35974454
  C    -2.38446293   3.54369227  -4.17498700
  C    -3.03883332   0.50291574  -2.34056606
  C    -2.03495718   0.00433193  -1.36098695
  C    -5.66334025   1.72283452  -3.34550352
  C    -0.10114519  -1.03857584   0.39116216
  C     1.92500115  -2.35967927   0.87451921
  C    -1.19467765  -1.03081147  -1.75724738
  C    -1.90383744   0.50539596  -0.06529404
  C    -0.23948939  -1.54432793  -0.90632339
  C    -0.96034892  -0.00420127   0.79643092
  C    -1.46121954   3.55469417  -5.37790399
  C     2.89837581  -2.50927298   2.01436843
  C     3.67944543  -1.80907624   4.04009480
  C     3.91956619  -3.48875522   2.00040769
  C     4.69139979  -2.77181658   4.02869592
  C     3.55054294  -0.88911442   5.18692928
  C     5.50446202  -2.08768533   6.06199918
  H    -4.62028100   3.40929427  -2.63548296
  H    -3.28668386   1.68106266  -4.73649823
  H    -4.29018657   3.07500640  -5.07901402
  H    -1.77637647   3.20950893  -3.33861876
  H    -2.68936833   4.57670753  -3.97724829
  H    -3.05026536   2.32280053  -1.41635766
  H     2.46114089  -1.93479471   0.01185773
  H     1.58432726  -3.35327955   0.55322978
  H    -1.29841327  -1.43168232  -2.75870568
  H    -2.55572905   1.29199746   0.29533612
  H     1.01130293  -0.98142856   2.10086697
  H     0.40443415  -2.34374286  -1.24231595
  H    -0.87035512   0.38904005   1.80158175
  H     4.00559282  -4.17359099   1.15748819
  H    -5.42163768   1.01002741  -1.63462645
  H     4.47271678  -0.55398560   6.98663741
  H    -3.01566366   3.93179599  -6.41003107
  H     6.53990270  -1.35692963   7.67646916
  H     7.17087049  -2.77032987   6.94451693
$end
$temperature
298.15
$end
$mult
 1
$end
$sigma
 1
$end
$pressure
1.00000
$end
$scale
1.0
$end
$msrrho
$end
$freq
8.63
11.48
17.28
20.26
26.08
40.28
42.89
53.03
63.33
79.05
89.25
98.38
110.25
125.59
133.22
152.25
155.03
162.93
192.59
210.76
240.15
258.76
279.18
301.64
336.69
347.09
359.29
363.63
387.83
392.74
447.07
458.97
467.76
470.73
482.76
487.69
495.11
499.87
512.99
534.08
548.41
562.27
582.52
587.90
601.68
606.13
617.85
631.16
639.76
661.79
672.08
699.94
702.99
719.64
753.21
778.56
783.03
794.30
814.00
826.48
836.08
860.18
883.41
889.40
915.72
926.49
931.05
942.89
950.87
990.76
993.45
1032.49
1045.24
1058.21
1064.74
1082.28
1087.00
1098.28
1127.26
1145.51
1148.49
1157.02
1173.74
1190.68
1200.05
1205.78
1206.37
1213.73
1219.43
1225.34
1233.60
1255.61
1283.42
1285.47
1303.89
1324.06
1336.82
1345.23
1346.36
1348.23
1376.14
1388.80
1395.63
1410.25
1416.56
1454.57
1457.12
1459.14
1473.70
1486.60
1493.79
1499.30
1520.68
1538.88
1568.68
1578.45
1612.77
1633.31
1648.58
1737.04
1754.34
1773.77
1789.22
1797.05
1868.49
1894.74
1915.06
1933.38
3038.77
3102.06
3103.59
3113.99
3187.96
3208.45
3239.87
3241.19
3247.00
3253.60
3283.95
3291.06
3692.57
3780.10
3814.55
3826.15
3831.87
3973.39
3989.48
$end
