
$molecule
   O    -2.64267864   4.85072208  -3.40296848
  O     0.80111917   2.69194696  -0.24776099
  O    -2.49274674   2.64678285  -3.75261639
  O     2.17390447   2.68637387  -2.69536127
  O     1.00585544   2.27801204  -4.54866041
  O    -2.49185165  -2.30846566   1.64098407
  N    -0.69077645   2.27946605  -1.88999749
  N     1.36706914  -3.68006952  -0.70106181
  N     0.16148663  -3.31825095   1.66818041
  N     1.44881567  -3.33563333   4.09949090
  N    -2.35099703  -1.96235465   3.87564170
  N    -0.44807045  -2.45734981   5.15677435
  N    -2.32919809  -1.53748161   6.16844315
  C    -1.16303919   3.61980278  -2.01726085
  C    -0.06354843   4.63390203  -2.24596906
  C     0.70997570   4.39924231  -3.51890422
  C     0.21625926   1.88841107  -0.95236322
  C     0.48285174   0.42274365  -0.91124053
  C    -2.16377115   3.63043120  -3.14996433
  C     1.08976015  -2.30552427  -0.77225550
  C     2.08066838  -4.14600373   0.46058945
  C     1.70272135  -0.00745876  -0.40713052
  C    -0.43304764  -0.52899949  -1.34938327
  C     2.00924689  -1.35008062  -0.34254479
  C    -0.13608222  -1.87178221  -1.27922257
  C     1.29528711   3.01123087  -3.64526025
  C     1.39950436  -3.73285128   1.74692384
  C    -0.45679975  -2.89332563   2.76862501
  C     2.04489163  -3.73915483   3.00207235
  C     0.17936045  -2.89250201   4.01365045
  C    -1.83738578  -2.38628187   2.64302149
  C    -1.66286018  -2.01506247   5.06246459
  H    -1.70881350   3.92164959  -1.11099081
  H    -0.50666548   5.63145806  -2.27983547
  H     0.59154020   4.60008028  -1.38094542
  H     1.53445067   5.11663113  -3.58768704
  H     0.07610035   4.54276742  -4.39100103
  H    -1.04288231   1.61315708  -2.55548942
  H     3.10733838  -3.76805962   0.46169490
  H     2.14706117  -5.24092455   0.40742931
  H     2.41796220   0.72907409  -0.06399876
  H    -1.40597311  -0.23366769  -1.72172341
  H     0.51689449  -4.21044467  -0.83696987
  H     2.96877795  -1.66234432   0.04067137
  H    -0.87324575  -2.60234326  -1.58446570
  H     3.07440706  -4.08584634   3.08568260
  H    -3.28365993   4.76989133  -4.12270442
  H    -3.27220003  -1.55650013   3.85091215
  H     2.05615630   3.21885581  -1.90065322
  H    -1.86859629  -1.75673843   7.03898640
  H    -3.33457651  -1.59713084   6.17415203
$end
$temperature
298.15
$end
$mult
 1
$end
$sigma
 1
$end
$pressure
1.00000
$end
$scale
1.0
$end
$msrrho
$end
$freq
2.26
7.02
12.88
18.41
31.52
34.66
51.50
61.43
65.25
75.56
102.60
111.01
141.28
147.53
152.08
160.02
170.83
197.11
203.01
241.98
262.93
277.69
308.06
329.97
341.45
347.99
361.22
365.27
388.06
391.49
436.74
445.67
449.10
455.86
468.06
488.91
516.01
533.66
542.07
548.67
550.95
580.32
586.66
596.99
604.36
616.79
619.68
635.33
654.36
672.49
681.50
700.38
708.55
734.61
748.62
775.77
787.70
801.81
815.06
826.69
855.90
869.65
875.87
891.24
921.77
928.74
932.85
941.96
973.54
993.70
997.37
1028.62
1029.80
1051.28
1060.07
1085.00
1091.24
1098.05
1100.10
1133.26
1147.78
1168.00
1176.88
1178.78
1182.63
1199.89
1207.35
1211.04
1217.26
1223.93
1240.61
1274.67
1283.43
1292.04
1298.93
1328.58
1336.09
1345.89
1347.76
1357.85
1370.89
1388.81
1401.65
1412.37
1436.46
1446.60
1449.43
1459.77
1471.85
1478.41
1484.21
1503.10
1515.39
1570.04
1578.31
1589.19
1611.90
1631.80
1653.18
1737.99
1756.47
1789.30
1791.24
1809.73
1826.45
1895.88
1914.03
1927.48
3073.13
3105.21
3107.12
3146.16
3166.94
3206.17
3229.60
3255.13
3262.75
3266.78
3272.77
3294.03
3689.33
3722.07
3817.46
3822.79
3860.07
3897.73
3965.34
$end
