
$molecule
   O     0.50933410  -4.46413792  -1.36295243
  O     2.00469924  -2.64418147   2.51457294
  O    -1.62927339  -4.38917448  -0.71086253
  O    -0.60814405   0.26823764   1.13791366
  O    -0.40966411  -0.74552815  -0.80078358
  O    -0.11400403   0.74558620  -3.71240027
  N     1.12423600  -2.62973013   0.41623655
  N     2.60105858   3.48118356   0.68990766
  N     0.36833736   2.59905305  -1.61858642
  N    -1.60521871   2.84252856   0.28262975
  N    -2.11669858   0.25587607  -2.78177856
  N    -2.86159237   1.17229973  -0.75876773
  N    -4.06360147  -0.52799367  -1.77485627
  C     0.04470796  -3.51873983   0.76224637
  C    -1.05869395  -2.84544705   1.54923617
  C    -1.82344838  -1.77815222   0.79421984
  C     1.85059850  -2.07215266   1.46371664
  C     2.27220362  -0.66361967   1.20789498
  C    -0.46788266  -4.16770063  -0.51541557
  C     2.56805871   2.09290083   0.85417451
  C     1.87583397   4.06205411  -0.43226010
  C     2.41723146  -0.12484078  -0.06503916
  C     2.35854956   0.18450232   2.30465125
  C     2.58112089   1.23004179  -0.24017019
  C     2.49905717   1.54386954   2.13735109
  C    -0.90776474  -0.69796183   0.29463182
  C     0.52720817   3.41913744  -0.60549264
  C    -0.75815563   1.90148073  -1.71475786
  C    -0.49798573   3.54435917   0.34619046
  C    -1.75550364   1.98666130  -0.74103977
  C    -0.89967363   0.94775561  -2.83261877
  C    -3.00633559   0.34698768  -1.75148219
  H     0.45859598  -4.32273959   1.38400912
  H    -1.77339730  -3.60692430   1.86924403
  H    -0.60639359  -2.42518262   2.44764253
  H    -2.59210139  -1.34065349   1.43555538
  H    -2.30768119  -2.20707932  -0.07616836
  H     0.87364913  -1.96459524  -0.29917916
  H     2.42848763   3.91766552  -1.36131841
  H     1.79219477   5.13843366  -0.24468667
  H     2.39171077  -0.75473445  -0.94386947
  H     2.26847698  -0.23505559   3.29931972
  H     2.42410322   3.96102139   1.56017382
  H     2.67585910   1.63043392  -1.23673329
  H     2.51976680   2.19802487   3.00015624
  H    -0.38728255   4.23333938   1.18127773
  H     1.33934593  -4.12483283  -1.00232735
  H    -2.22882539  -0.46792731  -3.47274625
  H    -1.15452714   0.24216691   1.92878202
  H    -4.32357577  -0.94484894  -2.65322675
  H    -4.81700064  -0.28166682  -1.15221454
$end
$temperature
298.15
$end
$mult
 1
$end
$sigma
 1
$end
$pressure
1.00000
$end
$scale
1.0
$end
$msrrho
$end
$freq
19.66
32.80
42.81
51.44
55.17
64.73
68.18
77.85
90.62
108.80
123.50
130.56
143.53
168.75
172.94
181.47
186.56
219.72
232.29
263.96
272.41
285.29
300.50
326.09
343.47
356.01
363.01
383.54
391.92
420.44
442.98
453.10
464.28
474.55
484.30
493.08
506.45
512.59
541.76
555.09
586.53
590.54
597.54
604.72
615.34
618.50
630.50
651.52
659.99
681.83
692.05
708.80
721.75
781.75
787.88
796.04
808.69
821.41
837.31
842.57
865.34
877.12
884.66
897.06
915.01
923.60
932.66
940.86
987.18
1005.12
1010.61
1015.15
1031.95
1057.49
1062.44
1066.10
1093.95
1101.25
1109.13
1130.75
1137.50
1161.50
1164.97
1176.06
1190.94
1203.48
1211.01
1214.36
1219.20
1225.14
1252.51
1259.71
1280.46
1297.02
1320.38
1325.73
1343.36
1347.80
1352.86
1363.91
1370.89
1393.72
1398.89
1415.95
1437.16
1449.34
1454.32
1461.83
1464.13
1472.57
1478.53
1504.84
1529.21
1552.74
1574.28
1584.15
1625.74
1643.19
1646.27
1747.77
1756.17
1791.10
1792.63
1813.85
1865.23
1908.12
1919.98
1934.83
3099.31
3127.55
3137.19
3140.41
3210.89
3213.11
3220.15
3242.45
3256.83
3275.67
3284.16
3322.14
3706.15
3739.86
3815.24
3822.76
3839.50
3911.97
4004.63
$end
