
$molecule
   O    -0.77125227   2.27889252  -5.45150452
  O     0.09148052   3.84011249  -2.54947667
  O     0.84891927   1.26598618  -6.60716500
  O     3.30367722   4.37331192  -8.18674196
  O     1.69317950   4.52386237  -6.65419740
  O     0.72917896  -5.00302615   5.07488373
  N     1.12531362   2.01338364  -3.41034788
  N    -1.11041552  -0.32352931   2.16217143
  N    -1.02535038  -3.07034222   3.92626546
  N    -3.06340920  -2.16035332   5.55428818
  N    -0.45303340  -4.89125383   7.00050937
  N    -2.33266372  -3.52377362   7.30629694
  N    -1.57292733  -4.86584498   9.04554445
  C     1.41404599   2.61315169  -4.68119786
  C     2.88217054   2.48708648  -5.00273355
  C     3.28830073   2.74786294  -6.43494577
  C     0.38642072   2.67267569  -2.45760993
  C     0.00452480   1.83076418  -1.27442731
  C     0.49966162   1.97943468  -5.70300172
  C    -0.76853898   0.37089328   0.99890288
  C    -1.70487806  -1.64176678   2.08967231
  C    -0.17192644   0.45583079  -1.33775528
  C    -0.22728391   2.47210876  -0.05990362
  C    -0.55608633  -0.26738266  -0.22220652
  C    -0.59962388   1.76189518   1.05853817
  C     2.67232712   3.97330193  -7.07023312
  C    -1.88436918  -2.18446359   3.47896142
  C    -1.16157395  -3.52303776   5.17595056
  C    -2.92000696  -1.73341391   4.32198923
  C    -2.18464162  -3.06959641   6.01853933
  C    -0.19251667  -4.52367215   5.67230276
  C    -1.48761623  -4.39960484   7.75452437
  H     1.11586938   3.65679829  -4.61566404
  H     3.41197133   3.16940787  -4.33451651
  H     3.21056144   1.47534523  -4.75391577
  H     2.99630733   1.91057262  -7.07034171
  H     4.37859149   2.83310304  -6.48572176
  H     1.36000407   1.05138186  -3.26004304
  H    -1.04014963  -2.31496063   1.54975325
  H    -2.67174162  -1.63188818   1.56570170
  H    -0.03883577  -0.07836905  -2.27068425
  H    -0.11144279   3.54810528  -0.00828098
  H    -1.54143261   0.27385379   2.85091705
  H    -0.69284037  -1.33561755  -0.30297493
  H    -0.76626933   2.27603437   1.99711337
  H    -3.64287234  -1.00618451   3.95492721
  H    -1.31899414   1.85174067  -6.12283281
  H     0.20111592  -5.53800097   7.41026525
  H     4.03981666   3.78733447  -8.38872535
  H    -1.20132711  -5.78030024   9.24491545
  H    -2.43941851  -4.62784956   9.50421538
$end
$temperature
298.15
$end
$mult
 1
$end
$sigma
 1
$end
$pressure
1.00000
$end
$scale
1.0
$end
$msrrho
$end
$freq
7.39
9.81
14.43
15.96
23.72
28.20
31.26
43.31
51.52
59.90
64.70
87.85
94.43
125.76
147.60
161.29
165.20
188.83
216.52
227.55
232.18
248.83
276.58
290.24
320.30
335.85
344.69
355.22
376.71
388.47
412.77
433.16
444.89
461.00
478.15
482.77
493.56
509.90
521.49
538.30
547.66
551.47
558.81
588.60
596.19
600.12
603.26
614.29
651.12
663.54
666.76
694.18
702.11
722.56
754.75
776.67
790.21
817.72
821.30
832.50
851.16
857.30
876.19
886.18
911.50
916.67
929.41
935.94
949.06
992.60
1006.59
1019.52
1041.39
1058.29
1063.70
1086.38
1097.25
1098.69
1133.30
1149.57
1152.39
1162.45
1168.15
1175.82
1189.40
1190.01
1204.86
1215.70
1217.01
1232.11
1239.12
1258.09
1273.48
1292.24
1296.42
1308.37
1323.85
1335.61
1345.15
1346.50
1365.97
1378.39
1387.27
1400.33
1426.74
1451.75
1458.72
1470.27
1479.45
1487.22
1490.28
1505.22
1511.58
1559.14
1573.27
1577.68
1616.49
1631.26
1645.64
1734.21
1741.62
1782.53
1789.46
1806.41
1857.77
1898.66
1905.46
1931.65
3062.70
3100.82
3112.33
3186.68
3208.23
3211.46
3217.51
3241.00
3246.35
3255.58
3273.43
3286.60
3692.12
3764.04
3816.87
3825.58
3905.52
3917.74
3968.67
$end
