
$molecule
   O    -1.68702233   7.58191860  -0.90260408
  O     1.81004697   3.98216731  -1.85840764
  O    -2.08108330   5.74479301   0.30604015
  O    -3.38197768   5.73277166  -2.59884049
  O    -2.89336808   3.65307201  -1.96718385
  O     3.50001125  -5.06194740   2.16865832
  N    -0.16735975   4.35387484  -0.83608046
  N     0.49207308  -1.93520694   0.21348253
  N     0.85526664  -4.21196082   1.56036989
  N    -1.15291155  -6.04250259   2.01689755
  N     2.67399414  -7.05702403   2.85229332
  N     0.39510550  -7.60960956   2.81068871
  N     1.95714396  -9.15902710   3.56423390
  C    -0.26946683   5.70841677  -1.25445182
  C    -0.40867489   5.83825644  -2.76104917
  C    -1.32129099   4.78798625  -3.35296711
  C     0.86856097   3.55283686  -1.22580139
  C     0.72418681   2.12114151  -0.82357400
  C    -1.44032546   6.32472077  -0.52350937
  C     0.54682256  -0.58568187  -0.11204587
  C    -0.69469430  -2.52515623   0.75914113
  C    -0.51442435   1.51018374  -0.67040351
  C     1.87516281   1.35920291  -0.63379589
  C    -0.60465167   0.17525958  -0.32322443
  C     1.79511677   0.03281030  -0.27594695
  C    -2.60918173   4.64079767  -2.58129516
  C    -0.38626113  -3.90041947   1.29098951
  C     1.13121852  -5.42353581   2.05415412
  C    -1.40504586  -4.85256116   1.53020183
  C     0.12751900  -6.36436890   2.29495248
  C     2.53994488  -5.76048879   2.33877182
  C     1.62722430  -7.91711921   3.07181984
  H     0.61670359   6.28250250  -0.94901447
  H    -0.75048630   6.84482605  -3.00206948
  H     0.57799744   5.71827497  -3.20833490
  H    -0.84131666   3.81535563  -3.34120065
  H    -1.55587556   5.03179143  -4.39457189
  H    -0.91967116   3.98446530  -0.28328313
  H    -1.48343537  -2.59851193  -0.00101270
  H    -1.12590947  -1.92801430   1.57806604
  H    -1.42976369   2.06077104  -0.85197068
  H     2.84256912   1.82866335  -0.76855574
  H     1.34004074  -2.31884065   0.60368696
  H    -1.57734481  -0.28314615  -0.22122576
  H     2.69585446  -0.54787183  -0.11946605
  H    -2.44269586  -4.60603042   1.30837330
  H    -2.45172611   7.88621317  -0.39432726
  H     3.61748812  -7.36354814   3.02563141
  H    -2.96553328   6.42766482  -3.11661991
  H     1.15987487  -9.68971958   3.88175161
  H     2.79157166  -9.23844563   4.12262940
$end
$temperature
298.15
$end
$mult
 1
$end
$sigma
 1
$end
$pressure
1.00000
$end
$scale
1.0
$end
$msrrho
$end
$freq
10.74
14.46
24.64
29.50
37.91
51.45
56.84
73.99
79.40
85.30
93.11
102.83
123.15
137.49
141.67
151.67
162.92
169.01
196.66
211.83
232.80
268.25
276.50
301.15
328.33
347.81
356.56
360.72
385.39
389.68
440.40
449.39
454.35
462.79
484.39
488.89
497.42
499.31
538.25
543.68
550.88
566.51
585.69
594.80
600.65
608.04
614.82
632.10
640.26
660.93
670.33
697.23
703.50
719.94
771.19
780.11
791.66
801.97
814.60
826.64
841.27
857.95
889.67
897.24
918.08
928.29
930.83
947.95
967.59
993.58
997.08
1033.24
1049.31
1059.91
1066.35
1077.67
1083.74
1089.52
1099.51
1135.53
1145.88
1170.17
1181.05
1185.80
1190.40
1205.05
1206.39
1216.05
1219.16
1225.79
1231.81
1263.54
1281.51
1290.65
1299.81
1303.95
1338.91
1345.49
1346.47
1368.94
1372.11
1388.47
1395.54
1408.19
1432.20
1446.03
1451.57
1464.70
1482.04
1486.59
1494.96
1497.60
1519.62
1562.86
1578.07
1583.87
1612.82
1631.80
1649.69
1737.72
1753.80
1778.03
1790.77
1801.74
1839.34
1895.68
1924.06
1941.18
3035.23
3107.44
3116.20
3118.62
3148.18
3209.15
3223.20
3242.20
3250.35
3262.73
3268.56
3282.79
3689.49
3771.00
3815.98
3822.79
3883.63
3898.82
4001.39
$end
