
$molecule
   O     4.27521165   0.01986277  -4.64671713
  O     5.00313786   2.05643544   0.61598926
  O     5.13110420   2.00896894  -4.11971994
  O     4.65412473   4.06375373  -2.40914180
  O     2.96813989   4.19066931  -0.95095894
  O    -4.93418662   0.67208268   2.51717191
  N     4.56756844   1.38096922  -1.48922532
  N    -0.55876701  -0.97112671   1.59027685
  N    -3.17647236  -1.45641283   1.83721963
  N    -4.22739920  -3.99986353   1.96516292
  N    -6.58327161  -0.83865048   2.87662823
  N    -6.31080674  -3.15387191   2.61707694
  N    -8.35934252  -2.28989991   3.29741671
  C     3.70329393   0.92288351  -2.53000211
  C     2.38950669   1.67921133  -2.66038807
  C     2.53828012   3.13500180  -3.02693018
  C     4.27743969   1.46319840  -0.13878695
  C     3.01454821   0.79020612   0.29388567
  C     4.45841091   1.04819774  -3.83083829
  C     0.62774120  -0.40479956   1.13443575
  C    -0.99891031  -2.25441601   1.12756166
  C     2.81567635  -0.57040185   0.13103942
  C     2.01943760   1.55525946   0.89481573
  C     1.63871995  -1.16738111   0.54813385
  C     0.83930368   0.97158082   1.29872672
  C     3.40255390   3.85999184  -2.01891397
  C    -2.42533539  -2.48899209   1.55126429
  C    -4.44964095  -1.65449397   2.19203445
  C    -2.98041139  -3.78768999   1.62274812
  C    -5.00210043  -2.93593571   2.26110096
  C    -5.27678631  -0.47713605   2.52309483
  C    -7.05046330  -2.12885057   2.90721108
  H     3.46888457  -0.13816554  -2.39459953
  H     1.76668186   1.17510612  -3.40660321
  H     1.87518959   1.60768106  -1.70752427
  H     1.55590477   3.61116864  -3.00507140
  H     2.94265655   3.25836670  -4.02936686
  H     5.34597740   1.96235495  -1.74978970
  H    -0.36406996  -3.05569723   1.52742170
  H    -0.94546587  -2.35134433   0.03137287
  H     3.58830025  -1.18460498  -0.31752570
  H     2.16984140   2.62184533   1.01706863
  H    -1.31843827  -0.31989727   1.72353950
  H     1.50403328  -2.23177630   0.42211398
  H     0.06069339   1.57344653   1.75124119
  H    -2.36580381  -4.65610548   1.38873913
  H     4.76150340   0.19455875  -5.46547966
  H    -7.18576538  -0.08190759   3.15707179
  H     4.86767483   3.52705065  -3.19042996
  H    -8.71758401  -3.21903290   3.13541471
  H    -9.00051883  -1.53139792   3.13103450
$end
$temperature
298.15
$end
$mult
 1
$end
$sigma
 1
$end
$pressure
1.00000
$end
$scale
1.0
$end
$msrrho
$end
$freq
10.50
13.80
21.58
33.39
37.61
55.49
58.97
73.54
76.29
100.26
105.16
111.67
139.90
151.29
158.46
164.97
174.27
183.33
198.02
207.56
215.44
241.80
277.77
310.97
327.02
347.11
354.57
363.72
383.90
390.04
419.16
446.85
468.21
485.36
487.38
494.27
514.42
520.36
537.45
550.83
553.86
594.03
601.47
607.60
618.18
629.12
640.47
646.01
665.88
678.10
695.25
705.55
720.65
767.27
784.02
796.29
811.93
818.00
821.35
826.59
846.22
855.98
888.95
894.80
913.99
926.51
930.97
943.78
949.91
992.45
993.81
1015.66
1033.22
1045.40
1064.47
1083.47
1090.61
1099.02
1117.88
1126.64
1145.91
1167.82
1171.67
1188.91
1201.74
1204.76
1211.99
1218.64
1219.41
1228.64
1264.22
1282.50
1290.61
1298.59
1306.51
1310.36
1329.23
1346.59
1356.50
1368.38
1380.87
1388.53
1400.93
1428.25
1443.53
1452.20
1455.19
1465.46
1472.93
1488.97
1494.94
1496.76
1519.55
1552.33
1562.92
1578.18
1613.40
1632.35
1645.46
1737.39
1752.74
1783.92
1790.05
1808.02
1870.37
1893.05
1896.45
1928.03
3031.16
3110.00
3116.26
3137.86
3175.44
3209.13
3228.56
3236.41
3243.39
3253.82
3276.02
3279.88
3691.75
3766.60
3800.70
3815.20
3825.10
3857.44
3877.15
$end
