
$molecule
   O     0.06644318  -1.23465706   3.73207216
  O     3.44043231  -4.04046871   2.47075480
  O     0.92724343   0.30475688   2.36317164
  O     2.09332846   1.62670626   5.22552168
  O     4.25883710   2.11852830   5.48316290
  O    -5.03300853  -0.08247389  -2.23697389
  N     2.56509265  -2.37307329   3.73619949
  N    -0.38507776  -0.90883159  -1.69575888
  N    -2.32180941   0.51144112  -2.85590414
  N    -1.89830376   2.25062615  -4.95046490
  N    -5.69054614   1.31753320  -3.89163381
  N    -4.20475301   2.50083661  -5.26742435
  N    -6.49993160   2.70644552  -5.58129225
  C     2.40531420  -0.93238998   3.79162362
  C     3.56796322  -0.17988448   3.20068737
  C     3.48706877   1.32643643   3.34294731
  C     2.72979534  -3.06955835   2.53357279
  C     1.92913148  -2.53403714   1.39030048
  C     1.06310664  -0.53996542   3.19664081
  C     0.40088295  -1.44087559  -0.68110494
  C     0.05394070   0.23231765  -2.44553420
  C     2.53442463  -1.80902598   0.37805180
  C     0.55951744  -2.76146586   1.32937036
  C     1.78378762  -1.25909689  -0.64157974
  C    -0.19511385  -2.22585042   0.31281282
  C     3.35838618   1.74500880   4.77961534
  C    -1.10183214   0.81899758  -3.21279990
  C    -3.35076057   1.04769638  -3.52035555
  C    -0.90212638   1.71246779  -4.29160077
  C    -3.15723182   1.93360717  -4.58246249
  C    -4.71958961   0.67515492  -3.11230057
  C    -5.41281511   2.18976970  -4.91416794
  H     2.32830512  -0.69376863   4.85738691
  H     4.47908641  -0.54371331   3.68232851
  H     3.64045146  -0.41759090   2.14413727
  H     2.62757298   1.70744585   2.79865970
  H     4.39928222   1.77763111   2.94621299
  H     3.19319916  -2.74213083   4.43943578
  H     0.85238080  -0.04110783  -3.14811453
  H     0.47704523   1.01975370  -1.80286024
  H     3.60785086  -1.65985174   0.38203811
  H     0.07170551  -3.35396395   2.09218392
  H    -1.37479882  -0.88711616  -1.49719585
  H     2.27097071  -0.68484168  -1.41564357
  H    -1.26433604  -2.39254671   0.28344667
  H     0.10910643   1.97496396  -4.60014377
  H     0.43647345  -1.94584955   4.26740774
  H    -6.64600212   1.07013115  -3.69146678
  H     2.07311027   1.91949526   6.14645497
  H    -6.26713043   3.47299109  -6.19471889
  H    -7.36606984   2.79339338  -5.07469598
$end
$temperature
298.15
$end
$mult
 1
$end
$sigma
 1
$end
$pressure
1.00000
$end
$scale
1.0
$end
$msrrho
$end
$freq
8.72
14.48
22.13
23.64
33.66
41.95
43.52
53.52
72.09
83.33
99.57
115.40
124.30
130.84
151.50
162.58
172.38
175.35
199.24
210.00
220.25
247.10
286.27
301.59
325.49
348.16
356.18
362.48
389.13
405.67
442.95
452.30
468.49
484.49
485.78
493.69
524.01
539.69
544.80
552.56
570.15
588.54
596.48
600.28
605.44
617.08
623.22
629.33
641.24
658.80
680.76
696.94
708.18
726.80
753.78
801.16
814.63
815.77
826.65
828.03
842.86
865.82
879.17
887.81
904.91
915.52
927.67
930.88
950.68
993.28
998.41
1033.53
1045.19
1059.38
1073.50
1083.17
1086.92
1099.09
1100.11
1140.46
1145.78
1173.87
1179.23
1190.15
1204.25
1205.35
1215.62
1218.29
1219.44
1224.19
1226.54
1254.32
1268.61
1283.56
1303.62
1332.07
1333.82
1345.84
1346.32
1362.37
1372.83
1390.00
1400.97
1422.67
1427.32
1442.61
1452.66
1467.69
1478.16
1486.86
1488.33
1497.03
1518.07
1520.18
1567.75
1578.18
1612.78
1631.88
1648.40
1737.86
1754.45
1790.01
1791.30
1816.47
1865.35
1896.04
1902.01
1956.62
3039.49
3115.89
3132.27
3144.52
3177.62
3208.91
3243.62
3252.30
3264.69
3266.88
3274.21
3285.41
3689.45
3714.36
3762.93
3816.10
3822.75
3908.36
3959.93
$end
