
$molecule
   O     0.79800676  -7.00154918  -3.09980739
  O    -0.77081121  -4.19199615  -2.15201522
  O     1.63668303  -5.04375467  -3.77471168
  O     2.62031837  -6.57174870   2.01423825
  O     2.61156032  -4.47032893   1.26226998
  O     1.33245907   5.13290341   2.52109558
  N     1.26449696  -4.07701909  -1.20336468
  N    -1.03332916   1.79645302   0.09233244
  N    -0.69630553   4.37681122   0.67769394
  N    -2.45925086   6.35398869  -0.08006849
  N     0.49502315   7.23738221   2.54008130
  N    -1.37444146   7.90931879   1.29332947
  N    -0.25776038   9.44247628   2.63854557
  C     1.51442572  -5.46299509  -1.42314075
  C     0.69111792  -6.34808457  -0.51244859
  C     0.66096223  -5.82505862   0.91119869
  C     0.05028864  -3.54743892  -1.53497329
  C    -0.18691001  -2.14224524  -1.08469634
  C     1.31624903  -5.78690964  -2.89240966
  C    -0.75739240   0.50225716  -0.32841301
  C    -1.76050620   2.71429757  -0.73388479
  C    -1.19199684  -1.41963686  -1.71500252
  C     0.52854230  -1.52671526  -0.05856629
  C    -1.47560026  -0.11782592  -1.35396659
  C     0.24851535  -0.23073138   0.31606187
  C     2.04349948  -5.52504878   1.41287839
  C    -1.65689610   4.10652983  -0.16787625
  C    -0.58769931   5.61644415   1.16701544
  C    -2.55321778   5.13359051  -0.54686463
  C    -1.47054591   6.63267782   0.79487856
  C     0.50358291   5.90120789   2.11933731
  C    -0.42058770   8.17436549   2.13070730
  H     2.58166757  -5.62595240  -1.22762035
  H    -0.33062844  -6.38949912  -0.87945107
  H     1.09283083  -7.36190865  -0.53392891
  H     0.19877128  -6.56053653   1.57293428
  H     0.08691206  -4.90248500   0.96248536
  H     1.85281335  -3.59718919  -0.54683508
  H    -2.81831328   2.42850293  -0.80370984
  H    -1.38918800   2.73543285  -1.77063872
  H    -1.75631501  -1.89815039  -2.50631679
  H     1.30587376  -2.05634868   0.47797072
  H    -0.30535840   2.24037223   0.63213553
  H    -2.26016088   0.42173801  -1.86384462
  H     0.80734575   0.23593965   1.11794477
  H    -3.35702619   4.92155838  -1.25090683
  H     0.73474834  -7.12483319  -4.05634876
  H     1.24447528   7.50684193   3.15644814
  H     3.50816567  -6.30419782   2.28917362
  H     0.18440687   9.53858239   3.53824956
  H    -1.04350069  10.05051555   2.46280506
$end
$temperature
298.15
$end
$mult
 1
$end
$sigma
 1
$end
$pressure
1.00000
$end
$scale
1.0
$end
$msrrho
$end
$freq
10.63
11.14
18.49
26.40
30.71
38.53
46.21
51.61
66.82
78.68
95.41
107.20
123.53
134.58
140.43
151.51
161.54
164.53
205.70
212.91
219.60
236.43
291.39
332.41
347.49
349.57
357.43
365.48
389.03
408.50
443.67
446.95
459.05
464.64
476.28
484.45
488.39
510.97
531.41
538.95
551.46
574.05
591.80
597.03
598.35
603.66
606.86
630.77
638.25
653.22
663.26
700.48
701.91
720.18
777.74
783.44
799.41
813.70
818.21
828.62
840.00
856.25
884.68
888.48
917.00
922.78
930.32
943.35
955.09
993.47
1027.26
1033.10
1051.18
1063.00
1069.32
1083.75
1088.02
1090.78
1099.18
1125.40
1145.74
1169.61
1172.73
1190.32
1202.42
1205.35
1210.55
1216.05
1219.09
1226.90
1231.93
1257.13
1276.91
1285.08
1307.15
1326.07
1335.21
1346.54
1354.59
1356.31
1373.41
1386.19
1396.37
1409.52
1432.50
1443.76
1453.52
1464.06
1487.11
1490.92
1496.77
1501.64
1519.73
1560.25
1577.07
1578.18
1612.81
1632.17
1653.74
1737.61
1753.90
1778.28
1790.49
1802.20
1846.92
1886.52
1895.51
1922.15
3035.01
3115.46
3136.53
3140.10
3155.86
3208.94
3239.17
3242.78
3254.34
3256.51
3260.02
3281.98
3690.67
3771.77
3815.99
3824.07
3884.21
3893.20
3909.99
$end
