
$molecule
   O    -2.20634561  -2.86335742  -5.88075099
  O    -2.29101848  -0.79836348  -4.23807163
  O    -0.38512038  -3.78026150  -6.81208349
  O     0.35013300   1.21905462  -4.92032040
  O     1.01254732   1.59596876  -7.02283138
  O     1.65271791   3.84621887   5.34762395
  N    -0.18249790  -1.56897996  -4.35060860
  N    -0.67520031  -0.18726804   1.91586707
  N     0.81229606   1.29250956   4.39954538
  N    -0.45367155  -0.33221586   6.24010386
  N     0.80148134   3.34042630   7.38216467
  N    -0.24074989   1.30354603   7.89532187
  N    -0.04401783   2.95321776   9.51998164
  C    -0.20299216  -1.62499254  -5.78318231
  C     1.18421333  -1.51710916  -6.34956018
  C     1.91729882  -0.28951224  -5.83765158
  C    -1.23985874  -1.05573553  -3.66903418
  C    -1.04248632  -0.84856037  -2.21121052
  C    -0.93472926  -2.88685674  -6.22980088
  C    -0.76664794  -0.42518672   0.54876607
  C     0.57721098  -0.34104766   2.62713247
  C     0.20799515  -0.62524426  -1.64929122
  C    -2.16008492  -0.84452998  -1.37860517
  C     0.34929432  -0.41549995  -0.29144661
  C    -2.02972492  -0.64441437  -0.02457231
  C     1.07602028   0.94481614  -6.01578842
  C     0.39672201   0.09653796   4.05222997
  C     0.61602193   1.70068627   5.65568041
  C    -0.24458574  -0.72056762   5.00429009
  C    -0.02907623   0.89360085   6.60268668
  C     1.08992598   3.04761341   6.04130540
  C     0.16831812   2.48400672   8.24611541
  H    -0.80954743  -0.78418045  -6.11762659
  H     1.75199991  -2.41447714  -6.10245807
  H     1.11212718  -1.47834080  -7.43765678
  H     2.84744789  -0.15399028  -6.39487084
  H     2.15782994  -0.38668455  -4.78072781
  H     0.55014379  -2.03051391  -3.84609555
  H     1.33625401   0.29470581   2.17307885
  H     0.94214701  -1.37778580   2.59644147
  H     1.09090929  -0.58794400  -2.27517553
  H    -3.13904067  -1.00623547  -1.81407317
  H    -1.48002359  -0.51538963   2.42633800
  H     1.33131783  -0.23725878   0.12093576
  H    -2.90571660  -0.65083191   0.61215776
  H    -0.58369655  -1.71763747   4.72658674
  H    -2.39799847  -2.06374531  -5.34425066
  H     1.06179156   4.26242119   7.69271571
  H    -0.18793666   2.00175653  -5.10058188
  H     0.58137211   3.65508565   9.88064039
  H    -0.34276890   2.24254647  10.17061710
$end
$temperature
298.15
$end
$mult
 1
$end
$sigma
 1
$end
$pressure
1.00000
$end
$scale
1.0
$end
$msrrho
$end
$freq
7.52
9.51
14.89
23.42
28.91
37.12
43.80
65.58
71.95
79.24
90.72
96.13
126.88
139.79
148.33
162.45
169.16
185.41
208.79
228.27
234.35
257.68
300.27
304.58
338.22
344.48
354.46
373.84
386.71
405.79
412.83
421.40
441.44
448.11
448.92
484.57
500.24
519.74
534.08
547.61
551.31
553.65
579.48
590.18
600.86
602.90
624.04
654.94
663.81
691.85
702.26
707.64
725.01
777.73
792.69
807.42
818.35
832.85
839.00
850.28
852.61
884.12
891.82
911.77
917.49
931.29
939.43
949.97
961.64
1006.24
1019.52
1034.07
1048.09
1053.92
1057.11
1064.59
1074.06
1088.21
1097.87
1134.61
1150.28
1161.92
1175.51
1188.81
1201.20
1205.20
1215.43
1219.77
1227.58
1238.65
1247.96
1262.06
1289.96
1295.93
1303.50
1329.46
1337.21
1344.64
1347.60
1375.94
1380.07
1387.06
1398.62
1425.65
1438.17
1448.75
1455.34
1466.90
1479.12
1490.68
1491.93
1512.39
1516.67
1565.21
1577.76
1589.16
1617.24
1632.24
1656.99
1733.23
1740.43
1771.96
1787.87
1800.76
1809.52
1899.45
1907.43
1929.38
3066.05
3126.82
3138.25
3208.51
3210.89
3218.47
3228.58
3243.29
3246.08
3253.30
3255.99
3288.49
3560.77
3694.40
3775.56
3815.57
3828.03
3899.55
3906.66
$end
