
$molecule
   O    -2.10548834   0.05656363  -4.55699205
  O    -0.62869971  -2.14771135  -0.57282455
  O    -1.10252894  -1.69571883  -5.52228721
  O    -5.46279933  -3.42585534  -3.77279589
  O    -5.85306721  -2.74154112  -1.67696159
  O     2.47275709   0.98644771  -0.24368904
  N    -1.34837254  -0.72367339  -2.17711565
  N    -0.33974034   3.29787435   2.74971996
  N     1.94542899   1.90233940   2.38266673
  N     3.66469923   1.07542303   4.35621983
  N     4.29750024  -0.10929446   0.53685267
  N     4.96689752  -0.08560119   2.78830824
  N     6.18740777  -1.29074466   1.21948678
  C    -1.49539299  -1.75582403  -3.15450425
  C    -2.73489625  -2.60674245  -2.94130838
  C    -4.00409699  -1.79029133  -2.89081791
  C    -0.92150574  -1.02073466  -0.90568566
  C    -0.85912969   0.15124586   0.02134210
  C    -1.51953028  -1.15266651  -4.53899628
  C    -0.58114267   2.24907366   1.84734378
  C     0.43450275   2.99390637   3.92610511
  C    -0.95752854  -0.08001475   1.38690328
  C    -0.66053575   1.45314167  -0.42259288
  C    -0.83944540   0.95369626   2.29030289
  C    -0.52971427   2.48885049   0.47488916
  C    -5.20045953  -2.67831100  -2.68498972
  C     1.70945166   2.23298009   3.62315479
  C     2.99628118   1.14208653   2.08886393
  C     2.60951262   1.80729192   4.62601972
  C     3.88216277   0.70593051   3.07740366
  C     3.17525781   0.71371807   0.68871230
  C     5.14070881  -0.46662667   1.56016195
  H    -0.62321004  -2.41548798  -3.10602165
  H    -2.79983675  -3.35054761  -3.73690558
  H    -2.60219317  -3.13664938  -1.99860794
  H    -4.15295679  -1.24518981  -3.82154076
  H    -3.97450196  -1.07690993  -2.07061957
  H    -1.74846458   0.17572707  -2.36318917
  H    -0.15946865   2.39517294   4.62669016
  H     0.66747532   3.93494616   4.44077565
  H    -1.12319238  -1.09187319   1.73700868
  H    -0.55861842   1.66592281  -1.47872299
  H     0.02716933   4.10263258   2.26141318
  H    -0.92226134   0.75598499   3.34804868
  H    -0.32921987   3.48979499   0.11673633
  H     2.44056906   2.08408646   5.66639769
  H    -2.09974487   0.38009254  -5.46780311
  H     4.43954725  -0.49287088  -0.38349776
  H    -6.23412852  -3.97367361  -3.57499710
  H     6.87965085  -1.38807081   1.94668263
  H     6.53489159  -1.25230513   0.27525681
$end
$temperature
298.15
$end
$mult
 1
$end
$sigma
 1
$end
$pressure
1.00000
$end
$scale
1.0
$end
$msrrho
$end
$freq
6.90
9.23
12.52
20.71
24.46
36.66
47.07
48.80
56.17
63.53
75.27
93.45
111.60
135.28
150.13
158.74
167.34
173.18
197.97
222.93
227.96
256.06
269.54
318.70
332.27
339.56
347.01
358.87
382.16
388.92
423.54
439.54
446.66
447.66
450.31
488.11
492.01
527.87
539.25
549.25
575.23
579.53
585.60
597.63
614.62
620.13
622.69
632.46
646.84
683.96
696.84
700.83
711.79
720.78
767.99
779.31
787.84
813.18
817.41
826.48
839.60
860.16
865.68
889.63
908.90
926.12
932.59
943.66
963.31
977.78
996.64
1015.91
1027.69
1048.10
1061.67
1082.17
1093.32
1096.75
1100.86
1143.24
1147.43
1165.55
1176.37
1177.82
1189.27
1200.13
1211.59
1213.69
1220.16
1228.98
1246.68
1281.56
1286.99
1293.28
1309.93
1325.75
1330.06
1338.95
1347.28
1351.87
1362.86
1385.03
1397.39
1409.39
1414.86
1447.66
1459.77
1462.19
1464.38
1470.28
1480.18
1484.40
1517.15
1562.29
1577.92
1579.09
1610.84
1634.38
1649.19
1737.73
1762.22
1789.14
1796.71
1814.74
1844.57
1899.17
1900.47
1918.09
3068.82
3139.78
3148.51
3176.08
3179.27
3203.51
3223.77
3253.57
3256.64
3260.40
3264.72
3295.55
3694.64
3730.48
3814.95
3828.07
3905.50
3911.56
3912.99
$end
