
$molecule
   O    -1.48300804  -2.72220759   0.19756448
  O     0.40564886  -1.76999877   1.57513126
  O    -1.68508450  -2.75787088  -2.01074449
  O     3.08922103  -5.97877484  -0.53005108
  O     4.20402245  -4.66323473   0.90031217
  O     0.01228288   0.99148136  -1.92248557
  N     0.90224871  -1.29488022  -0.58692755
  N     1.09004744   4.58736293   1.10885569
  N    -0.85002804   3.15877839  -0.28916170
  N    -3.38617524   2.96349418   0.75875239
  N    -2.00397612   0.02905392  -1.64582244
  N    -3.70766237   0.90147933  -0.28935123
  N    -3.94013992  -1.18724856  -1.29805104
  C     0.50816160  -2.57315978  -1.11421598
  C     1.22447663  -3.73358583  -0.47233967
  C     2.71647867  -3.65132755  -0.69697346
  C     0.81029266  -0.97609382   0.73415023
  C     1.14505577   0.43597215   1.02818245
  C    -1.00197863  -2.71875143  -1.00788554
  C     1.26091723   3.20308852   1.22402975
  C    -0.28682940   5.06234695   1.11749674
  C     0.44882115   1.09299689   2.03422331
  C     2.02183770   1.16113848   0.22590296
  C     0.51997274   2.46377909   2.14584829
  C     2.09701349   2.52709065   0.33424653
  C     3.42945601  -4.78601458  -0.00995981
  C    -1.27025900   4.05257013   0.56677820
  C    -1.63829223   2.13152636  -0.60706776
  C    -2.58786313   3.95241507   1.07032608
  C    -2.92212362   1.99174499  -0.05846114
  C    -1.10188651   1.05800194  -1.45514887
  C    -3.23649340  -0.05398411  -1.04067898
  H     0.72406101  -2.54782686  -2.18671852
  H     1.01998390  -3.73627463   0.59237461
  H     0.84071538  -4.66498267  -0.89210441
  H     3.11950658  -2.72028595  -0.30451003
  H     2.94818509  -3.70810997  -1.76297254
  H     0.84247141  -0.50311137  -1.22159306
  H    -0.32156516   6.00095096   0.55081342
  H    -0.59913681   5.30407081   2.14105584
  H    -0.19721705   0.52302684   2.69167015
  H     2.61582747   0.66005439  -0.52683694
  H     1.59369942   4.93165883   0.30281743
  H    -0.06572572   2.98094485   2.89073798
  H     2.71891899   3.09010713  -0.34876614
  H    -2.96839032   4.71054153   1.75451249
  H    -0.78139713  -2.47570534   0.85785653
  H    -1.70849683  -0.75549673  -2.20799964
  H     3.57617744  -6.66238900  -0.05034943
  H    -4.73991090  -1.32138809  -0.69896836
  H    -3.40186167  -2.00297340  -1.56749360
$end
$temperature
298.15
$end
$mult
 1
$end
$sigma
 1
$end
$pressure
1.00000
$end
$scale
1.0
$end
$msrrho
$end
$freq
22.87
25.73
29.98
39.98
56.12
68.19
85.00
93.63
95.57
114.73
115.32
135.23
144.49
176.30
193.46
200.62
205.40
208.47
230.14
241.43
259.04
288.62
302.16
308.58
350.53
371.99
376.30
394.84
404.67
417.62
450.56
452.01
458.22
497.51
498.19
522.12
530.67
559.97
577.84
592.64
606.15
622.53
630.89
632.86
641.47
666.22
688.15
698.42
706.71
724.17
726.71
746.31
758.84
775.20
775.39
799.03
827.52
835.46
848.07
866.66
874.70
881.62
898.77
920.38
929.06
937.41
947.42
967.86
983.48
994.74
1036.66
1038.77
1054.28
1056.52
1065.73
1075.51
1092.80
1113.69
1124.59
1135.91
1144.93
1165.76
1170.56
1178.49
1200.18
1213.19
1221.48
1226.54
1244.09
1249.56
1282.28
1292.52
1302.91
1323.09
1331.57
1341.16
1357.88
1363.54
1376.50
1387.42
1388.12
1409.86
1417.74
1422.38
1429.03
1457.65
1460.32
1465.89
1471.29
1473.67
1495.42
1509.63
1534.33
1574.27
1576.97
1594.65
1616.60
1646.24
1654.69
1730.85
1749.73
1779.60
1788.56
1807.17
1809.31
1861.17
1889.97
1903.21
3064.40
3131.38
3143.36
3160.08
3178.11
3203.92
3240.26
3251.69
3260.47
3270.48
3273.13
3292.30
3295.56
3629.75
3646.45
3716.74
3787.18
3803.73
3902.42
$end
