
$molecule
   O    -1.77741930   1.35422179  -0.38553119
  O     1.57468363  -0.15722400   3.35863114
  O     0.25773355   1.40930181   0.53677638
  O    -2.46168414  -1.92742023   3.29831353
  O    -4.65253049  -1.66854651   2.94243433
  O     3.71819149   1.79728254  -1.06350335
  N    -0.59127375   0.04136372   2.76650821
  N     1.54166974  -3.29443503  -2.25194905
  N     2.29175973  -0.14893930  -2.56781403
  N    -0.33354476   0.44353068  -3.13306422
  N     1.91507667   3.16128744  -1.16392905
  N    -0.12754991   2.52691463  -2.11505258
  N     0.04045038   4.52718200  -0.97192684
  C    -1.51188858   0.29459009   1.69153391
  C    -2.75566915   0.97429584   2.22419581
  C    -3.35974495   0.27847741   3.42993012
  C     0.70696011  -0.46085320   2.57969252
  C     0.92818636  -1.34656791   1.40513393
  C    -0.90224518   1.09416997   0.55863151
  C     1.39066494  -2.72645860  -0.97631830
  C     2.08158376  -2.43131772  -3.30115602
  C     2.13326645  -1.20709248   0.72895461
  C    -0.00297172  -2.26323142   0.93575083
  C     2.37341564  -1.90127841  -0.43509108
  C     0.22074735  -2.94068189  -0.24541343
  C    -3.57728315  -1.20371870   3.20055139
  C     1.53279196  -1.03680539  -3.16959734
  C     1.77317554   1.02786400  -2.23140001
  C     0.19388944  -0.71638169  -3.45529674
  C     0.44416119   1.34008924  -2.50931856
  C     2.59869046   1.96772631  -1.44755568
  C     0.60110605   3.37652743  -1.44232503
  H    -1.80286437  -0.64983753   1.23339696
  H    -2.51980283   2.00398863   2.50441517
  H    -3.48723010   1.01865769   1.41679260
  H    -4.33268083   0.71891982   3.65384321
  H    -2.72442699   0.40351558   4.30806352
  H    -0.53566229   0.79901522   3.43365781
  H     1.83032214  -2.88464815  -4.26607790
  H     3.16755662  -2.36692940  -3.22063749
  H     2.87860539  -0.52091064   1.10910673
  H    -0.91858080  -2.45456667   1.47781823
  H     0.69235190  -3.75842801  -2.54244584
  H     3.30540937  -1.76289897  -0.95867837
  H    -0.53369451  -3.61740327  -0.62808186
  H    -0.45109610  -1.44200289  -3.94749610
  H    -1.33333864   1.81682655  -1.13207233
  H     2.40905346   3.80674190  -0.56870949
  H    -1.69080634  -1.34324329   3.38821427
  H    -0.85213612   4.76577515  -1.37368684
  H     0.63462170   5.28355583  -0.67821798
$end
$temperature
298.15
$end
$mult
 1
$end
$sigma
 1
$end
$pressure
1.00000
$end
$scale
1.0
$end
$msrrho
$end
$freq
27.57
34.10
46.26
53.92
58.86
63.26
72.65
83.39
93.83
103.86
121.29
131.06
135.56
169.67
175.06
181.92
194.49
204.84
221.52
261.64
264.50
288.47
297.06
331.99
347.83
355.23
360.15
388.92
394.30
422.79
437.04
449.48
460.11
467.06
488.50
495.09
515.16
527.78
552.82
587.08
591.51
600.96
616.79
621.67
627.47
652.95
675.28
685.78
698.50
701.99
724.34
725.51
756.22
784.22
786.53
800.09
818.00
820.69
835.42
843.24
867.71
883.74
891.88
903.22
914.67
924.85
939.50
942.40
965.92
1010.02
1019.63
1049.56
1051.06
1059.36
1065.89
1073.87
1078.05
1092.64
1100.12
1126.63
1157.40
1164.48
1174.37
1195.17
1204.97
1213.05
1217.15
1231.78
1249.38
1251.80
1274.28
1292.36
1293.52
1306.96
1323.06
1334.25
1337.98
1346.83
1356.68
1363.67
1379.17
1391.95
1402.92
1429.29
1442.21
1449.32
1452.71
1463.65
1470.46
1471.11
1485.71
1490.68
1523.09
1534.37
1569.28
1585.84
1623.91
1644.95
1656.35
1745.52
1759.06
1781.25
1792.14
1815.23
1865.52
1910.17
1918.52
1921.47
3102.20
3113.25
3129.14
3200.42
3209.24
3213.59
3219.69
3240.50
3259.51
3273.87
3293.14
3324.71
3520.19
3718.61
3720.07
3759.45
3791.87
3814.43
3853.06
$end
