
$molecule
   O     4.30242050  -2.00429262  -2.42224098
  O     2.61935786  -1.06626214   2.38040514
  O     3.72093767  -0.60295081  -0.78761216
  O     2.07547966  -2.33411752  -4.80999643
  O     1.52768941  -1.24889729  -2.94121373
  O    -0.52002579   4.11413161  -0.04801875
  N     2.91062588  -2.67987073   0.81772069
  N    -2.51080762   0.01044619  -1.36108820
  N    -2.51681015   2.13338113   0.31401717
  N    -3.77251863   2.07948576   2.76174312
  N    -0.92217612   4.86270753   2.05243650
  N    -2.52550051   3.92514567   3.48762556
  N    -1.22570831   5.71699968   4.20068504
  C     3.10105949  -2.91446263  -0.58917347
  C     1.84691186  -3.39868295  -1.27819761
  C     1.96286580  -3.58642106  -2.76817902
  C     2.24243007  -1.57408698   1.35406764
  C     1.00091851  -1.14642292   0.63583263
  C     3.71564136  -1.69975243  -1.25746812
  C    -1.33068084  -0.37708219  -0.67918818
  C    -3.66855325   0.18330559  -0.51050154
  C    -0.14367746  -1.92680560   0.72693258
  C     0.96308375   0.03676566  -0.08128766
  C    -1.29882390  -1.54892681   0.07234096
  C    -0.19000071   0.41526005  -0.73908310
  C     1.82856283  -2.26716170  -3.49508010
  C    -3.41459357   1.21384587   0.56640822
  C    -2.20979651   3.02172065   1.25631235
  C    -4.05055424   1.20205913   1.82463765
  C    -2.83500893   3.01153070   2.50745969
  C    -1.15189818   4.00942300   0.96624475
  C    -1.60142775   4.80056160   3.24413861
  H     3.86341207  -3.70174205  -0.66933051
  H     1.56802705  -4.34189278  -0.80340563
  H     1.05371695  -2.69150427  -1.10187637
  H     1.15326638  -4.23406177  -3.12524725
  H     2.90330177  -4.05689638  -3.05532591
  H     3.73753507  -2.86061251   1.37185168
  H    -3.94778210  -0.76443692  -0.04323861
  H    -4.51583273   0.49872436  -1.13447997
  H    -0.12991467  -2.84499670   1.30305812
  H     1.84079557   0.66434150  -0.13402161
  H    -2.33429845   0.87616925  -1.85674271
  H    -2.18423235  -2.16695449   0.13068256
  H    -0.21648095   1.35047660  -1.28130005
  H    -4.80245535   0.44680513   2.05025697
  H     4.64080036  -1.18288497  -2.80292731
  H    -0.16867388   5.52139423   1.94135314
  H     2.32087805  -3.23017632  -5.06116933
  H    -1.85935151   5.75976030   4.98458137
  H    -0.85213347   6.59791436   3.88660218
$end
$temperature
298.15
$end
$mult
 1
$end
$sigma
 1
$end
$pressure
1.00000
$end
$scale
1.0
$end
$msrrho
$end
$freq
7.82
11.90
18.26
19.85
33.16
50.16
57.01
59.37
73.39
102.23
108.37
124.14
136.59
140.30
153.61
167.22
184.44
200.09
211.45
243.27
259.98
284.27
297.13
307.83
328.89
345.15
349.07
358.38
390.73
397.71
419.58
445.05
449.40
474.13
483.68
489.75
507.49
536.11
548.89
550.14
558.71
569.82
595.40
604.19
609.54
636.34
638.73
653.68
669.16
675.61
681.97
696.97
702.66
712.09
755.79
799.77
810.84
819.42
825.97
827.98
839.92
862.13
878.79
883.67
905.01
915.32
930.22
934.74
946.94
990.04
998.26
1030.55
1051.08
1064.13
1072.33
1086.32
1097.12
1098.56
1119.92
1145.92
1156.78
1162.07
1169.06
1174.00
1182.85
1198.99
1200.15
1210.50
1219.61
1233.37
1243.51
1270.36
1281.64
1286.57
1314.71
1325.82
1326.65
1329.18
1343.25
1348.85
1359.24
1380.93
1405.15
1433.95
1440.47
1447.62
1454.02
1456.36
1462.50
1478.98
1486.12
1493.39
1499.91
1514.96
1564.84
1577.89
1612.84
1631.35
1644.65
1739.32
1753.82
1791.45
1800.88
1818.06
1857.95
1895.72
1932.26
1954.38
3070.61
3089.69
3117.36
3147.75
3176.28
3196.98
3207.93
3238.50
3267.12
3276.93
3300.78
3394.42
3690.84
3692.04
3730.45
3817.60
3824.07
3917.38
3967.83
$end
