
$molecule
   O    -2.20588640   1.86612039  -0.10209449
  O    -1.33246135  -2.30464835  -3.03175881
  O    -3.29357373   1.23548358  -1.94476833
  O     0.08237240   1.88759789  -5.63842649
  O    -1.96793386   1.03770445  -5.38583666
  O     0.00126882   1.35641804   1.13653166
  N    -1.09804810  -0.05335577  -2.87114088
  N     3.58349864  -1.83381332   1.11003710
  N     1.52116466  -0.62492163   2.47671931
  N     0.39412685  -1.69037116   4.75650022
  N    -1.62125858   1.13248260   2.67883386
  N    -1.44807717  -0.25693147   4.56172323
  N    -3.36046886   1.01786613   4.21268243
  C    -0.92989558   1.03664745  -1.96726118
  C    -0.40974196   2.28013919  -2.66468148
  C    -1.26633638   2.71192056  -3.83702051
  C    -0.74350080  -1.35989603  -2.56621960
  C     0.42834279  -1.52002942  -1.64413279
  C    -2.27320908   1.37233743  -1.33223249
  C     2.53018710  -1.77085475   0.18400928
  C     3.30919133  -2.27023726   2.44671813
  C     0.38062517  -2.47565650  -0.63951054
  C     1.56891689  -0.73435804  -1.76540810
  C     1.42295275  -2.61004782   0.25889481
  C     2.60505865  -0.85386129  -0.86865767
  C    -1.10662194   1.78764333  -5.02898557
  C     2.11576217  -1.60360029   3.09763652
  C     0.35523965  -0.16309657   2.94678704
  C     1.52007254  -2.14079705   4.26659582
  C    -0.23930487  -0.69846796   4.09424651
  C    -0.37493106   0.83212725   2.16597217
  C    -2.11223204   0.60078571   3.84934655
  H    -0.21857689   0.73889750  -1.20449535
  H    -0.34239316   3.08475666  -1.93158469
  H     0.61013525   2.08065198  -2.99454683
  H    -1.00234408   3.72712833  -4.14534101
  H    -2.31956212   2.69578712  -3.57534667
  H    -1.93708674  -0.01344018  -3.43559104
  H     4.21393419  -2.11668622   3.05161690
  H     3.11780460  -3.35002735   2.45341952
  H    -0.49531023  -3.10976680  -0.56079439
  H     1.64223584  -0.01791598  -2.57126890
  H     4.12996799  -0.98633676   1.07080864
  H     1.37051975  -3.36016761   1.03343327
  H     3.47965974  -0.22332370  -0.95727698
  H     1.99526941  -2.97364388   4.78377556
  H    -1.27912189   1.83050171   0.22620099
  H    -2.23974404   1.61548976   2.04626902
  H     0.62066168   2.56753279  -5.22429704
  H    -3.72863543   1.87489296   3.84043611
  H    -3.65271252   0.74534037   5.13948383
$end
$temperature
298.15
$end
$mult
 1
$end
$sigma
 1
$end
$pressure
1.00000
$end
$scale
1.0
$end
$msrrho
$end
$freq
9.99
20.61
22.11
36.34
42.52
55.33
65.39
68.98
89.41
97.22
107.64
122.19
131.51
157.71
163.38
169.71
185.70
197.31
218.75
223.73
252.40
277.37
282.32
296.57
323.56
329.99
359.95
382.88
394.39
408.45
451.35
453.98
454.64
464.15
483.67
487.80
499.33
512.17
525.09
552.71
569.77
603.08
605.56
609.81
616.45
631.49
638.83
674.85
688.37
703.07
713.54
716.46
733.70
769.17
777.71
781.36
808.46
824.39
832.58
836.66
866.13
872.45
889.21
894.06
906.05
923.54
936.70
939.45
953.51
986.67
998.22
1031.42
1036.95
1052.00
1059.63
1078.07
1082.30
1094.16
1102.78
1146.44
1148.83
1165.24
1174.92
1183.10
1207.96
1210.62
1221.17
1224.28
1229.93
1252.13
1257.09
1260.00
1300.78
1303.76
1327.60
1330.26
1350.82
1351.96
1357.61
1371.99
1400.68
1409.61
1420.84
1424.70
1443.37
1447.15
1449.36
1465.32
1469.41
1471.39
1473.01
1481.23
1515.63
1540.39
1570.62
1579.91
1610.42
1643.63
1645.50
1734.15
1763.19
1790.00
1795.05
1815.36
1850.31
1855.55
1929.52
1936.96
3059.56
3122.00
3133.51
3141.51
3205.79
3208.85
3242.35
3256.01
3268.57
3283.75
3294.53
3313.42
3527.20
3707.38
3750.93
3753.40
3807.52
3856.61
3995.48
$end
