
$molecule
   O     1.72088490   0.41735819   2.80913382
  O    -0.65832669   1.79377418   1.75388135
  O     2.01555410   2.60866224   3.06201255
  O     4.24434885   5.99026890   0.41345069
  O     2.38478548   5.66993987  -0.78955490
  O    -1.02940208  -1.89471720   2.30538697
  N     0.82523642   0.95721740   0.28715064
  N    -4.30633608  -2.02357087  -1.92628061
  N    -2.11550771  -3.06741144  -0.03073967
  N    -0.38368625  -3.49621819  -2.12101895
  N     0.97060375  -1.76173195   1.27146372
  N     1.37193085  -2.52991588  -0.90925643
  N     3.03767341  -1.41958314   0.27617127
  C     1.92056865   1.70716410   0.82756155
  C     1.92592154   3.12553321   0.30799858
  C     3.16886268   3.90410309   0.65587584
  C    -0.45015685   1.15405131   0.75124119
  C    -1.51911633   0.46155269  -0.03056388
  C     1.87377304   1.66862017   2.33982396
  C    -3.46004832  -1.05149294  -1.33282782
  C    -4.05052948  -3.37677481  -1.39047900
  C    -2.65784565   0.04615634   0.64584638
  C    -1.40188147   0.19112662  -1.38750201
  C    -3.61806724  -0.70589765   0.00328814
  C    -2.36867733  -0.54703901  -2.03628541
  C     3.18914758   5.26035269   0.00527077
  C    -2.57070438  -3.51941568  -1.17764834
  C    -0.82368218  -2.79077545   0.09423475
  C    -1.66450486  -3.77269950  -2.22197338
  C     0.06412300  -2.94980389  -0.97705133
  C    -0.36565200  -2.14338740   1.33938781
  C     1.76489557  -1.94431030   0.17996507
  H     2.84033194   1.18657308   0.53111469
  H     1.82479865   3.08413944  -0.77605248
  H     1.05243678   3.63765384   0.69817195
  H     4.07453712   3.38560840   0.32747345
  H     3.25871560   4.05456076   1.72989440
  H     0.95573390   0.47663018  -0.58234180
  H    -4.45698130  -4.10876307  -2.09558838
  H    -4.54991841  -3.49196490  -0.42820776
  H    -2.75596991   0.27420472   1.69848532
  H    -0.54705721   0.53777662  -1.95413328
  H    -4.17106316  -2.02375617  -2.93019730
  H    -4.47061080  -1.08564289   0.54801424
  H    -2.24304588  -0.79380025  -3.08237682
  H    -2.01662214  -4.18845298  -3.16490306
  H     1.61414793   0.47038677   3.76869483
  H     1.26741577  -1.09319902   1.97068439
  H     4.20377110   6.84090087  -0.04409921
  H     3.67010525  -1.78682245  -0.41980031
  H     3.41508983  -1.33716867   1.20720380
$end
$temperature
298.15
$end
$mult
 1
$end
$sigma
 1
$end
$pressure
1.00000
$end
$scale
1.0
$end
$msrrho
$end
$freq
17.46
25.44
25.79
44.07
50.98
67.07
71.31
87.08
96.46
101.49
110.15
113.82
132.12
143.82
158.85
171.79
187.52
190.17
199.38
227.95
260.59
272.71
291.03
316.97
346.52
348.36
379.67
386.79
400.08
415.49
436.45
444.96
453.15
456.20
488.58
492.72
511.26
525.78
541.89
555.36
567.05
591.26
596.31
605.70
622.59
629.51
650.18
663.34
676.51
680.66
690.92
699.40
704.39
743.94
783.88
792.04
799.12
819.73
821.72
830.08
854.15
857.43
872.20
892.56
898.29
931.61
940.00
944.45
945.87
990.05
1009.24
1022.73
1048.51
1055.69
1071.93
1092.31
1100.34
1114.34
1125.42
1129.98
1156.40
1166.40
1167.26
1175.52
1185.24
1189.29
1198.45
1213.51
1218.42
1234.45
1241.34
1259.58
1283.82
1299.98
1316.76
1320.82
1323.49
1332.00
1339.59
1346.99
1360.74
1373.19
1394.22
1408.69
1420.50
1445.77
1446.57
1452.79
1466.51
1471.09
1484.23
1512.30
1521.65
1555.45
1575.57
1583.42
1622.83
1639.35
1646.39
1740.61
1748.28
1791.81
1795.76
1818.21
1869.33
1900.06
1906.39
1940.04
3106.49
3116.59
3141.02
3171.57
3212.05
3215.17
3232.86
3254.70
3261.46
3271.72
3281.32
3285.97
3669.56
3680.97
3749.28
3815.38
3900.76
3902.16
3920.66
$end
