
$molecule
   O    -6.29433067   1.93147227  -4.68340729
  O    -2.21609971  -0.34110183  -4.30981236
  O    -5.35522015   2.52544250  -2.74154951
  O    -2.94401015  -2.47748426  -1.88701850
  O    -4.48359524  -1.39348799  -0.68793771
  O     2.29136888  -0.14775552   5.21170200
  N    -3.64117164   0.48907850  -2.76566121
  N     1.84617198   0.63094358   0.54739475
  N     3.43857040   0.15902731   2.62923679
  N     6.18497199   0.34614641   2.52361042
  N     4.36811346  -0.08094665   6.11430214
  N     6.33061992   0.16649639   4.85354790
  N     6.44921944  -0.04597698   7.16576501
  C    -4.76239808   0.40690768  -3.63313225
  C    -5.72097493  -0.67902675  -3.18239067
  C    -4.98561447  -1.97792680  -2.96205402
  C    -2.39328190   0.11968888  -3.20437546
  C    -1.30610498   0.28572372  -2.19550236
  C    -5.48779949   1.74264418  -3.63737637
  C     0.82228071   0.49232514  -0.37612886
  C     3.20805400   0.32777392   0.22066160
  C     0.01001578   0.30465845  -2.63759793
  C    -1.54888243   0.35961879  -0.82491709
  C     1.06224968   0.41370730  -1.75072511
  C    -0.50710232   0.45440516   0.07013939
  C    -4.13977707  -1.90687876  -1.72000071
  C     4.04005144   0.29872495   1.47610260
  C     4.17172631   0.11295229   3.74605497
  C     5.45108231   0.39265983   1.43941749
  C     5.56516959   0.20576527   3.71394995
  C     3.47367987  -0.04718371   5.03685578
  C     5.73120248   0.02855914   5.99541731
  H    -4.39058257   0.18448422  -4.63507367
  H    -6.18634706  -0.37987534  -2.24562828
  H    -6.51736085  -0.81323373  -3.92087989
  H    -4.34327315  -2.22849967  -3.80393306
  H    -5.69571416  -2.80084993  -2.82455913
  H    -3.73674399   1.08970759  -1.96569680
  H     3.62212042   1.07102116  -0.47341472
  H     3.31338362  -0.64427611  -0.28655627
  H     0.20344571   0.22857956  -3.70104491
  H    -2.55824380   0.31216488  -0.43793811
  H     1.60637098   0.41819523   1.50408017
  H     2.07658135   0.43564046  -2.12130434
  H    -0.70682185   0.50086666   1.13370250
  H     5.96425853   0.50827948   0.48545438
  H    -6.22883686   1.19048150  -5.29419503
  H     3.95593642  -0.23351553   7.02048135
  H    -2.45263729  -2.39649126  -1.05933671
  H     5.99836350   0.24373706   8.01836575
  H     7.41791604   0.21663139   7.06290612
$end
$temperature
298.15
$end
$mult
 1
$end
$sigma
 1
$end
$pressure
1.00000
$end
$scale
1.0
$end
$msrrho
$end
$freq
10.78
13.53
24.50
27.25
35.97
53.64
57.38
59.67
69.85
76.88
92.52
96.67
109.95
122.65
145.39
151.52
160.87
164.65
203.34
213.25
232.79
264.14
288.33
320.83
336.79
343.02
349.87
357.45
364.78
389.15
424.37
448.65
454.80
471.51
487.68
490.94
498.78
506.18
535.64
545.17
548.62
560.93
563.07
589.17
600.62
605.77
609.53
627.67
638.13
659.02
693.63
700.61
706.64
721.20
740.06
780.00
786.11
812.35
813.64
828.21
855.16
866.53
889.57
893.43
916.18
929.35
931.24
947.88
961.55
993.50
1029.90
1033.01
1047.23
1056.12
1063.26
1084.08
1088.25
1098.84
1111.09
1142.71
1145.79
1163.19
1171.35
1190.06
1194.81
1203.10
1205.52
1214.51
1218.98
1225.51
1229.75
1254.84
1283.53
1293.18
1303.81
1308.25
1334.11
1339.64
1347.10
1352.50
1370.79
1383.24
1395.79
1409.34
1434.60
1446.60
1455.49
1465.89
1474.13
1488.01
1497.65
1507.46
1520.31
1563.72
1578.27
1581.14
1613.09
1632.68
1651.04
1737.36
1753.61
1779.35
1789.83
1802.46
1847.87
1895.79
1904.17
1935.81
3034.50
3102.86
3109.50
3115.19
3208.87
3210.65
3223.35
3240.54
3243.29
3253.27
3276.01
3282.41
3691.53
3775.50
3815.05
3824.94
3869.71
3922.36
3969.82
$end
