
$molecule
   O    -1.56744730   3.63242117   6.86982907
  O    -2.73994460   3.53606928   1.94160122
  O    -0.18863767   2.27329848   5.76570046
  O    -1.38074566  -0.14549208   4.76161925
  O    -2.46375917   0.33232420   6.65769028
  O     2.63467885  -4.40562811  -2.44050742
  N    -1.39573953   2.55977643   3.46702946
  N     1.00723693   0.02339503  -1.90314763
  N     1.80270103  -1.92080586  -3.54264872
  N     2.29504490  -1.54627639  -6.22723679
  N     3.37942511  -5.03419846  -4.48543919
  N     3.24171307  -3.68107997  -6.39643611
  N     4.20659396  -5.79234130  -6.52971904
  C    -2.06893987   3.12445353   4.58128128
  C    -3.43949211   2.49688937   4.79518496
  C    -3.43744715   1.00203758   4.57907466
  C    -1.81563682   2.79014470   2.18754313
  C    -1.05660122   2.04345515   1.13808919
  C    -1.17054764   2.95920248   5.79806433
  C     0.29644384   0.69536871  -0.91945084
  C     0.77760537   0.26411319  -3.29713246
  C    -1.05164983   2.54262867  -0.15801311
  C    -0.38702928   0.84766342   1.39358198
  C    -0.38269112   1.88989825  -1.17415446
  C     0.27436143   0.18221944   0.38528327
  C    -2.40902272   0.35105399   5.45844211
  C     1.46230185  -0.79683170  -4.11865939
  C     2.39074517  -2.87519134  -4.27105588
  C     1.72332325  -0.62034989  -5.49783740
  C     2.64675375  -2.70591771  -5.63373348
  C     2.77923498  -4.13079335  -3.59908901
  C     3.58299967  -4.79211154  -5.82116515
  H    -2.20948491   4.20285475   4.42721199
  H    -3.80644785   2.71280437   5.79967149
  H    -4.13219380   2.95306720   4.08601473
  H    -3.22475416   0.75466149   3.54408925
  H    -4.41779740   0.59189760   4.83754804
  H    -0.60197087   1.97848658   3.66373494
  H     1.15277520   1.25245838  -3.59380694
  H    -0.29329234   0.26270500  -3.55470785
  H    -1.58537785   3.46277300  -0.36499993
  H    -0.40004402   0.40795494   2.38274066
  H     1.23246471  -0.93840136  -1.69709938
  H    -0.38466719   2.30477642  -2.17144600
  H     0.78358236  -0.75111832   0.59166845
  H     1.44635957   0.31165866  -5.98916204
  H    -2.38890530   4.10151529   6.69257530
  H     3.70730984  -5.89479527  -4.07782537
  H    -0.69996829  -0.41464319   5.39402410
  H     4.17622122  -5.65817589  -7.52922722
  H     4.10035961  -6.73987501  -6.20559279
$end
$temperature
298.15
$end
$mult
 1
$end
$sigma
 1
$end
$pressure
1.00000
$end
$scale
1.0
$end
$msrrho
$end
$freq
11.21
13.30
21.10
28.25
39.18
41.06
59.44
62.42
73.95
86.99
96.21
100.84
119.17
130.34
142.34
151.71
162.92
173.11
193.09
212.18
233.33
259.21
274.37
301.39
334.82
347.35
348.83
359.37
367.11
389.24
439.88
448.13
451.53
468.68
474.42
482.21
488.86
508.75
531.61
538.38
548.74
562.16
571.28
595.86
602.35
606.67
612.86
637.94
640.88
663.22
681.28
700.02
702.25
720.44
778.10
786.94
792.36
812.39
814.35
826.49
839.78
855.81
888.32
899.72
915.39
929.94
930.98
948.31
971.13
993.52
1000.32
1032.93
1045.86
1055.27
1061.65
1084.08
1088.87
1098.95
1102.82
1134.84
1145.80
1168.32
1180.38
1190.06
1192.75
1198.60
1205.35
1214.94
1219.05
1227.02
1230.79
1266.99
1283.52
1291.03
1303.48
1306.65
1334.96
1342.57
1346.98
1356.51
1372.43
1388.49
1396.83
1409.82
1428.11
1448.82
1453.45
1462.33
1481.90
1488.81
1497.47
1503.34
1520.06
1562.55
1578.20
1581.22
1612.96
1632.48
1650.69
1737.47
1753.68
1778.08
1790.11
1801.82
1837.42
1895.51
1913.78
1940.93
3034.83
3115.20
3125.63
3126.68
3134.21
3208.87
3208.91
3243.33
3251.10
3264.35
3268.06
3281.75
3691.26
3773.39
3815.36
3824.64
3898.60
3902.08
3975.61
$end
