
$molecule
   O    -0.28016937  -4.78663145   4.96001043
  O     1.21870399  -1.11662045   2.16035173
  O    -2.08071866  -3.93340801   3.93592093
  O     1.94147881  -0.63865105   7.39018908
  O     0.55042499   1.05559791   6.93516194
  O     2.60076183   3.17194532  -3.01912253
  N    -0.73006225  -1.79450849   3.07801975
  N    -2.86298839   1.12170407  -2.24695514
  N    -0.09421884   2.42166586  -3.54433588
  N    -0.53184709   0.97463389  -5.85305908
  N     3.23349735   2.13495063  -4.92956553
  N     1.74909891   1.02924530  -6.36974015
  N     4.01705663   1.11475644  -6.87457077
  C    -0.10291074  -2.59019169   4.08384060
  C     0.04878319  -1.85587515   5.40078254
  C     0.92274919  -0.63177050   5.25594179
  C     0.01031043  -1.18710290   2.09690278
  C    -0.78626387  -0.59223568   0.97708637
  C    -0.93934904  -3.83137172   4.30074413
  C    -2.15906552   0.58995277  -1.16748490
  C    -2.43424468   2.32983726  -2.90953391
  C    -0.20906288   0.42931624   0.23276348
  C    -2.06483394  -1.02271452   0.63029362
  C    -0.87960749   1.02191595  -0.81837061
  C    -2.73938299  -0.44602769  -0.42385514
  C     1.10016436   0.04288169   6.58943072
  C    -1.30595307   2.03548670  -3.86130690
  C     0.91753941   2.10555488  -4.35768717
  C    -1.51212526   1.29405355  -5.04266168
  C     0.71582872   1.37115117  -5.53152832
  C     2.27884495   2.54227043  -3.98715366
  C     2.94960571   1.40739798  -6.05698449
  H     0.88311904  -2.89761918   3.72895374
  H    -0.93933461  -1.55603481   5.75226950
  H     0.47702716  -2.53169656   6.14188641
  H     0.47348709   0.08371556   4.57343280
  H     1.90533782  -0.90530799   4.87268668
  H    -1.71968968  -1.91293089   2.96028416
  H    -2.09250656   3.09956357  -2.21459267
  H    -3.29521077   2.72515233  -3.46062465
  H     0.78802461   0.76565539   0.49092177
  H    -2.54528952  -1.83361272   1.16417010
  H    -3.85992961   0.99200024  -2.18249362
  H    -0.40782571   1.82111406  -1.36676945
  H    -3.72749524  -0.79942621  -0.69168748
  H    -2.51533591   0.96538730  -5.30691470
  H    -0.87937159  -5.53779428   5.06947641
  H     4.17746632   2.43896608  -4.75471287
  H     2.00356887  -0.15845692   8.22669669
  H     3.80315831   0.43001698  -7.58405060
  H     4.92875558   1.04409934  -6.45245623
$end
$temperature
298.15
$end
$mult
 1
$end
$sigma
 1
$end
$pressure
1.00000
$end
$scale
1.0
$end
$msrrho
$end
$freq
8.59
10.65
15.66
19.41
26.46
39.80
47.95
56.09
61.16
62.45
81.33
89.24
98.33
121.35
141.37
153.98
166.06
170.58
182.56
221.51
249.43
259.26
286.47
295.40
329.42
336.33
346.32
354.27
370.82
393.41
401.97
426.56
437.61
451.14
454.95
484.14
496.00
501.86
540.01
552.03
556.58
576.90
589.46
594.53
597.39
600.54
604.39
630.52
642.62
662.35
684.74
688.04
703.58
721.09
776.90
780.19
784.92
816.06
818.79
844.35
849.52
854.06
857.44
893.83
915.30
918.91
929.74
935.73
955.26
1004.57
1012.95
1018.58
1041.41
1047.49
1060.06
1071.40
1089.38
1096.25
1122.46
1150.16
1152.72
1160.29
1171.89
1178.41
1196.80
1200.65
1212.46
1215.59
1222.41
1228.68
1259.83
1263.64
1283.21
1293.24
1307.61
1319.28
1327.15
1334.94
1345.68
1348.67
1373.85
1389.57
1392.77
1398.21
1417.23
1450.98
1459.38
1463.25
1469.56
1480.81
1486.29
1493.27
1513.23
1561.31
1576.90
1578.87
1613.89
1631.84
1648.46
1736.04
1747.81
1781.32
1789.82
1804.83
1840.94
1896.12
1897.66
1906.60
3095.05
3132.51
3173.26
3199.92
3204.88
3221.64
3223.58
3240.22
3249.88
3256.14
3268.94
3331.97
3690.01
3776.68
3816.85
3823.37
3884.44
3896.44
3905.14
$end
