
$molecule
   O     0.53594079  -2.67771845   0.69187326
  O     1.62076609  -0.27890753   2.09513781
  O     1.07485945  -3.32927201  -1.36421363
  O     6.32917448  -0.34331233   2.25992098
  O     5.57825266  -2.43683596   2.51145281
  O    -0.05064454   0.16496683  -2.32905704
  N     1.80459600  -0.35413028  -0.17956392
  N    -2.71786795   4.06593921   0.18712664
  N    -2.39801339   1.61430830  -1.65187354
  N    -4.40618886   0.17922452  -0.43424365
  N    -1.10175406  -1.73706761  -1.73880007
  N    -3.15342090  -1.79374129  -0.60784761
  N    -1.80605829  -3.69636287  -0.71472385
  C     2.42037243  -1.64668170  -0.29687268
  C     3.39107351  -2.00735481   0.79449543
  C     4.46218834  -0.96615924   0.95942381
  C     1.31149484   0.13787363   1.00687011
  C     0.32576088   1.25437194   0.82514488
  C     1.30381786  -2.66722660  -0.37299161
  C    -1.63441790   3.20059513   0.48965334
  C    -3.36404049   3.72807321  -1.09017008
  C     0.46691299   2.22781589  -0.15415026
  C    -0.76875070   1.29779254   1.67547026
  C    -0.49856729   3.20050009  -0.30976140
  C    -1.74699520   2.25648800   1.50698053
  C     5.48786322  -1.35820989   1.98734323
  C    -3.46231692   2.23229826  -1.19664618
  C    -2.29393907   0.29851188  -1.49356229
  C    -4.48948735   1.47999218  -0.59527647
  C    -3.29167945  -0.44630259  -0.85272816
  C    -1.05041304  -0.36433953  -1.91537067
  C    -2.07815148  -2.37638090  -1.02647372
  H     2.91837641  -1.67387597  -1.27405260
  H     2.85869918  -2.12423647   1.72893168
  H     3.84842462  -2.96757198   0.54701223
  H     4.03899167  -0.01524507   1.27168630
  H     5.00099856  -0.78514763   0.02551959
  H     1.32940141  -0.03186694  -1.01476153
  H    -2.75508714   4.09115809  -1.91848090
  H    -4.34253050   4.21769816  -1.12578620
  H     1.32486624   2.22350602  -0.81329511
  H    -0.86414168   0.54823725   2.45172318
  H    -3.39742143   4.03863034   0.93745648
  H    -0.40665039   3.93979151  -1.09227990
  H    -2.62709141   2.24694070   2.13744661
  H    -5.38996363   1.97493132  -0.23427093
  H    -0.24591068  -3.22675749   0.51328951
  H    -0.26755059  -2.25898987  -1.97462164
  H     6.96509676  -0.66161247   2.91469499
  H    -2.62112683  -4.21286813  -0.41626674
  H    -1.16774728  -4.18146936  -1.33051127
$end
$temperature
298.15
$end
$mult
 1
$end
$sigma
 1
$end
$pressure
1.00000
$end
$scale
1.0
$end
$msrrho
$end
$freq
24.80
30.51
31.94
49.87
55.06
72.47
72.87
91.83
104.75
109.36
111.83
131.54
140.95
148.80
170.09
182.47
199.71
214.70
222.64
246.72
260.84
284.79
292.99
316.21
327.65
353.46
380.47
385.44
394.41
422.85
449.67
454.34
483.81
493.85
504.22
510.90
523.60
541.86
560.91
593.92
608.24
622.05
633.77
647.74
654.11
678.11
683.55
690.05
698.13
701.54
709.77
742.30
748.71
765.32
792.39
801.66
815.41
832.98
838.07
861.32
868.12
874.64
903.20
911.84
919.65
929.07
938.53
942.29
958.74
984.38
1010.46
1022.58
1024.59
1055.30
1062.35
1064.67
1096.39
1103.80
1122.63
1139.29
1158.83
1166.53
1169.01
1179.41
1186.93
1201.95
1212.99
1214.40
1238.19
1243.46
1272.37
1275.47
1291.17
1304.17
1315.65
1329.48
1332.64
1338.05
1343.15
1360.16
1374.15
1393.64
1400.38
1414.94
1427.62
1446.38
1449.41
1451.78
1460.75
1465.19
1498.96
1516.02
1520.24
1561.52
1577.40
1584.40
1621.82
1629.17
1646.36
1739.74
1752.11
1799.27
1803.21
1819.74
1864.84
1874.43
1886.76
1900.19
3107.13
3129.45
3147.29
3156.57
3212.01
3215.04
3249.19
3250.71
3256.89
3269.24
3285.16
3317.60
3658.91
3676.28
3703.87
3732.90
3796.06
3805.76
3902.21
$end
