
$molecule
   O     3.14747084   0.92143627   3.93948857
  O     1.22543121   3.74964730   0.96728178
  O     1.29275015  -0.31824414   4.05963997
  O    -1.37034075  -1.17021877   3.09126638
  O     0.08680505  -0.77935462   1.46072215
  O    -1.91339706   0.86731533  -0.78492214
  N     1.49029076   1.57440647   1.58733027
  N     1.03498149   0.20206476  -4.45814059
  N    -0.53383113  -0.90154309  -2.52834405
  N    -0.56045123  -3.56003868  -1.83744445
  N    -2.74745788  -0.92715677   0.30801354
  N    -2.01711103  -3.12324603  -0.05341455
  N    -3.55504299  -2.65907151   1.63405994
  C     1.19379327   1.81642321   2.96113979
  C    -0.29418325   1.89608537   3.25968829
  C    -1.15601175   1.06600920   2.33690544
  C     1.38970417   2.59293578   0.66243525
  C     1.44495907   2.06613161  -0.73438286
  C     1.85533483   0.68909640   3.72086062
  C     1.25818642   0.88676861  -3.25141580
  C     0.99867050  -1.23781481  -4.37952731
  C     2.21480095   0.95415533  -1.04910455
  C     0.65090082   2.63687906  -1.71910275
  C     2.14069593   0.38259163  -2.29957165
  C     0.55690087   2.05691722  -2.96524779
  C    -0.72970622  -0.36642802   2.24659237
  C     0.15838312  -1.75870030  -3.23050877
  C    -1.23008376  -1.32298332  -1.47660354
  C     0.13821519  -3.12079613  -2.85813766
  C    -1.27007318  -2.67130681  -1.11579714
  C    -1.95568955  -0.32617200  -0.67271260
  C    -2.73406763  -2.26652704   0.59902387
  H     1.67702207   2.74875659   3.26442657
  H    -0.47183435   1.60376616   4.29506974
  H    -0.61260309   2.93637368   3.15218732
  H    -1.13578109   1.46854428   1.32812415
  H    -2.18684229   1.09392380   2.69404941
  H     1.22068752   0.65983493   1.25273074
  H     2.01247416  -1.63984577  -4.26967157
  H     0.61309071  -1.62530906  -5.33163333
  H     2.87708143   0.52340631  -0.30869916
  H     0.06787849   3.51903156  -1.48424950
  H     0.21390847   0.56887746  -4.91935479
  H     2.73812454  -0.48556303  -2.53074557
  H    -0.11481489   2.47068435  -3.70564341
  H     0.71248330  -3.85145884  -3.42691226
  H     3.51557567   0.15547791   4.40054672
  H    -3.35500125  -0.31718611   0.82822767
  H    -0.94090569  -2.03525453   3.04075613
  H    -3.62676173  -2.01818134   2.40980374
  H    -3.41460920  -3.62513985   1.89091737
$end
$temperature
298.15
$end
$mult
 1
$end
$sigma
 1
$end
$pressure
1.00000
$end
$scale
1.0
$end
$msrrho
$end
$freq
11.44
26.64
29.11
50.12
51.77
61.38
77.31
84.14
85.16
98.84
128.33
133.19
153.29
159.15
166.74
176.22
187.61
208.28
220.54
230.88
251.83
265.88
285.56
322.88
333.94
351.98
362.10
379.44
394.72
400.73
403.55
441.21
451.17
452.55
483.30
494.64
533.57
553.69
565.80
586.08
595.21
597.93
612.90
615.88
621.03
629.16
644.58
649.87
684.06
697.27
706.65
714.71
725.52
750.97
769.36
800.62
811.57
819.03
822.27
839.45
847.65
858.03
869.20
888.20
909.99
925.31
935.70
945.02
988.10
996.44
1002.01
1033.83
1043.48
1053.91
1059.67
1083.49
1095.85
1102.01
1106.35
1150.12
1154.13
1164.21
1177.96
1190.49
1198.45
1201.55
1205.28
1212.82
1216.49
1242.90
1246.81
1271.29
1280.60
1287.14
1314.20
1323.84
1340.86
1347.23
1350.06
1364.31
1376.50
1388.75
1404.47
1417.27
1436.29
1447.65
1450.76
1459.34
1460.62
1474.68
1504.76
1515.76
1520.99
1569.92
1579.74
1583.54
1615.01
1633.79
1647.67
1742.07
1763.44
1800.44
1800.81
1817.16
1862.70
1899.54
1904.09
1914.90
3067.47
3116.66
3148.21
3150.69
3192.44
3201.32
3205.39
3253.57
3257.21
3260.73
3272.87
3300.27
3676.53
3724.00
3766.67
3807.54
3844.72
3899.77
3911.01
$end
