
$molecule
   O    -1.86995981   0.47957310  -7.21812832
  O     0.78547518  -2.06195778  -4.23733580
  O    -2.14273063   1.19504271  -5.11580661
  O    -0.54238767  -3.77198911  -5.59163026
  O    -1.64780792  -4.01505757  -3.65308761
  O    -1.43651099   2.26041387   6.40889760
  N    -1.25681630  -1.06991993  -4.06698976
  N     1.30317571   0.46982857   1.60107672
  N     0.52686103   2.04398712   4.35217192
  N     3.16082020   2.01802309   5.18503543
  N     0.21877073   2.25801570   7.95117915
  N     2.50010086   2.13736443   7.42366667
  N     1.82365896   2.29267901   9.64201531
  C    -1.67971994  -1.11545928  -5.42891485
  C    -2.99109975  -1.87706960  -5.55823518
  C    -2.83545342  -3.39110521  -5.64149965
  C    -0.01019866  -1.38267396  -3.61202373
  C     0.29500979  -0.85736462  -2.25104074
  C    -1.91030582   0.31661827  -5.89589174
  C     0.97446445   0.06578467   0.30928479
  C     1.14793336   1.84807746   2.01747192
  C    -0.20978714   0.34626765  -1.77463924
  C     1.15762237  -1.58956456  -1.43838978
  C     0.12702608   0.80670062  -0.51611717
  C     1.48798315  -1.14562685  -0.17957989
  C    -1.63685627  -3.80459638  -4.83431096
  C     1.49863347   1.97044197   3.47280752
  C     0.83844562   2.11033416   5.64944593
  C     2.83687957   1.96339080   3.91471346
  C     2.16758707   2.09015289   6.09205361
  C    -0.26059311   2.21173012   6.63383371
  C     1.54488996   2.21609124   8.29771427
  H    -0.89384595  -1.56837066  -6.02731157
  H    -3.58541190  -1.61648212  -4.68324458
  H    -3.55230998  -1.53437553  -6.43181213
  H    -2.66886237  -3.70555801  -6.67296313
  H    -3.73796390  -3.87905445  -5.26795180
  H    -1.79041888  -0.43971067  -3.49311552
  H     0.10964032   2.15410714   1.89386292
  H     1.77332964   2.53067650   1.42411438
  H    -0.85217983   0.96280097  -2.39329186
  H     1.56449864  -2.52191888  -1.81057445
  H     2.14369164   0.03177726   1.94412180
  H    -0.26911131   1.75090476  -0.17291642
  H     2.14990600  -1.73116497   0.44630450
  H     3.64897880   1.91549079   3.19059671
  H    -1.63924060  -0.34729844  -7.65478373
  H    -0.48145573   2.37066495   8.66613988
  H     0.20460874  -3.43024144  -5.05444550
  H     2.78291395   2.07803121   9.86893843
  H     1.12812259   1.96158898  10.29058533
$end
$temperature
298.15
$end
$mult
 1
$end
$sigma
 1
$end
$pressure
1.00000
$end
$scale
1.0
$end
$msrrho
$end
$freq
8.47
10.86
17.54
28.59
38.48
44.32
55.02
66.61
79.06
84.06
108.45
111.22
125.94
134.82
147.60
162.41
165.17
183.13
194.56
227.67
233.99
242.99
293.00
312.43
337.66
346.99
352.22
376.44
386.23
406.35
434.87
442.03
442.54
455.99
465.12
488.82
502.77
513.41
531.51
543.14
551.46
571.73
584.05
598.93
604.50
606.53
610.02
638.59
654.05
665.43
696.58
700.03
713.87
730.62
781.60
788.60
798.20
817.00
818.67
835.85
858.42
879.61
886.98
904.44
917.00
923.74
932.72
945.17
967.53
1006.09
1011.58
1019.56
1047.72
1054.98
1059.14
1062.00
1082.67
1091.72
1098.63
1141.29
1150.26
1163.11
1168.44
1178.01
1189.77
1190.47
1204.94
1215.31
1221.73
1238.67
1256.57
1276.28
1287.46
1292.74
1296.71
1306.63
1335.51
1346.35
1347.18
1369.80
1379.66
1382.09
1389.98
1404.30
1434.82
1438.69
1453.10
1463.66
1465.84
1479.95
1491.38
1498.49
1511.98
1565.97
1577.58
1594.69
1616.80
1631.44
1652.49
1733.86
1741.21
1777.25
1788.93
1802.36
1829.54
1899.40
1915.67
1932.77
3064.73
3110.49
3122.45
3197.16
3211.20
3211.44
3215.73
3241.19
3244.26
3258.14
3286.12
3288.49
3617.44
3692.70
3773.91
3816.31
3826.14
3863.46
3957.59
$end
