
$molecule
   O     0.23148873  -6.83347155   0.77874416
  O     1.78435938  -4.21893196  -1.95671188
  O     2.16098421  -7.77262517   1.42195221
  O     3.88356439  -1.81738496   0.06677503
  O     2.73771117  -2.66251872   1.77810709
  O    -3.86931797   3.73269717   2.07593918
  N     1.34468383  -4.52810323   0.24982398
  N    -0.51667833   1.56149104  -0.46098305
  N    -2.10893774   3.66445382  -0.15340110
  N    -1.91020643   5.98132278  -1.62965794
  N    -4.39340776   5.87690182   1.56454630
  N    -3.47096708   7.04701574  -0.24747184
  N    -4.99870664   8.09181677   1.15887515
  C     2.24815504  -5.64577693   0.33057725
  C     3.49342240  -5.30967958   1.10909806
  C     4.21239692  -4.10856753   0.54129942
  C     1.33650578  -3.78550859  -0.92248315
  C     0.78434436  -2.40821670  -0.78486221
  C     1.55211682  -6.87220300   0.91779225
  C    -0.10074171   0.25013096  -0.60358535
  C    -0.52574754   2.48255859  -1.55949364
  C     1.10934595  -1.47961924  -1.76558669
  C    -0.00340324  -1.99335842   0.28750429
  C     0.68609746  -0.16961267  -1.68114701
  C    -0.44268315  -0.69292481   0.37759702
  C     3.53250026  -2.81186658   0.88364413
  C    -1.30748468   3.71471379  -1.18566397
  C    -2.82211479   4.74700624   0.17234933
  C    -1.21616093   4.91266406  -1.93270611
  C    -2.73782679   5.93073486  -0.56471846
  C    -3.71064083   4.67324127   1.34878994
  C    -4.26157643   6.99561558   0.77996402
  H     2.50576661  -5.91587031  -0.69614407
  H     3.23035050  -5.10441532   2.14433288
  H     4.14859921  -6.18252088   1.10439921
  H     4.30617567  -4.16093685  -0.54298454
  H     5.22801972  -4.03972721   0.94726146
  H     1.28549916  -3.98051985   1.09402478
  H    -0.97409606   2.04805051  -2.46640684
  H     0.49550373   2.77137292  -1.84238068
  H     1.72119523  -1.79848761  -2.60064154
  H    -0.29024452  -2.68752006   1.06664159
  H    -1.25902098   1.72059026   0.20380228
  H     0.96487469   0.53588726  -2.45010661
  H    -1.05664311  -0.38257922   1.21393005
  H    -0.55101196   4.96809216  -2.79373945
  H     0.00596804  -5.98508192   0.37294744
  H    -4.98507466   5.90446921   2.37918347
  H     3.39287871  -1.02826300   0.33306387
  H    -5.85286428   7.93840800   1.66963228
  H    -5.01695035   8.82705706   0.46827799
$end
$temperature
298.15
$end
$mult
 1
$end
$sigma
 1
$end
$pressure
1.00000
$end
$scale
1.0
$end
$msrrho
$end
$freq
10.39
12.19
22.13
25.78
35.51
44.48
48.59
59.77
66.20
77.72
84.27
96.56
114.30
145.95
150.27
152.70
163.00
177.87
208.56
214.55
251.86
272.38
285.19
324.77
326.58
347.00
356.51
362.44
388.26
400.16
444.16
448.80
464.89
474.53
488.58
511.96
528.45
533.73
547.50
548.91
558.83
566.24
593.83
602.20
606.82
626.24
640.05
640.85
658.41
668.70
698.38
700.54
712.67
715.90
764.32
785.48
787.21
801.26
813.98
826.45
856.19
861.72
885.87
892.38
916.85
930.89
931.81
947.51
960.48
993.40
1017.67
1032.68
1044.28
1052.40
1064.92
1084.39
1088.07
1098.39
1108.35
1145.51
1160.95
1169.73
1183.03
1190.00
1203.01
1205.80
1209.20
1218.01
1219.32
1226.11
1236.45
1252.62
1282.33
1285.61
1303.72
1317.63
1332.32
1338.27
1345.30
1348.52
1374.63
1387.70
1399.30
1415.44
1425.00
1437.82
1456.28
1460.53
1480.61
1487.45
1497.97
1510.48
1520.68
1552.73
1569.82
1578.47
1613.10
1633.34
1649.36
1736.98
1753.86
1778.76
1789.11
1801.62
1860.62
1895.60
1896.71
1928.36
3037.49
3098.10
3113.31
3146.35
3203.39
3207.70
3208.36
3242.07
3246.15
3259.75
3264.37
3282.25
3692.74
3773.44
3814.06
3820.69
3826.25
3899.40
3909.31
$end
