
$molecule
   O    -0.10841585   3.54038902   2.64052114
  O     3.44995369   1.74341793   0.06519925
  O     1.41994052   4.15683296   4.15802421
  O     4.57823455   4.76450938   2.78271795
  O     3.68631111   6.64959584   3.58429250
  O    -3.85522612  -0.89218117  -0.11837987
  N     1.71090583   1.93336278   1.53670336
  N     0.80620224  -4.00983174  -0.76294257
  N    -2.28977236  -3.17638648  -0.75439994
  N    -2.85654716  -4.42424022  -3.14532139
  N    -5.06313429  -1.22879485  -2.00483724
  N    -4.61920877  -2.93846163  -3.54967474
  N    -6.34410488  -1.43051425  -3.94228838
  C     2.19004953   3.15769044   2.14162920
  C     2.46334840   4.23081589   1.11495290
  C     2.63469434   5.61637878   1.69928855
  C     2.48038251   1.25918996   0.59514123
  C     1.99355126  -0.12196255   0.28544490
  C     1.13259162   3.66157478   3.10835358
  C     1.17987888  -2.72375053  -0.38590055
  C    -0.40899937  -4.62870926  -0.29147617
  C     0.69817722  -0.55411939   0.54454661
  C     2.87770658  -1.00975965  -0.32424535
  C     0.29228345  -1.83277432   0.21620522
  C     2.48687480  -2.28772784  -0.65045304
  C     3.66037864   5.74479303   2.79472304
  C    -1.57889356  -4.20754130  -1.14167423
  C    -3.28102285  -2.74174430  -1.53394221
  C    -1.87786835  -4.82974574  -2.37081455
  C    -3.58922086  -3.36575746  -2.74824035
  C    -4.04311266  -1.55334501  -1.10158505
  C    -5.31586559  -1.91312032  -3.16784959
  H     3.08926948   2.98909342   2.73219935
  H     3.35047030   3.94838727   0.55920527
  H     1.63314333   4.26350691   0.40812445
  H     1.70285605   6.01096565   2.10388592
  H     2.94238512   6.30276316   0.90265471
  H     1.25257881   1.30439648   2.17935700
  H    -0.63186948  -4.36632496   0.74431477
  H    -0.27592976  -5.71414456  -0.35107345
  H    -0.03180683   0.10931169   0.99207049
  H     3.88615021  -0.67725427  -0.53942864
  H     1.58157469  -4.63080879  -0.92678952
  H    -0.72359681  -2.13183754   0.41641786
  H     3.18739075  -2.96672309  -1.12068425
  H    -1.29014383  -5.68258549  -2.70630551
  H    -0.07139984   3.10697189   1.77973455
  H    -5.59518676  -0.40202258  -1.78635923
  H     5.18975569   4.93323916   3.51190584
  H    -7.08985298  -0.93180638  -3.48483370
  H    -6.61586061  -2.05321076  -4.68811432
$end
$temperature
298.15
$end
$mult
 1
$end
$sigma
 1
$end
$pressure
1.00000
$end
$scale
1.0
$end
$msrrho
$end
$freq
10.20
11.16
16.44
22.52
27.85
44.32
52.46
57.77
64.17
76.24
81.95
102.98
119.62
146.05
150.15
163.03
170.15
172.95
211.69
227.77
256.04
270.94
281.84
311.71
317.03
344.71
352.06
356.46
358.55
382.53
392.27
414.43
451.37
467.90
475.14
491.46
528.00
531.87
533.68
551.38
563.27
574.24
579.15
598.53
604.14
608.66
640.34
645.65
665.77
680.65
687.29
700.54
704.78
717.20
722.37
779.53
784.83
819.45
837.49
842.97
843.78
857.58
862.60
882.16
898.24
918.48
927.22
935.83
936.70
985.25
1004.62
1021.74
1053.35
1056.07
1059.45
1065.57
1086.52
1094.96
1108.00
1138.05
1152.29
1157.19
1175.01
1178.94
1200.93
1208.81
1214.99
1218.96
1222.42
1235.39
1257.27
1263.74
1273.62
1292.65
1312.25
1332.30
1333.71
1339.48
1347.51
1369.36
1377.99
1387.61
1392.09
1403.49
1435.69
1444.96
1450.02
1455.99
1459.85
1474.72
1480.25
1484.69
1514.00
1548.83
1569.26
1578.10
1613.78
1632.55
1644.95
1736.83
1747.75
1782.11
1789.29
1802.80
1864.50
1894.78
1901.22
1944.23
3099.45
3102.76
3153.06
3205.43
3205.68
3217.02
3241.40
3250.99
3256.08
3260.63
3283.55
3337.45
3692.03
3776.32
3788.99
3814.73
3825.44
3912.35
3950.51
$end
