
$molecule
   O    -1.09027210  -6.18804491  -3.75375268
  O     1.10637869  -3.75038537  -2.38771220
  O    -2.04483210  -4.19418363  -3.39947480
  O    -4.49152350  -7.76266808  -0.69281046
  O    -3.02039162  -8.79906654   0.63363588
  O     2.58796155   5.30937600   4.51750188
  N    -0.68889059  -3.96787267  -1.01773715
  N     0.85024985   2.21785529  -0.07991400
  N     1.11174050   4.53307080   2.20481604
  N     0.63846900   6.51759407   0.34219938
  N     2.73440918   7.40828582   3.68569475
  N     1.79198906   8.07719936   1.64568969
  N     2.96701320   9.60618341   2.94318769
  C    -0.94207224  -5.26874327  -1.56778683
  C    -1.98173113  -5.99525352  -0.74098933
  C    -2.15495932  -7.44742937  -1.13816801
  C     0.34648771  -3.24492119  -1.59530081
  C     0.43753256  -1.82007115  -1.16195817
  C    -1.41588202  -5.13431890  -3.00028837
  C     0.67999241   0.87791965  -0.42605794
  C    -0.02973806   2.85895700   0.87505229
  C    -0.12550822  -1.35256662   0.01828277
  C     1.13455849  -0.92306381  -1.96839632
  C    -0.00759686  -0.02522325   0.38599080
  C     1.25140863   0.40150320  -1.61579086
  C    -3.24639712  -8.08978022  -0.30486702
  C     0.43429790   4.26766765   1.11224775
  C     1.55875032   5.77708875   2.39703189
  C     0.19933413   5.29265517   0.17398475
  C     1.33401982   6.79576160   1.46172233
  C     2.31809099   6.06998711   3.63184820
  C     2.46199489   8.34645307   2.72339364
  H    -0.00445657  -5.82604292  -1.58799234
  H    -1.68146418  -5.94387411   0.30653034
  H    -2.92872788  -5.46067139  -0.82963366
  H    -1.23659820  -8.00350616  -0.95755638
  H    -2.40174353  -7.54002384  -2.19504537
  H    -1.51326397  -3.42409008  -0.81753671
  H     0.00956567   2.32725278   1.82508905
  H    -1.07525090   2.86299608   0.53432275
  H    -0.65174704  -2.03035169   0.67967678
  H     1.58347695  -1.28497223  -2.88564115
  H     1.07736437   2.79622504  -0.87383066
  H    -0.44885135   0.31202991   1.31222385
  H     1.79127142   1.08830869  -2.25588786
  H    -0.37051074   5.08294655  -0.73014553
  H    -1.39853015  -6.01781458  -4.65420925
  H     3.29389887   7.65898825   4.48461680
  H    -4.46719701  -7.19404183  -1.46796633
  H     3.12051658   9.89733533   3.89483103
  H     2.59736361  10.30534076   2.31687990
$end
$temperature
298.15
$end
$mult
 1
$end
$sigma
 1
$end
$pressure
1.00000
$end
$scale
1.0
$end
$msrrho
$end
$freq
7.43
10.74
18.49
24.82
27.04
31.11
35.16
45.00
58.38
67.30
72.67
84.53
98.67
120.20
132.24
147.69
157.25
165.38
193.66
209.60
221.22
232.42
269.62
291.91
327.13
343.06
349.76
356.61
385.92
392.63
405.64
438.01
447.82
459.72
473.04
485.35
492.99
508.48
537.24
544.32
551.65
562.66
580.18
583.71
598.79
601.03
604.02
653.21
657.77
664.66
692.08
697.24
704.98
725.76
784.96
786.88
796.93
806.08
818.78
833.10
849.30
859.51
886.10
895.18
909.66
919.57
928.95
936.64
952.17
958.39
1006.18
1019.20
1047.64
1058.25
1064.51
1086.81
1098.30
1100.54
1120.36
1133.77
1150.17
1161.38
1174.72
1176.53
1188.73
1189.26
1204.80
1209.84
1212.35
1227.76
1238.41
1251.16
1283.55
1293.56
1298.66
1309.94
1324.17
1336.23
1339.91
1346.83
1372.69
1379.29
1387.94
1398.37
1413.66
1452.91
1470.93
1474.51
1479.08
1481.16
1490.44
1492.01
1511.87
1542.02
1568.70
1577.75
1616.83
1631.64
1643.63
1733.85
1741.21
1780.95
1788.75
1802.89
1855.61
1899.41
1917.17
1921.55
3064.06
3123.74
3163.13
3201.76
3211.33
3216.42
3222.44
3242.15
3243.77
3248.51
3255.76
3287.04
3693.13
3770.47
3801.71
3816.44
3826.62
3901.53
3983.19
$end
