
$molecule
   O     4.28710213   3.59438049  -0.18401420
  O     3.64791357  -0.87435353   0.35434520
  O     2.64520190   3.46731794  -1.67978617
  O     1.47236691   1.71198898  -3.23013303
  O     2.22812976  -0.15977795  -4.16080685
  O    -1.94403829  -1.76669693   4.08514489
  N     2.62952752   0.71304146  -0.89943889
  N    -2.18573386  -3.48801901  -0.33300309
  N    -3.07157125  -1.69920004   1.48088652
  N    -4.36074926   0.62185258   0.75659048
  N    -2.73430814   0.32482254   4.44972826
  N    -3.94262642   1.56008854   2.86174137
  N    -3.46896141   2.48236876   4.94399233
  C     3.82891466   1.45720639  -1.09698500
  C     4.53954694   1.12260204  -2.39816934
  C     3.81928096   1.54038140  -3.66232845
  C     2.66467860  -0.49355426  -0.23802073
  C     1.38291460  -1.26215453  -0.30421949
  C     3.50950094   2.93055518  -1.02426012
  C    -0.98648107  -2.74572218  -0.33214215
  C    -3.37732329  -2.74196033  -0.66953813
  C     0.53415519  -1.21250103  -1.40434344
  C     1.04438257  -2.07630747   0.77092788
  C    -0.63240829  -1.95041955  -1.41927516
  C    -0.12825946  -2.80128893   0.76633932
  C     2.43422761   0.94214792  -3.73317664
  C    -3.58040530  -1.58225582   0.27946251
  C    -3.17533673  -0.68278535   2.33457590
  C    -4.23857259  -0.38697580  -0.07577912
  C    -3.82664938   0.50505434   1.98656786
  C    -2.55299380  -0.82202732   3.66613843
  C    -3.40969908   1.44692742   4.03735327
  H     4.50039143   1.22238368  -0.26847815
  H     5.53392490   1.58231907  -2.39028594
  H     4.68181248   0.04169851  -2.40387455
  H     4.37392700   1.16724799  -4.52558090
  H     3.75602411   2.62385783  -3.74488569
  H     1.81459058   0.93928366  -1.43710837
  H    -4.23865047  -3.42116858  -0.61617272
  H    -3.32478405  -2.36863155  -1.69485296
  H     0.78256386  -0.62810944  -2.27913292
  H     1.70805584  -2.12272296   1.62602980
  H    -2.30936183  -3.92812017   0.57056341
  H    -1.27202836  -1.92007979  -2.28966801
  H    -0.40452245  -3.39091011   1.63076339
  H    -4.66644884  -0.27315648  -1.07106139
  H     4.03025576   4.52771735  -0.20604025
  H    -2.28882242   0.31408961   5.35275164
  H     1.83655603   2.50476793  -2.78556771
  H    -3.44389249   2.24900815   5.92358274
  H    -4.12131732   3.20578931   4.68064434
$end
$temperature
298.15
$end
$mult
 1
$end
$sigma
 1
$end
$pressure
1.00000
$end
$scale
1.0
$end
$msrrho
$end
$freq
4.45
8.99
14.65
20.07
28.74
41.94
54.13
60.55
69.61
95.37
101.21
126.03
148.61
159.41
166.04
176.62
182.03
204.43
220.85
241.80
251.78
262.97
287.97
309.73
345.53
352.69
362.06
368.44
391.97
415.02
417.60
445.81
447.63
477.50
488.17
489.98
523.57
551.18
554.36
564.66
591.24
597.23
607.28
615.35
629.63
634.56
641.22
649.58
679.61
700.01
707.20
723.65
751.35
787.99
802.04
808.61
817.31
826.06
840.93
863.18
866.76
874.92
900.83
909.12
916.47
929.40
934.47
944.64
984.74
998.40
999.01
1022.90
1029.58
1057.69
1063.33
1085.19
1095.39
1098.66
1109.31
1135.01
1146.65
1162.32
1170.40
1181.06
1199.22
1200.36
1210.02
1210.67
1223.32
1233.22
1256.53
1284.09
1288.49
1300.20
1315.57
1318.62
1338.21
1342.25
1344.59
1359.20
1381.88
1388.06
1401.23
1409.11
1431.42
1447.44
1452.54
1457.43
1462.60
1482.93
1493.54
1514.51
1515.00
1564.32
1574.07
1577.70
1612.23
1630.47
1643.11
1738.86
1752.62
1790.48
1791.61
1808.42
1850.27
1884.22
1895.70
1922.33
3076.00
3093.45
3137.72
3183.66
3197.47
3209.02
3213.08
3231.50
3252.21
3261.86
3279.38
3305.52
3639.16
3687.09
3701.54
3816.41
3820.68
3874.71
3918.86
$end
