
$molecule
   O     1.66691053   2.26902705  -1.00226640
  O     3.10004259  -0.21136326  -0.14331203
  O     3.48547484   2.13781817  -2.28932810
  O    -0.28219641   1.03820693  -6.34701436
  O    -0.52955645   3.07914169  -5.45549590
  O    -1.37955860  -0.28795044  -0.67487681
  N     1.26293580  -0.39520576  -1.45539728
  N    -1.07335288  -3.56830030   3.47907567
  N    -2.18103501  -1.22569246   1.86692831
  N    -1.94917670   0.53641703   3.96931178
  N    -0.67139924   1.62012152   0.29613884
  N    -1.05412178   2.16709608   2.54654377
  N     0.03816521   3.66824578   1.13385438
  C     1.80517224   0.43039928  -2.48862397
  C     0.71379178   0.80848954  -3.46574841
  C     1.21477040   1.64902333  -4.62247530
  C     1.99206003  -0.65910532  -0.32443594
  C     1.26575886  -1.51505266   0.66758446
  C     2.44459550   1.67967889  -1.92446044
  C    -0.18640288  -2.96660192   2.54902633
  C    -2.46255218  -3.11235369   3.30399299
  C     0.40417572  -2.52619351   0.26261412
  C     1.44706086  -1.28135431   2.02224026
  C    -0.30598141  -3.25156235   1.19475117
  C     0.72519556  -1.99588746   2.95755175
  C     0.05691477   2.03032081  -5.50593023
  C    -2.43589411  -1.62549112   3.08987459
  C    -1.76800753   0.02252200   1.66568448
  C    -2.34915880  -0.70029043   4.14904163
  C    -1.59499036   0.91810706   2.72790268
  C    -1.30669628   0.39144634   0.31971245
  C    -0.59126970   2.46296998   1.37353905
  H     2.61578680  -0.09268990  -3.00807554
  H     0.26102395  -0.10740600  -3.84650159
  H    -0.06189535   1.35237728  -2.92956827
  H     1.94455441   1.09423788  -5.21333564
  H     1.68027800   2.56743152  -4.26892689
  H     0.26098688  -0.52150020  -1.40128251
  H    -3.03847380  -3.40351123   4.18822909
  H    -2.89683001  -3.58489729   2.42310176
  H     0.27085271  -2.74050712  -0.78903642
  H     2.13501046  -0.50611187   2.33808482
  H    -0.76329659  -3.37692498   4.42399582
  H    -1.00205517  -4.01497554   0.87808919
  H     0.82976016  -1.76561339   4.01016924
  H    -2.60112170  -1.00600647   5.16368929
  H     2.16859821   2.97728090  -0.57861880
  H    -0.08538311   1.82645476  -0.50084645
  H    -1.03874357   1.33527466  -6.87059202
  H    -0.08475352   4.32361676   1.89313073
  H    -0.09597321   4.05684378   0.21229067
$end
$temperature
298.15
$end
$mult
 1
$end
$sigma
 1
$end
$pressure
1.00000
$end
$scale
1.0
$end
$msrrho
$end
$freq
15.17
25.76
31.98
39.23
46.25
50.80
74.01
82.09
92.44
98.71
105.58
115.51
120.81
138.81
153.85
180.60
184.99
190.02
206.78
225.18
248.24
274.48
294.82
308.59
344.82
355.08
370.58
396.27
399.72
409.35
423.29
434.29
448.86
454.21
481.40
494.18
526.15
530.70
557.26
578.51
592.30
607.58
609.76
618.86
630.84
638.39
642.38
657.95
672.84
683.90
691.20
701.13
725.35
774.99
797.43
798.88
812.35
821.59
827.46
841.54
853.28
861.62
873.46
899.36
903.51
930.22
939.09
941.22
947.78
965.12
1008.44
1025.06
1055.31
1061.38
1066.05
1070.87
1097.13
1103.39
1122.43
1125.85
1133.88
1165.04
1167.69
1190.47
1200.83
1205.53
1212.53
1214.46
1221.55
1235.93
1244.58
1268.84
1286.84
1305.60
1314.34
1317.17
1332.91
1339.61
1349.66
1361.69
1369.61
1383.17
1396.43
1417.51
1420.09
1447.85
1449.81
1459.41
1465.12
1466.57
1482.51
1487.90
1515.02
1560.00
1574.92
1579.20
1619.51
1629.88
1646.54
1739.01
1750.67
1796.97
1797.66
1819.59
1858.31
1878.09
1898.45
1935.04
3108.53
3136.52
3157.38
3169.28
3210.48
3218.89
3227.13
3247.25
3249.80
3255.45
3274.58
3283.88
3663.53
3675.96
3730.59
3778.30
3795.46
3899.60
3941.97
$end
