
$molecule
   O     0.76106085   1.13411406  -2.53630291
  O    -0.16102508   2.00269787   0.64795233
  O     0.20880031   3.23193242  -2.13774470
  O     2.89924882   0.15522969  -4.45911042
  O     2.70816043   2.37415176  -4.23603266
  O    -0.03105067  -0.93861149  -1.26697667
  N     1.83705800   1.20229676  -0.00106517
  N    -1.01678228  -3.43064945   3.43903269
  N    -1.67524606  -2.31532445   0.59327802
  N    -3.88982269  -0.94760106   1.49353449
  N    -1.60573951   0.66237813  -1.40598436
  N    -3.35352436   0.88207492   0.13550852
  N    -2.72356702   2.67013429  -1.24172073
  C     2.02893721   2.31203255  -0.89047299
  C     3.40167826   2.28113561  -1.51979985
  C     3.64500883   1.10498082  -2.43301865
  C     0.70886930   1.17190976   0.77280981
  C     0.54837210   0.00276098   1.68429677
  C     0.91601185   2.29051196  -1.91615470
  C    -0.33246051  -2.25805747   3.03017307
  C    -1.82566229  -3.96934691   2.32228667
  C     1.13616078  -1.22846888   1.43509929
  C    -0.39530764   0.11437548   2.69749447
  C     0.70055939  -2.35069752   2.10866520
  C    -0.82061030  -1.00017223   3.38155382
  C     3.02840123   1.30558001  -3.79008430
  C    -2.41819324  -2.82645752   1.54485664
  C    -1.99692423  -1.12755905   0.08443991
  C    -3.56521639  -2.12314453   1.97047198
  C    -3.09468912  -0.38858362   0.55460556
  C    -1.11661192  -0.51980193  -0.91291379
  C    -2.58973228   1.39290339  -0.78850998
  H     1.90006999   3.25510272  -0.34898439
  H     3.54610187   3.20070026  -2.08669412
  H     4.13484927   2.27729960  -0.70685362
  H     3.27209953   0.16939713  -2.02447028
  H     4.71996161   0.97006553  -2.59652184
  H     2.59730208   0.58934148   0.22168767
  H    -2.58744844  -4.63530071   2.73987910
  H    -1.18311274  -4.54133930   1.65261144
  H     1.86552431  -1.34804392   0.64730551
  H    -0.84865379   1.07853710   2.88931417
  H    -1.61975801  -3.21803477   4.22528179
  H     1.08929977  -3.32631361   1.85368206
  H    -1.60901878  -0.91428496   4.11766663
  H    -4.21103339  -2.55036035   2.73707340
  H     0.78406346   0.31131411  -1.99310165
  H    -1.05302432   1.11016545  -2.12112315
  H     2.48532391   0.35416160  -5.30958239
  H    -1.87853104   3.10726073  -1.59281620
  H    -3.32017708   3.24360755  -0.66452151
$end
$temperature
298.15
$end
$mult
 1
$end
$sigma
 1
$end
$pressure
1.00000
$end
$scale
1.0
$end
$msrrho
$end
$freq
23.57
31.33
40.74
66.81
69.58
76.81
90.82
99.21
103.97
112.15
121.50
130.20
141.23
161.75
181.19
197.35
204.45
218.25
234.07
266.20
273.97
293.89
306.39
315.85
331.24
354.76
368.87
371.76
409.79
415.14
427.02
450.36
456.01
485.16
495.18
502.23
512.64
528.61
536.44
565.93
589.49
610.04
613.68
619.81
641.87
653.03
664.80
695.34
698.05
701.17
713.47
739.42
769.47
775.47
790.53
797.42
820.08
831.34
837.57
856.48
860.85
871.11
878.15
893.64
930.11
933.67
943.25
945.80
957.61
1008.87
1021.22
1024.25
1026.69
1045.96
1055.94
1066.30
1068.37
1095.50
1100.45
1126.32
1156.25
1171.34
1177.80
1178.72
1197.94
1200.58
1209.11
1214.27
1218.02
1226.81
1252.06
1254.76
1277.42
1292.94
1316.69
1323.41
1333.56
1340.04
1354.13
1368.52
1382.13
1390.38
1406.70
1431.05
1438.64
1442.06
1453.34
1454.88
1461.37
1472.32
1479.40
1507.91
1513.26
1558.99
1570.75
1584.61
1622.27
1648.80
1650.46
1732.53
1745.03
1784.48
1798.78
1820.14
1844.22
1860.79
1911.97
1932.52
3102.24
3106.24
3106.64
3174.08
3206.05
3207.17
3214.65
3238.04
3260.21
3269.55
3281.25
3291.82
3469.27
3625.06
3661.51
3787.42
3817.22
3903.09
3907.94
$end
