
$molecule
   O    -0.08038741   7.16012740  -2.15037416
  O    -0.53878503   4.03377951   1.49752634
  O     1.16820708   5.44132827  -2.86026041
  O     2.58104510   8.32001333  -2.20799955
  O     4.03573014   6.77777074  -1.51174829
  O    -1.60259588  -5.63861639   3.35245151
  N     0.32108618   4.09872426  -0.59490493
  N    -0.30604792  -2.24464956   0.28697963
  N    -1.07234158  -4.76401192   0.69982619
  N    -0.99766249  -6.71769941  -1.24121804
  N    -1.73366779  -7.76988389   2.59626477
  N    -1.43775255  -8.37765054   0.35024528
  N    -1.90921570 -10.00229499   1.94534942
  C     0.50131244   5.51881909  -0.56718661
  C     1.76378539   5.91259814   0.17601553
  C     2.21041851   7.34224669  -0.06342124
  C    -0.16586329   3.44036520   0.50908781
  C    -0.19555116   1.94832386   0.39231786
  C     0.56396270   6.00796504  -1.99119094
  C    -0.29509104  -0.85766413   0.29788312
  C    -0.63305483  -2.98803250  -0.89345944
  C    -0.16877342   1.27664469  -0.82305675
  C    -0.28672444   1.19668724   1.56325819
  C    -0.21981027  -0.10408297  -0.87544465
  C    -0.33077173  -0.17748781   1.52472945
  C     3.04816511   7.43218172  -1.31350288
  C    -0.83476319  -4.43959298  -0.54486689
  C    -1.27236547  -6.04833909   1.01233932
  C    -0.80024527  -5.45502917  -1.52922181
  C    -1.23939014  -7.05364256   0.04307002
  C    -1.53979293  -6.39341675   2.42253475
  C    -1.67360424  -8.69606440   1.58511102
  H    -0.36577742   5.97436461  -0.08608105
  H     1.57825040   5.74385733   1.23734464
  H     2.56872489   5.24868499  -0.12963326
  H     2.85165605   7.66918099   0.76083571
  H     1.37142214   8.03029124  -0.13349871
  H     0.85886908   3.59395139  -1.27688607
  H     0.16173321  -2.90199001  -1.64607635
  H    -1.54844040  -2.62062296  -1.38388650
  H    -0.12818500   1.82511382  -1.75645426
  H    -0.32437436   1.71616078   2.51328288
  H    -0.62574834  -2.68440847   1.13708852
  H    -0.20057326  -0.60300920  -1.83325004
  H    -0.39671875  -0.74918170   2.44222641
  H    -0.60400348  -5.19803282  -2.56950609
  H     0.09947543   7.49040798  -3.04011243
  H    -1.96559468  -8.06447797   3.53098220
  H     3.18323048   8.29813550  -2.96489458
  H    -1.69318912 -10.28003830   2.88893696
  H    -1.68021173 -10.66780334   1.22244839
$end
$temperature
298.15
$end
$mult
 1
$end
$sigma
 1
$end
$pressure
1.00000
$end
$scale
1.0
$end
$msrrho
$end
$freq
9.17
12.56
23.30
24.30
34.01
36.37
47.40
53.05
61.97
73.56
80.28
98.90
123.00
125.32
147.03
150.30
152.66
162.92
193.25
210.96
213.32
249.26
284.72
296.79
319.03
348.68
352.37
356.21
386.37
393.53
402.81
444.69
447.87
463.17
484.71
488.81
500.25
524.66
536.90
545.16
554.33
566.58
574.33
588.49
600.78
606.60
612.26
638.16
643.77
660.39
672.12
698.06
703.87
720.41
775.55
783.75
787.59
813.60
827.48
829.24
844.55
854.16
884.06
895.28
916.98
924.63
930.40
943.53
955.36
993.45
997.56
1033.11
1044.24
1066.04
1083.56
1087.72
1092.39
1099.00
1127.01
1134.61
1145.69
1158.96
1170.81
1190.12
1193.50
1200.95
1205.43
1212.27
1218.97
1222.94
1230.91
1247.91
1278.14
1284.71
1288.72
1300.72
1327.80
1338.35
1346.92
1350.73
1370.06
1372.85
1394.80
1408.11
1429.71
1447.32
1452.26
1468.48
1486.80
1489.05
1495.75
1507.00
1520.04
1560.93
1575.11
1578.31
1613.10
1632.43
1648.23
1737.39
1753.69
1776.80
1790.06
1801.91
1840.63
1896.01
1903.58
1924.92
3033.72
3114.06
3115.07
3151.98
3208.80
3215.01
3233.22
3243.15
3247.78
3251.46
3255.88
3281.87
3691.24
3773.17
3815.45
3824.63
3861.11
3892.66
3924.73
$end
