
$molecule
   O     1.86271818   1.16802275   0.60969288
  O     1.50517187  -4.03960203  -0.53942817
  O     0.37415893  -0.04794398  -0.51573062
  O     0.76284036  -0.70145677  -3.11173688
  O     0.48587666   1.32685002  -3.94626713
  O     0.02849022   2.76429023  -0.10452753
  N     2.21086209  -1.95494765  -1.05323879
  N    -0.83188717  -0.01160673   4.01112388
  N    -1.67847700   1.35260952   1.65636261
  N    -3.97120484   0.29059437   0.53234775
  N    -1.22699555   2.06058546  -1.83692781
  N    -3.19684791   0.81284488  -1.60709792
  N    -2.29941264   1.24132759  -3.71832464
  C     2.65541608  -0.64765469  -0.65459618
  C     3.26720722   0.08427041  -1.84826822
  C     2.35849194   1.05291470  -2.56684467
  C     1.58732738  -2.88619548  -0.20634554
  C     0.99578937  -2.31460580   1.03695498
  C     1.49482605   0.17367048  -0.14811873
  C    -0.24506986  -0.86864939   3.07958564
  C    -2.20440117   0.41024285   3.83724082
  C    -0.37737394  -2.37807141   1.20824493
  C     1.75650238  -1.63388045   1.97816277
  C    -0.98969260  -1.68436057   2.22995658
  C     1.14834364  -0.91475072   2.98025823
  C     1.11556540   0.54502325  -3.25971569
  C    -2.55066515   0.72260694   2.40199069
  C    -1.92363336   1.46451429   0.34878271
  C    -3.73941512   0.23021912   1.81779693
  C    -3.03846628   0.86828014  -0.25469928
  C    -0.95101260   2.15706801  -0.49674580
  C    -2.27459203   1.33716319  -2.36041107
  H     3.40869350  -0.69069391   0.13652621
  H     4.12205048   0.66840655  -1.49406976
  H     3.65908546  -0.65524353  -2.54804662
  H     2.92457545   1.55644595  -3.35537463
  H     2.02141803   1.84048401  -1.89457833
  H     2.80927601  -2.43449344  -1.71309255
  H    -2.36027796   1.28647123   4.47748576
  H    -2.88676800  -0.37147662   4.19015522
  H    -0.98148957  -2.94534966   0.51019408
  H     2.83609239  -1.63018494   1.91522405
  H    -0.21417327   0.75571007   4.23396083
  H    -2.05876282  -1.74172730   2.33901776
  H     1.74820942  -0.33983730   3.67381256
  H    -4.49357994  -0.24640544   2.44292650
  H     1.12909551   1.83575805   0.61407460
  H    -0.54892724   2.43762543  -2.48227603
  H     1.14016857  -1.12806942  -2.32217540
  H    -2.97767124   0.57579948  -4.05790127
  H    -1.38745533   1.24740827  -4.16533972
$end
$temperature
298.15
$end
$mult
 1
$end
$sigma
 1
$end
$pressure
1.00000
$end
$scale
1.0
$end
$msrrho
$end
$freq
30.17
32.48
42.46
66.56
73.99
84.41
102.02
109.56
116.90
152.58
165.68
173.78
175.30
186.81
193.95
209.15
218.68
236.70
241.12
247.69
263.24
273.58
297.33
310.63
332.17
363.63
377.51
382.17
408.39
440.51
456.47
461.13
479.92
491.17
518.88
538.01
553.42
560.44
566.44
582.58
597.95
619.62
628.13
641.12
654.56
661.29
673.39
681.10
690.05
700.77
710.68
724.83
747.05
761.74
783.29
788.57
818.59
824.40
830.67
852.24
861.31
870.35
888.61
894.84
905.51
919.70
936.80
943.52
955.48
998.22
1019.52
1032.56
1040.25
1051.48
1061.15
1077.39
1088.76
1100.60
1116.34
1149.69
1171.19
1176.95
1184.72
1197.82
1203.55
1216.33
1220.05
1231.97
1253.61
1256.63
1283.39
1304.53
1307.31
1315.04
1327.30
1337.65
1348.53
1360.46
1376.63
1392.31
1395.22
1408.13
1429.96
1433.24
1438.25
1448.03
1459.37
1461.49
1472.93
1477.96
1483.99
1514.47
1516.92
1563.28
1571.81
1575.16
1619.79
1648.43
1649.69
1739.56
1749.49
1790.42
1795.58
1819.31
1837.93
1865.03
1871.91
1945.29
3075.41
3100.32
3127.02
3158.35
3183.12
3189.12
3209.60
3226.25
3250.71
3255.33
3275.90
3343.70
3387.30
3604.80
3735.33
3738.93
3759.00
3783.40
3797.75
$end
