
$molecule
   O     1.47262428   3.18177241   0.74301592
  O    -1.70570869   0.00239604   2.13332722
  O     1.94832910   3.53670747   2.89055032
  O     0.90898335  -1.17873707   3.55457217
  O     2.64351420  -0.02559442   2.77730705
  O     1.65146600   0.63786896  -1.15653286
  N     0.27407891   0.90078821   1.50675680
  N     0.53264356  -3.90811314  -2.47043917
  N     0.29833562  -1.11929389  -2.93802092
  N    -2.25100051  -0.38803886  -3.66531628
  N    -0.11306391   2.02467927  -1.23927456
  N    -2.08364970   1.58762728  -2.42744654
  N    -1.91706071   3.47339028  -1.06941748
  C     0.12604993   2.05999242   2.32825601
  C     0.00977472   1.72446311   3.79757720
  C     1.23716578   1.05046220   4.36397173
  C    -0.68761814  -0.07668305   1.48280511
  C    -0.35775289  -1.22053932   0.58685733
  C     1.28146886   2.99516436   2.06106158
  C     0.21794571  -3.15291181  -1.32411150
  C     0.01182852  -3.38205165  -3.74015135
  C    -1.38616458  -1.85102488  -0.10009008
  C     0.94663811  -1.65999948   0.40957897
  C    -1.10492014  -2.82316526  -1.03493276
  C     1.23166286  -2.62185935  -0.53200411
  C     1.68611079  -0.09746235   3.49775949
  C    -0.45245919  -1.95424990  -3.61561616
  C    -0.20583144   0.04832714  -2.55732788
  C    -1.74251292  -1.54911371  -4.00840709
  C    -1.51574771   0.42646546  -2.88830440
  C     0.57223935   0.88348536  -1.62715783
  C    -1.38896041   2.32937571  -1.62146009
  H    -0.78475315   2.60592402   2.03739512
  H    -0.17970723   2.64078404   4.36127449
  H    -0.86534250   1.08918734   3.90332526
  H     1.03209133   0.68676953   5.37538669
  H     2.06856707   1.74554345   4.41615104
  H     1.06508394   0.80328520   0.89243184
  H    -0.83547812  -3.98923227  -4.08394172
  H     0.79919801  -3.47682368  -4.49667582
  H    -2.40954382  -1.54374410   0.07912686
  H     1.75500212  -1.22963309   0.98066753
  H     1.53411805  -4.03922391  -2.52373666
  H    -1.89982687  -3.28695080  -1.59953161
  H     2.26072885  -2.89413655  -0.72360555
  H    -2.36630787  -2.21295884  -4.60535478
  H     2.26390267   3.72288507   0.61682983
  H     0.35000078   2.57203085  -0.52855643
  H     0.12700110  -1.02212422   4.09165336
  H    -2.77989374   3.77099485  -1.49891638
  H    -1.27324932   4.20329562  -0.81130894
$end
$temperature
298.15
$end
$mult
 1
$end
$sigma
 1
$end
$pressure
1.00000
$end
$scale
1.0
$end
$msrrho
$end
$freq
0.62
13.58
30.23
50.53
54.24
56.91
71.23
79.01
87.18
103.52
116.98
128.30
138.82
169.40
178.23
185.06
188.66
195.48
219.73
231.03
269.49
280.96
297.10
314.49
344.22
348.24
357.95
376.58
380.12
417.04
443.87
451.77
460.42
466.62
484.82
492.55
502.39
514.37
536.34
543.73
552.09
560.96
595.71
611.10
624.16
634.88
641.76
655.03
675.18
686.98
699.94
712.49
753.28
758.26
779.46
788.77
802.46
808.11
825.60
849.49
858.19
871.26
880.31
896.62
910.99
929.12
940.92
951.15
974.03
990.46
1000.68
1028.64
1040.24
1062.74
1066.45
1073.82
1093.91
1100.15
1111.18
1117.48
1125.39
1163.19
1164.18
1168.61
1190.77
1201.96
1209.57
1220.87
1222.63
1226.39
1244.07
1272.60
1290.08
1296.62
1307.14
1319.99
1334.85
1351.02
1353.96
1370.86
1376.66
1395.43
1409.89
1420.76
1440.15
1440.44
1446.49
1458.41
1465.96
1471.14
1482.80
1486.65
1514.86
1569.11
1582.26
1585.55
1625.32
1636.98
1648.84
1736.07
1750.23
1792.24
1799.77
1816.44
1851.35
1892.00
1922.38
1939.38
3062.99
3098.77
3117.16
3138.08
3144.17
3212.37
3253.86
3255.57
3265.15
3277.37
3292.86
3323.32
3694.29
3699.39
3792.73
3828.49
3838.86
3918.18
4000.93
$end
