
$molecule
   O    -1.83420432  -3.40097747  -4.05473319
  O     0.75092383  -5.36790645  -2.72170350
  O    -3.03520487  -1.81079425  -3.04650997
  O    -1.43604648  -3.15097641   3.05465197
  O    -0.91449486  -1.44347567   1.71066747
  O     0.60223386   4.81665831  -1.36140810
  N    -1.23332220  -4.68578212  -1.86812530
  N     1.87796472   0.44094894  -0.03085770
  N     1.20083043   2.92365899   0.67481775
  N     1.27579527   3.88705934   3.25541457
  N     0.44051556   6.42949692   0.22052553
  N     0.76945265   6.04951950   2.51100559
  N     0.23144445   8.18020584   1.74766982
  C    -2.21939863  -3.64988283  -1.72114696
  C    -2.02216093  -2.71295792  -0.55242456
  C    -1.87516065  -3.44147526   0.75503657
  C     0.11149740  -4.50571884  -2.17397681
  C     0.68869223  -3.21625291  -1.68127457
  C    -2.41320006  -2.83530398  -2.99290904
  C     1.51434637  -0.78488723  -0.58179334
  C     1.70358658   0.65450124   1.38218416
  C     1.23410749  -3.17070557  -0.40745189
  C     0.63016701  -2.05358400  -2.43440549
  C     1.64877101  -1.97332132   0.13597164
  C     1.03196460  -0.85046582  -1.89251082
  C    -1.36259587  -2.55091187   1.85329690
  C     1.46880140   2.11420478   1.66509177
  C     0.96942522   4.21660002   0.93199705
  C     1.50376529   2.62652853   2.98479639
  C     1.00125942   4.72343939   2.23150331
  C     0.66728816   5.11268528  -0.20071666
  C     0.50212346   6.84829799   1.52595187
  H    -3.17257791  -4.18123053  -1.57842102
  H    -1.15085801  -2.09752321  -0.70645127
  H    -2.87615721  -2.03692256  -0.51854901
  H    -1.16555448  -4.26370926   0.66673604
  H    -2.81600134  -3.88014691   1.09460861
  H    -1.57771953  -5.52675797  -2.31063832
  H     2.58695424   0.32126292   1.94579586
  H     0.85368852   0.08663334   1.77762489
  H     1.32111370  -4.07956072   0.17645341
  H     0.24174052  -2.07900180  -3.44288774
  H     1.57467498   1.23822243  -0.57225630
  H     2.06189246  -1.94625024   1.13295275
  H     0.95095963   0.06140427  -2.47147816
  H     1.72620217   1.96183240   3.81861464
  H    -2.03967410  -2.85898389  -4.82816770
  H     0.18235913   7.08172964  -0.50196259
  H    -1.08518499  -2.53533225   3.71176737
  H     0.43916139   8.83060653   1.00712448
  H     0.46581331   8.48530264   2.68049960
$end
$temperature
298.15
$end
$mult
 1
$end
$sigma
 1
$end
$pressure
1.00000
$end
$scale
1.0
$end
$msrrho
$end
$freq
6.85
15.38
19.36
25.04
29.92
44.32
53.27
57.16
77.16
88.93
99.99
104.59
120.80
129.85
141.36
152.49
162.44
181.51
194.94
214.09
244.77
251.61
264.62
296.44
334.66
348.02
350.75
357.61
381.19
388.83
437.87
450.39
472.32
483.43
487.30
490.91
510.97
542.11
545.49
551.40
560.04
580.98
598.92
606.34
616.55
629.22
639.06
646.31
663.89
669.59
676.25
682.84
696.40
707.08
730.99
749.92
791.06
803.27
813.88
828.58
840.09
867.65
870.67
896.15
912.63
920.92
927.29
930.69
950.39
993.54
995.63
1033.64
1036.67
1046.62
1055.84
1089.82
1094.83
1100.35
1122.73
1144.97
1161.63
1167.52
1169.16
1189.65
1191.15
1201.95
1205.30
1214.21
1220.95
1231.38
1239.66
1270.34
1285.70
1296.74
1303.62
1323.52
1328.34
1331.24
1345.74
1367.77
1375.46
1391.03
1401.69
1420.06
1437.55
1447.23
1451.85
1461.00
1471.00
1483.65
1494.75
1504.86
1519.09
1520.60
1565.40
1578.18
1611.41
1631.26
1648.69
1739.55
1757.41
1791.72
1792.05
1815.67
1865.26
1894.89
1900.58
1910.11
3060.03
3094.56
3134.37
3161.84
3183.59
3209.20
3219.65
3242.26
3245.54
3287.01
3292.70
3382.47
3687.94
3749.70
3751.04
3816.69
3821.40
3906.59
3911.06
$end
