
$molecule
   O    -3.64456388   2.00555495  -0.25109580
  O    -2.36676154   3.87000033   2.82474160
  O    -5.66333141   1.27055405   0.34629376
  O    -6.11616075  -1.01427594   5.11440103
  O    -7.58084853  -1.36034413   3.46174085
  O     3.91233997  -3.62764477  -1.05855614
  N    -3.42606985   1.87670756   2.66505335
  N     2.02008525   0.66367806  -0.54828527
  N     3.52990162  -0.96894391  -1.98224617
  N     5.02397523  -0.20107616  -4.16451082
  N     5.43363697  -3.95456582  -2.70605677
  N     6.03905088  -2.30864291  -4.26463343
  N     7.00486207  -4.42002995  -4.36452225
  C    -3.80866893   0.79308377   1.79568664
  C    -4.65923067  -0.22179637   2.52587582
  C    -5.92326829   0.33444797   3.14001690
  C    -2.35668901   2.73073639   2.42599045
  C    -1.21628935   2.15828278   1.64580149
  C    -4.48877087   1.36704139   0.55285686
  C     0.94732959   1.17180798   0.15437811
  C     2.42269004   1.18163942  -1.82290604
  C    -0.66406281   2.90736367   0.61520414
  C    -0.65424541   0.91850808   1.94689074
  C     0.39025900   2.42225141  -0.13236540
  C     0.40743281   0.43250530   1.22078008
  C    -6.64657844  -0.75698789   3.90381402
  C     3.40746189   0.23997813  -2.46522871
  C     4.38680487  -1.81813875  -2.55773210
  C     4.18215775   0.61903425  -3.58690592
  C     5.15298345  -1.44897769  -3.66603146
  C     4.50782432  -3.17845951  -1.99804391
  C     6.15595157  -3.50899094  -3.78532576
  H    -2.90465851   0.28729702   1.45171777
  H    -4.93120982  -1.01771852   1.82980703
  H    -4.03024163  -0.66691795   3.30072728
  H    -6.59275518   0.69443925   2.36555467
  H    -5.70557835   1.15457748   3.82499833
  H    -4.19981019   2.39041345   3.06050326
  H     2.88052820   2.17493554  -1.72012556
  H     1.57042711   1.31508714  -2.50681435
  H    -1.08000636   3.88231629   0.38508989
  H    -1.04938542   0.32889186   2.76606499
  H     2.20784624  -0.32101131  -0.43287467
  H     0.78957144   3.01486199  -0.94240843
  H     0.83721174  -0.53248053   1.46060466
  H     4.08911519   1.62328366  -3.99897110
  H    -2.74934930   2.01439040   0.10680065
  H     5.52928111  -4.90946467  -2.40019459
  H    -5.37911994  -0.42355722   5.29389313
  H     7.36673270  -5.16759278  -3.79540759
  H     7.64219340  -4.01605190  -5.03404523
$end
$temperature
298.15
$end
$mult
 1
$end
$sigma
 1
$end
$pressure
1.00000
$end
$scale
1.0
$end
$msrrho
$end
$freq
9.66
16.09
18.55
29.81
30.75
41.26
43.23
57.60
69.69
81.12
93.35
104.76
110.56
125.83
152.29
152.68
162.78
164.71
192.91
206.70
220.30
227.35
272.30
297.09
325.24
344.23
348.50
358.07
367.33
387.06
411.74
450.35
463.71
470.66
482.25
487.10
494.00
522.43
526.33
547.40
563.07
577.01
601.53
603.08
607.61
615.13
637.77
638.17
648.44
675.52
694.94
704.75
708.21
735.10
762.08
792.40
804.29
813.39
814.76
826.58
827.93
851.03
873.51
892.32
914.64
927.52
931.04
938.05
949.46
973.57
993.48
1032.32
1043.68
1053.35
1064.89
1084.78
1088.18
1097.67
1102.87
1145.15
1159.05
1170.18
1190.08
1190.26
1203.29
1206.10
1209.10
1216.76
1219.40
1223.33
1237.41
1264.39
1282.75
1300.43
1302.20
1311.82
1331.71
1334.95
1341.80
1348.33
1373.40
1392.50
1394.15
1403.93
1439.43
1456.78
1462.35
1468.03
1476.09
1483.85
1487.95
1499.15
1510.24
1521.44
1566.33
1578.59
1612.94
1633.96
1646.37
1736.71
1754.15
1775.85
1788.65
1801.42
1855.34
1895.08
1924.24
1938.06
3039.12
3112.88
3113.25
3156.67
3195.27
3208.12
3220.99
3240.33
3241.25
3247.39
3278.21
3283.50
3694.92
3775.20
3782.53
3813.58
3828.73
3947.03
3985.92
$end
