
$molecule
   O     1.90066383  -4.52949917  -2.92701989
  O     3.49680482  -3.13319644  -0.56298642
  O     3.88895286  -5.48338050  -3.29979048
  O     4.30202961  -0.25381041  -3.96514864
  O     6.43089789  -0.44544306  -4.62154982
  O    -4.28474106   4.03437905   0.15952264
  N     2.90113642  -2.16443627  -2.52838088
  N    -1.12446283   0.78317294   1.50273350
  N    -3.32995990   2.14688574   2.05631544
  N    -4.59704409   2.11764332   4.50168945
  N    -5.81144173   4.74708417   1.67462217
  N    -6.01811940   3.85472816   3.83441780
  N    -7.43774507   5.55749037   3.13580602
  C     3.73234157  -3.07983702  -3.27121004
  C     5.19336501  -3.03039503  -2.89184489
  C     5.74154104  -1.63915216  -2.66697086
  C     2.78810319  -2.35532691  -1.14866536
  C     1.74891249  -1.51963928  -0.49248849
  C     3.21798967  -4.50173763  -3.16235516
  C    -0.18994090  -0.00036970   0.85787165
  C    -1.82900616   0.34403123   2.67007015
  C     1.33248730  -1.86827125   0.78779308
  C     1.18818903  -0.38948194  -1.08905107
  C     0.37758425  -1.13164359   1.45571375
  C     0.23970735   0.35787334  -0.43044211
  C     5.54997040  -0.71927715  -3.85440202
  C    -2.94805684   1.30363639   2.98003404
  C    -4.33414843   2.98971656   2.31701203
  C    -3.60974957   1.30087233   4.23054767
  C    -4.98993118   2.99097793   3.55050013
  C    -4.75082219   3.93194991   1.25994344
  C    -6.39484620   4.69027514   2.91600526
  H     3.61587156  -2.80200982  -4.32774551
  H     5.34466338  -3.60150262  -1.98095194
  H     5.75409697  -3.53030072  -3.68421097
  H     6.81460576  -1.70492724  -2.48139912
  H     5.27614765  -1.18646032  -1.79249909
  H     2.00297017  -1.99779514  -2.96198759
  H    -1.15663391   0.27609859   3.53588908
  H    -2.25771666  -0.66270899   2.54582417
  H     1.77197969  -2.73929830   1.25947012
  H     1.50335976  -0.06999483  -2.07481813
  H    -1.64442294   1.43040013   0.92986739
  H     0.06849352  -1.42633159   2.44778433
  H    -0.18514117   1.23646874  -0.90018571
  H    -3.30175849   0.60264876   5.00806097
  H     1.62411253  -5.45468546  -2.89356046
  H    -6.17092450   5.38380123   0.98192006
  H     3.74441818  -0.69060213  -3.30320938
  H    -7.46272353   6.41672084   2.61137599
  H    -7.72205914   5.61465979   4.10208374
$end
$temperature
298.15
$end
$mult
 1
$end
$sigma
 1
$end
$pressure
1.00000
$end
$scale
1.0
$end
$msrrho
$end
$freq
10.51
12.86
19.72
27.76
41.46
45.23
50.99
61.90
66.87
84.77
97.89
99.70
120.09
135.19
140.88
152.12
162.76
176.98
207.64
214.58
229.54
260.07
289.13
334.06
347.63
355.57
362.38
369.92
387.81
392.28
447.33
454.60
468.77
483.82
487.59
498.39
509.67
530.70
534.59
548.46
559.69
582.92
596.72
601.26
607.34
624.92
637.90
642.08
654.85
668.87
699.79
703.54
721.14
772.81
779.33
791.39
795.95
812.78
814.20
828.21
846.77
866.48
884.88
892.38
917.13
924.27
930.63
945.11
956.94
993.36
1020.85
1028.95
1032.56
1051.80
1063.46
1081.62
1086.69
1095.15
1098.18
1130.75
1145.47
1163.35
1173.47
1190.34
1196.72
1206.29
1210.80
1217.80
1219.09
1225.17
1244.47
1282.79
1289.08
1299.22
1303.67
1329.22
1337.21
1348.05
1352.97
1373.35
1377.78
1395.08
1397.10
1413.29
1442.02
1447.28
1456.60
1459.55
1475.98
1486.52
1487.69
1499.08
1520.79
1538.14
1568.72
1578.51
1613.08
1633.47
1647.69
1736.91
1753.94
1774.61
1788.70
1795.89
1876.10
1895.64
1917.13
1926.33
3036.15
3113.46
3125.51
3136.90
3153.34
3208.27
3226.21
3243.54
3251.41
3254.05
3261.31
3283.34
3693.20
3753.01
3781.62
3814.00
3826.79
3837.54
3917.27
$end
