
$molecule
   O    -4.51837467   0.35350487   2.99956163
  O     0.15202857  -2.18586444   0.83616930
  O    -3.41819743  -1.48326617   3.65158007
  O    -1.99656161  -2.49859316  -0.59085008
  O    -3.17911156  -3.20210769   1.16218853
  O    -0.89158476   0.95025243  -1.63786873
  N    -1.41593179  -1.08472448   1.97971611
  N     3.37814394   3.19711422   0.45370258
  N     1.79456131   1.82187087  -1.74102690
  N     3.70324316  -0.08714192  -2.25719471
  N    -0.19173465  -1.14711420  -2.06552678
  N     2.05874203  -1.74673046  -2.36113547
  N     0.40189007  -3.37311287  -2.28691285
  C    -2.45525512  -0.10296972   1.94400039
  C    -3.07414472   0.04257571   0.56083047
  C    -3.84245063  -1.17798426   0.08998971
  C    -0.23102320  -1.11942168   1.29555872
  C     0.62976194   0.09884343   1.18308660
  C    -3.49633277  -0.50900177   2.96314649
  C     2.44184134   2.19510282   0.84319252
  C     3.38810819   3.42732943  -1.00903800
  C     1.99875524  -0.14862717   1.11931528
  C     0.18629637   1.41087189   1.11836081
  C     2.89403924   0.88632834   0.97162717
  C     1.08251600   2.44827088   0.94733145
  C    -3.01741825  -2.41783781   0.27023344
  C     3.06898870   2.13481363  -1.68567432
  C     1.44336158   0.57215491  -2.01048736
  C     4.03075031   1.15664026  -1.99101201
  C     2.40204013  -0.43060069  -2.22430209
  C     0.02058665   0.21117308  -1.90205142
  C     0.80441361  -2.06855715  -2.24447300
  H    -2.08406983   0.87279855   2.27038241
  H    -3.74912878   0.90119929   0.56275698
  H    -2.27728431   0.26249340  -0.14376755
  H    -4.09784235  -1.06293681  -0.96621414
  H    -4.76330957  -1.30916153   0.65666531
  H    -1.74744074  -2.00811034   2.21749485
  H     4.37292932   3.81863709  -1.29336347
  H     2.63145556   4.16016892  -1.30792705
  H     2.35094442  -1.17024702   1.16521977
  H    -0.86233595   1.64845161   1.11623457
  H     3.21322182   4.07254544   0.93943022
  H     3.95453416   0.68956296   0.90676927
  H     0.71578946   3.45791707   0.81888662
  H     5.08908587   1.41211164  -1.98876500
  H    -5.13499239   0.04803084   3.67897358
  H    -1.11267840  -1.48221115  -1.81850785
  H    -1.19839364  -2.82167234  -0.11280040
  H     1.10556270  -4.02985309  -2.58312837
  H    -0.55799459  -3.58291566  -2.50037731
$end
$temperature
298.15
$end
$mult
 1
$end
$sigma
 1
$end
$pressure
1.00000
$end
$scale
1.0
$end
$msrrho
$end
$freq
27.27
44.06
46.62
53.98
66.08
76.37
81.92
97.49
105.63
122.16
124.00
130.35
140.90
157.45
173.49
185.51
202.92
209.44
222.59
231.72
252.37
275.52
289.94
308.42
349.78
356.51
364.73
383.94
396.60
411.34
444.06
448.52
450.26
459.15
477.05
493.04
515.77
521.95
557.30
564.26
580.52
601.04
607.90
616.83
628.53
639.33
651.88
672.76
676.90
698.62
700.49
715.13
731.89
743.65
753.76
790.27
807.50
816.80
817.95
844.14
858.66
871.84
890.47
904.85
913.02
931.61
941.51
953.32
968.60
988.73
999.00
1019.69
1031.80
1050.63
1069.67
1073.52
1080.52
1098.77
1109.92
1118.01
1127.47
1165.17
1168.00
1181.02
1191.28
1197.96
1212.08
1217.54
1224.71
1243.78
1262.61
1290.20
1292.85
1302.63
1307.54
1315.31
1333.77
1337.02
1353.62
1356.15
1380.09
1381.47
1418.27
1424.71
1435.04
1442.12
1451.70
1463.07
1466.64
1490.14
1493.31
1500.30
1522.63
1543.88
1560.06
1585.26
1630.69
1643.09
1644.88
1738.26
1745.20
1772.32
1789.39
1808.87
1820.58
1887.20
1912.33
1942.41
3072.25
3124.99
3141.29
3160.76
3190.09
3218.82
3221.96
3266.17
3278.75
3280.73
3288.38
3374.76
3550.60
3633.68
3725.51
3770.52
3800.36
3863.22
3899.82
$end
