
$molecule
   O    -2.64712041  -1.26043971  -2.95879767
  O    -1.57373858  -0.17607227  -0.97588329
  O    -1.86354601  -2.64664142  -4.50846522
  O     0.21304797  -4.27861384  -4.62324722
  O     1.55232210  -5.25216449  -3.13069640
  O     0.65004551  -0.92407138   0.90487613
  N     0.04428990  -0.46041529  -2.52085395
  N     2.41933111   3.99249419   1.48957281
  N     1.48373297   1.29000724   2.46376017
  N    -0.32813417   2.26967886   4.28625426
  N    -1.42604950  -0.67960505   1.75512451
  N    -1.93621342   0.73269567   3.56106971
  N    -3.59267284  -0.57465563   2.58678539
  C    -0.30878967  -1.79114403  -2.95903926
  C    -0.16037339  -2.81396010  -1.85699240
  C    -0.43114843  -4.23433654  -2.31287359
  C    -0.49683512   0.17201996  -1.45874701
  C     0.28374278   1.30084562  -0.89434279
  C    -1.70170659  -1.91077078  -3.56044177
  C     1.70578865   3.19206399   0.56793841
  C     2.90569447   3.20642038   2.63805679
  C     1.67283417   1.25879666  -0.85520742
  C    -0.38415726   2.33532480  -0.25441487
  C     2.37475367   2.19883025  -0.13735791
  C     0.31897728   3.28487605   0.45568240
  C     0.54249090  -4.65525944  -3.39751953
  C     1.76513952   2.37218077   3.15236583
  C     0.30058292   0.70705405   2.62240069
  C     0.84434437   2.83438649   4.11145072
  C    -0.65922351   1.22594682   3.50244429
  C    -0.06966233  -0.37977165   1.69770214
  C    -2.29411922  -0.14452422   2.67157600
  H     0.38086822  -2.01778073  -3.77283006
  H     0.85223230  -2.74458229  -1.46016669
  H    -0.83608633  -2.55482168  -1.04632548
  H    -1.45363859  -4.34672488  -2.67039271
  H    -0.28484193  -4.91222620  -1.47113073
  H     0.89238684  -0.06553440  -2.89064973
  H     3.29053268   3.89855089   3.39361117
  H     3.71150337   2.54957727   2.31248312
  H     2.21647909   0.45003125  -1.32395605
  H    -1.46652321   2.36639260  -0.28135370
  H     1.84052473   4.75829362   1.81288881
  H     3.45089936   2.13560991  -0.06099521
  H    -0.21297727   4.06028985   0.99205591
  H     1.08320032   3.70011198   4.72805693
  H    -2.31284278  -0.80364088  -2.14244548
  H    -1.79426470  -1.13176627   0.93233336
  H    -0.61502643  -3.75421422  -4.65806762
  H    -4.17306770  -0.30104607   3.36462893
  H    -3.77298581  -1.47769568   2.18007524
$end
$temperature
298.15
$end
$mult
 1
$end
$sigma
 1
$end
$pressure
1.00000
$end
$scale
1.0
$end
$msrrho
$end
$freq
19.55
22.21
29.22
45.17
57.18
69.44
82.11
86.90
101.14
109.38
119.26
141.77
152.99
165.31
177.95
185.58
198.11
209.41
240.86
267.84
282.60
291.09
317.09
339.83
346.86
354.91
375.81
387.68
403.44
429.42
439.66
446.72
454.13
464.94
486.74
501.26
508.26
510.20
529.43
552.47
561.40
587.98
606.73
634.10
639.95
651.58
662.16
684.10
698.35
718.59
725.86
772.03
793.13
812.40
814.15
821.63
842.96
846.10
861.56
870.51
882.70
898.17
904.15
929.57
929.91
939.56
945.58
953.28
1001.46
1004.05
1024.82
1048.58
1060.70
1064.18
1077.68
1082.90
1091.90
1097.36
1104.30
1113.89
1136.30
1157.90
1173.68
1174.64
1194.37
1205.16
1210.25
1217.01
1238.79
1255.58
1270.31
1297.39
1312.85
1315.47
1337.01
1348.29
1351.19
1360.49
1374.28
1387.60
1392.48
1395.86
1409.58
1418.72
1443.41
1448.13
1453.04
1456.36
1465.73
1474.86
1489.34
1514.00
1551.71
1564.63
1577.37
1597.53
1618.65
1635.12
1662.14
1735.72
1742.81
1770.79
1786.79
1801.70
1817.81
1890.85
1896.08
1910.40
3112.12
3141.78
3166.88
3208.74
3223.98
3226.56
3230.85
3253.57
3260.07
3260.26
3274.63
3283.42
3294.24
3586.73
3674.84
3701.17
3812.29
3832.36
3835.34
$end
