
$molecule
   O     2.35509695   2.58526217   0.06981208
  O     4.39415623  -1.90610533  -0.61798480
  O     4.24110198   1.69967995  -0.69497111
  O     0.91798042  -2.38161075  -1.96862640
  O    -0.99671724  -1.92020792  -0.91327890
  O    -0.34150727   2.52222965   0.74397706
  N     2.97181445  -0.49301963  -1.66570615
  N    -0.47222082  -1.27475977   3.60579358
  N    -1.62435854   0.14059589   1.61379443
  N    -3.64475889  -0.80387562  -0.00208338
  N    -1.90554594   2.73955937  -0.86387597
  N    -3.46232963   1.07062356  -1.39459761
  N    -3.28808616   2.97185808  -2.72926910
  C     2.27502344   0.77081284  -1.58230435
  C     0.80680994   0.68858094  -1.27741049
  C     0.00245982  -0.19930873  -2.19698578
  C     3.40160748  -1.23420807  -0.54374949
  C     2.47754833  -1.24164465   0.62955677
  C     3.04177482   1.73863052  -0.67379250
  C     0.56363557  -1.29648381   2.65316047
  C    -1.75528315  -1.73262426   3.13220161
  C     1.67471680  -2.35799359   0.80673126
  C     2.39318606  -0.19804946   1.53726430
  C     0.72521734  -2.38451007   1.80241770
  C     1.44102126  -0.22040552   2.53501098
  C    -0.09088847  -1.59261157  -1.63015581
  C    -2.21073294  -0.98705836   1.89720433
  C    -2.02312877   0.82751821   0.53894072
  C    -3.24194434  -1.46481563   1.05016516
  C    -3.04364956   0.36515635  -0.29055354
  C    -1.33768294   2.08033777   0.21893681
  C    -2.91944310   2.21739018  -1.63729481
  H     2.38007133   1.20937345  -2.58620141
  H     0.64968630   0.37964363  -0.25437369
  H     0.43122210   1.69962300  -1.38728028
  H     0.42354713  -0.22490632  -3.20157820
  H    -1.01931399   0.16788477  -2.26978846
  H     3.76464855  -0.43182554  -2.29658711
  H    -2.49221774  -1.59251473   3.93465546
  H    -1.72820370  -2.80275843   2.91155571
  H     1.76478839  -3.20414602   0.14153065
  H     3.05852401   0.64904922   1.46916320
  H    -0.55251864  -0.34903909   4.00565270
  H     0.08518127  -3.24703070   1.90263122
  H     1.34288320   0.62553080   3.20249134
  H    -3.73611733  -2.40870059   1.27599963
  H     1.40595933   2.41914086   0.19634028
  H    -1.46251264   3.60149317  -1.13902208
  H     1.68279967  -1.84174647  -2.22877562
  H    -3.18350507   3.97203169  -2.66309495
  H    -4.13979531   2.64995453  -3.16564546
$end
$temperature
298.15
$end
$mult
 1
$end
$sigma
 1
$end
$pressure
1.00000
$end
$scale
1.0
$end
$msrrho
$end
$freq
19.24
36.53
46.80
51.87
62.40
76.33
84.34
99.70
109.58
118.41
128.07
137.68
152.90
166.96
170.24
174.69
194.84
199.16
201.65
244.13
267.44
281.34
313.36
324.48
346.88
354.04
362.61
393.79
396.64
411.36
446.87
451.38
457.77
471.77
492.92
506.05
514.80
551.92
563.26
575.21
584.12
610.57
615.49
622.89
635.55
646.80
647.61
680.06
686.24
696.79
704.55
714.40
748.14
755.88
778.21
792.90
815.20
818.98
835.74
838.92
853.66
882.80
895.76
899.21
905.66
930.98
936.96
943.93
950.52
998.80
1032.21
1045.83
1054.88
1056.91
1066.86
1086.06
1093.21
1097.88
1110.39
1140.94
1150.94
1160.92
1168.04
1183.07
1184.72
1211.70
1213.62
1223.04
1233.29
1240.52
1265.58
1293.76
1300.54
1307.78
1323.59
1329.02
1336.80
1350.15
1358.34
1369.41
1383.48
1393.76
1414.37
1437.16
1448.82
1451.72
1451.94
1466.73
1470.39
1484.49
1493.68
1499.56
1511.37
1516.31
1571.58
1577.90
1607.06
1634.01
1648.64
1744.78
1771.98
1801.15
1804.49
1823.73
1865.18
1880.32
1913.39
1924.57
3075.16
3092.45
3157.03
3178.18
3214.78
3245.34
3254.67
3260.89
3300.22
3306.82
3318.90
3359.19
3678.26
3688.54
3714.22
3779.06
3792.68
3809.43
3814.34
$end
