
$molecule
   O    -1.64069738   3.58671819  -3.17989511
  O    -4.38280474  -0.83050347  -2.85666856
  O    -3.53698962   2.80778078  -4.07157590
  O    -2.17322383   3.01466016  -6.67285855
  O    -3.50324627   1.21916640  -6.62312424
  O     4.61663027  -1.39559710   2.68283521
  N    -2.64953712   0.21942273  -3.87951659
  N    -0.06327817  -1.20773704   1.84659709
  N     1.95020469  -0.99086594   3.58283273
  N     1.59208036  -0.81455142   6.30877673
  N     5.31560622  -1.40152199   4.83743560
  N     3.88322414  -1.12865492   6.67459687
  N     6.16720361  -1.40901653   7.00843756
  C    -1.71166324   1.28352798  -3.71475235
  C    -0.64642512   1.29081543  -4.80191205
  C    -1.17762631   0.92876444  -6.17116565
  C    -3.25044482  -0.41699202  -2.80087745
  C    -2.38951805  -0.59151754  -1.58816122
  C    -2.41950607   2.62339185  -3.68299878
  C    -0.84795928  -0.97961258   0.72238290
  C    -0.40848872  -0.65734532   3.12435297
  C    -2.93630987  -0.38835544  -0.33020788
  C    -1.06537457  -1.01211906  -1.68233863
  C    -2.17871925  -0.56781056   0.81262431
  C    -0.30496154  -1.20614568  -0.55058625
  C    -2.41037292   1.70692310  -6.52730783
  C     0.75231583  -0.80253839   4.07355402
  C     2.98790312  -1.09948684   4.41874600
  C     0.58606394  -0.71373869   5.47565129
  C     2.82741461  -1.01252590   5.80357904
  C     4.33153230  -1.30991012   3.84491138
  C     5.06942415  -1.31536644   6.18514927
  H    -1.21843331   1.19489687  -2.74684681
  H    -0.17064232   2.27148374  -4.82835691
  H     0.12856608   0.56546172  -4.53920524
  H    -1.44216626  -0.12619420  -6.21675707
  H    -0.41371039   1.12777675  -6.92851289
  H    -3.31313280   0.37176626  -4.62960601
  H    -1.28836192  -1.16103570   3.54559514
  H    -0.67521321   0.40982408   3.06737835
  H    -3.97232064  -0.07997295  -0.24598299
  H    -0.62746410  -1.20081652  -2.65494479
  H     0.93211498  -1.22159168   1.68038185
  H    -2.62245072  -0.39463008   1.78215967
  H     0.72321585  -1.53686280  -0.63240793
  H    -0.40606996  -0.55626173   5.89708075
  H    -2.14499698   4.41098867  -3.19496953
  H     6.26205772  -1.49982910   4.50757367
  H    -3.02769299   3.45121581  -6.79408310
  H     6.96237574  -1.93253604   6.68005364
  H     5.93186886  -1.52294115   7.98293425
$end
$temperature
298.15
$end
$mult
 1
$end
$sigma
 1
$end
$pressure
1.00000
$end
$scale
1.0
$end
$msrrho
$end
$freq
8.72
10.33
16.46
26.39
37.97
42.91
55.21
62.97
67.23
81.45
96.34
101.32
118.69
131.72
144.99
151.85
157.61
162.88
192.60
211.15
226.89
246.89
266.38
312.24
328.40
346.90
352.01
357.74
388.63
408.61
435.99
448.18
462.79
473.65
487.03
492.88
505.78
537.69
542.30
552.77
576.05
587.04
592.33
601.28
606.99
619.18
624.71
637.90
640.97
668.56
696.95
700.01
713.06
736.80
770.33
785.09
806.85
813.89
826.07
830.36
834.99
840.89
875.05
891.45
915.69
926.09
930.62
932.89
949.69
993.70
999.66
1033.04
1042.49
1050.76
1060.55
1084.01
1089.49
1096.21
1098.98
1145.81
1146.75
1165.99
1184.43
1189.67
1193.14
1205.04
1208.32
1218.85
1219.52
1234.62
1241.50
1262.30
1280.66
1283.63
1300.59
1309.76
1330.23
1344.35
1346.76
1367.90
1368.36
1387.65
1400.89
1426.94
1441.57
1446.60
1454.94
1461.58
1467.50
1488.26
1496.23
1497.52
1519.63
1535.77
1562.40
1578.12
1612.80
1632.22
1644.87
1737.52
1753.55
1783.41
1790.43
1806.31
1854.40
1895.01
1914.67
1936.76
3034.60
3110.27
3116.16
3119.81
3201.64
3209.06
3230.85
3239.81
3240.43
3242.73
3253.73
3280.96
3690.74
3732.64
3769.61
3815.64
3824.15
3903.57
3909.14
$end
