
$molecule
   O    -0.16191885  -6.95408634   2.00521292
  O    -1.28872574  -3.47213295   2.43776047
  O     1.21898803  -5.33403533   1.31678568
  O    -2.08095953  -9.53482533  -1.79666722
  O    -1.49496153  -7.74426166  -2.99889257
  O     0.19898152   5.43662055  -3.02902387
  N    -0.86146582  -3.92267289   0.25507807
  N     0.73623270   2.28909008   0.48478881
  N     0.73242105   4.83400754  -0.30253800
  N     1.63854013   6.91662085   1.25675522
  N     0.79438435   7.58797643  -2.64352031
  N     1.50928413   8.38992936  -0.55845054
  N     1.40279788   9.82432500  -2.38529745
  C    -1.03629684  -5.32259088   0.50952378
  C    -1.16985256  -6.08194920  -0.79404584
  C    -1.58878263  -7.51735423  -0.61133646
  C    -0.91528036  -3.07989585   1.35606998
  C    -0.48502435  -1.67569414   1.09360489
  C     0.13523233  -5.84551434   1.31472706
  C     0.31238760   0.98876629   0.71315797
  C     0.80730850   3.25682827   1.53927617
  C    -0.10328566  -0.88570649   2.17057388
  C    -0.47480574  -1.11272750  -0.18144916
  C     0.29549522   0.42352567   1.99140851
  C    -0.08772531   0.19517888  -0.37179457
  C    -1.70859351  -8.24838264  -1.93369121
  C     1.01396880   4.63139873   0.95862658
  C     0.89273393   6.05689369  -0.81844977
  C     1.47932115   5.71146307   1.74502378
  C     1.34845222   7.12644472  -0.04425560
  C     0.58229735   6.26136195  -2.24700322
  C     1.23444886   8.58627167  -1.81054602
  H    -1.92782481  -5.45088394   1.12583591
  H    -1.90641752  -5.56965801  -1.41153752
  H    -0.22541788  -6.04525974  -1.33502213
  H    -2.55547352  -7.57930236  -0.10345718
  H    -0.87546819  -8.06275099   0.00704581
  H    -0.13961199  -3.69844068  -0.41089908
  H     1.62852093   3.02694586   2.23093211
  H    -0.10491687   3.27604601   2.15621085
  H    -0.12107560  -1.31546833   3.16507082
  H    -0.79502242  -1.69311091  -1.03841959
  H     0.46922108   2.68581538  -0.40371910
  H     0.59747670   1.01416556   2.84379826
  H    -0.09140428   0.62627413  -1.36538155
  H     1.71910484   5.55551801   2.79618467
  H     0.62471465  -7.20380994   2.50884627
  H     0.64178759   7.78253220  -3.61981423
  H    -2.20002630  -9.75363213  -0.86672782
  H     1.54917284  10.56392909  -1.71484980
  H     0.83706344  10.05621778  -3.18550866
$end
$temperature
298.15
$end
$mult
 1
$end
$sigma
 1
$end
$pressure
1.00000
$end
$scale
1.0
$end
$msrrho
$end
$freq
10.49
12.66
19.56
25.86
30.96
35.66
42.08
55.08
60.19
71.44
78.57
95.96
107.68
113.90
132.99
150.33
151.95
162.78
182.57
211.46
214.75
229.78
258.07
288.42
327.19
344.89
350.77
360.20
366.65
389.23
403.00
448.07
460.21
470.26
487.92
489.20
498.82
517.34
538.47
547.36
555.50
573.93
586.09
596.59
602.54
604.73
609.63
624.44
640.10
658.90
682.33
693.90
699.94
705.40
721.64
785.74
789.71
814.22
816.54
826.49
837.27
858.95
887.08
898.89
914.61
926.42
930.92
942.28
952.76
956.72
993.50
1032.91
1050.52
1061.23
1083.60
1087.41
1098.97
1113.36
1145.41
1146.77
1154.11
1167.93
1174.52
1184.97
1190.02
1193.82
1205.42
1209.87
1219.03
1221.73
1223.85
1252.52
1282.71
1287.52
1302.44
1308.81
1320.94
1335.52
1339.03
1347.05
1366.74
1374.76
1393.78
1404.92
1421.89
1449.41
1453.84
1474.01
1484.85
1488.64
1497.11
1504.83
1519.97
1545.02
1566.36
1578.22
1612.93
1632.44
1646.58
1737.48
1753.78
1779.21
1790.06
1800.99
1850.84
1895.60
1920.07
1925.31
3035.10
3113.06
3115.26
3156.53
3204.42
3208.89
3214.00
3238.57
3241.90
3248.93
3253.99
3282.38
3691.22
3774.40
3806.43
3815.34
3824.60
3902.67
3959.71
$end
