
$molecule
   O     2.39674676   2.30266777   4.02898312
  O     3.32083137  -2.10530174   2.50682411
  O     0.68784098   2.05683261   5.45310291
  O    -1.50174051   0.54487076   2.58160580
  O    -2.37592226  -1.45241257   3.05143526
  O     1.32401713   2.60718446  -2.96739924
  N     2.39129564  -0.27784379   3.48098708
  N    -2.17592982  -1.31863037  -0.79676895
  N    -0.94585548   0.90828944  -2.78461513
  N    -1.59564391  -0.51871020  -5.05149106
  N     1.53826498   2.04098736  -5.15037819
  N     0.14295392   0.50119780  -6.24056066
  N     1.89773426   1.50199613  -7.38983590
  C     1.13129458   0.29438215   3.90230684
  C     0.30571770  -0.62829763   4.76442433
  C    -1.16810498  -0.27134055   4.76975286
  C     2.43274366  -1.29049287   2.52226643
  C     1.28396982  -1.29142023   1.56364591
  C     1.37599655   1.64239172   4.56511364
  C    -0.99591175  -1.29151037  -0.05201128
  C    -2.68113484  -0.14655128  -1.46867752
  C     0.99764268  -0.20670221   0.75247290
  C     0.44760029  -2.40127043   1.52682816
  C    -0.12553609  -0.20439857  -0.05466376
  C    -0.67597554  -2.40302173   0.73485277
  C    -1.76732566  -0.47815295   3.40505658
  C    -1.95309939   0.06952241  -2.76762114
  C    -0.24389507   1.05570568  -3.90956005
  C    -2.26760141  -0.65807751  -3.93334532
  C    -0.56178097   0.34529847  -5.07283877
  C     0.91126078   1.97519550  -3.89953977
  C     1.14485225   1.32530635  -6.25365173
  H     0.57143322   0.52976259   3.00378798
  H     0.42480238  -1.64353705   4.38758491
  H     0.67920152  -0.61740570   5.78832991
  H    -1.30227600   0.76766893   5.06304850
  H    -1.70334120  -0.91549501   5.47059960
  H     3.05190978  -0.46469923   4.22442293
  H    -2.57766015   0.76374462  -0.87300814
  H    -3.74767336  -0.30916341  -1.65761118
  H     1.64113833   0.66571289   0.75179639
  H     0.66756903  -3.26315493   2.14591541
  H    -2.87729325  -1.92498009  -0.39956750
  H    -0.32993822   0.65507704  -0.67235242
  H    -1.34452858  -3.25360441   0.74367306
  H    -3.09663751  -1.36355727  -3.92656762
  H     2.81348651   1.73279347   3.36892529
  H     2.36024283   2.62101208  -5.19831631
  H    -1.78806541   0.30994354   1.69017200
  H     2.38149802   2.37703810  -7.50916584
  H     1.48082642   1.10515023  -8.21836722
$end
$temperature
298.15
$end
$mult
 1
$end
$sigma
 1
$end
$pressure
1.00000
$end
$scale
1.0
$end
$msrrho
$end
$freq
4.49
11.73
13.90
22.22
31.27
51.60
59.89
64.11
73.87
82.03
103.67
111.33
124.01
140.62
153.57
166.44
171.12
190.24
198.64
248.32
264.10
276.74
300.65
312.26
335.79
346.46
355.50
365.80
379.76
399.20
418.10
432.47
451.84
470.27
474.51
490.01
507.23
525.41
532.48
551.27
553.32
569.96
584.07
598.93
601.23
604.78
629.46
645.24
652.96
672.60
683.03
700.66
723.22
742.26
760.30
783.95
812.86
819.56
822.05
840.55
844.62
850.97
874.21
896.02
904.17
917.56
922.82
929.86
936.63
989.64
1004.93
1021.51
1054.07
1057.67
1064.03
1070.31
1092.63
1095.79
1112.88
1152.99
1158.51
1167.03
1179.16
1196.01
1201.15
1208.09
1211.88
1215.90
1219.29
1223.14
1245.82
1264.02
1265.22
1292.68
1310.12
1315.69
1330.39
1340.99
1347.53
1356.46
1379.86
1391.71
1399.77
1424.44
1432.24
1434.61
1450.79
1462.41
1464.00
1481.94
1486.40
1487.48
1509.70
1514.76
1566.09
1578.26
1614.38
1633.11
1647.52
1736.59
1748.13
1789.02
1792.25
1816.23
1865.17
1895.36
1904.28
1936.33
3098.48
3137.37
3148.92
3192.60
3219.31
3224.16
3242.21
3246.21
3247.04
3262.06
3336.34
3337.86
3693.11
3733.88
3761.24
3814.76
3826.64
3909.80
3945.97
$end
