
$molecule
   O    -3.15247036  -3.99941401   3.26088670
  O    -0.03589256  -2.32921155  -0.33649696
  O    -1.97228946  -2.28880060   4.09058424
  O     2.46684815  -5.28483155   4.08381097
  O     1.28161551  -6.45941687   2.59727588
  O    -1.79025093   1.66234678  -0.86918728
  N    -0.67524624  -1.92051287   1.79103438
  N     2.37738816   3.55131109   0.29283025
  N     0.49610555   3.15745695  -1.61187096
  N     0.68496059   3.91540845  -4.24330366
  N    -2.54549042   1.81441672  -3.00151903
  N    -1.39199568   2.93272294  -4.71512949
  N    -3.41710661   1.88286999  -5.16245181
  C    -1.38025329  -3.15368428   1.93815295
  C    -0.45757443  -4.35800596   1.99976808
  C     0.59500543  -4.20724703   3.06080245
  C    -0.05300341  -1.58371449   0.61881140
  C     0.61643778  -0.24538912   0.62442405
  C    -2.19255763  -3.07613833   3.20724363
  C     1.83947830   2.26215273   0.43588649
  C     2.69298469   3.99675212  -1.03994743
  C     1.66130072  -0.03004617  -0.26463978
  C     0.21573497   0.80055005   1.44706533
  C     2.27974230   1.19819872  -0.34852818
  C     0.82071787   2.03435844   1.35987337
  C     1.46288695  -5.44034857   3.19919570
  C     1.56209708   3.78629850  -2.02644172
  C    -0.47469203   2.86251048  -2.47167225
  C     1.63998867   4.17713356  -3.38240774
  C    -0.39855673   3.23519257  -3.81609066
  C    -1.62145502   2.07423882  -1.98236492
  C    -2.41101765   2.24613299  -4.29830178
  H    -2.07227511  -3.29554429   1.10022782
  H    -1.03988662  -5.26109426   2.17770419
  H     0.01969934  -4.46474688   1.02870062
  H     0.15148966  -4.01470544   4.04028117
  H     1.24329359  -3.35886329   2.83998151
  H    -0.62628993  -1.31565506   2.58981590
  H     3.57514368   3.46607916  -1.41722499
  H     2.96390888   5.05939405  -0.99607285
  H     1.98342947  -0.84549468  -0.90110534
  H    -0.60629773   0.67732360   2.14006695
  H     1.81080728   4.22608882   0.78700710
  H     3.09309810   1.34486998  -1.04256919
  H     0.46955460   2.85060858   1.97709082
  H     2.51436206   4.71533731  -3.74759262
  H    -3.61191921  -3.90165860   4.10619200
  H    -3.32198879   1.22424998  -2.75050479
  H     2.44494217  -4.40067995   4.46380742
  H    -3.37905616   2.35877318  -6.05107867
  H    -4.33545551   1.72242731  -4.78201929
$end
$temperature
298.15
$end
$mult
 1
$end
$sigma
 1
$end
$pressure
1.00000
$end
$scale
1.0
$end
$msrrho
$end
$freq
7.15
9.59
13.29
19.55
25.58
36.10
45.33
53.32
59.77
68.39
76.13
93.95
117.26
132.02
150.21
159.32
165.25
167.60
192.97
227.84
231.89
259.18
267.55
320.20
329.96
338.74
346.84
358.20
379.25
389.14
427.24
449.15
451.59
467.35
485.89
488.10
489.19
500.83
528.39
535.90
549.29
578.79
595.05
597.57
608.18
621.61
625.79
631.68
643.23
679.11
684.07
700.27
711.59
713.97
719.56
767.42
784.72
813.35
825.50
832.16
841.94
859.26
866.28
889.42
915.00
926.23
932.58
943.51
965.48
990.95
997.01
1022.46
1027.57
1048.36
1062.41
1081.68
1093.28
1096.76
1129.98
1147.62
1154.29
1164.37
1170.17
1177.93
1195.42
1198.20
1200.23
1204.00
1211.62
1222.16
1246.93
1281.85
1287.09
1289.04
1295.78
1331.37
1334.32
1338.30
1345.90
1347.50
1361.73
1379.41
1391.85
1400.39
1413.01
1447.45
1454.09
1459.47
1460.92
1478.85
1500.26
1509.04
1517.13
1568.80
1579.04
1581.67
1610.69
1634.37
1650.82
1737.70
1762.33
1789.29
1795.76
1814.93
1841.83
1899.31
1905.47
1925.07
3069.44
3128.49
3148.99
3157.66
3173.41
3203.53
3206.78
3253.79
3254.84
3256.00
3264.09
3295.39
3694.03
3731.76
3815.67
3827.47
3889.48
3897.51
3962.07
$end
