
$molecule
   O     4.78247156   0.81383008  -3.39270981
  O     3.24936199   2.06412122  -1.72528093
  O     5.07984375  -1.38795813  -3.58752669
  O     4.20584920  -4.26769537  -3.65987278
  O     5.89680024  -3.92249115  -2.23322860
  O    -2.03753721  -1.85548585   2.45610246
  N     2.80274802  -0.13557477  -1.53369542
  N    -3.07949183   2.45867134  -1.03697026
  N    -3.51490456   0.23984864   1.23183530
  N    -4.90123724   1.91592225   2.92359796
  N    -2.80570778  -1.17871593   4.47690502
  N    -4.19727696   0.68532868   4.78557315
  N    -3.51055779  -0.57225753   6.61511775
  C     4.19008028  -0.53064816  -1.53774503
  C     4.34966833  -1.89408018  -0.91515167
  C     3.73235534  -3.02141278  -1.71231644
  C     2.42729914   1.17047955  -1.56599695
  C     0.97227937   1.44555600  -1.41916265
  C     4.74048990  -0.42534586  -2.95784414
  C    -1.74793262   2.09129823  -1.17243705
  C    -4.12273220   1.50779580  -0.73786712
  C     0.06886741   0.53612938  -0.87949057
  C     0.49597629   2.69004292  -1.82847862
  C    -1.26955346   0.84792521  -0.75685175
  C    -0.83606711   3.01086850  -1.71419654
  C     4.74924586  -3.75264921  -2.54846388
  C    -4.19408338   1.24976472   0.74440017
  C    -3.50090807   0.04298568   2.55083395
  C    -4.89365859   2.10032374   1.62439439
  C    -4.20197029   0.88014217   3.42671727
  C    -2.70752952  -1.08257306   3.08325007
  C    -3.52128387  -0.31240261   5.26583950
  H     4.73836620   0.20503208  -0.93843376
  H     5.40907690  -2.10636723  -0.78317625
  H     3.90167657  -1.84441558   0.08162154
  H     2.93743020  -2.68644807  -2.37067009
  H     3.29443599  -3.76919878  -1.04160114
  H     2.09353426  -0.84244089  -1.57430846
  H    -3.96380671   0.55214554  -1.24064511
  H    -5.06959331   1.93008061  -1.09048228
  H     0.39617439  -0.43207214  -0.52040273
  H     1.19548257   3.40631196  -2.24219378
  H    -3.34887718   3.25837165  -1.58550904
  H    -1.94176416   0.12781720  -0.31982245
  H    -1.19112318   3.98087938  -2.03936320
  H    -5.45826742   2.94453850   1.23205496
  H     4.32947601   1.41946362  -2.76195604
  H    -2.32264960  -1.95563807   4.89793208
  H     4.91028283  -4.71216071  -4.14922397
  H    -3.89000821   0.17562612   7.17588507
  H    -2.72075030  -1.06326871   7.00101458
$end
$temperature
298.15
$end
$mult
 1
$end
$sigma
 1
$end
$pressure
1.00000
$end
$scale
1.0
$end
$msrrho
$end
$freq
9.69
12.30
18.40
26.56
30.07
52.37
56.19
70.97
73.84
86.97
108.70
125.62
137.22
141.54
151.01
165.79
169.71
180.44
232.79
246.59
257.25
278.92
304.06
307.15
334.43
345.83
349.61
353.88
370.12
388.65
395.07
416.41
432.74
451.93
471.03
478.34
490.65
509.16
528.30
530.10
551.37
565.06
576.58
590.28
597.98
605.40
624.02
642.56
664.43
690.47
703.57
708.06
721.32
738.06
774.56
781.03
817.94
840.54
846.22
851.05
855.40
863.30
896.08
916.32
923.06
925.89
937.26
973.06
983.42
1003.53
1005.64
1021.88
1030.55
1053.37
1056.79
1066.00
1086.80
1094.22
1100.43
1151.05
1153.87
1157.48
1179.77
1186.34
1200.74
1206.60
1213.59
1216.51
1227.96
1236.32
1263.66
1285.34
1292.54
1295.78
1306.07
1322.22
1334.36
1342.04
1347.94
1382.62
1391.75
1398.86
1408.28
1420.17
1429.99
1450.37
1456.32
1459.96
1460.99
1486.84
1505.13
1513.93
1516.81
1563.84
1577.84
1582.68
1613.90
1633.08
1656.22
1736.45
1747.43
1768.19
1788.69
1799.41
1806.45
1894.03
1905.17
1940.08
3101.51
3104.01
3114.57
3153.97
3206.57
3216.54
3222.44
3242.81
3249.35
3253.23
3258.77
3338.13
3492.18
3693.70
3796.20
3815.87
3827.43
3902.14
3916.48
$end
