
$molecule
   O    -5.33684374   5.34528421   0.03158289
  O    -3.03926229   2.86429104   2.11923008
  O    -3.26096800   4.64133846  -0.41373480
  O    -6.45708564  -0.70609917   1.17762697
  O    -6.79646488   0.89887265  -0.33198139
  O     3.38830945  -3.94072164  -2.89644146
  N    -3.84986355   2.06400873   0.15997163
  N     1.89703903  -0.79722042   0.33830349
  N     3.93078845  -2.02727052  -0.86514544
  N     6.54203908  -1.86510521  -0.00205684
  N     5.57452750  -4.53385973  -2.88599668
  N     7.18283789  -3.56285909  -1.48166533
  N     7.79908938  -5.22647078  -2.98453274
  C    -4.92778057   3.00566203   0.12579129
  C    -5.80393944   2.94975098   1.35362003
  C    -6.00331063   1.54157524   1.84057047
  C    -2.87744874   2.18717680   1.13025878
  C    -1.63947745   1.38946775   0.88507106
  C    -4.39592413   4.40461423  -0.10830385
  C     0.74394776  -0.04695846   0.51804275
  C     3.19507770  -0.26466786   0.63094572
  C    -0.46720325   1.78190314   1.51749579
  C    -1.61065666   0.25881129   0.07064356
  C     0.71074985   1.08491129   1.33704046
  C    -0.44368424  -0.45064667  -0.10874064
  C    -6.46000126   0.57503320   0.77227146
  C     4.25873630  -1.17002519   0.06671826
  C     4.87449443  -2.81928657  -1.38433180
  C     5.60425785  -1.09933182   0.49819957
  C     6.20389137  -2.75210895  -0.96109469
  C     4.48380056  -3.77915210  -2.43551814
  C     6.85467831  -4.41103255  -2.40621325
  H    -5.53749938   2.75477012  -0.74782876
  H    -5.35875689   3.52210758   2.16334899
  H    -6.76213551   3.40789279   1.10717178
  H    -6.75028172   1.51937535   2.64286514
  H    -5.07660734   1.15982485   2.26400538
  H    -3.51061350   1.76534030  -0.73893195
  H     3.34352045  -0.16021366   1.71387960
  H     3.34177769   0.74324284   0.21191890
  H    -0.48791670   2.65496379   2.15865503
  H    -2.51218541  -0.09141981  -0.41804416
  H     1.89237598  -1.41813378  -0.45719520
  H     1.61069185   1.41387427   1.83555975
  H    -0.43261330  -1.33174233  -0.73860574
  H     5.89051593  -0.38930966   1.27324119
  H    -4.92677095   6.19773473  -0.16693983
  H     5.38165659  -5.17632878  -3.63720280
  H    -6.15222270  -0.76772554   2.08868744
  H     7.49424556  -6.10453992  -3.37207110
  H     8.67846889  -5.23959747  -2.49014083
$end
$temperature
298.15
$end
$mult
 1
$end
$sigma
 1
$end
$pressure
1.00000
$end
$scale
1.0
$end
$msrrho
$end
$freq
10.01
12.09
14.37
26.07
29.50
42.55
48.67
51.15
61.49
80.08
99.75
108.08
114.56
129.72
137.88
151.58
162.56
169.82
204.62
211.89
232.57
267.15
286.53
322.80
339.10
348.82
354.08
362.56
367.97
388.88
431.21
447.97
470.11
472.36
487.93
494.68
506.07
525.84
536.24
551.03
563.36
568.78
580.05
597.29
601.16
603.51
607.57
619.73
638.24
661.18
671.02
695.47
700.06
705.88
728.95
780.81
787.40
797.67
813.67
828.38
853.79
860.84
887.50
896.25
917.54
920.60
930.35
943.27
956.18
993.45
1032.82
1033.88
1048.53
1056.62
1061.42
1084.06
1088.15
1098.89
1100.78
1145.23
1146.27
1161.41
1168.56
1190.01
1193.81
1196.83
1205.43
1212.08
1219.03
1224.25
1233.57
1271.54
1283.32
1299.32
1304.82
1313.01
1331.91
1334.62
1346.94
1353.28
1372.23
1385.01
1395.26
1409.66
1437.11
1453.07
1457.10
1464.16
1477.89
1487.33
1495.71
1498.08
1519.91
1554.93
1568.13
1578.23
1612.91
1632.49
1648.96
1737.48
1753.83
1780.08
1790.05
1801.74
1858.85
1895.62
1917.96
1924.56
3035.62
3095.80
3115.05
3158.20
3188.46
3208.81
3228.18
3240.71
3246.68
3255.49
3255.89
3282.25
3691.54
3772.19
3815.43
3824.96
3828.17
3906.94
3962.17
$end
