
$molecule
   O     5.16100520   0.36642183  -0.04418805
  O     3.41225448   1.85610082   2.16496638
  O     6.87427346   0.88910860   1.29142687
  O     8.77131411  -3.03674042   3.73529356
  O     7.13537014  -4.04340325   2.58714965
  O    -4.93512860   3.29850223  -3.10594621
  N     3.61658108  -0.38856510   1.92558445
  N    -2.38840544   0.54419878  -0.19206976
  N    -4.45732318   0.79133154  -1.85421382
  N    -6.44068138  -1.10323849  -2.11180341
  N    -6.92658190   2.51780796  -3.85180683
  N    -7.73159616   0.36036632  -3.40531501
  N    -9.00800341   1.84478077  -4.65956058
  C     5.01592845  -0.30978305   2.22480820
  C     5.59047385  -1.69512009   2.43755088
  C     6.98685788  -1.67220364   3.00995246
  C     2.91773947   0.80361714   1.83465958
  C     1.52858257   0.68030369   1.30113861
  C     5.79025852   0.39821458   1.13149695
  C    -1.08756654   0.56235826   0.28899453
  C    -3.04876295  -0.68002383  -0.53674036
  C     0.81025805  -0.50773526   1.32763956
  C     0.91731948   1.81562457   0.77123044
  C    -0.47929261  -0.57115310   0.83308049
  C    -0.36167006   1.76311311   0.26783999
  C     7.60140915  -3.04420862   3.07008143
  C    -4.31673587  -0.38210885  -1.29352777
  C    -5.57045548   1.05457335  -2.54596842
  C    -5.34513593  -1.34310689  -1.43463813
  C    -6.58663358   0.10696444  -2.69037004
  C    -5.71539904   2.38927857  -3.15989036
  C    -7.87041165   1.52661512  -3.95549644
  H     5.14341831   0.29834315   3.12319728
  H     4.92864865  -2.23888388   3.11190133
  H     5.59497196  -2.23831375   1.49384060
  H     7.00129372  -1.25650921   4.01952385
  H     7.65235848  -1.04702605   2.41335086
  H     3.34674410  -1.09833501   1.26592104
  H    -3.29008642  -1.26429835   0.36108422
  H    -2.42122901  -1.33704417  -1.15947592
  H     1.24573266  -1.40176010   1.75776617
  H     1.47003543   2.74740399   0.75844237
  H    -2.64146341   1.31603184  -0.79093269
  H    -1.02246244  -1.50396856   0.87303111
  H    -0.82281712   2.64977021  -0.14953057
  H    -5.24131005  -2.32349216  -0.97116149
  H     5.71251077   0.82989755  -0.68783543
  H    -7.10531586   3.42254517  -4.25657336
  H     9.11876823  -3.93876631   3.72406391
  H    -9.59019845   1.04754119  -4.86786225
  H    -8.93944168   2.54497337  -5.38010990
$end
$temperature
298.15
$end
$mult
 1
$end
$sigma
 1
$end
$pressure
1.00000
$end
$scale
1.0
$end
$msrrho
$end
$freq
8.76
13.14
19.73
24.09
30.77
34.47
41.54
52.10
61.78
66.49
83.35
94.52
96.37
128.64
133.31
151.41
160.42
165.34
182.33
208.68
214.69
222.17
259.16
291.61
334.99
337.83
347.60
356.68
385.54
389.73
404.15
448.19
452.61
485.64
493.05
501.21
505.07
538.34
543.64
545.85
550.47
567.85
580.70
586.68
601.05
607.03
620.61
640.25
656.12
658.39
670.99
681.12
697.49
705.19
723.03
783.76
790.79
814.12
815.51
826.51
833.48
857.19
884.58
899.52
911.88
922.19
930.98
939.20
947.67
956.27
993.50
1033.07
1045.19
1065.82
1083.45
1087.67
1097.60
1098.94
1138.17
1145.78
1155.51
1166.63
1175.66
1189.91
1193.85
1205.36
1209.08
1213.42
1218.91
1220.10
1222.87
1252.25
1280.13
1285.88
1300.19
1312.88
1324.21
1336.77
1347.08
1353.89
1372.97
1383.87
1395.68
1406.74
1423.05
1448.48
1452.58
1461.88
1481.23
1487.71
1495.78
1509.59
1519.80
1544.23
1567.72
1578.27
1613.15
1632.52
1647.16
1737.32
1753.58
1778.57
1789.94
1801.91
1854.73
1895.43
1896.00
1911.85
3033.96
3114.32
3127.40
3152.59
3200.26
3208.80
3209.65
3234.09
3242.99
3246.48
3255.32
3281.13
3691.36
3772.25
3815.01
3824.72
3831.29
3901.42
3919.95
$end
