
$molecule
   O    -3.48132266  -3.24223785  -4.22172543
  O    -1.44886833  -3.91670702   0.39133506
  O    -1.45179000  -2.32288302  -4.09914171
  O    -5.67471071  -1.75272747  -3.23328862
  O    -6.19267959  -0.50432197  -1.45597831
  O     1.00969998   3.44976236  -0.96472421
  N    -1.27777877  -2.64517814  -1.47092517
  N     3.79915473  -0.60794278   1.93521016
  N     2.90560692   2.28960935   0.80661505
  N     3.16573246   3.48289027   3.27807650
  N     0.54989630   5.02126274   0.60021444
  N     1.56056553   5.09049749   2.71640649
  N    -0.02247093   6.68751625   2.12759648
  C    -2.37501245  -3.30066385  -2.11195478
  C    -3.69611967  -2.96738790  -1.45494409
  C    -4.01458424  -1.48424429  -1.52883464
  C    -0.84887845  -3.07040017  -0.23393721
  C     0.38699692  -2.39914713   0.27207421
  C    -2.35864245  -2.89848256  -3.56783576
  C     2.68242685  -1.19349719   1.34751921
  C     4.47360025   0.52622023   1.35295911
  C     0.86115099  -1.19334513  -0.23016045
  C     1.07780569  -2.99583663   1.32489155
  C     1.99049666  -0.59590578   0.29488959
  C     2.20682165  -2.41307173   1.85239823
  C    -5.40812099  -1.19221990  -2.04921237
  C     3.74088187   1.79824697   1.68925254
  C     2.18436135   3.36613571   1.12556969
  C     3.85940589   2.41892920   2.94952149
  C     2.30225425   3.98673019   2.37441657
  C     1.22886368   3.89004990   0.12932511
  C     0.72490215   5.56820480   1.84667771
  H    -2.24745973  -4.39330330  -2.09081065
  H    -4.47996822  -3.56564170  -1.91506235
  H    -3.62815712  -3.28948871  -0.41873694
  H    -3.31723066  -0.96991634  -2.18923465
  H    -3.93315979  -1.00693324  -0.55498366
  H    -0.62286773  -2.17586785  -2.07311969
  H     4.54702677   0.45644949   0.26590415
  H     5.48796365   0.55664659   1.76527270
  H     0.34455568  -0.68241560  -1.03326729
  H     0.70832650  -3.93137560   1.72750765
  H     4.37500249  -1.24735742   2.45742399
  H     2.32574536   0.34474094  -0.11005086
  H     2.73251775  -2.88866920   2.67112621
  H     4.54821611   2.01702262   3.69052929
  H    -3.36492980  -3.00681154  -5.15387773
  H    -0.08941009   5.45025888  -0.04900582
  H    -4.93705384  -2.29984720  -3.53411882
  H    -0.00705302   6.94929178   3.10184491
  H    -0.90170920   6.80336246   1.65037310
$end
$temperature
298.15
$end
$mult
 1
$end
$sigma
 1
$end
$pressure
1.00000
$end
$scale
1.0
$end
$msrrho
$end
$freq
8.58
10.17
16.83
23.61
35.30
42.32
52.86
62.13
77.16
79.33
98.49
100.51
132.13
144.74
152.64
164.96
171.64
177.89
203.91
221.28
256.99
271.25
297.29
308.62
319.10
340.84
347.48
353.94
368.79
391.29
410.41
450.98
452.94
454.25
475.79
491.06
515.83
530.89
535.76
551.81
560.89
569.70
592.33
597.96
601.48
606.33
623.69
643.21
659.82
671.84
690.82
706.83
721.39
740.38
761.00
776.02
781.24
797.00
818.54
845.51
851.15
852.22
867.41
897.43
913.87
919.29
927.19
936.77
979.06
1004.65
1013.67
1014.88
1021.14
1054.45
1057.84
1065.40
1087.01
1095.15
1099.30
1151.51
1154.78
1158.80
1175.93
1180.58
1187.96
1200.35
1201.39
1215.62
1222.91
1247.46
1262.89
1272.02
1279.13
1288.72
1295.38
1312.98
1337.78
1340.36
1347.18
1356.81
1380.85
1391.16
1393.95
1401.15
1411.51
1450.21
1455.87
1459.30
1461.31
1479.23
1481.68
1487.75
1513.79
1557.43
1571.23
1578.61
1613.93
1632.66
1647.98
1736.41
1747.90
1780.77
1788.95
1803.26
1844.33
1895.15
1911.38
1922.83
3100.51
3108.00
3154.99
3180.40
3202.84
3218.41
3235.76
3241.19
3253.26
3253.79
3256.50
3338.87
3691.29
3793.00
3815.69
3824.66
3841.41
3883.39
3912.80
$end
