
$molecule
   O     3.63680005   0.72219744  -0.68253344
  O     3.01611044  -0.26577415   2.71843155
  O     2.26064150   2.25918068  -1.54180867
  O     2.50880699   6.02567979  -1.75041260
  O     1.89532437   5.25907189   0.25763143
  O    -0.71834373  -4.71008411  -1.41623829
  N     3.39295425   1.76162563   1.77108510
  N    -2.50735654   0.80456380  -0.43600506
  N    -2.41153824  -2.43323221  -1.19020107
  N    -4.76451012  -2.79490152   0.20556184
  N    -2.24708713  -5.92679193  -0.27276031
  N    -4.26251671  -5.05400568   0.54975671
  N    -3.72215494  -7.28545706   0.91703307
  C     3.13165522   2.61959409   0.65216136
  C     4.23436666   3.64013509   0.49649630
  C     4.01678712   4.57829012  -0.66965069
  C     2.60665577   0.65568671   2.05529490
  C     1.24217398   0.69332515   1.44276523
  C     2.94544347   1.85757091  -0.64099280
  C    -1.24478934   0.74571578   0.16450862
  C    -2.84804527  -0.06994853  -1.53289446
  C     0.84987284  -0.34734419   0.61810689
  C     0.37089649   1.75744555   1.64549390
  C    -0.37257068  -0.32247468  -0.02663934
  C    -0.85638585   1.78234934   1.02264909
  C     2.69649227   5.29796794  -0.63864984
  C    -3.23750982  -1.43029479  -1.01913141
  C    -2.73098047  -3.62711833  -0.68151986
  C    -4.43298334  -1.63051930  -0.29837672
  C    -3.91977396  -3.83021660   0.02726944
  C    -1.78018604  -4.74264745  -0.85941219
  C    -3.44212017  -6.04523293   0.39055793
  H     2.20042766   3.15729004   0.80268439
  H     4.28782185   4.21186010   1.42374363
  H     5.19346414   3.13223568   0.36538013
  H     4.06373913   4.05646662  -1.62478938
  H     4.80036324   5.34278875  -0.69343371
  H     4.36166639   1.59848621   1.99772552
  H    -2.03201962  -0.20339556  -2.24604089
  H    -3.69349180   0.38248016  -2.06399471
  H     1.51826172  -1.18530810   0.46027499
  H     0.65236754   2.57761436   2.29509751
  H    -2.85087915   1.74834046  -0.52724060
  H    -0.64175775  -1.13264845  -0.68426622
  H    -1.52995323   2.61417673   1.18719963
  H    -5.11701571  -0.79828478  -0.14464712
  H     3.45470781   0.28816992  -1.52628176
  H    -1.62078896  -6.71400338  -0.31839542
  H     1.64463091   6.45242999  -1.67811501
  H    -3.32222408  -8.09135499   0.46453286
  H    -4.67544915  -7.38170018   1.23298955
$end
$temperature
298.15
$end
$mult
 1
$end
$sigma
 1
$end
$pressure
1.00000
$end
$scale
1.0
$end
$msrrho
$end
$freq
9.44
13.21
14.54
19.20
22.29
25.03
54.19
56.83
60.29
80.38
86.92
104.73
116.27
141.70
154.74
166.91
178.01
193.37
201.59
230.66
260.38
270.26
273.84
298.34
321.50
328.88
344.73
355.65
383.59
399.34
401.47
441.39
453.49
470.90
486.21
502.32
524.87
527.20
539.25
543.55
551.71
564.34
585.81
594.42
598.07
606.61
631.93
644.63
661.20
670.26
672.82
680.84
694.92
703.53
722.65
766.24
788.57
819.35
823.87
833.74
843.40
847.15
863.85
888.94
892.39
901.18
917.86
926.79
935.48
971.22
1004.55
1018.95
1056.19
1061.20
1066.01
1074.31
1091.97
1096.09
1121.94
1152.55
1158.26
1163.91
1177.16
1189.21
1201.21
1202.63
1214.39
1218.01
1218.71
1233.39
1254.81
1263.34
1290.88
1297.10
1310.09
1321.86
1329.48
1333.71
1345.74
1371.45
1376.11
1389.95
1395.42
1423.22
1437.40
1446.88
1451.80
1464.08
1469.13
1478.91
1487.27
1500.49
1506.12
1513.17
1564.74
1578.05
1613.36
1631.54
1646.40
1736.75
1748.39
1790.82
1792.94
1814.38
1861.06
1895.37
1905.09
1914.42
3093.50
3107.09
3116.16
3196.40
3198.81
3216.86
3224.70
3242.80
3250.49
3253.53
3316.56
3337.70
3691.20
3757.03
3794.58
3817.30
3824.57
3906.45
3918.10
$end
