
$molecule
   O    -1.09894276  -2.79430199  -1.02362616
  O    -1.16509327  -0.46091721   3.24814553
  O    -2.02190644  -3.02716328   1.38617885
  O    -2.19262779   1.88893455  -0.98951381
  O    -3.49681965   2.28943906   0.75921605
  O    -0.74237720  -0.22462466  -1.53176510
  N    -1.71572777  -0.25025227   1.06327681
  N     3.38704629   3.05757475   0.11851897
  N     1.85414178   0.88972259  -1.53126803
  N     3.94928599  -0.87959560  -1.19447418
  N     0.14919521  -2.22940692  -1.04033731
  N     2.45278809  -2.65623859  -0.94990510
  N     0.91835527  -4.37073114  -0.62147424
  C    -2.99881739  -0.85012088   1.17952190
  C    -3.63336412  -0.88135990  -0.19408953
  C    -4.12824898   0.48393257  -0.63828744
  C    -0.92677901  -0.01189886   2.15326811
  C     0.23499627   0.86042309   1.78214065
  C    -2.85824723  -2.24584830   1.75876170
  C     2.31710438   2.40578578   0.81268098
  C     3.29941816   2.79719230  -1.32493003
  C     1.54125649   0.42998073   1.94459575
  C    -0.02745453   2.09217219   1.20054287
  C     2.57908985   1.20521177   1.45964575
  C     1.01038248   2.86355516   0.72100488
  C    -3.24052625   1.63741138  -0.21830777
  C     3.08587622   1.32575847  -1.48842862
  C     1.63371864  -0.42146593  -1.39427836
  C     4.14872957   0.40416758  -1.34170222
  C     2.67630954  -1.33095674  -1.18187696
  C     0.25176053  -0.89192740  -1.36276427
  C     1.23005206  -3.08459813  -0.87803739
  H    -3.61630814  -0.27123444   1.87614296
  H    -2.89189265  -1.25683819  -0.89165726
  H    -4.48012899  -1.57457332  -0.21385396
  H    -5.09669510   0.69234812  -0.18169361
  H    -4.25476417   0.49671791  -1.72436255
  H    -1.34480248  -0.05488859   0.15130200
  H     4.22835989   3.13555865  -1.80060018
  H     2.46258903   3.31392441  -1.80490895
  H     1.74397482  -0.52399810   2.41813378
  H    -1.04584072   2.43433633   1.08766702
  H     3.39199824   4.05758290   0.29464018
  H     3.60264775   0.86638403   1.53935357
  H     0.80186885   3.79863962   0.21803814
  H     5.17542748   0.76552856  -1.32973409
  H    -1.38455372  -2.80018840  -0.07820533
  H    -3.57662304  -2.51457760   2.54956879
  H    -1.83799718   1.12627825  -1.47535444
  H     1.67900818  -5.02759200  -0.58059081
  H    -0.02884248  -4.68326232  -0.73631755
$end
$temperature
298.15
$end
$mult
 1
$end
$sigma
 1
$end
$pressure
1.00000
$end
$scale
1.0
$end
$msrrho
$end
$freq
27.00
30.35
38.80
53.06
67.75
78.86
85.58
98.58
107.37
114.45
116.81
121.48
143.68
153.98
171.11
189.64
201.93
207.81
216.50
223.82
241.65
263.30
277.54
295.40
324.67
353.61
361.41
372.50
386.66
390.90
402.28
405.48
434.37
441.51
453.85
462.66
479.62
498.11
509.32
520.46
533.25
544.12
616.49
626.50
635.15
646.89
660.63
666.44
679.98
694.52
707.76
742.66
778.35
794.29
797.69
818.33
829.10
841.00
850.97
859.39
872.28
899.04
909.47
913.92
925.33
929.13
956.43
970.04
975.92
1011.68
1017.84
1034.04
1037.02
1041.56
1063.88
1074.05
1074.32
1102.60
1118.00
1129.11
1131.35
1136.11
1161.83
1195.35
1201.45
1214.36
1220.70
1233.03
1242.98
1258.44
1266.41
1271.01
1292.51
1296.19
1320.54
1323.80
1338.21
1348.64
1359.33
1362.58
1394.28
1417.72
1429.37
1434.71
1441.93
1444.66
1456.67
1470.88
1472.14
1483.18
1492.66
1502.56
1528.07
1544.07
1548.34
1584.39
1605.60
1641.23
1649.40
1737.38
1752.48
1797.16
1800.42
1818.22
1838.86
1865.99
1871.75
1903.23
3077.83
3098.27
3108.18
3113.80
3158.36
3169.75
3200.43
3224.38
3239.89
3262.56
3278.51
3284.82
3313.24
3451.53
3622.21
3752.92
3814.52
3897.40
3900.56
$end
