
$molecule
   O     0.34392063   4.43158013  -0.69310397
  O     1.77779344   1.14206626  -3.76953088
  O     1.24180273   5.67712621  -2.32747163
  O    -2.49828591   3.31356012  -6.03413544
  O    -3.44373503   1.94012565  -4.54420691
  O    -0.51572361   0.49486153   3.79124435
  N     0.78218255   2.23355003  -2.06072119
  N     2.29423181  -3.36335739   0.74681551
  N     0.67398499  -2.01094537   3.16869998
  N    -0.86898044  -4.24798688   3.63179024
  N    -2.34540982  -0.59618379   4.55981989
  N    -2.59305245  -2.92871257   4.50531810
  N    -4.30649852  -1.59306386   5.33166499
  C     0.56398673   3.42298473  -2.81844362
  C    -0.82770785   3.49442833  -3.41466742
  C    -1.09493016   2.33611641  -4.34866785
  C     1.43474529   1.15674474  -2.60679251
  C     1.65684855   0.00800829  -1.67399516
  C     0.77843594   4.63998862  -1.94521921
  C     2.10706555  -2.22471668  -0.03134341
  C     2.46968433  -3.29909198   2.17687929
  C     1.59641262   0.11585939  -0.28985567
  C     1.96348118  -1.23392847  -2.22669307
  C     1.82004964  -0.97837640   0.52293517
  C     2.18104811  -2.33267410  -1.42790956
  C    -2.46658095   2.48380024  -4.97638224
  C     1.13222702  -3.20020186   2.86253998
  C    -0.54599103  -1.90267026   3.69863225
  C     0.32744252  -4.33329539   3.10027351
  C    -1.34248514  -3.02642578   3.94640104
  C    -1.06422464  -0.55266495   3.99588549
  C    -3.05118788  -1.75031201   4.79404560
  H     1.30469773   3.45409660  -3.61897953
  H    -1.56485961   3.48319957  -2.61193706
  H    -0.93441669   4.44529829  -3.94257643
  H    -1.09380512   1.40040320  -3.79925326
  H    -0.32797524   2.27241823  -5.12069589
  H     0.43218038   2.18820658  -1.12320712
  H     3.07263521  -2.44266865   2.48458623
  H     2.98452437  -4.21321989   2.49133092
  H     1.39108915   1.06424288   0.19066673
  H     2.02740029  -1.32277975  -3.30448720
  H     2.77744912  -4.10981353   0.27485421
  H     1.76004380  -0.86101242   1.59234467
  H     2.40782851  -3.29298117  -1.87429163
  H     0.69578385  -5.32522633   2.84412821
  H     0.48219545   5.24074634  -0.18289956
  H    -2.77343331   0.29644763   4.74466445
  H    -1.61480392   3.63860022  -6.23247292
  H    -4.48515819  -0.77693441   5.89366703
  H    -4.72192599  -2.45521631   5.65075247
$end
$temperature
298.15
$end
$mult
 1
$end
$sigma
 1
$end
$pressure
1.00000
$end
$scale
1.0
$end
$msrrho
$end
$freq
6.70
10.61
16.66
19.95
29.21
38.85
44.28
52.31
63.47
66.57
75.37
88.18
100.73
122.22
142.14
153.10
165.04
171.84
200.53
201.81
254.07
260.20
282.09
304.16
318.14
322.94
341.94
348.79
354.10
390.71
408.91
422.52
442.48
452.71
465.03
475.31
482.94
491.17
493.76
530.05
551.27
556.01
581.20
582.50
598.14
603.60
609.96
626.19
645.43
662.14
675.11
684.93
706.47
722.15
775.19
783.69
784.90
818.97
824.27
841.69
845.64
856.64
861.22
896.17
914.50
918.70
924.99
936.49
955.14
997.42
1004.44
1015.46
1021.83
1053.18
1055.80
1065.19
1088.24
1095.10
1110.51
1144.86
1151.78
1156.16
1174.43
1183.52
1200.08
1201.32
1206.22
1215.83
1221.68
1226.21
1263.16
1272.91
1282.18
1293.41
1306.16
1318.23
1330.95
1341.48
1347.39
1358.84
1380.76
1388.82
1391.80
1401.17
1413.18
1448.42
1450.40
1460.91
1467.92
1477.79
1483.40
1484.76
1513.49
1561.65
1575.87
1578.74
1613.51
1632.51
1649.37
1736.78
1747.90
1780.26
1789.87
1803.96
1839.95
1893.32
1914.82
1917.50
3101.92
3120.38
3165.07
3204.11
3205.91
3217.68
3230.28
3241.36
3255.32
3258.08
3269.96
3339.88
3693.71
3790.58
3816.40
3827.34
3910.68
3916.45
3975.96
$end
