
$molecule
   O     2.73225054   0.26664350  -2.08919609
  O     1.25864046  -3.07513987  -2.07187353
  O     3.02595925   1.09266247  -0.03227725
  O     8.18409818   0.97966076   0.09899554
  O     7.97648798  -0.72208820  -1.33522600
  O    -4.02398431   1.60935049  -2.41558403
  N     3.15563482  -2.23388379  -1.15540758
  N    -1.05590551   0.76737895   2.56215478
  N    -3.38793869   1.57629395   0.35717438
  N    -5.33129799   0.58648958   2.04660935
  N    -6.05466409   0.73184764  -1.93251658
  N    -6.76332760   0.19548969   0.23808370
  N    -8.17666838  -0.16562395  -1.57232824
  C     3.79556028  -1.12807657  -0.50128175
  C     5.25631627  -1.06690204  -0.89833844
  C     6.02417530  -0.01868398  -0.13439365
  C     1.77930669  -2.38304531  -1.23234964
  C     1.01451356  -1.59363092  -0.21769046
  C     3.13624865   0.19739634  -0.82463465
  C    -0.37126585   0.00563205   1.61116520
  C    -1.82271558   1.92868835   2.17654865
  C     0.05816910  -0.69068886  -0.65140374
  C     1.25773999  -1.71370675   1.14483793
  C    -0.61967148   0.11246599   0.24487324
  C     0.57180387  -0.93315730   2.04817122
  C     7.48491296   0.02196333  -0.53583830
  C    -3.17109792   1.51791281   1.64838269
  C    -4.56029509   1.15088109  -0.12153734
  C    -4.17351113   1.00591365   2.49771209
  C    -5.55791096   0.64516460   0.71905252
  C    -4.78598902   1.21083692  -1.57946732
  C    -6.97691330   0.24672290  -1.04007921
  H     3.72355456  -1.23391320   0.58432758
  H     5.70690250  -2.04286225  -0.72069261
  H     5.33492998  -0.86905466  -1.96559514
  H     5.97712355  -0.20772992   0.94192770
  H     5.60305390   0.97569613  -0.29286977
  H     3.62456066  -2.61543839  -1.96248339
  H    -1.33143354   2.52940233   1.40847978
  H    -1.94665812   2.55175552   3.06959307
  H    -0.14749140  -0.59775616  -1.71104381
  H     1.98736145  -2.42879981   1.50573898
  H    -0.54687165   0.86478177   3.42699335
  H    -1.33918802   0.82604170  -0.12165458
  H     0.76161341  -1.03687224   3.10933422
  H    -3.99693891   0.94880416   3.57007250
  H     2.31417526   1.12563652  -2.23239621
  H    -6.28565088   0.78480503  -2.91125790
  H     7.61379214   1.47791980   0.69360376
  H    -8.74907843  -0.68114866  -0.92068607
  H    -8.18241744  -0.49603516  -2.52372897
$end
$temperature
298.15
$end
$mult
 1
$end
$sigma
 1
$end
$pressure
1.00000
$end
$scale
1.0
$end
$msrrho
$end
$freq
9.56
13.16
19.45
21.57
23.64
31.07
50.17
60.22
71.02
83.38
86.41
103.34
114.68
123.35
135.57
152.30
167.15
179.20
200.96
210.02
237.73
256.00
274.83
292.92
304.24
326.84
346.31
353.80
383.69
398.73
405.94
438.85
453.90
471.71
484.40
490.41
496.17
525.13
527.94
540.16
552.18
560.31
586.53
593.03
598.17
605.42
623.40
631.60
643.14
663.36
676.74
687.11
699.79
708.14
722.10
762.98
784.49
818.46
822.27
828.49
847.20
855.46
865.06
887.97
899.81
915.11
917.80
927.92
936.06
956.75
1004.62
1019.26
1054.05
1059.93
1067.34
1088.55
1092.38
1095.76
1145.12
1152.66
1157.61
1161.36
1171.09
1177.44
1200.59
1201.06
1210.87
1214.51
1217.82
1235.34
1258.23
1263.67
1291.71
1297.88
1312.35
1324.83
1334.26
1339.17
1346.14
1370.37
1376.36
1390.46
1395.85
1398.52
1440.21
1449.25
1451.87
1462.86
1464.60
1481.47
1486.19
1495.37
1507.01
1513.52
1565.89
1578.36
1613.73
1632.00
1647.49
1736.41
1748.27
1789.99
1793.27
1814.73
1863.21
1895.55
1913.04
1924.40
3095.51
3109.70
3157.79
3191.22
3200.02
3200.10
3223.09
3240.67
3241.88
3248.18
3253.66
3338.97
3689.81
3761.56
3791.05
3816.70
3823.24
3921.45
3957.50
$end
