
$molecule
   O     4.62519700   4.10421053   2.48547408
  O     4.23861352   1.78257361   1.38465540
  O     4.02879130   6.12038754   1.71872399
  O     3.66245685   6.60074608  -3.58622015
  O     1.82664050   5.32775996  -3.67721018
  O    -4.66556887  -2.75335478  -1.99303167
  N     2.92240304   3.27423361   0.32865745
  N    -1.10242730  -1.69375189   0.91694622
  N    -2.97232877  -3.42002568   0.18834611
  N    -3.60993577  -5.70903791   1.58104107
  N    -5.91351881  -4.59322303  -1.55442252
  N    -5.45774460  -6.08948637   0.19417047
  N    -7.26667198  -6.46178056  -1.21696434
  C     3.96402101   4.26131375   0.21417752
  C     3.60910536   5.25753804  -0.85710737
  C     3.58542939   4.61843391  -2.23141501
  C     3.15291778   2.05132369   0.88737239
  C     2.01921415   1.09418072   0.86545223
  C     4.20804673   4.94380158   1.56196814
  C    -0.05386246  -0.80143314   0.90217948
  C    -1.03643951  -2.96371379   1.57545210
  C     2.05591575   0.01182571   1.73880937
  C     0.93245353   1.21057598  -0.00414479
  C     1.04109326  -0.92013557   1.76699294
  C    -0.08240391   0.28358779   0.00912227
  C     2.92552375   5.53302980  -3.24365007
  C    -2.23788259  -3.79285254   1.20386573
  C    -4.03073855  -4.15940436  -0.15798395
  C    -2.57851381  -4.97154107   1.90860724
  C    -4.37104038  -5.32369949   0.53483324
  C    -4.84523433  -3.72162769  -1.30845481
  C    -6.18455140  -5.71717569  -0.81431464
  H     4.88631847   3.73029472  -0.04021411
  H     2.63309296   5.67987334  -0.62391501
  H     4.31806596   6.08406681  -0.82184858
  H     3.00400828   3.70051002  -2.21843312
  H     4.59741841   4.37138234  -2.56380139
  H     1.97058521   3.56165436   0.18897340
  H    -1.00058629  -2.84300720   2.66676312
  H    -0.12777778  -3.52517518   1.30782628
  H     2.90236081  -0.08968966   2.40763501
  H     0.88013866   2.02061229  -0.72208504
  H    -1.74069000  -1.66417210   0.13670100
  H     1.08913639  -1.74592022   2.46143427
  H    -0.91682034   0.37886481  -0.67480779
  H    -1.97404118  -5.29324362   2.75599922
  H     4.63113524   3.18307449   2.14025731
  H    -6.48283845  -4.37258138  -2.35548227
  H     4.49519277   6.60651259  -3.10505226
  H    -8.01205102  -5.99512578  -1.70738399
  H    -7.54160799  -7.17120937  -0.55449399
$end
$temperature
298.15
$end
$mult
 1
$end
$sigma
 1
$end
$pressure
1.00000
$end
$scale
1.0
$end
$msrrho
$end
$freq
10.57
12.24
16.81
27.35
29.64
35.96
47.38
58.93
70.74
83.29
88.62
98.39
104.29
135.03
147.38
151.95
162.71
165.73
196.31
209.99
229.44
269.18
297.99
309.95
326.73
347.02
353.65
363.59
376.33
387.53
419.01
447.40
452.56
462.41
468.14
481.58
486.53
491.67
522.04
531.40
546.50
559.69
566.51
583.31
601.29
606.53
635.98
637.84
660.09
696.50
699.51
707.29
718.70
776.66
784.35
792.61
812.17
813.42
827.73
844.18
852.88
883.68
906.19
909.94
930.43
932.80
945.22
955.86
972.61
993.21
999.61
1032.43
1047.98
1052.09
1063.62
1082.82
1087.25
1098.09
1120.59
1136.26
1145.29
1172.19
1190.17
1191.12
1206.74
1208.59
1212.61
1219.23
1224.44
1227.55
1253.78
1282.57
1286.72
1302.66
1304.41
1315.24
1337.10
1345.75
1348.61
1373.92
1378.02
1392.85
1404.43
1415.85
1426.60
1459.65
1465.16
1471.14
1479.81
1487.37
1500.29
1515.41
1521.31
1565.63
1578.55
1579.68
1613.14
1633.83
1655.81
1736.82
1754.00
1764.37
1787.90
1792.44
1804.64
1895.95
1916.58
1925.05
3036.78
3112.22
3116.20
3153.79
3175.91
3208.06
3226.97
3241.29
3247.07
3248.95
3255.02
3284.19
3515.36
3693.70
3785.39
3813.76
3827.33
3867.62
3982.88
$end
