
$molecule
   O    -0.57756635   3.18019961   0.30704127
  O    -1.28748225   0.05785235  -3.42969150
  O    -2.41552186   2.43004006  -0.72856764
  O    -2.58965801   6.58821373  -4.37048421
  O    -3.30287345   6.93292076  -2.27984973
  O    -1.93947591  -3.52891544   2.73125004
  N    -0.85562609   2.25630549  -3.06314483
  N     2.75400100  -0.18765346   1.58815965
  N     0.71620287  -2.51090287   2.79541259
  N     2.74463722  -4.37072274   2.59933294
  N    -1.10312485  -5.62369411   2.53129360
  N     1.18962655  -6.11251233   2.45370557
  N    -0.37312197  -7.82911925   2.33061612
  C    -0.60449090   3.25238126  -2.05998843
  C    -1.02977510   4.62908422  -2.53417843
  C    -2.51065898   4.74843575  -2.82687058
  C    -0.70127742   0.89905408  -2.79676134
  C     0.22214580   0.59620075  -1.66005230
  C    -1.31587751   2.90377496  -0.76720900
  C     1.88011766   0.07802452   0.53162552
  C     2.27179346  -0.65207608   2.86671350
  C    -0.26241214  -0.08301701  -0.55501187
  C     1.54922374   1.00879103  -1.67121299
  C     0.54849184  -0.33036710   0.53699309
  C     2.37002279   0.74878686  -0.59693788
  C    -2.86093668   6.19578278  -3.11354301
  C     1.96880366  -2.12518381   2.81314779
  C     0.44296990  -3.81360290   2.68358747
  C     2.99348888  -3.08782079   2.70877126
  C     1.45770672  -4.77182890   2.58133835
  C    -0.97249745  -4.23388911   2.65673503
  C    -0.04936726  -6.49614996   2.43065261
  H     0.46372011   3.28485259  -1.83206970
  H    -0.76166085   5.35501361  -1.76270067
  H    -0.44709294   4.87400250  -3.42504093
  H    -3.09969965   4.43993252  -1.96823396
  H    -2.80559367   4.12686394  -3.67265400
  H    -1.66903227   2.41120264  -3.63702737
  H     1.36602389  -0.13795328   3.19526732
  H     3.05953966  -0.45858599   3.60380954
  H    -1.29739364  -0.40419722  -0.53282321
  H     1.94777777   1.53402785  -2.53171163
  H     3.53385613   0.44934177   1.62976217
  H     0.14101183  -0.84166312   1.39398270
  H     3.40625474   1.06320642  -0.61630735
  H     4.03507914  -2.77259473   2.71670955
  H    -1.08654647   2.93415717   1.09169298
  H    -2.04584456  -5.97752947   2.54777256
  H    -2.24373732   5.85741223  -4.89069464
  H     0.40742147  -8.41498261   2.07478266
  H    -1.26157126  -8.07089917   1.92261132
$end
$temperature
298.15
$end
$mult
 1
$end
$sigma
 1
$end
$pressure
1.00000
$end
$scale
1.0
$end
$msrrho
$end
$freq
10.57
12.04
14.89
19.33
24.68
27.15
39.51
49.95
59.57
79.49
83.91
95.23
112.79
123.01
138.32
152.30
167.04
177.03
193.43
206.70
247.95
261.34
275.07
284.19
315.44
329.58
346.29
353.99
379.84
394.20
405.47
436.44
450.93
455.99
470.66
476.36
491.17
507.18
527.88
537.56
551.64
565.95
587.64
597.28
599.61
603.63
633.13
643.87
650.04
679.15
686.82
699.78
712.10
721.75
763.15
783.00
790.76
809.86
818.61
835.84
847.18
859.16
867.96
890.01
900.06
915.46
917.82
926.83
935.97
970.11
1004.65
1018.82
1042.24
1052.85
1060.39
1066.38
1090.70
1093.75
1095.83
1152.74
1153.71
1158.43
1176.74
1180.02
1193.24
1200.59
1212.42
1215.36
1219.07
1234.87
1263.30
1285.14
1291.58
1307.93
1310.46
1317.20
1322.83
1332.68
1341.56
1346.29
1373.13
1390.23
1394.76
1396.08
1437.99
1451.37
1461.14
1464.08
1467.12
1478.90
1482.99
1492.68
1504.79
1513.73
1564.33
1578.49
1614.18
1632.40
1646.15
1735.94
1747.90
1789.31
1791.77
1813.51
1867.50
1896.95
1921.60
1929.01
3094.11
3110.12
3157.00
3190.46
3196.96
3202.69
3223.43
3237.39
3243.61
3249.93
3264.22
3334.15
3690.87
3769.24
3814.78
3816.11
3824.24
3897.71
3985.87
$end
