
$molecule
   O     2.80326424  -2.70118434   6.76340620
  O     0.70249839   1.32590583   4.26786077
  O     2.30324155  -3.17054388   4.63617671
  O    -1.02834874   1.79965580   6.18896511
  O    -1.09141919   1.29913860   8.36984177
  O    -2.36738085  -2.66075921  -6.15155706
  N     1.47642870  -0.77948029   4.04907097
  N    -0.10355452   0.71563928  -2.02334488
  N    -0.73056508  -0.70324389  -4.88036737
  N    -0.41850748   1.68513159  -6.23267175
  N    -2.75047233  -1.20395801  -7.84000981
  N    -1.82935424   0.95000005  -7.94434483
  N    -3.20657768   0.18777221  -9.65364524
  C     1.82586083  -0.97193837   5.42446803
  C     0.67014556  -0.68998485   6.37649862
  C     0.82085706   0.63416163   7.10623188
  C     0.96612726   0.37225590   3.54982511
  C     0.72514662   0.40417609   2.08036069
  C     2.32987646  -2.40353503   5.55678377
  C     0.20623723   0.60557294  -0.67511029
  C     0.66462966   0.02747042  -3.04019456
  C     1.24623782  -0.52595418   1.18691657
  C    -0.05269614   1.44537846   1.57304169
  C     0.99641047  -0.42911084  -0.16735924
  C    -0.31293501   1.54805293   0.22798539
  C    -0.53217765   1.28578611   7.30584202
  C     0.02436455   0.24754617  -4.38042309
  C    -1.33592857  -0.49302627  -6.05167694
  C     0.17649243   1.45791604  -5.08537090
  C    -1.19662341   0.71466132  -6.74938886
  C    -2.17050480  -1.57495080  -6.61807945
  C    -2.57245681   0.01256416  -8.44744359
  H     2.67431566  -0.32531727   5.68334509
  H    -0.23622295  -0.69967577   5.78382198
  H     0.55360099  -1.49015965   7.10792802
  H     1.44029942   1.32072143   6.53489018
  H     1.27409968   0.49344375   8.08833567
  H     1.59271858  -1.58458174   3.45642993
  H     0.66488280  -1.04293000  -2.83707014
  H     1.70997285   0.36749816  -3.06342126
  H     1.87486388  -1.33919859   1.52852543
  H    -0.45337734   2.17981564   2.26073954
  H    -0.41231985   1.63765377  -2.28740498
  H     1.41836053  -1.16249102  -0.83846647
  H    -0.92489807   2.35929719  -0.14629516
  H     0.81047193   2.24681417  -4.68292229
  H     2.71737825  -1.94930199   7.35929573
  H    -3.29801872  -1.91546070  -8.29639083
  H    -0.40027175   1.69500261   5.44321492
  H    -3.20237814   1.14194246  -9.98091925
  H    -4.04179408  -0.34418803  -9.83592356
$end
$temperature
298.15
$end
$mult
 1
$end
$sigma
 1
$end
$pressure
1.00000
$end
$scale
1.0
$end
$msrrho
$end
$freq
7.84
8.26
19.85
26.06
33.36
43.24
51.80
65.02
66.79
86.48
89.57
107.77
119.86
137.08
146.66
149.21
164.32
202.05
205.98
230.24
234.62
268.35
277.91
306.90
337.70
346.08
347.54
353.79
386.26
403.40
413.03
433.33
450.02
464.70
484.34
491.35
519.30
522.96
525.36
538.24
550.97
552.47
574.73
599.08
603.83
616.49
652.10
654.12
665.50
693.82
699.82
703.67
726.38
771.84
775.35
787.40
808.19
816.96
836.26
853.16
860.76
882.53
900.11
914.09
923.69
931.43
934.93
949.34
969.37
1005.93
1016.42
1020.06
1045.14
1057.32
1067.06
1085.21
1097.96
1100.22
1118.97
1138.96
1150.50
1162.97
1175.07
1178.93
1189.26
1191.53
1198.94
1205.16
1221.99
1239.02
1276.88
1282.60
1290.13
1296.64
1304.44
1315.22
1329.33
1345.04
1348.46
1361.26
1380.84
1388.39
1390.72
1406.53
1443.45
1454.84
1459.01
1467.20
1477.80
1480.60
1482.20
1492.38
1512.62
1566.11
1577.71
1587.05
1617.39
1632.27
1655.72
1733.04
1740.13
1768.67
1787.60
1797.63
1815.17
1899.91
1911.55
1931.87
3066.22
3128.40
3145.56
3162.65
3210.91
3215.97
3244.33
3248.29
3252.24
3262.69
3278.48
3288.66
3611.15
3694.76
3783.20
3815.22
3828.38
3838.85
3961.35
$end
