
$molecule
   O     4.60731160  -2.45351316   2.65588382
  O     2.17645119  -1.72537186  -1.79317107
  O     3.00027002  -0.91295581   2.76052762
  O     7.21912286  -0.98105140   1.45640155
  O     5.62107873   0.47325470   2.02672998
  O    -4.18494203  -1.03368421  -2.07081175
  N     2.61643085  -0.76813723   0.20622029
  N    -1.99878694   3.14493138  -2.00247514
  N    -3.66919178   1.43981605  -0.78108652
  N    -4.38231173   1.62138515   1.87006218
  N    -5.08052601  -1.81921358  -0.14318814
  N    -5.22451861  -0.56433443   1.83517652
  N    -6.00366833  -2.75450182   1.78303898
  C     3.49259219  -1.81344985   0.62051859
  C     4.76799552  -1.80853555  -0.19828483
  C     5.50515391  -0.49123764  -0.14504369
  C     1.94334422  -0.85032407  -0.98670860
  C     0.92866154   0.22594050  -1.21481940
  C     3.68013400  -1.66476143   2.12621368
  C    -1.01514275   2.17180352  -1.73530008
  C    -2.71109814   3.65004262  -0.85121953
  C     0.91963530   1.42325422  -0.50749573
  C    -0.03910816   0.02050403  -2.19284254
  C    -0.03629293   2.38526595  -0.76682440
  C    -1.00218653   0.97261706  -2.44814622
  C     6.11574474  -0.25376329   1.21720446
  C    -3.42307402   2.53827824  -0.11308851
  C    -4.25086809   0.41488552  -0.16079878
  C    -3.79677665   2.61640155   1.24527855
  C    -4.62121034   0.48603524   1.18578663
  C    -4.47397416  -0.82814228  -0.92468768
  C    -5.43283885  -1.66016523   1.17472958
  H     3.01855632  -2.79643478   0.47357596
  H     5.42535280  -2.63014887   0.09436791
  H     4.46714495  -2.00727107  -1.22625584
  H     4.81689661   0.32592883  -0.33552899
  H     6.28987989  -0.46340649  -0.90700650
  H     2.24836113  -0.20017697   0.95218153
  H    -3.44152754   4.39527482  -1.19422465
  H    -2.02930463   4.16195980  -0.16783702
  H     1.67080386   1.63063716   0.24462047
  H    -0.03502859  -0.91121701  -2.74514283
  H    -2.66139740   2.77711931  -2.67389394
  H    -0.02033165   3.31828241  -0.22168318
  H    -1.77708651   0.77631190  -3.17728535
  H    -3.60120548   3.52410291   1.81515565
  H     5.01905827  -3.00092903   1.98313509
  H    -5.21337398  -2.71135293  -0.59100534
  H     7.49811851  -1.43875575   0.65810211
  H    -6.51515803  -3.40257740   1.20636044
  H    -6.40716913  -2.54861972   2.68458463
$end
$temperature
298.15
$end
$mult
 1
$end
$sigma
 1
$end
$pressure
1.00000
$end
$scale
1.0
$end
$msrrho
$end
$freq
3.51
10.90
13.69
16.18
28.38
35.95
52.20
62.33
66.92
74.24
88.28
97.49
126.26
133.43
150.04
160.55
161.68
177.33
216.19
242.96
259.78
270.47
281.41
326.62
345.44
351.31
366.10
390.72
392.77
417.39
440.27
443.69
447.17
462.55
469.48
488.09
502.91
513.92
541.96
550.48
559.52
572.99
590.88
598.15
608.77
614.50
619.38
632.56
637.58
663.51
678.67
700.15
707.34
750.46
782.44
787.07
804.14
805.59
817.06
826.64
849.82
859.26
871.27
898.54
918.61
930.41
934.90
945.49
968.72
998.08
1000.77
1029.19
1040.19
1052.90
1066.43
1084.35
1087.13
1095.72
1097.55
1128.37
1146.55
1161.55
1169.96
1178.10
1185.77
1196.23
1200.28
1211.05
1217.89
1222.22
1233.21
1248.44
1284.34
1289.80
1295.30
1314.87
1338.02
1341.18
1345.61
1357.68
1366.88
1387.58
1402.35
1406.62
1433.02
1448.43
1454.09
1457.58
1470.93
1476.92
1483.79
1486.30
1515.10
1562.17
1572.65
1577.95
1611.88
1631.80
1644.78
1738.10
1754.41
1788.43
1790.72
1806.48
1840.45
1894.79
1933.68
1951.29
3073.95
3095.78
3113.81
3128.77
3180.39
3207.35
3218.86
3252.93
3258.33
3262.82
3266.42
3277.18
3690.64
3704.08
3816.50
3824.02
3824.13
3984.70
4029.91
$end
