
$molecule
   O    -5.82830227   0.83775856  -2.83276075
  O    -2.54168060   4.01401422  -1.11943255
  O    -7.08343613   2.28509750  -1.67549516
  O    -1.38773270   1.58678673  -3.78299486
  O    -3.46204226   0.85248178  -4.01949084
  O     3.08489383  -4.69702878   0.71568540
  N    -3.76356619   2.17699419  -1.60016439
  N     1.08995105  -0.49438329   1.61779154
  N     3.07952671  -2.19885272   2.07043973
  N     4.93724456  -1.89144655   4.08097847
  N     4.80924861  -5.37249527   2.02079062
  N     5.77681217  -4.04248599   3.69346260
  N     6.56864965  -6.19449808   3.31146168
  C    -4.84322512   2.90048005  -2.20508076
  C    -4.56176326   3.37055315  -3.63402306
  C    -3.12145326   3.21832171  -4.01964369
  C    -2.69838838   2.81555956  -1.02512740
  C    -1.72544929   1.91250212  -0.34234394
  C    -6.05413587   1.98099806  -2.20825958
  C     0.18527619   0.32531384   0.96721703
  C     2.17626288   0.02874680   2.39162427
  C    -0.89566620   2.45345617   0.63173242
  C    -1.57868002   0.56405631  -0.66774617
  C     0.04097350   1.67935279   1.28570105
  C    -0.63969684  -0.21455817  -0.03137741
  C    -2.68948147   1.77723771  -3.94365437
  C     3.12932142  -1.08170181   2.74883236
  C     3.93552164  -3.18145303   2.36789737
  C     4.08878418  -0.94029829   3.77871848
  C     4.88633360  -3.04484151   3.38221907
  C     3.85392009  -4.43899796   1.59911628
  C     5.72033183  -5.15194411   3.02355394
  H    -5.08290272   3.76366589  -1.58189447
  H    -5.16493815   2.80773197  -4.34297522
  H    -4.85911976   4.41761241  -3.73623408
  H    -2.48568928   3.81963567  -3.37688135
  H    -2.95864310   3.54678258  -5.05352642
  H    -3.89124056   1.20596931  -1.38767321
  H     1.81212339   0.50613739   3.31105801
  H     2.73817055   0.80854304   1.85369414
  H    -0.99447163   3.50449853   0.87701201
  H    -2.17464397   0.11103462  -1.44916729
  H     1.30073485  -1.37093949   1.16497127
  H     0.66581854   2.12178380   2.04755300
  H    -0.52612481  -1.25746007  -0.30039990
  H     4.13969447  -0.01540515   4.35213079
  H    -4.97790274   0.82964900  -3.32034723
  H     4.77627360  -6.26929129   1.56354806
  H    -0.92077836   2.42516602  -3.69811451
  H     7.33212682  -5.93973307   3.91974866
  H     6.78316082  -6.85010687   2.57787039
$end
$temperature
298.15
$end
$mult
 1
$end
$sigma
 1
$end
$pressure
1.00000
$end
$scale
1.0
$end
$msrrho
$end
$freq
11.17
14.44
23.97
27.71
48.34
50.94
62.42
74.48
86.50
95.19
102.75
117.64
124.09
139.96
151.67
162.74
184.07
204.86
213.39
221.46
246.24
247.55
288.50
325.65
328.87
344.98
348.74
359.97
380.13
388.56
401.53
448.24
461.38
469.97
476.76
488.44
512.59
519.17
534.37
545.26
547.57
565.77
590.44
601.51
605.82
625.33
639.93
651.61
655.62
684.40
699.64
708.05
714.98
729.74
782.55
788.30
814.03
826.41
833.73
857.16
875.93
886.40
903.48
916.26
929.75
931.04
942.85
947.99
973.35
993.47
1010.43
1028.73
1032.78
1053.22
1061.15
1084.04
1087.70
1098.54
1115.51
1139.53
1145.62
1172.82
1182.12
1190.13
1201.18
1205.83
1214.94
1219.10
1225.19
1233.09
1282.32
1285.78
1295.62
1302.94
1306.39
1329.19
1337.98
1343.31
1347.57
1370.89
1377.87
1390.44
1398.33
1413.78
1423.13
1448.60
1454.89
1463.51
1473.97
1487.69
1498.26
1509.77
1520.63
1563.66
1578.34
1578.89
1613.21
1633.12
1651.83
1737.13
1753.67
1776.26
1789.35
1800.52
1843.74
1895.98
1898.10
1931.23
3034.56
3096.00
3114.41
3121.55
3208.57
3209.69
3227.33
3245.09
3250.06
3268.55
3269.66
3282.80
3605.55
3692.68
3777.65
3814.53
3826.16
3912.65
3958.97
$end
