
$molecule
   O    -0.90989161   3.48520335   3.69629749
  O     0.91396974   1.70081241   3.99753352
  O    -1.86679895   4.34058662   1.87362570
  O    -2.67849042   4.39166178  -0.90883468
  O    -2.06860826   2.91188216  -2.48083969
  O     0.53972767   0.33577436  -0.64414928
  N     0.28243251   1.67278968   1.81277629
  N     2.16507968  -3.98205030   0.90600645
  N     0.69317530  -2.45674132  -0.92439742
  N    -0.51386639  -3.55768946  -3.14486791
  N    -0.64327480   0.44731260  -2.56956187
  N    -1.20997449  -1.43630608  -3.86072047
  N    -1.96267444   0.69716609  -4.44291039
  C     0.14634574   3.08627658   1.59876434
  C    -0.12342478   3.29851563   0.13957191
  C    -1.38437351   2.55648380  -0.23482807
  C     0.78819172   1.10763716   2.93959017
  C     1.17281379  -0.31292594   2.65891504
  C    -0.99116098   3.70238890   2.41735068
  C     1.81949356  -2.78741034   1.55071489
  C     1.21740851  -4.62649041   0.03737882
  C     0.19168091  -1.27596512   2.47133152
  C     2.49073377  -0.61814548   2.35699583
  C     0.51373172  -2.50993339   1.94725788
  C     2.81341527  -1.84317334   1.81208534
  C    -2.09044326   3.29319509  -1.32827461
  C     0.67437633  -3.75141034  -1.07548974
  C     0.10317806  -1.68169654  -1.83872952
  C     0.06989560  -4.29855209  -2.23677077
  C    -0.53936266  -2.21538630  -2.96078822
  C     0.06035483  -0.23633892  -1.59864294
  C    -1.27552960  -0.15394448  -3.63548164
  H     1.05855566   3.61269177   1.91754806
  H    -0.23406796   4.36493190  -0.04235208
  H     0.71715780   2.94592594  -0.45633701
  H    -2.06120737   2.49794658   0.60505836
  H    -1.17943552   1.55117541  -0.54994457
  H     0.36633997   1.10710461   0.97355614
  H     0.36309751  -4.98520126   0.62422564
  H     1.69835334  -5.51449646  -0.38969561
  H    -0.84158093  -1.05304987   2.71415578
  H     3.27201578   0.11761519   2.51500759
  H     3.08411704  -3.92576377   0.49163357
  H    -0.25857373  -3.24681883   1.79247820
  H     3.83979604  -2.06167601   1.54604531
  H     0.07385211  -5.37723902  -2.39383346
  H    -0.15936284   2.87138758   3.91476802
  H    -0.83644597   1.43670319  -2.45353741
  H    -2.52396693   4.50577018   0.05243278
  H    -2.20961071   1.60538310  -4.06959028
  H    -2.56716387   0.26408342  -5.12252766
$end
$temperature
298.15
$end
$mult
 1
$end
$sigma
 1
$end
$pressure
1.00000
$end
$scale
1.0
$end
$msrrho
$end
$freq
16.81
35.02
39.52
57.52
67.18
84.38
88.40
100.74
113.33
122.52
126.71
146.65
159.66
170.46
178.45
185.58
194.21
197.76
227.78
244.59
269.03
284.63
306.44
336.03
368.83
373.04
377.88
386.10
401.47
429.88
442.62
457.47
487.71
492.44
497.87
526.47
552.93
567.61
581.40
591.58
605.75
613.35
620.90
637.96
653.86
686.56
690.85
696.85
717.85
719.12
766.59
776.18
781.74
805.92
821.97
824.62
848.92
854.51
858.51
867.54
871.70
881.04
884.91
910.93
936.23
941.31
965.60
976.66
1001.08
1021.05
1030.53
1038.06
1043.61
1049.02
1052.42
1075.26
1094.89
1107.60
1121.12
1156.45
1158.96
1170.54
1184.62
1189.12
1207.59
1217.54
1221.10
1234.28
1249.54
1286.87
1298.61
1304.17
1315.36
1330.37
1331.17
1335.00
1350.25
1362.18
1372.66
1380.92
1402.12
1420.14
1424.52
1427.12
1448.49
1461.10
1468.10
1473.57
1475.11
1485.84
1510.69
1519.56
1543.26
1568.90
1582.96
1602.21
1608.22
1645.16
1651.01
1733.06
1755.08
1783.87
1796.84
1811.90
1825.91
1852.52
1884.72
1898.78
3073.12
3102.62
3153.84
3171.17
3200.34
3230.51
3233.09
3249.36
3251.88
3287.56
3303.81
3312.73
3470.26
3620.73
3651.01
3671.68
3693.40
3741.66
3819.49
$end
