
$molecule
   O    -2.73648831   1.07492359  -3.91847645
  O    -0.15184903   0.20420309  -2.44009313
  O    -1.05482659   1.69120573  -5.24878539
  O    -1.61230773   5.03696486  -4.73086257
  O     0.04328292   6.35015728  -4.00693408
  O     1.22488152  -4.33212421   0.98892734
  N    -1.42887980   1.95293128  -1.78444754
  N    -2.37378365  -2.14927132   3.09352908
  N     0.24704645  -2.70498826   3.09235350
  N     2.11161116  -1.28020462   4.52558175
  N     3.33007459  -3.64851397   1.47753306
  N     3.84499556  -2.15116933   3.21101443
  N     5.54130695  -3.03113876   1.88604282
  C    -1.21882414   2.63950010  -3.03239339
  C     0.20059027   3.13222560  -3.14238878
  C     0.48404870   4.00538918  -4.34808645
  C    -0.89996245   0.69063972  -1.62435558
  C    -1.32631008  -0.01745015  -0.37840235
  C    -1.62267518   1.75780170  -4.19644819
  C    -2.03582775  -1.43017065   1.92675037
  C    -1.63193684  -1.77885999   4.27935882
  C    -1.70260170   0.65982359   0.77504841
  C    -1.30678399  -1.40752707  -0.36618999
  C    -2.05123610  -0.03753546   1.91553136
  C    -1.66319965  -2.10795636   0.76618075
  C    -0.34145300   5.25965952  -4.33866067
  C    -0.14168843  -1.90912701   4.05626214
  C     1.54234186  -2.79853908   2.80336289
  C     0.82765915  -1.19078896   4.78657782
  C     2.50718208  -2.07897441   3.51572655
  C     1.94524882  -3.66754531   1.68057798
  C     4.21311066  -2.90734970   2.22373277
  H    -1.91294499   3.48406594  -3.04709956
  H     0.42453334   3.68929459  -2.23091112
  H     0.85975458   2.26912682  -3.17147610
  H     0.27191358   3.46298166  -5.26476807
  H     1.53448705   4.30444878  -4.33775541
  H    -2.29859017   2.12259036  -1.30894760
  H    -1.94738794  -2.43157329   5.10425592
  H    -1.86505480  -0.75300203   4.57625721
  H    -1.70283415   1.74290238   0.80014234
  H    -0.99155045  -1.93689507  -1.25696946
  H    -2.25310219  -3.13963725   2.91982479
  H    -2.34285216   0.49774861   2.80818223
  H    -1.60489126  -3.18805481   0.77319045
  H     0.52356822  -0.53053832   5.59810174
  H    -2.95300715   0.54068338  -4.69340409
  H     3.67443138  -4.24417255   0.74211806
  H    -2.07632634   5.88461355  -4.71391338
  H     6.13231261  -2.34085652   2.32475407
  H     5.76479462  -3.25991685   0.93085071
$end
$temperature
298.15
$end
$mult
 1
$end
$sigma
 1
$end
$pressure
1.00000
$end
$scale
1.0
$end
$msrrho
$end
$freq
5.37
10.88
16.81
22.39
28.36
34.73
45.94
56.68
64.43
74.21
91.59
102.24
117.67
135.11
140.38
153.04
166.14
191.92
204.27
256.11
258.22
283.91
301.87
314.85
336.78
352.63
355.42
374.63
390.00
416.98
427.71
446.02
453.03
462.93
486.08
492.13
505.78
521.95
535.47
544.70
552.03
572.84
588.31
598.38
606.03
617.53
619.52
633.75
643.37
676.52
683.08
699.73
708.54
752.41
780.57
793.03
807.47
812.31
821.11
833.35
835.76
860.46
874.59
891.66
901.68
928.79
934.65
939.90
948.73
992.69
997.83
1030.17
1049.86
1065.23
1075.81
1085.61
1092.36
1097.85
1115.78
1124.19
1146.38
1159.74
1174.04
1176.30
1186.22
1199.56
1209.41
1210.99
1215.29
1225.16
1232.76
1251.95
1277.93
1285.84
1311.70
1331.80
1338.09
1341.69
1345.83
1350.33
1357.49
1368.68
1389.48
1406.79
1422.17
1448.85
1455.09
1457.37
1475.11
1479.95
1483.32
1487.35
1515.77
1547.98
1569.35
1578.57
1612.62
1632.39
1644.09
1738.50
1754.74
1789.47
1792.78
1808.16
1859.83
1895.77
1897.82
1930.74
3074.51
3139.81
3149.98
3175.72
3199.55
3206.75
3246.66
3256.39
3258.33
3270.45
3270.83
3274.35
3687.88
3698.69
3815.40
3821.16
3828.07
3909.49
3924.20
$end
