
$molecule
   O    -3.08535264   1.49943561   3.56837813
  O    -1.78560225  -2.74212053   1.50667752
  O    -1.71576949   2.12250213   1.92564867
  O     0.92621878   1.98506885   3.32261543
  O    -0.64854800   2.73847749   4.70480010
  O     1.36867970  -0.78770131   0.63227998
  N    -1.72913517  -0.51178771   1.09969773
  N     0.74080510  -2.34131678  -4.41458640
  N     1.93026817  -0.70773614  -2.15176964
  N     1.74488038   1.75070226  -3.37231424
  N     0.79627045   1.39052274   0.53318058
  N     1.06167991   2.74103170  -1.36481645
  N     0.25967629   3.63890107   0.64576228
  C    -1.84695557  -0.19018153   2.48930324
  C    -0.54875838  -0.45417396   3.23954919
  C    -0.33865419   0.35996714   4.49767501
  C    -1.58457013  -1.83499622   0.73602229
  C    -1.11711139  -2.02441495  -0.67223391
  C    -2.22201768   1.26177674   2.60107742
  C     0.00950092  -2.31180075  -3.19784003
  C     2.12689194  -1.89011663  -4.22586651
  C    -0.23616826  -3.06427895  -0.93195094
  C    -1.48460767  -1.16870813  -1.69951145
  C     0.32309073  -3.20697974  -2.18306677
  C    -0.93480800  -1.31807970  -2.95775888
  C    -0.05917870   1.81155501   4.21868400
  C     2.11647416  -0.60310744  -3.44749143
  C     1.61157464   0.37465905  -1.45094637
  C     2.04260147   0.66556826  -4.05090507
  C     1.48137483   1.63113169  -2.05803415
  C     1.28895249   0.21640117  -0.02065317
  C     0.71743275   2.58938501  -0.12403630
  H    -2.65435460  -0.77935080   2.92882227
  H    -0.52753029  -1.51502736   3.48647828
  H     0.27582799  -0.28258251   2.56244418
  H     0.53447774  -0.02968281   5.03120706
  H    -1.19629984   0.31219086   5.16742382
  H    -1.24467329   0.17121900   0.54535907
  H     2.59443990  -1.77271044  -5.20898724
  H     2.67667249  -2.64021081  -3.65779601
  H     0.03307434  -3.73978249  -0.13055279
  H    -2.19357675  -0.36951918  -1.51864786
  H     0.28229689  -1.76388398  -5.10911050
  H     1.04385701  -3.98898164  -2.37690117
  H    -1.19446781  -0.62239144  -3.74558901
  H     2.22587662   0.77530918  -5.11901883
  H    -3.13406707   2.45447437   3.71722898
  H     0.63049881   1.39597324   1.52785453
  H     1.05720123   2.93427763   3.18444490
  H    -0.52588465   3.37436406   1.23253096
  H     0.10749609   4.46672966   0.08523951
$end
$temperature
298.15
$end
$mult
 1
$end
$sigma
 1
$end
$pressure
1.00000
$end
$scale
1.0
$end
$msrrho
$end
$freq
32.71
48.06
54.63
63.77
71.16
79.54
86.57
99.04
104.76
114.26
119.64
124.51
147.59
151.27
167.61
178.45
182.40
194.62
197.30
240.25
272.81
281.16
286.66
309.89
364.21
369.97
382.71
388.28
405.76
424.69
447.60
450.81
471.71
480.85
486.87
518.83
523.63
556.87
564.76
570.19
590.09
597.94
608.19
623.57
633.25
649.78
658.19
678.14
683.50
698.34
713.33
725.56
749.93
768.52
773.81
798.94
813.01
828.66
843.91
848.41
866.24
870.16
883.20
900.63
909.57
927.34
939.60
944.16
947.61
1003.09
1009.00
1027.54
1050.53
1062.88
1067.08
1068.64
1097.84
1108.94
1126.75
1133.85
1140.99
1161.30
1175.04
1182.73
1196.78
1207.98
1211.94
1213.19
1216.84
1233.93
1239.08
1260.87
1277.48
1299.25
1303.25
1317.15
1329.35
1338.65
1340.80
1357.48
1368.01
1378.16
1395.45
1410.85
1430.55
1442.70
1445.80
1452.77
1462.16
1465.06
1475.91
1512.25
1518.89
1559.01
1569.27
1577.93
1620.38
1626.83
1644.01
1738.72
1747.93
1794.71
1800.07
1819.17
1861.93
1896.55
1908.30
1920.41
3107.01
3107.05
3178.72
3208.32
3209.13
3218.90
3219.34
3245.75
3253.25
3269.46
3277.07
3348.56
3611.59
3671.96
3756.19
3819.85
3880.22
3892.75
3896.53
$end
