
$molecule
   O    -2.49081818   1.48521059  -1.75940442
  O     1.14536637   1.12326061  -3.91374864
  O    -1.87574487   2.69980647   0.01635628
  O    -0.53328670   5.92334609  -0.79624123
  O    -2.27234264   6.05906807   0.59955157
  O    -0.80427230  -4.78792629  -0.27200029
  N    -0.47662521   2.53048300  -3.17967236
  N     0.73521644   0.07235023   2.48864139
  N     0.03955429  -3.05838208   1.82428714
  N     2.19302758  -3.91318519   3.32193481
  N     0.82105590  -6.24994649   0.31676320
  N     2.34115726  -5.88067543   2.06406022
  N     2.45247723  -7.83993264   0.81648528
  C    -1.01551510   3.32146739  -2.10278605
  C    -1.89007597   4.42406597  -2.65623929
  C    -2.65557971   5.18497390  -1.59580525
  C     0.51523659   1.57056173  -2.98967689
  C     0.64707896   1.13211095  -1.56449200
  C    -1.82830767   2.45723854  -1.15372464
  C     0.68750256   0.39898683   1.13064959
  C    -0.11509658  -0.96018682   3.03377768
  C     0.04897233  -0.04415146  -1.14627176
  C     1.30314109   1.92608962  -0.63244416
  C     0.06147662  -0.40844438   0.18547611
  C     1.32816914   1.56519728   0.69474838
  C    -1.82748214   5.75039196  -0.47121764
  C     0.49930669  -2.31457073   2.80024780
  C     0.62965238  -4.22973151   1.57030442
  C     1.60378211  -2.76439975   3.55309924
  C     1.72177885  -4.68059376   2.31915974
  C     0.10963934  -5.05067847   0.45873955
  C     1.88868564  -6.61566460   1.09669679
  H    -0.23751748   3.77100260  -1.49392385
  H    -1.25582268   5.11104786  -3.21860614
  H    -2.61170617   3.99813396  -3.35807848
  H    -3.42346901   4.56816674  -1.13059553
  H    -3.17194176   6.03235492  -2.06097559
  H    -0.44970413   2.95252503  -4.09552125
  H    -1.11603917  -0.96150369   2.59853881
  H    -0.21035826  -0.77599337   4.10955147
  H    -0.46110208  -0.68101055  -1.85920689
  H     1.79243246   2.84208530  -0.94259006
  H     0.84305435   0.88296659   3.07907393
  H    -0.43107676  -1.31800610   0.48784433
  H     1.83550057   2.19112905   1.41794591
  H     1.99507928  -2.14873873   4.36082038
  H    -2.20044048   1.44994884  -2.67854965
  H     0.48582213  -6.87553989  -0.39748859
  H    -0.09252621   6.30645737  -0.02593059
  H     3.33726733  -7.98780883   1.27840663
  H     2.38541776  -8.18335671  -0.12796944
$end
$temperature
298.15
$end
$mult
 1
$end
$sigma
 1
$end
$pressure
1.00000
$end
$scale
1.0
$end
$msrrho
$end
$freq
9.81
12.73
20.21
21.24
26.02
34.59
51.50
57.42
64.41
75.39
100.07
116.95
126.95
141.31
154.08
166.89
176.88
181.65
205.52
218.76
255.73
268.57
279.81
311.53
331.38
337.77
346.32
353.88
383.55
400.52
401.72
437.90
450.06
469.91
483.11
497.83
520.86
530.63
542.84
553.01
565.86
575.61
590.19
597.33
604.65
608.90
639.98
643.18
652.33
664.86
685.67
691.39
699.56
720.05
723.53
767.96
783.97
818.77
834.31
839.63
848.29
852.04
862.32
883.27
894.79
900.00
916.27
924.13
936.14
976.71
1004.80
1020.46
1049.15
1055.84
1058.63
1063.03
1092.40
1096.42
1114.84
1152.42
1157.75
1163.95
1178.79
1181.53
1201.57
1212.29
1215.31
1221.30
1228.84
1234.58
1246.63
1263.41
1285.82
1292.10
1313.46
1329.65
1334.35
1345.45
1367.32
1371.27
1378.11
1389.67
1397.01
1413.27
1432.78
1444.50
1450.53
1459.95
1463.62
1471.36
1482.20
1488.18
1497.35
1513.32
1566.34
1578.26
1613.48
1631.40
1646.12
1737.03
1748.67
1790.84
1794.04
1817.56
1870.95
1896.12
1906.17
1949.48
3097.98
3100.20
3113.96
3192.61
3205.24
3217.25
3221.72
3240.02
3247.14
3250.85
3312.89
3338.05
3689.04
3755.67
3781.33
3817.80
3822.66
3909.80
3950.73
$end
