
$molecule
   O     2.09550959  -0.07167623   4.10127596
  O    -0.74260739   2.63147655   3.74350185
  O     2.57758967  -1.00566264   2.13307797
  O    -1.44368536  -4.11084585   0.87024713
  O    -0.56941151  -3.55031545   2.83901249
  O    -3.34632009   1.06458092  -3.24785689
  N    -0.40724389   0.43531852   3.33910084
  N     2.23661288   2.92996244  -1.94970564
  N    -0.49963123   1.25857422  -3.09436570
  N     0.82111018  -1.00773969  -2.24514233
  N    -3.21968054  -1.01137670  -2.35483834
  N    -1.20512921  -2.09342576  -1.86425260
  N    -3.21346771  -3.12885796  -1.36185074
  C     0.26515716  -0.68557883   2.74365802
  C    -0.11631678  -0.95841717   1.30822862
  C     0.20679527  -2.37924289   0.88459632
  C    -0.28574694   1.77200457   3.02710950
  C     0.39462706   2.09203910   1.72789892
  C     1.76665573  -0.61143264   2.92523981
  C     1.60944126   2.69745645  -0.71718725
  C     1.54285393   2.55318438  -3.17155458
  C    -0.37094466   2.47000790   0.63462030
  C     1.77457711   2.08060821   1.60886317
  C     0.22601218   2.78174554  -0.57030052
  C     2.37713247   2.36485391   0.40027497
  C    -0.60906748  -3.38060798   1.64654142
  C     0.80926139   1.24901024  -3.00950799
  C    -1.17620318   0.15427498  -2.76997313
  C     1.47013106   0.07440615  -2.59667907
  C    -0.52415938  -0.99085816  -2.30496449
  C    -2.65170065   0.17584453  -2.84260105
  C    -2.50278910  -2.07011233  -1.86089224
  H    -0.03665781  -1.54972943   3.34341796
  H    -1.18431869  -0.77047195   1.20648856
  H     0.40025007  -0.27629150   0.64256767
  H     1.25499061  -2.58961398   1.08789264
  H     0.02222418  -2.51116184  -0.17673000
  H    -0.75389338   0.30027452   4.27663340
  H     2.29070874   2.50288992  -3.97147335
  H     0.80285360   3.30679976  -3.44758281
  H    -1.45045745   2.52203276   0.72116609
  H     2.39296621   1.84179909   2.46105901
  H     3.20070493   2.63201496  -1.93538073
  H    -0.38391988   3.07893434  -1.40840695
  H     3.45539657   2.31679850   0.31195428
  H     2.55614414   0.05128263  -2.53881973
  H     3.05666787  -0.11556558   4.18983494
  H    -4.22585737  -1.05188077  -2.37170740
  H    -1.87656863  -4.74477891   1.46076516
  H    -4.15954746  -2.95572494  -1.06321416
  H    -2.65104811  -3.71680591  -0.76003931
$end
$temperature
298.15
$end
$mult
 1
$end
$sigma
 1
$end
$pressure
1.00000
$end
$scale
1.0
$end
$msrrho
$end
$freq
14.07
17.69
30.13
33.79
46.53
46.84
57.89
63.30
75.33
96.33
102.99
119.85
125.91
132.14
154.28
167.97
177.76
198.27
213.55
240.38
257.28
279.31
289.68
321.63
324.81
357.11
361.78
386.35
396.77
410.02
433.72
441.38
452.10
483.14
485.90
507.39
514.94
546.60
548.82
555.09
573.97
585.04
597.53
609.10
610.55
616.17
632.04
650.22
659.63
661.19
683.71
696.18
712.90
723.73
738.11
784.01
798.28
825.50
825.54
831.83
842.75
852.63
856.59
885.90
899.94
911.68
925.85
928.55
934.68
984.93
1006.57
1017.13
1049.17
1061.32
1067.02
1074.65
1093.26
1105.14
1113.23
1134.27
1141.44
1165.71
1174.65
1181.21
1189.58
1201.88
1210.48
1215.71
1219.29
1233.40
1252.63
1258.52
1290.84
1299.04
1319.46
1328.01
1328.88
1340.29
1344.61
1353.88
1361.48
1390.57
1403.78
1424.81
1437.53
1450.27
1458.03
1464.35
1471.35
1480.92
1481.29
1485.69
1515.42
1520.28
1564.74
1583.42
1619.02
1640.27
1650.08
1743.96
1749.68
1794.40
1795.05
1818.32
1848.32
1887.00
1898.13
1916.31
3092.56
3169.45
3197.23
3199.09
3204.05
3229.11
3238.69
3244.96
3286.21
3298.79
3306.05
3319.33
3665.65
3742.40
3785.49
3810.85
3816.43
3877.48
3914.69
$end
