
$molecule
   O     6.27293713  -0.43700067   2.92004384
  O     4.64252343   0.64413858   1.14256408
  O     6.06143677  -0.50211027   5.15024761
  O     1.18318310   1.50038141   4.10143743
  O     2.15941045   3.02310400   2.79273873
  O    -2.54172692   0.32452446  -5.62560658
  N     3.55666154   0.26399882   3.06952572
  N    -1.26765309  -0.31129608  -1.11588149
  N    -2.99526559  -0.82041004  -3.06523324
  N    -5.41750299  -2.07848618  -2.69638805
  N    -4.57804682  -0.41510958  -6.28938242
  N    -6.04626797  -1.60838432  -4.90219037
  N    -6.65894529  -1.10149144  -7.08630140
  C     4.57115591   0.87701884   3.88046746
  C     3.95860430   1.35165298   5.16783791
  C     3.10966774   2.59365266   4.95732587
  C     3.60371953   0.35313427   1.71383187
  C     2.32150530   0.11128584   1.00150849
  C     5.72347066  -0.10253639   4.07022040
  C    -0.08312394  -0.20471963  -0.41245886
  C    -2.25919495  -1.29800327  -0.80479699
  C     1.27102245  -0.61768647   1.54323025
  C     2.16123082   0.67067193  -0.26528682
  C     0.08625825  -0.77830114   0.85171649
  C     0.98475639   0.52416847  -0.96038719
  C     2.12202521   2.43099636   3.83517703
  C    -3.28245007  -1.35880726  -1.90851416
  C    -3.88932258  -0.88782599  -4.05636295
  C    -4.53131432  -2.00023212  -1.73508865
  C    -5.12241316  -1.52344000  -3.89075919
  C    -3.55055359  -0.26236890  -5.34991011
  C    -5.76035580  -1.06920914  -6.04731864
  H     4.97953677   1.72576513   3.32490854
  H     3.35842902   0.54799488   5.59046210
  H     4.74728899   1.57037636   5.88923240
  H     3.73676644   3.44996905   4.70391128
  H     2.55591093   2.82920898   5.87081358
  H     2.68641683   0.02723111   3.50346445
  H    -2.76175060  -1.06876028   0.14468732
  H    -1.82501469  -2.30192865  -0.67721718
  H     1.36603135  -1.09561636   2.51061809
  H     2.98143807   1.23358579  -0.69390802
  H    -1.22695442  -0.07167946  -2.09522608
  H    -0.71451289  -1.35625991   1.28959700
  H     0.86918922   0.97058941  -1.94027776
  H    -4.78356372  -2.45115236  -0.77596019
  H     5.79781093  -0.01220441   2.17225300
  H    -4.42474698   0.02716888  -7.18122706
  H     0.58568350   1.46334793   3.34182844
  H    -7.42994536  -1.73484786  -6.93731377
  H    -6.30344528  -1.04409795  -8.02665219
$end
$temperature
298.15
$end
$mult
 1
$end
$sigma
 1
$end
$pressure
1.00000
$end
$scale
1.0
$end
$msrrho
$end
$freq
8.98
13.63
22.48
29.88
36.10
42.58
56.66
65.25
75.14
94.98
100.34
113.73
138.74
142.10
151.70
155.23
162.86
172.47
208.99
215.26
237.39
267.60
284.81
319.78
341.02
346.59
355.51
374.87
388.45
406.20
433.26
445.76
453.90
466.60
486.55
492.76
499.25
520.14
532.49
544.68
548.72
574.66
580.15
583.69
601.76
606.60
624.02
640.08
659.74
693.92
699.82
706.05
722.24
778.27
781.44
788.96
813.91
826.44
841.50
849.98
856.55
883.01
897.80
917.32
931.11
931.82
948.42
962.27
967.86
993.31
1010.01
1032.79
1044.20
1046.14
1067.35
1083.95
1087.37
1095.83
1098.35
1119.00
1145.42
1170.92
1190.04
1194.25
1206.08
1211.71
1219.25
1222.24
1228.54
1236.98
1244.10
1274.12
1281.96
1297.99
1307.02
1333.12
1344.18
1348.44
1353.46
1376.20
1380.07
1395.78
1406.91
1424.54
1436.65
1447.42
1455.55
1469.97
1478.46
1487.49
1497.46
1520.71
1521.04
1563.24
1578.53
1587.55
1613.45
1633.67
1659.78
1736.78
1753.84
1770.63
1788.90
1801.70
1820.23
1896.40
1913.24
1927.75
3035.63
3108.68
3111.65
3144.35
3187.01
3198.31
3208.15
3230.17
3245.71
3250.68
3259.92
3280.92
3543.32
3693.28
3774.93
3813.81
3826.84
3903.70
3940.80
$end
