
$molecule
   O     2.42248414   2.90518782   2.25596849
  O    -0.18024986   2.06949490   4.80091909
  O     1.53052720   2.67492946   0.21704067
  O     0.51267112   6.04159828   4.53912196
  O    -0.15662652   8.10702898   4.01276227
  O    -0.40546909  -7.20298726  -1.62877126
  N    -0.03132367   3.63916713   3.17588152
  N    -0.48010223  -1.45241865  -0.60630426
  N     0.09125359  -4.40781059  -1.90358975
  N    -0.15092784  -3.37727948  -4.45576885
  N    -0.87645212  -7.30868880  -3.83887785
  N    -0.77606585  -5.46963999  -5.28938229
  N    -1.36023528  -7.56689068  -6.10518649
  C     0.36972536   3.99990764   1.85193945
  C     0.82940218   5.44218013   1.81582525
  C    -0.23504225   6.40875752   2.31304511
  C    -0.18268606   2.34226318   3.62495440
  C    -0.31252120   1.32076358   2.53949664
  C     1.48745324   3.11779212   1.33069581
  C    -0.39831923  -0.54001446   0.45118888
  C     0.67590246  -2.24686425  -0.97016938
  C     0.57560112   0.25910816   2.50450770
  C    -1.27437766   1.42621526   1.54275456
  C     0.54532857  -0.65676856   1.47042887
  C    -1.32332357   0.50946833   0.51738832
  C     0.03405379   6.96840330   3.68549625
  C     0.32491819  -3.13620368  -2.12875377
  C    -0.25942880  -5.18800094  -2.93047008
  C     0.20203385  -2.62823246  -3.43808822
  C    -0.39581646  -4.68248379  -4.22939780
  C    -0.50260834  -6.62370051  -2.67329909
  C    -1.00278827  -6.72825027  -5.07477778
  H    -0.45783738   3.87271805   1.14727087
  H     1.73207743   5.53855044   2.41197635
  H     1.09430512   5.69092954   0.78433203
  H    -1.20888907   5.91821692   2.36077610
  H    -0.34041841   7.26814443   1.64743518
  H     0.21640806   4.28344557   3.91114407
  H     0.96424916  -2.88263962  -0.13347480
  H     1.54106652  -1.62078835  -1.23127658
  H     1.31672026   0.15945642   3.28861857
  H    -1.99389250   2.23536845   1.56630341
  H    -0.95287940  -1.05686772  -1.40495488
  H     1.25947461  -1.46668184   1.45283066
  H    -2.07532474   0.60118184  -0.25637517
  H     0.40776181  -1.57703424  -3.63497050
  H     3.10344634   2.33698245   1.87391813
  H    -1.01334771  -8.30107925  -3.73636835
  H     0.63205410   6.44902901   5.40750549
  H    -1.61951416  -7.07936749  -6.94954640
  H    -1.90245056  -8.38559603  -5.88172254
$end
$temperature
298.15
$end
$mult
 1
$end
$sigma
 1
$end
$pressure
1.00000
$end
$scale
1.0
$end
$msrrho
$end
$freq
8.78
10.20
17.12
23.47
26.12
34.69
57.34
69.67
76.25
78.52
82.66
89.25
97.45
128.02
148.35
155.95
164.40
168.61
199.21
222.93
228.55
238.82
270.67
294.75
317.43
337.01
344.88
353.77
383.02
389.87
426.17
449.18
453.82
465.31
486.10
497.07
522.58
537.98
548.15
552.30
567.02
582.13
590.61
599.18
601.57
604.00
613.73
649.77
655.72
663.15
681.30
693.09
698.74
709.75
743.48
762.71
797.88
817.45
819.75
827.91
844.00
858.97
869.61
890.63
913.77
916.18
927.04
932.40
946.56
994.49
1006.24
1019.46
1029.05
1051.42
1059.52
1061.16
1092.24
1099.07
1125.12
1150.05
1159.05
1164.67
1174.28
1177.69
1190.14
1205.08
1208.56
1212.04
1222.00
1235.50
1238.93
1253.89
1291.70
1298.48
1304.60
1331.96
1332.46
1346.06
1356.33
1372.27
1375.22
1381.94
1394.30
1418.69
1432.86
1447.14
1460.53
1462.52
1466.29
1475.68
1480.46
1491.33
1509.28
1513.28
1567.17
1577.49
1616.18
1630.86
1646.60
1734.45
1742.02
1789.73
1792.91
1815.02
1858.86
1898.96
1903.41
1917.26
3066.98
3119.09
3128.94
3185.14
3201.06
3211.80
3213.54
3243.21
3249.78
3250.20
3254.11
3287.52
3691.27
3756.65
3814.16
3816.89
3824.62
3916.58
3927.29
$end
