
$molecule
   O     4.09753982  -0.72466815  -0.34740194
  O     0.13026121  -3.08697244   0.91647598
  O     4.58647542  -2.71586275  -1.25078533
  O     1.41889891  -2.52351169  -5.17225119
  O     0.60056217  -0.89334438  -3.91448227
  O    -1.09762343  -0.69480375  -0.34788919
  N     1.94555858  -1.70768917   0.82302405
  N    -2.15219058   1.93998048   4.04477990
  N    -2.24963078   1.46350514   1.07983236
  N    -2.03545342   3.95457157  -0.06440176
  N    -0.59810094   0.72226933  -2.02914622
  N    -1.00093674   3.03986578  -1.95684312
  N     0.03259224   2.05413071  -3.79710394
  C     2.39624041  -2.38906974  -0.36516256
  C     1.53416147  -1.94107004  -1.52364803
  C     1.81374294  -2.65451877  -2.81709028
  C     0.68022631  -2.09630048   1.31688991
  C     0.07590519  -1.12459311   2.26556816
  C     3.82542687  -1.98237104  -0.68615332
  C    -1.35566622   0.87115880   3.57370017
  C    -3.22844326   2.29074416   3.11652651
  C    -1.20783634  -1.37289600   2.73769897
  C     0.66457775   0.10343596   2.52757121
  C    -1.91219916  -0.39221060   3.39539885
  C    -0.03853028   1.09142203   3.18536446
  C     1.21221087  -1.93249211  -3.99990487
  C    -2.70020274   2.51733251   1.72221061
  C    -1.68009461   1.61492275  -0.10951740
  C    -2.57595010   3.78406911   1.12246681
  C    -1.56760026   2.87459345  -0.72137938
  C    -1.12969464   0.42474467  -0.78558506
  C    -0.54780967   1.98142286  -2.57015454
  H     2.37661007  -3.47665307  -0.26822767
  H     0.49541857  -2.06859024  -1.24946053
  H     1.69738972  -0.88008753  -1.67128991
  H     1.41769463  -3.67435034  -2.80507338
  H     2.88737003  -2.73388716  -3.00612971
  H     2.62560291  -1.65669870   1.57182508
  H    -3.73520376   3.18585452   3.49249500
  H    -3.94903679   1.47245779   3.08583041
  H    -1.65969290  -2.33585697   2.53926936
  H     1.66283901   0.32196137   2.17496251
  H    -1.57517873   2.74973162   4.23603358
  H    -2.92385809  -0.57339621   3.72983221
  H     0.41178081   2.06396720   3.33900244
  H    -2.93812619   4.67252378   1.63886038
  H     3.30220726  -0.33828130   0.04102391
  H    -0.20971773  -0.03759193  -2.57912791
  H     1.94210126  -3.32691057  -5.06627114
  H     0.24989651   1.20443859  -4.29352572
  H    -0.01451359   2.93557406  -4.27863647
$end
$temperature
298.15
$end
$mult
 1
$end
$sigma
 1
$end
$pressure
1.00000
$end
$scale
1.0
$end
$msrrho
$end
$freq
16.63
33.32
38.05
46.90
62.67
67.81
73.04
80.27
84.68
101.12
107.09
120.89
133.71
140.33
153.04
163.82
170.42
182.38
205.72
240.91
260.30
275.58
276.80
288.79
316.27
345.09
362.59
369.93
391.86
395.72
418.57
442.94
447.78
471.14
493.65
506.57
516.98
541.19
553.75
559.53
562.32
593.76
609.91
626.49
631.65
644.27
666.72
677.19
689.80
699.30
700.77
717.33
720.07
762.16
798.82
805.07
819.02
823.84
829.33
839.86
858.47
866.19
879.50
890.43
916.75
929.83
938.79
943.09
964.33
978.26
1006.60
1025.74
1042.18
1061.50
1070.59
1089.93
1094.38
1104.98
1125.37
1140.35
1164.02
1168.10
1169.35
1180.25
1188.65
1191.33
1209.25
1216.80
1218.02
1232.13
1241.39
1251.27
1287.59
1302.20
1317.26
1325.92
1335.49
1343.61
1354.24
1358.54
1375.68
1384.48
1399.82
1416.53
1424.22
1443.82
1449.45
1451.50
1460.64
1464.15
1479.81
1510.47
1513.53
1518.31
1570.73
1580.47
1620.83
1642.01
1643.30
1734.62
1738.51
1778.20
1799.00
1816.58
1876.26
1883.70
1902.79
1930.94
3103.81
3108.27
3185.98
3204.63
3205.06
3208.23
3248.75
3250.20
3271.86
3276.46
3280.41
3336.82
3671.38
3681.14
3710.88
3720.47
3867.71
3927.27
3931.84
$end
