
$molecule
   O     5.69581621   1.32592734   2.46664191
  O     1.54551738  -1.38680827   3.26476499
  O     4.05663700   2.08965503   1.14663787
  O     3.56682287  -1.80220548   4.89158512
  O     5.70854953  -1.80653017   5.46690001
  O    -0.64332608   1.92103120  -3.61952423
  N     2.30695743   0.29621609   1.98826869
  N    -4.01610275   0.27326924   0.64280945
  N    -3.05588569   1.25987391  -2.27069792
  N    -4.78927567  -0.41414761  -3.60958372
  N    -1.34903783   0.72699642  -5.41022922
  N    -3.37390912  -0.45677474  -5.47267875
  N    -1.93541257  -0.50947703  -7.29780493
  C     3.63785605   0.16721545   2.50385231
  C     4.24016997  -1.18154670   2.16493313
  C     5.27634056  -1.64733176   3.15552465
  C     1.31197059  -0.49754805   2.45722311
  C    -0.06038135  -0.24160372   1.94028240
  C     4.46713840   1.30054548   1.95548717
  C    -2.70038248   0.13599553   1.06498677
  C    -4.43207377   1.30224037  -0.27892487
  C    -0.34264072   0.59392720   0.86461319
  C    -1.12059793  -0.89085380   2.57143459
  C    -1.63917454   0.78236058   0.43000232
  C    -2.41613750  -0.70764247   2.15021178
  C     4.85791414  -1.75504910   4.61412541
  C    -4.17126201   0.87499724  -1.69932773
  C    -2.77536621   0.82760625  -3.50140901
  C    -5.04343275   0.01359758  -2.39549532
  C    -3.64474456  -0.01815961  -4.19990495
  C    -1.49803542   1.24148815  -4.11579624
  C    -2.26656852  -0.08112816  -6.03406864
  H     3.62514635   0.29267011   3.58893372
  H     3.42670902  -1.89584310   2.12469266
  H     4.68195716  -1.15398156   1.16772911
  H     6.14485788  -0.99155305   3.15146573
  H     5.62845529  -2.64423065   2.86895262
  H     2.11461028   1.07734061   1.38668403
  H    -3.90944175   2.24505460  -0.10824660
  H    -5.50398576   1.46980331  -0.12921329
  H     0.44622878   1.10871008   0.32997299
  H    -0.90550287  -1.54600196   3.40663228
  H    -4.70129145  -0.02238964   1.31827442
  H    -1.82463404   1.42605864  -0.41452888
  H    -3.22846326  -1.21797397   2.65257455
  H    -5.96898193  -0.31762187  -1.92762570
  H     6.16141662   2.08631880   2.09184977
  H    -0.47790078   0.94004724  -5.86850563
  H     2.91590588  -1.71413409   4.16561662
  H    -1.32331227   0.06869563  -7.85018334
  H    -2.69971577  -0.94710553  -7.78991442
$end
$temperature
298.15
$end
$mult
 1
$end
$sigma
 1
$end
$pressure
1.00000
$end
$scale
1.0
$end
$msrrho
$end
$freq
7.49
10.33
17.08
28.61
40.79
50.92
52.57
56.85
68.92
79.74
96.78
104.58
123.07
149.12
155.82
164.71
172.17
200.18
219.93
240.29
262.78
275.51
309.24
326.29
332.90
345.20
346.99
354.84
359.61
379.76
390.78
409.17
449.58
468.29
477.76
492.48
499.92
533.88
550.01
551.41
566.25
578.21
579.97
598.33
603.76
616.61
626.19
645.33
656.37
677.87
685.02
704.39
707.41
721.93
778.72
781.61
801.74
819.48
842.11
843.00
855.03
865.28
895.71
898.34
917.25
919.85
929.52
936.54
944.69
1004.42
1011.77
1021.33
1054.08
1056.02
1064.99
1068.08
1086.84
1095.16
1140.22
1151.72
1156.26
1164.89
1178.81
1191.38
1196.24
1200.73
1203.80
1215.69
1228.46
1234.13
1263.71
1274.52
1280.05
1290.86
1301.57
1317.32
1342.39
1346.55
1348.21
1368.29
1379.63
1385.28
1391.61
1404.09
1428.54
1450.20
1453.83
1459.98
1472.07
1476.60
1485.51
1513.46
1514.93
1565.62
1577.84
1587.73
1613.86
1632.49
1658.44
1736.49
1747.56
1771.08
1789.25
1799.37
1813.36
1881.11
1895.52
1910.10
3101.31
3103.06
3149.26
3206.82
3214.72
3217.42
3225.05
3242.97
3253.29
3262.28
3294.66
3334.10
3612.19
3692.17
3794.48
3815.35
3825.63
3866.69
3897.54
$end
