
$molecule
   O     0.82026002  -1.31867184   5.14094696
  O    -1.98404235  -0.31421224   1.38774120
  O    -0.97203718  -0.78507970   6.36773999
  O    -0.88240165  -3.71974987   5.78615136
  O    -2.85901419  -3.40108872   6.77944122
  O    -2.01688710   0.85891382  -3.79623688
  N    -0.39373787  -0.25194918   3.02516520
  N     2.30683231   3.54823748  -1.39273044
  N     0.52626787   2.11026602  -3.63627377
  N     2.64602610   0.73542235  -4.73622247
  N    -1.06371596  -0.87600645  -4.89798610
  N     1.22430563  -0.99838771  -5.40716418
  N    -0.20095974  -2.72945211  -6.01780702
  C    -1.23273269  -0.91172627   4.00357184
  C    -1.63166062  -2.29508488   3.54639039
  C    -2.66756776  -2.95429287   4.42894356
  C    -0.92029354   0.09393663   1.78563582
  C    -0.04804154   1.01100111   0.98756781
  C    -0.45832343  -0.99030936   5.30811933
  C     1.50299045   2.71062469  -0.61643476
  C     1.93267217   3.86069649  -2.75976709
  C    -0.63176121   1.77299444  -0.01912015
  C     1.32638054   1.10874709   1.18288956
  C     0.12281879   2.62179817  -0.79961728
  C     2.09209829   1.93838988   0.39148169
  C    -2.17678745  -3.36314274   5.79322101
  C     1.73892011   2.60852532  -3.57063051
  C     0.34066843   0.93358690  -4.23150393
  C     2.81031234   1.89315108  -4.13868354
  C     1.40456959   0.21689938  -4.79389792
  C    -1.02485350   0.36987671  -4.25723480
  C     0.02874695  -1.50187814  -5.44344701
  H    -2.13391729  -0.32921642   4.21180366
  H    -2.04490938  -2.19400465   2.54621390
  H    -0.75165971  -2.92886930   3.48062163
  H    -3.01869170  -3.87181161   3.94319224
  H    -3.53728925  -2.31334924   4.57614876
  H     0.21338685   0.46161750   3.39923546
  H     2.72590908   4.48755786  -3.18160018
  H     0.99953452   4.42312355  -2.77289353
  H    -1.69856109   1.69255962  -0.19003517
  H     1.82101208   0.51204180   1.93960308
  H     3.28863265   3.34109768  -1.28597461
  H    -0.35779221   3.19662628  -1.57385148
  H     3.16330896   1.99052036   0.54291959
  H     3.82082846   2.29720011  -4.09584329
  H     0.97596206  -1.50693359   4.20931123
  H    -1.95885513  -1.33768320  -4.90280329
  H    -0.62099527  -3.90769088   6.69687549
  H     0.57538674  -3.07456725  -6.56167701
  H    -1.12034221  -2.92025411  -6.38149555
$end
$temperature
298.15
$end
$mult
 1
$end
$sigma
 1
$end
$pressure
1.00000
$end
$scale
1.0
$end
$msrrho
$end
$freq
4.65
13.17
15.61
19.49
29.90
50.59
54.04
64.05
76.99
85.49
98.59
111.16
122.46
138.06
143.34
152.45
169.44
179.27
201.21
256.85
261.10
281.19
287.51
317.05
331.22
346.81
352.38
360.16
384.75
394.43
409.55
441.12
451.48
470.66
483.57
495.34
513.64
521.11
537.76
551.08
569.80
578.62
593.26
597.74
601.82
607.04
629.16
648.86
670.07
673.60
683.19
698.80
704.67
718.78
729.49
777.91
787.74
819.31
822.70
840.29
844.85
855.42
867.12
893.16
902.28
920.47
929.20
936.90
943.77
981.98
1005.55
1020.90
1044.96
1050.76
1058.52
1068.74
1088.50
1096.38
1118.20
1140.48
1144.81
1150.83
1156.33
1175.90
1196.83
1210.09
1211.00
1216.17
1228.15
1234.94
1247.91
1257.50
1266.93
1294.95
1324.67
1328.02
1337.01
1337.41
1346.73
1357.95
1368.46
1385.37
1392.03
1410.63
1432.31
1449.63
1453.95
1454.69
1462.28
1463.52
1480.45
1482.40
1513.61
1547.71
1570.94
1577.97
1615.15
1632.32
1642.08
1736.76
1745.06
1783.67
1787.62
1805.09
1862.30
1900.12
1909.77
1948.29
3093.87
3106.37
3183.13
3196.68
3208.36
3210.15
3223.18
3239.72
3249.29
3257.87
3277.58
3332.16
3693.79
3749.64
3783.35
3814.16
3827.22
3926.73
3977.66
$end
