
$molecule
   O    -3.87688087  -0.94342848   2.06608087
  O     0.00736081  -3.33590225   1.75255867
  O    -2.05394948   0.26011143   2.40559822
  O    -5.78925049   1.59443416  -0.82899404
  O    -5.66091720  -0.33180253   0.28039745
  O    -0.29031229   1.22149489  -0.66867432
  N    -1.67322877  -2.29622771   0.64877399
  N     3.42925814  -0.41636122  -2.83281062
  N     2.49854842   1.37402220  -1.06014120
  N     4.02657019   2.17056889   1.07643046
  N     0.05348067   1.63035881   1.52338529
  N     2.12648073   2.24493039   2.44576815
  N     0.23978821   1.97745279   3.79501145
  C    -2.16592947  -0.97177069   0.36959382
  C    -3.15165184  -0.99233117  -0.77313519
  C    -3.78924242   0.35112329  -1.06737848
  C    -0.32086090  -2.59476620   0.85589404
  C     0.64822230  -2.02466508  -0.12534663
  C    -2.71641274  -0.46274477   1.69687065
  C     2.53890041  -1.03661065  -1.94510580
  C     4.38071924   0.54126872  -2.29770772
  C     1.98019928  -1.87197943   0.24411694
  C     0.29609698  -1.75323203  -1.44193282
  C     2.91523322  -1.40101581  -0.65178787
  C     1.22001552  -1.26880315  -2.33858114
  C    -5.15689621   0.48396013  -0.46090765
  C     3.80111465   1.32288124  -1.14147493
  C     1.92485007   1.73252291   0.08274554
  C     4.57130131   1.79259387  -0.05495332
  C     2.68582921   2.07189170   1.20966219
  C     0.47604865   1.52418108   0.21346160
  C     0.86228455   1.95582589   2.57799740
  H    -1.34228558  -0.31704704   0.10693644
  H    -2.60299740  -1.32604937  -1.65212704
  H    -3.92331107  -1.73317478  -0.58635845
  H    -3.92136257   0.50425351  -2.14194592
  H    -3.17375479   1.18357195  -0.71926280
  H    -2.25071974  -2.82697552   1.28608573
  H     4.69623198   1.19465292  -3.12033779
  H     5.28210313   0.02788182  -1.94014441
  H     2.27938954  -2.12697776   1.25412997
  H    -0.71616354  -1.92155424  -1.77400743
  H     2.91749342  -0.03043919  -3.61385288
  H     3.94133747  -1.27899875  -0.34176241
  H     0.91391199  -1.01885492  -3.34564666
  H     5.65805652   1.82930352  -0.12832781
  H    -4.52101213  -1.02048884   1.33262590
  H    -0.86503457   1.25284887   1.74634659
  H    -6.64985054   1.61164381  -0.38648474
  H    -0.61861572   1.45284084   3.87938622
  H     0.85981376   1.99558198   4.58933251
$end
$temperature
298.15
$end
$mult
 1
$end
$sigma
 1
$end
$pressure
1.00000
$end
$scale
1.0
$end
$msrrho
$end
$freq
13.84
17.81
31.03
46.11
52.69
56.11
73.85
79.43
88.27
98.75
113.06
124.72
147.42
151.12
169.04
190.10
194.41
199.74
240.72
252.63
259.99
277.90
305.62
314.21
333.19
346.82
362.61
374.95
387.28
414.44
455.39
457.18
489.66
500.33
513.12
515.24
523.42
532.55
548.81
562.76
566.62
598.35
613.98
627.90
642.79
647.34
662.79
684.11
687.77
694.19
702.11
705.56
716.81
754.19
756.11
769.42
792.72
811.20
823.41
850.51
858.99
866.93
870.37
891.59
900.81
923.94
933.03
937.12
951.52
988.21
1000.91
1042.19
1052.94
1065.64
1071.44
1077.33
1092.23
1126.41
1131.63
1142.52
1165.57
1171.00
1173.41
1191.70
1199.06
1207.04
1212.67
1225.77
1241.70
1245.89
1246.26
1257.50
1283.99
1303.47
1312.39
1322.85
1331.75
1341.03
1363.27
1375.88
1392.22
1403.02
1424.54
1426.49
1431.01
1450.19
1458.23
1464.59
1467.42
1472.87
1475.04
1511.46
1514.46
1516.90
1573.99
1591.75
1622.86
1642.77
1644.83
1733.62
1754.57
1783.90
1791.12
1810.89
1841.31
1860.19
1876.03
1898.13
3064.39
3113.58
3143.79
3176.59
3187.96
3202.25
3249.91
3258.67
3260.51
3303.95
3327.04
3344.10
3606.99
3643.01
3685.93
3728.04
3757.64
3825.17
3883.46
$end
