
$molecule
   O    -1.69715004   5.85086537  -1.72310404
  O     0.34544425   5.13698266   0.03394333
  O    -3.61147608   4.98676709  -2.45266024
  O    -6.87191051   4.03354699   0.13603122
  O    -6.25744637   4.15698056   2.28552092
  O     0.69505313  -5.29749186   1.64083008
  N    -1.69521065   4.25584118   0.46207404
  N     1.71025856  -1.11953243  -0.29764191
  N     2.44631147  -3.61679504   0.16472182
  N     4.68199809  -4.81540807  -0.90806434
  N     2.06559161  -7.05254163   1.22085742
  N     4.04130455  -6.89094426  -0.03389151
  N     3.39949373  -8.93286090   0.87208514
  C    -2.58423300   3.88171643  -0.61527117
  C    -3.96329161   3.53001767  -0.10396006
  C    -4.64686410   4.69004706   0.58164938
  C    -0.32173389   4.13202756   0.18909098
  C     0.19565034   2.75842805   0.06709763
  C    -2.68005446   4.96782778  -1.69624424
  C     1.24070243   0.16615696  -0.17021655
  C     3.04723602  -1.43284174  -0.70178786
  C     1.41949279   2.53893885  -0.56044152
  C    -0.49666682   1.66317466   0.58830155
  C     1.93704592   1.26871778  -0.68453027
  C     0.01177067   0.39197776   0.47603416
  C    -5.99036457   4.27752302   1.11855964
  C     3.30020070  -2.90731620  -0.52571305
  C     2.67202975  -4.92315604   0.33744310
  C     4.44427486  -3.53795127  -1.06977449
  C     3.79954627  -5.55013071  -0.19800636
  C     1.69645060  -5.70527425   1.12158085
  C     3.19229517  -7.59267318   0.65216332
  H    -2.16149839   3.00467214  -1.11666873
  H    -4.57425472   3.20006464  -0.94310161
  H    -3.86194431   2.69869566   0.59653645
  H    -4.80681605   5.50436488  -0.12492209
  H    -4.06109443   5.05457779   1.42400031
  H    -1.88328032   5.19334973   0.79372088
  H     3.79847896  -0.87638437  -0.12006645
  H     3.22012755  -1.15706956  -1.75121458
  H     1.96443397   3.38729495  -0.95891511
  H    -1.43843885   1.81876405   1.09883271
  H     1.25977341  -1.83500575   0.25155420
  H     2.88286549   1.11906914  -1.18402711
  H    -0.52743474  -0.45260818   0.88689241
  H     5.16363297  -2.95729837  -1.64628352
  H    -0.98079528   5.68971079  -1.08655117
  H     1.46144991  -7.63179764   1.78118468
  H    -7.70884676   3.77598653   0.54525921
  H     4.12903408  -9.33106948   0.30027696
  H     2.59885871  -9.51793681   1.04681559
$end
$temperature
298.15
$end
$mult
 1
$end
$sigma
 1
$end
$pressure
1.00000
$end
$scale
1.0
$end
$msrrho
$end
$freq
11.47
12.66
14.68
21.78
27.41
36.00
45.16
59.30
65.55
74.82
89.78
95.30
122.25
126.59
143.01
152.08
162.75
168.64
190.16
208.61
211.46
234.32
295.11
310.35
339.83
346.98
354.42
361.43
387.23
423.62
442.67
448.15
461.59
472.02
486.33
495.94
529.66
534.50
545.57
559.53
578.24
579.80
590.32
601.29
605.36
608.39
637.76
645.96
653.04
680.64
698.93
708.45
753.59
772.83
787.82
804.07
805.59
813.36
824.92
827.82
847.13
867.51
883.84
898.25
927.09
930.49
934.23
948.75
959.57
973.11
993.17
1030.38
1032.28
1061.62
1066.64
1081.58
1087.41
1098.03
1119.72
1145.17
1158.70
1167.69
1186.60
1190.64
1199.03
1207.22
1218.84
1220.06
1227.71
1231.47
1249.53
1266.24
1282.45
1299.57
1308.87
1322.33
1335.86
1338.91
1347.55
1348.62
1381.82
1392.41
1404.19
1409.34
1426.35
1449.94
1459.34
1463.27
1469.24
1485.59
1488.85
1499.21
1503.02
1521.65
1570.29
1578.63
1612.90
1633.70
1646.83
1736.76
1754.48
1767.73
1786.75
1791.04
1827.85
1895.59
1896.84
1915.73
3036.88
3110.97
3130.75
3162.32
3164.15
3207.92
3223.08
3244.20
3246.70
3248.75
3268.40
3284.21
3693.66
3727.89
3776.76
3790.94
3813.87
3827.32
3904.76
$end
