
$molecule
   O     3.04591071   4.74925700  -0.91951104
  O     3.05594053   2.59437645   1.23548394
  O     4.37957037   5.63102821   0.63911400
  O     2.15109605   6.42718079   5.37754055
  O     4.37068346   6.41501794   5.12189063
  O    -0.04995403  -6.21304460  -1.99684904
  N     1.29130564   3.96423591   0.88442287
  N    -1.06649347  -1.65916755  -1.17106598
  N    -1.94276225  -4.14166375  -1.54626195
  N    -4.59037401  -4.79612432  -1.93325371
  N    -1.75102608  -7.62554850  -2.49095321
  N    -4.01147168  -6.99855962  -2.47748790
  N    -3.40734035  -9.17072998  -3.04413644
  C     2.08985089   5.11789788   1.20555965
  C     2.44946721   5.13607335   2.67187254
  C     3.02497057   6.45581542   3.14175563
  C     1.91594112   2.72916414   0.85760281
  C     1.08717383   1.60840673   0.33025319
  C     3.31455102   5.19219708   0.31166426
  C    -0.37589525  -0.57906301  -0.64832817
  C    -2.46674524  -1.85308382  -0.93718609
  C    -0.30060281   1.64439322   0.28851577
  C     1.73696806   0.45653585  -0.11256520
  C    -1.02627644   0.56964729  -0.18970830
  C     1.02683282  -0.61578910  -0.59816344
  C     3.27635051   6.43463627   4.63589948
  C    -2.87132004  -3.23685139  -1.37386400
  C    -2.29611284  -5.37761838  -1.91262923
  C    -4.22611491  -3.58906618  -1.57802300
  C    -3.63311816  -5.73066661  -2.11101233
  C    -1.23161676  -6.38011403  -2.11534314
  C    -3.08777237  -7.89264024  -2.65186142
  H     1.48255817   6.00086492   0.96082217
  H     1.53570704   4.90622760   3.22033475
  H     3.15650795   4.33757681   2.86864100
  H     2.34155894   7.28030963   2.91707414
  H     3.97480201   6.65047138   2.65566886
  H     0.57411903   4.09234394   0.19031839
  H    -3.06486426  -1.11041544  -1.48207542
  H    -2.73645355  -1.73202754   0.12377546
  H    -0.83821016   2.51156376   0.65307757
  H     2.81877302   0.41843090  -0.06698108
  H    -0.54716906  -2.52145468  -1.24166212
  H    -2.10516960   0.61822003  -0.20899940
  H     1.54274141  -1.50309956  -0.94386531
  H    -5.00906078  -2.84429266  -1.43973221
  H     3.85294760   4.83179908  -1.44406252
  H    -1.07093050  -8.34253769  -2.68543398
  H     1.37825719   6.43612280   4.80608630
  H    -4.39193044  -9.38061964  -2.97793163
  H    -2.77580010  -9.91561612  -2.79842668
$end
$temperature
298.15
$end
$mult
 1
$end
$sigma
 1
$end
$pressure
1.00000
$end
$scale
1.0
$end
$msrrho
$end
$freq
9.26
12.80
20.30
24.77
31.22
41.26
52.20
53.85
61.73
75.54
81.95
100.20
106.46
127.55
138.83
151.62
162.75
178.30
196.03
202.07
211.63
231.47
280.82
296.07
326.89
347.03
356.06
369.65
385.01
389.54
434.94
447.14
458.41
463.34
482.71
485.72
494.97
509.66
514.06
535.25
547.50
555.98
568.72
582.82
601.12
606.40
608.35
619.97
640.15
652.98
669.06
698.72
706.08
728.05
766.63
783.91
785.78
807.34
814.49
826.47
827.55
858.45
879.56
885.42
916.94
927.64
931.06
941.31
948.67
974.63
993.32
1032.76
1043.98
1066.40
1080.87
1086.46
1098.49
1098.75
1113.35
1144.76
1145.57
1153.60
1167.63
1183.56
1190.00
1204.67
1205.87
1211.86
1219.06
1220.99
1225.03
1274.09
1282.90
1289.87
1299.75
1320.29
1336.04
1346.96
1347.23
1352.76
1363.90
1374.67
1395.71
1404.71
1411.19
1453.18
1469.00
1477.42
1478.22
1482.90
1487.45
1496.63
1520.07
1539.31
1568.97
1578.43
1613.25
1633.05
1648.20
1737.07
1753.80
1776.91
1789.32
1800.06
1861.00
1896.25
1921.57
1927.78
3034.53
3109.03
3111.19
3112.68
3162.26
3208.39
3243.37
3246.10
3255.96
3272.77
3281.43
3284.39
3692.25
3774.20
3814.33
3817.16
3825.66
3920.09
3993.69
$end
