
$molecule
   O     3.46893798   2.40871822   2.63803726
  O    -0.88303271   1.48416695   1.60532708
  O     4.78218510   0.99924566   1.49540396
  O     0.46379286   4.10626358   1.72484804
  O    -0.07068835   3.68098388  -0.39950679
  O    -3.68402595  -0.07385394  -0.89127454
  N     1.35240898   1.42512778   1.46126145
  N    -0.46840483  -2.28150818  -3.51518072
  N    -2.34020301  -2.47450935  -1.53137621
  N    -1.43736489  -3.99827201   0.56399182
  N    -2.96655206  -0.32586788   1.23981012
  N    -1.98812323  -2.29204668   2.06716873
  N    -2.19846540  -0.40518370   3.42633308
  C     2.56051676   1.41211707   0.69298494
  C     2.62324153   2.50850159  -0.35896118
  C     2.23905742   3.87085742   0.17075548
  C     0.10593360   1.08415104   1.01686795
  C     0.05453317   0.23308573  -0.20496523
  C     3.73078066   1.55397496   1.63944114
  C    -0.18477725  -1.39160281  -2.46135241
  C    -0.96631952  -3.60905315  -3.12549010
  C     0.69632035  -0.99819418  -0.25475147
  C    -0.65610275   0.67306059  -1.31179660
  C     0.59520622  -1.79146701  -1.37668127
  C    -0.76582791  -0.12475187  -2.43058997
  C     0.76061341   3.89704561   0.43982400
  C    -1.61134821  -3.53988960  -1.76580459
  C    -2.56237238  -2.09822554  -0.28143718
  C    -1.22503066  -4.35166888  -0.68389655
  C    -2.02281104  -2.80970946   0.79956974
  C    -3.15785594  -0.76569804  -0.06544289
  C    -2.36655548  -1.05745607   2.22528823
  H     2.68411959   0.44890591   0.19368843
  H     3.63182105   2.53154792  -0.78165050
  H     1.94203490   2.24905670  -1.16771695
  H     2.45370400   4.63190343  -0.58523195
  H     2.77579456   4.12591829   1.07920220
  H     1.34135224   2.05793012   2.24392913
  H    -0.14302506  -4.33260970  -3.09167561
  H    -1.66259849  -3.94411181  -3.90159382
  H     1.25622101  -1.35863103   0.60018261
  H    -1.14685270   1.63698978  -1.28591266
  H    -1.11441198  -1.83944165  -4.15613187
  H     1.07979269  -2.75558949  -1.40260998
  H    -1.38196081   0.20058705  -3.25782186
  H    -0.69724295  -5.28842076  -0.85840676
  H     4.24882291   2.46439836   3.20659415
  H    -3.10892116   0.65891851   1.39646017
  H    -0.48225790   3.93214785   1.83628179
  H    -1.93468055   0.56573111   3.32070931
  H    -1.61937778  -0.93357230   4.06329888
$end
$temperature
298.15
$end
$mult
 1
$end
$sigma
 1
$end
$pressure
1.00000
$end
$scale
1.0
$end
$msrrho
$end
$freq
18.75
31.70
37.53
46.93
51.56
60.06
67.24
69.64
84.15
104.41
112.17
125.89
133.33
150.57
164.02
174.13
185.50
205.88
218.85
234.12
241.67
291.17
296.94
322.93
330.13
350.88
368.11
392.05
411.91
420.52
422.49
453.72
454.98
457.87
483.38
515.06
530.30
552.39
562.27
569.06
585.40
595.08
607.23
619.00
633.38
639.97
645.15
659.21
677.39
684.04
696.59
699.78
718.99
743.42
777.48
789.22
801.27
823.12
833.29
834.71
858.80
869.47
878.11
895.78
905.86
924.73
928.01
939.02
948.57
981.90
984.86
1032.50
1041.23
1060.44
1067.54
1068.79
1091.11
1094.69
1110.18
1120.16
1135.87
1161.12
1173.05
1174.79
1201.40
1207.18
1215.90
1216.84
1231.76
1234.87
1236.85
1257.53
1290.27
1298.60
1315.68
1318.46
1334.10
1341.99
1345.52
1361.79
1365.28
1396.97
1414.78
1421.89
1447.53
1450.25
1451.69
1455.83
1466.93
1468.56
1469.78
1503.15
1517.85
1552.52
1568.82
1580.97
1623.57
1633.17
1645.63
1733.09
1746.97
1781.81
1793.49
1810.71
1830.28
1901.97
1914.15
1922.28
3073.67
3117.29
3124.86
3156.77
3209.24
3219.18
3221.57
3248.41
3266.48
3268.23
3283.65
3298.95
3651.95
3699.91
3785.48
3830.23
3854.68
3888.78
3909.63
$end
