
$molecule
   O    -3.76958384  -0.53440124   0.94966135
  O    -1.46959990  -0.49567129  -0.08455734
  O    -4.36874244  -0.55515760   3.10171462
  O    -3.76599273   2.22787049   0.08233166
  O    -5.30611792   2.25922125   1.69520047
  O     1.28886473   1.51705118   0.78752947
  N    -1.13401802  -0.81728826   2.12490071
  N     4.27113335  -2.66915328  -0.90568175
  N     2.95989394   0.13502376  -1.05928427
  N     1.92711541  -0.25383569  -3.57863369
  N    -0.16586544   1.90852109  -0.89188600
  N    -0.03707942   0.86452594  -2.98467974
  N    -1.96650287   2.00489124  -2.34318720
  C    -2.15818244   0.09217886   2.59061210
  C    -1.89083113   1.48348804   2.07665385
  C    -2.99922714   2.47955426   2.32331694
  C    -0.78594441  -0.94691859   0.82663886
  C     0.50205216  -1.63077583   0.53869961
  C    -3.55848262  -0.39158060   2.23447974
  C     2.99175278  -2.50295597  -0.30194030
  C     4.77868641  -1.37766283  -1.42345515
  C     0.63495390  -2.26990642  -0.68698770
  C     1.59953024  -1.51131673   1.37870864
  C     1.86892327  -2.72417885  -1.09298760
  C     2.84022315  -1.94714421   0.96038046
  C    -4.15481124   2.30909637   1.37664199
  C     3.62367090  -0.57962026  -1.93993531
  C     1.78282277   0.65008841  -1.39511631
  C     3.09389037  -0.74506492  -3.23145029
  C     1.22014358   0.43484514  -2.66306800
  C     1.01135614   1.38260610  -0.37457655
  C    -0.69903945   1.55215276  -2.10329460
  H    -2.11944120   0.07338879   3.68318459
  H    -0.96200137   1.83770322   2.52642061
  H    -1.72850182   1.40667206   1.01721089
  H    -2.61585386   3.49492899   2.17487813
  H    -3.39504020   2.41484883   3.33647564
  H    -0.54482928  -1.26776209   2.80300523
  H     5.52094625  -1.58443685  -2.20421466
  H     5.26508563  -0.78989140  -0.63853984
  H    -0.22718252  -2.36314712  -1.33442927
  H     1.52041378  -0.98903033   2.32249542
  H     4.94615438  -3.07185132  -0.26350207
  H     1.99550001  -3.18971138  -2.05987702
  H     3.71296227  -1.76685934   1.57394794
  H     3.64581252  -1.31453256  -3.97727294
  H    -2.92749024  -0.46173829   0.44057783
  H    -0.73065144   2.44622979  -0.25827989
  H    -4.57077870   2.04798272  -0.42494638
  H    -2.56270731   2.12669895  -1.53740000
  H    -2.38738898   1.60202502  -3.16648289
$end
$temperature
298.15
$end
$mult
 1
$end
$sigma
 1
$end
$pressure
1.00000
$end
$scale
1.0
$end
$msrrho
$end
$freq
21.39
30.02
38.39
50.96
62.11
75.88
78.05
88.62
97.04
104.16
106.14
111.11
131.22
151.04
171.49
185.54
189.87
206.36
244.73
247.83
262.93
276.94
319.63
335.67
349.13
363.89
384.49
393.23
400.55
416.73
443.04
449.69
454.96
462.03
484.97
491.94
505.26
532.49
545.38
554.24
573.50
591.77
599.25
605.78
622.07
628.00
650.82
662.16
689.67
696.67
700.53
709.09
753.45
758.91
791.71
811.17
823.67
836.48
847.11
857.95
878.78
883.77
898.66
905.72
925.38
941.22
956.23
969.05
995.04
1002.08
1022.09
1032.81
1048.65
1054.73
1067.31
1071.54
1080.52
1098.70
1113.71
1122.93
1123.78
1157.53
1167.03
1177.89
1195.53
1210.93
1216.10
1239.16
1244.03
1255.81
1258.64
1270.82
1294.52
1300.57
1322.84
1334.59
1340.54
1352.38
1362.91
1363.94
1366.88
1380.84
1406.80
1413.32
1435.50
1436.62
1459.91
1464.18
1467.73
1472.25
1493.55
1518.01
1523.73
1551.41
1589.54
1598.33
1627.13
1645.34
1658.92
1737.27
1742.28
1782.54
1792.93
1812.57
1818.03
1889.45
1923.99
1943.19
3076.22
3100.39
3165.41
3165.60
3184.33
3211.59
3220.66
3263.67
3271.81
3274.75
3288.75
3437.74
3443.35
3627.62
3680.47
3818.38
3846.74
3870.28
3895.50
$end
