
$molecule
   O    -0.20305949  -6.75065974   3.38768418
  O     0.62217563  -4.18337349  -0.83515743
  O    -0.10630556  -4.57172434   3.85532422
  O     2.03290106  -8.32034129  -0.18508042
  O     0.40494105  -8.25927289   1.32133368
  O    -0.18006698   6.10645736   1.39964867
  N     0.34282677  -3.86324456   1.37964430
  N    -0.95860616   2.02093022  -0.88738094
  N    -0.76410366   4.67596708  -0.98429459
  N    -1.47598785   6.18537326  -3.17622793
  N    -0.60815830   8.04721317   0.31093245
  N    -1.26301033   8.16214175  -1.93875845
  N    -1.01144219  10.11177683  -0.69676378
  C     0.54710832  -5.24336955   1.68521661
  C     2.01759638  -5.58165021   1.56062120
  C     2.37419793  -7.03207494   1.82368117
  C     0.35157934  -3.43295328   0.08180217
  C     0.01311866  -1.98957793  -0.12391191
  C     0.03461234  -5.49394967   3.09490076
  C    -0.61890832   0.69527046  -0.66213363
  C    -0.94984874   2.58755988  -2.20380082
  C    -0.30761244  -1.57379200  -1.41060202
  C     0.02195403  -1.03811789   0.89511960
  C    -0.62461600  -0.25869105  -1.68349688
  C    -0.28308818   0.27962385   0.63408672
  C     1.51675275  -7.93846602   0.97267125
  C    -1.04719472   4.08827047  -2.11781494
  C    -0.82912921   6.00907252  -0.90631265
  C    -1.41183785   4.87828176  -3.23362410
  C    -1.18681189   6.79230219  -2.00596308
  C    -0.50443896   6.65214799   0.38203624
  C    -0.98036249   8.74149033  -0.81347551
  H    -0.02351504  -5.85773338   0.98700903
  H     2.30938174  -5.31004176   0.54784977
  H     2.58328459  -4.95358403   2.25022017
  H     2.19041827  -7.30136390   2.86226051
  H     3.43340813  -7.20194184   1.61572179
  H     0.03695341  -3.27639401   2.13495051
  H    -1.78463816   2.20308924  -2.80493375
  H    -0.03751921   2.33307467  -2.76584563
  H    -0.30683095  -2.30735854  -2.20785547
  H     0.28547392  -1.31093083   1.90956357
  H    -0.67540299   2.67304954  -0.17129260
  H    -0.88003735   0.03381667  -2.69142943
  H    -0.26501711   1.01100388   1.43274197
  H    -1.64910295   4.40088515  -4.18369066
  H    -0.06399615  -7.35525917   2.62515172
  H    -0.35343838   8.54876007   1.14635999
  H     2.88816879  -7.90797136  -0.34455698
  H    -1.46028614  10.57141162  -1.47473854
  H    -1.19247934  10.50486769   0.21260988
$end
$temperature
298.15
$end
$mult
 1
$end
$sigma
 1
$end
$pressure
1.00000
$end
$scale
1.0
$end
$msrrho
$end
$freq
9.76
11.01
21.90
27.14
32.08
41.53
49.57
63.92
79.45
94.26
98.89
102.59
118.87
142.59
152.05
162.79
168.66
201.46
212.11
218.83
246.01
246.60
298.40
304.17
340.14
350.52
357.35
360.22
376.12
389.58
425.12
446.48
458.07
473.09
488.32
494.81
498.97
503.35
519.09
541.37
549.77
563.12
595.28
601.88
605.94
631.65
637.93
638.47
666.21
694.08
700.82
703.80
723.34
776.86
787.42
806.35
813.73
824.78
828.55
853.56
865.38
886.22
905.49
915.19
926.88
930.41
941.48
953.95
972.05
993.44
1003.90
1033.02
1047.85
1063.37
1077.79
1084.30
1088.19
1098.82
1112.23
1145.55
1158.81
1168.16
1176.67
1190.19
1204.42
1205.49
1214.39
1219.36
1224.47
1226.65
1252.69
1258.59
1283.54
1290.74
1305.13
1323.77
1337.48
1346.79
1353.80
1369.32
1372.59
1392.10
1403.93
1414.61
1446.91
1452.45
1454.39
1470.30
1486.71
1496.28
1500.11
1504.20
1520.14
1561.94
1576.61
1578.00
1612.45
1632.13
1650.58
1737.49
1754.12
1775.46
1790.09
1801.38
1827.65
1889.38
1895.85
1919.43
3034.97
3113.52
3122.71
3144.30
3208.50
3220.88
3227.88
3242.63
3243.03
3252.53
3256.76
3281.76
3536.42
3690.62
3773.19
3814.60
3823.62
3871.90
3966.95
$end
