
$molecule
   O     1.80030884   1.14190140   2.14455231
  O     1.98849457   5.43654329  -0.30433301
  O     1.96131486   3.29024747   2.75396650
  O     7.32127943   0.63552886   1.98873652
  O     6.51073094   0.81201129   4.06483591
  O    -1.71838470  -4.19324045  -2.59695461
  N     3.35197420   3.74191404   0.35089717
  N    -1.82805803   0.30698493  -1.06557190
  N    -2.99770744  -2.08584415  -1.18193905
  N    -5.59331472  -2.54642155  -0.38243333
  N    -3.60981099  -5.42707198  -2.41795560
  N    -5.55877680  -4.67874792  -1.34843497
  N    -5.48685142  -6.80446750  -2.28692920
  C     3.40563753   2.47316434   1.02427631
  C     4.76314656   2.28697484   1.66829364
  C     4.94977887   0.90347950   2.25931479
  C     2.15499749   4.25427050  -0.14126171
  C     1.10780203   3.22327466  -0.41846083
  C     2.31619500   2.37171338   2.07416267
  C    -0.86488356   1.27818708  -0.82315195
  C    -2.95066952   0.12763067  -0.19274392
  C    -0.12135754   3.32582519   0.21111802
  C     1.34076244   2.15030450  -1.27233733
  C    -1.09572039   2.36326675   0.02358193
  C     0.37224023   1.19417464  -1.47769310
  C     6.32602029   0.77136621   2.88239162
  C    -3.65214595  -1.16382311  -0.52379347
  C    -3.60511027  -3.24333194  -1.46097617
  C    -4.98412044  -1.41653942  -0.12035739
  C    -4.92040298  -3.49675929  -1.06394506
  C    -2.84872865  -4.27126001  -2.20282998
  C    -4.90741361  -5.59114072  -2.00075451
  H     3.22917105   1.66704249   0.31043234
  H     5.52106559   2.47960838   0.90670919
  H     4.89288514   3.03603776   2.45028006
  H     4.81655350   0.13437781   1.49475655
  H     4.22709488   0.71989474   3.04955964
  H     3.91505272   4.47417994   0.75888221
  H    -3.65857696   0.96173968  -0.28430783
  H    -2.66043729   0.09925165   0.86955211
  H    -0.31159278   4.15963588   0.87691218
  H     2.29078671   2.06353440  -1.78687380
  H    -1.47856162  -0.56212834  -1.44127288
  H    -2.04360132   2.45507645   0.53340715
  H     0.55805192   0.36167368  -2.14514246
  H    -5.54010053  -0.65742253   0.42863187
  H     1.11059167   1.14428944   2.82176561
  H    -3.13414425  -6.18452829  -2.88091093
  H     6.97443085   0.61624158   1.09216697
  H    -5.15277055  -7.31385847  -3.08877067
  H    -6.48312497  -6.82476176  -2.12904759
$end
$temperature
298.15
$end
$mult
 1
$end
$sigma
 1
$end
$pressure
1.00000
$end
$scale
1.0
$end
$msrrho
$end
$freq
8.76
14.10
17.25
24.21
28.19
36.42
49.43
53.41
67.01
70.40
79.86
94.50
103.45
116.92
123.24
152.08
159.78
163.19
188.99
208.23
214.48
223.62
262.34
291.29
319.79
331.21
348.07
355.23
372.41
388.67
428.37
448.67
455.71
464.59
473.44
486.35
489.75
502.74
530.38
534.10
551.40
573.24
584.69
595.94
602.11
606.90
632.99
638.36
655.57
673.56
677.55
696.50
705.33
718.31
768.35
786.80
802.36
812.78
814.47
828.09
835.47
858.45
868.33
890.93
909.56
912.53
927.08
930.81
949.57
951.34
993.87
1032.96
1050.62
1060.29
1084.06
1089.85
1091.48
1098.54
1126.65
1137.11
1145.83
1168.78
1184.05
1189.52
1193.52
1205.02
1211.63
1214.19
1218.79
1221.51
1235.24
1259.77
1283.30
1301.23
1308.04
1315.29
1321.18
1332.47
1346.88
1347.67
1369.80
1388.09
1394.68
1401.39
1439.13
1456.13
1465.60
1469.84
1481.60
1486.43
1489.54
1497.55
1500.31
1520.11
1564.01
1578.21
1613.04
1632.73
1646.81
1737.21
1753.11
1787.13
1789.98
1810.71
1866.50
1894.89
1921.00
1933.57
3032.55
3115.97
3117.12
3139.28
3203.74
3208.94
3226.81
3239.35
3245.15
3249.40
3252.07
3281.62
3692.07
3767.06
3769.66
3815.07
3825.59
3907.46
3985.41
$end
