
$molecule
   O     2.60462600   1.70035501   3.50388148
  O    -0.73567252  -0.95761462   2.04360043
  O     2.23034047  -0.01224271   2.16411958
  O    -0.63727102   4.31730762   5.10991829
  O     1.35482946   3.85276144   4.25189435
  O     1.05822396   1.24021715  -1.31549409
  N    -0.10655809   1.07487581   1.20744191
  N    -2.67074945  -1.21605697  -4.10705853
  N     0.16481451  -0.36050420  -3.46934113
  N     1.08710155  -2.95080274  -3.56617226
  N     2.02122000  -0.59236814  -0.43340167
  N     2.17619142  -2.66915032  -1.51874815
  N     2.98771004  -2.37687673   0.64907219
  C     0.48297654   1.60030473   2.39641152
  C    -0.44397910   1.40926146   3.57738723
  C     0.01243103   2.00381597   4.89619714
  C    -0.69364249  -0.16826853   1.13069228
  C    -1.31859426  -0.43528351  -0.20799649
  C     1.86264403   1.01538937   2.68007232
  C    -2.35568055  -0.94855805  -2.73776507
  C    -1.58670368  -0.79617319  -5.01789595
  C    -1.36359262  -1.73410504  -0.69195275
  C    -1.86107091   0.59279277  -0.96616682
  C    -1.88124569  -1.98800637  -1.94690750
  C    -2.37829543   0.33902189  -2.21984727
  C     0.31412048   3.47485178   4.73854622
  C    -0.30036363  -1.19180409  -4.37047723
  C     1.04487798  -0.79916271  -2.57502161
  C     0.22441512  -2.49665171  -4.44222236
  C     1.46297256  -2.13993706  -2.55486465
  C     1.37357246   0.07922396  -1.44491661
  C     2.38237677  -1.91263208  -0.47660374
  H     0.64297036   2.66973961   2.21598790
  H    -1.40169777   1.84988568   3.29804100
  H    -0.60492955   0.34620321   3.71858020
  H     0.91987992   1.52344200   5.25597709
  H    -0.76469738   1.84983267   5.64841302
  H     0.21694901   1.44845144   0.31956812
  H    -1.57058714   0.28693151  -5.17694420
  H    -1.74227535  -1.28327548  -5.98843089
  H    -0.96077108  -2.53908363  -0.09062854
  H    -1.85474322   1.60726446  -0.59256595
  H    -3.54516681  -0.77899946  -4.38044586
  H    -1.87974529  -2.99150789  -2.34823417
  H    -2.74591888   1.15374886  -2.82949002
  H    -0.10701088  -3.17464570  -5.22706670
  H     2.20583151   2.56406187   3.76610942
  H     2.12662069  -0.13103683   0.46332375
  H    -1.40722752   3.85279063   5.45511429
  H     2.87902910  -1.83057828   1.49203737
  H     3.08146536  -3.37720489   0.71427313
$end
$temperature
298.15
$end
$mult
 1
$end
$sigma
 1
$end
$pressure
1.00000
$end
$scale
1.0
$end
$msrrho
$end
$freq
24.29
36.71
43.91
52.72
73.29
78.12
97.60
100.69
111.76
122.13
129.49
141.24
148.27
170.96
185.56
189.58
195.00
203.06
249.66
257.33
284.78
291.69
296.95
338.32
364.86
370.40
389.40
393.01
396.73
432.04
449.27
454.50
472.58
477.48
486.44
507.63
525.56
529.90
554.60
564.13
595.49
611.30
622.27
642.85
653.64
655.74
680.21
691.67
702.24
711.30
727.80
756.75
774.36
799.73
809.82
822.05
823.95
832.88
855.93
865.29
866.21
902.81
911.35
914.83
929.80
940.80
951.14
971.72
988.85
1002.62
1028.40
1030.71
1057.66
1066.67
1073.64
1086.70
1092.15
1100.24
1112.91
1128.18
1131.53
1161.48
1179.84
1181.17
1201.95
1206.73
1212.09
1215.58
1226.38
1249.47
1255.03
1285.03
1292.51
1310.51
1313.21
1323.33
1331.69
1346.44
1351.29
1369.31
1379.00
1383.23
1415.64
1431.01
1436.82
1445.89
1450.80
1469.31
1469.74
1498.06
1500.65
1516.59
1524.09
1546.08
1581.70
1586.94
1630.02
1641.42
1648.14
1735.63
1744.63
1784.88
1798.58
1817.63
1856.70
1865.76
1885.61
1920.26
3074.32
3127.21
3154.50
3163.52
3164.43
3217.69
3234.83
3262.27
3266.90
3279.86
3285.40
3288.16
3450.91
3626.07
3646.85
3680.40
3712.76
3838.98
3958.71
$end
