
$molecule
   O     1.98126698  -1.75019298   7.38983586
  O     0.34562458   1.68997496   4.26547522
  O     1.83245017  -2.58486094   5.32273279
  O    -3.73513092   1.37184202   6.72872833
  O    -3.07475177  -0.41025867   7.90747782
  O    -2.56381919  -1.15488766  -6.46762185
  N     0.47028679  -0.56541032   4.35879215
  N     0.74566130   0.49374814  -2.00295126
  N    -0.24952122  -0.65587706  -4.87878236
  N     1.88946778   0.51161108  -6.17992274
  N    -1.50918355  -0.23268695  -8.24423298
  N     0.67675442   0.61281665  -8.17512440
  N    -0.53255729   0.67009151 -10.15898000
  C     0.63566690  -0.58011271   5.77871844
  C    -0.68661309  -0.72410820   6.50662693
  C    -1.61393381   0.41713354   6.19321477
  C     0.44705308   0.62943604   3.68301163
  C     0.52762343   0.52698594   2.19380994
  C     1.55039929  -1.74556218   6.13106991
  C     0.68978610   0.47317573  -0.61169483
  C     0.93117178  -0.72462689  -2.76396473
  C     0.31601022  -0.65267810   1.49049666
  C     0.81500247   1.68466298   1.47243803
  C     0.39287265  -0.68358778   0.11104086
  C     0.90135132   1.66417436   0.10007087
  C    -2.86873312   0.39205431   7.04127822
  C     0.86522222  -0.40909836  -4.23081592
  C    -0.32382900  -0.33645543  -6.17343107
  C     1.94817931   0.18284916  -4.91091824
  C     0.74736565   0.26303052  -6.84929668
  C    -1.57632731  -0.63330437  -6.90180342
  C    -0.41933710   0.36509604  -8.82347914
  H     1.11848363   0.35100812   6.09102109
  H    -1.15381067  -1.66437541   6.21913721
  H    -0.53216113  -0.77034686   7.58450924
  H    -1.91237897   0.39556951   5.14651760
  H    -1.12129724   1.37767053   6.35328012
  H     0.80751914  -1.38843274   3.88639828
  H     0.13026460  -1.42625335  -2.53334682
  H     1.88699054  -1.21486775  -2.52954688
  H     0.07213791  -1.57214503   2.00823640
  H     0.97413033   2.60915855   2.01427320
  H     1.26326114   1.28128415  -2.36068437
  H     0.21942824  -1.61376138  -0.40955922
  H     1.13036966   2.57247188  -0.44346766
  H     2.88036241   0.37992756  -4.38328502
  H     1.62390927  -0.99841511   7.87345823
  H    -2.31803441  -0.44787868  -8.80431241
  H    -3.37909333   1.92038628   6.02135699
  H     0.20661134   1.26381132 -10.50360995
  H    -1.45217154   0.84021401 -10.53217482
$end
$temperature
298.15
$end
$mult
 1
$end
$sigma
 1
$end
$pressure
1.00000
$end
$scale
1.0
$end
$msrrho
$end
$freq
7.55
9.26
20.81
22.55
32.05
32.73
47.14
56.03
63.18
77.02
86.10
89.46
96.64
124.21
137.99
145.72
147.59
164.15
193.56
219.20
232.27
235.24
259.20
304.07
317.54
339.66
346.13
352.77
386.52
403.92
430.34
445.74
447.91
473.69
486.93
490.21
505.00
507.85
521.76
530.18
549.11
551.98
571.15
587.37
598.86
603.67
615.07
626.21
653.44
662.80
673.22
697.40
702.91
712.44
727.52
776.44
788.61
804.14
816.88
835.58
852.98
861.15
885.02
894.21
918.70
921.63
932.56
945.14
957.48
1006.09
1019.56
1020.00
1046.34
1054.38
1057.87
1066.59
1087.89
1098.28
1150.13
1155.96
1158.28
1164.34
1175.38
1176.48
1182.04
1189.09
1194.92
1205.01
1219.92
1222.35
1239.05
1263.00
1287.15
1294.19
1296.20
1306.64
1339.36
1340.21
1347.20
1352.47
1372.28
1379.18
1387.36
1400.99
1425.71
1443.84
1452.98
1461.97
1470.85
1479.89
1491.29
1512.05
1512.32
1558.04
1572.46
1577.71
1616.95
1631.77
1646.41
1733.60
1740.76
1776.44
1788.44
1801.99
1834.40
1899.46
1920.13
1929.58
3066.14
3139.06
3161.82
3179.24
3211.16
3216.17
3220.59
3241.00
3242.29
3253.13
3257.83
3287.79
3693.77
3773.48
3815.88
3824.35
3827.29
3949.41
3970.16
$end
