
$molecule
   O    -2.17785541  -1.23025337  -2.89905971
  O    -4.20188193  -3.90734144  -0.39884005
  O    -0.14481750  -1.14700438  -1.96810969
  O    -2.06311493  -1.74082719  -6.16949718
  O    -0.12372548  -1.70414942  -5.06347204
  O     3.98571035   1.23211986   3.63549965
  N    -2.53381778  -3.67338883  -1.91390326
  N    -0.42030503   0.85146990   1.90492165
  N     1.66441153   2.40577849   2.48544349
  N     1.61016359   5.15846367   2.37989332
  N     4.83416031   3.30466297   3.97398440
  N     3.71630183   5.28353270   3.39581930
  N     5.82502928   5.37819397   4.37225714
  C    -1.18195753  -3.27561798  -2.22380685
  C    -0.72945077  -3.93821030  -3.50887710
  C    -1.55466183  -3.57981483  -4.71927269
  C    -3.17900507  -3.35642099  -0.71809900
  C    -2.51018776  -2.26080821   0.04768098
  C    -1.09601010  -1.76046265  -2.33922381
  C    -1.12999327  -0.16921249   1.28476645
  C    -0.50752599   2.20015715   1.42111534
  C    -2.98379401  -0.96247658  -0.03574974
  C    -1.36554377  -2.51770338   0.79326627
  C    -2.30191919   0.07409338   0.56817138
  C    -0.68759016  -1.49217195   1.40941071
  C    -1.16104591  -2.24149499  -5.31423789
  C     0.62974855   3.01910079   1.97281082
  C     2.68482242   3.13027133   2.95725952
  C     0.61813524   4.43357872   1.92611121
  C     2.67705672   4.52571053   2.91156111
  C     3.84289634   2.41863698   3.53228649
  C     4.74170509   4.67197298   3.90077304
  H    -0.47646814  -3.55303923  -1.43630691
  H     0.30741998  -3.66098009  -3.69490738
  H    -0.76220708  -5.02196109  -3.35548216
  H    -2.61986170  -3.58274661  -4.49419625
  H    -1.40175976  -4.32260049  -5.51107385
  H    -2.85537341  -4.54677899  -2.30216197
  H    -1.45997750   2.66291405   1.71256581
  H    -0.47080835   2.25407290   0.32258597
  H    -3.88230788  -0.74575856  -0.60092277
  H    -0.99031238  -3.53055991   0.88490224
  H     0.51761425   0.60217950   2.18425353
  H    -2.67342957   1.08377913   0.47596868
  H     0.21195609  -1.69594222   1.97653927
  H    -0.23779863   4.95624925   1.50078959
  H    -2.86881815  -1.89996032  -2.90297917
  H     5.67249051   2.87892582   4.33452590
  H    -2.81680454  -2.33071835  -6.26182239
  H     6.38348546   4.95605455   5.09631804
  H     5.64702297   6.36648622   4.47052055
$end
$temperature
298.15
$end
$mult
 1
$end
$sigma
 1
$end
$pressure
1.00000
$end
$scale
1.0
$end
$msrrho
$end
$freq
8.22
14.99
24.11
29.02
39.72
48.31
64.67
65.64
72.47
95.51
100.65
117.56
122.70
138.53
151.79
162.53
172.13
176.80
196.19
207.95
215.37
237.63
291.78
313.98
338.90
348.19
352.35
357.39
381.09
389.34
436.33
446.25
450.28
470.98
484.07
489.36
503.27
530.82
539.73
542.92
554.20
575.90
598.16
605.34
617.57
621.75
636.97
638.11
644.02
665.98
679.72
681.86
695.62
707.20
743.59
785.41
812.93
815.34
824.66
828.97
838.47
858.92
865.09
886.55
908.69
927.68
930.69
932.23
950.86
993.18
1004.64
1033.57
1044.10
1047.69
1055.29
1066.10
1085.62
1092.39
1099.71
1145.62
1150.80
1172.63
1175.23
1180.90
1190.34
1205.27
1205.42
1215.61
1220.02
1222.82
1235.17
1256.47
1268.32
1283.95
1304.33
1324.08
1334.03
1346.01
1347.36
1366.39
1372.66
1388.37
1400.51
1423.70
1431.20
1445.78
1452.97
1461.60
1462.00
1485.70
1494.00
1496.02
1498.84
1520.06
1567.70
1578.21
1612.38
1631.69
1646.57
1738.18
1755.28
1790.02
1791.56
1814.65
1870.03
1895.38
1940.33
1967.11
3044.12
3092.05
3101.42
3117.13
3197.00
3203.24
3209.10
3221.88
3237.84
3247.67
3251.29
3288.05
3689.56
3759.34
3789.38
3817.02
3822.99
3981.45
4005.33
$end
