
$molecule
   O     1.71686091   2.99977527   4.20868172
  O    -0.12198303   1.52363374   1.38583804
  O    -0.23058531   1.91755221   4.29270650
  O     4.74880491  -1.36511331   2.42644334
  O     2.62360076  -1.99984514   2.58915292
  O     1.09947618  -0.17982187  -1.15920671
  N     0.62595679  -0.09715253   2.74216586
  N    -2.31270494  -3.31738080  -1.97787269
  N    -1.02870061  -1.04287348  -2.82427913
  N    -2.46694043   0.91982888  -4.10062416
  N     0.18351477   1.88179750  -1.22258874
  N    -1.33398112   2.56902803  -2.88252826
  N    -0.60269267   4.06171574  -1.25016740
  C     1.60610388   0.75355086   3.32270152
  C     2.67666147   1.15008917   2.31808196
  C     3.06713584   0.01397918   1.39605503
  C    -0.13385906   0.34642966   1.71284270
  C    -0.86506894  -0.70669237   0.95644329
  C     0.91884616   1.95049885   3.98120941
  C    -1.93158517  -2.49442227  -0.91121529
  C    -2.72013494  -2.72015164  -3.24018346
  C    -2.04808638  -0.41188756   0.29241829
  C    -0.28215075  -1.95512641   0.75635281
  C    -2.59838997  -1.30833764  -0.60032493
  C    -0.80568320  -2.83462053  -0.15925972
  C     3.44407798  -1.22321907   2.17750834
  C    -2.11360158  -1.35690622  -3.47999490
  C    -0.69098780   0.23832363  -2.69421377
  C    -2.79273457  -0.34571026  -4.19877117
  C    -1.47473250   1.25676620  -3.24756073
  C     0.31173921   0.57173397  -1.66967130
  C    -0.61704582   2.81497073  -1.82294051
  H     2.07210882   0.18849312   4.14059576
  H     2.31926884   1.97139478   1.70121790
  H     3.56666130   1.50087994   2.84980437
  H     3.89768362   0.32861500   0.75990494
  H     2.24886584  -0.25298119   0.73639991
  H     0.73385275  -1.08883554   2.86938211
  H    -3.81160183  -2.59815402  -3.26917926
  H    -2.46654726  -3.42846301  -4.03877387
  H    -2.52782027   0.54512716   0.45973784
  H     0.63578315  -2.22659416   1.25743831
  H    -1.62231407  -4.04168730  -2.11455747
  H    -3.51037175  -1.05902733  -1.12112258
  H    -0.29324941  -3.76644886  -0.35878968
  H    -3.63663234  -0.60157590  -4.83908737
  H     2.60644989   2.82209847   3.89471799
  H     0.39066964   1.99231172  -0.23219816
  H     5.25799131  -0.66368845   2.00878887
  H    -0.35213254   4.10960804  -0.27464214
  H    -1.35979573   4.65851503  -1.54683634
$end
$temperature
298.15
$end
$mult
 1
$end
$sigma
 1
$end
$pressure
1.00000
$end
$scale
1.0
$end
$msrrho
$end
$freq
15.67
31.27
32.82
36.20
46.65
56.53
63.52
70.11
82.02
97.58
122.96
130.59
149.15
152.61
157.06
182.11
185.88
212.77
231.20
236.77
249.78
270.99
322.82
339.48
356.99
363.00
370.69
382.05
389.43
398.74
444.07
448.44
458.53
473.22
491.50
493.80
501.47
508.02
522.37
536.85
545.66
556.84
572.84
601.56
606.19
620.46
626.53
642.54
654.92
656.70
675.46
700.00
713.23
728.15
774.95
785.80
800.16
814.00
820.77
843.46
846.02
866.10
874.20
890.77
906.61
930.70
932.99
950.89
955.37
982.25
1019.88
1040.67
1055.54
1065.47
1070.04
1072.99
1090.54
1096.91
1121.62
1129.69
1140.28
1165.55
1173.24
1173.87
1183.68
1206.34
1213.40
1221.91
1230.21
1232.60
1252.73
1267.46
1285.16
1301.20
1320.38
1329.43
1337.42
1351.77
1358.50
1372.75
1385.16
1393.67
1410.18
1424.29
1438.88
1448.21
1455.04
1462.36
1469.64
1475.71
1479.63
1492.67
1513.18
1569.98
1583.88
1593.67
1617.68
1635.64
1657.16
1727.37
1751.71
1779.01
1788.91
1807.22
1819.27
1892.27
1911.25
1951.78
3053.34
3103.10
3132.15
3132.60
3136.50
3202.81
3233.63
3251.84
3257.97
3289.55
3296.07
3303.36
3632.08
3686.92
3733.76
3819.30
3856.81
3975.14
4031.82
$end
