
$molecule
   O     2.84970100  -2.71290437  -2.59124457
  O     1.71189992   0.15055106  -1.25613828
  O     3.73036623  -4.23634641  -1.20432827
  O     2.18975768   0.47736218   1.96843502
  O     1.55015340  -1.55031240   2.64567099
  O    -0.16646521   1.41064904   2.10094442
  N     1.72436967  -1.83558838  -0.18901534
  N    -4.54946162  -0.38348796  -0.01936132
  N    -2.71018913   1.75849266   0.99421338
  N    -2.89034096   3.22495059  -1.32613038
  N     0.72108194   2.29418090   0.22235544
  N    -0.55380655   3.29086405  -1.47761347
  N     1.75303945   2.97420521  -1.73618480
  C     3.12707097  -2.05597170  -0.35555562
  C     3.79190927  -2.40908756   0.94783255
  C     3.79997580  -1.23517791   1.90021854
  C     1.10487872  -0.73642512  -0.69245823
  C    -0.38174471  -0.72161270  -0.49475958
  C     3.29285944  -3.13745811  -1.40471515
  C    -3.14661935  -0.60311549  -0.18542978
  C    -4.87511796   0.83889180   0.74464780
  C    -1.17846676  -0.22881562  -1.51860602
  C    -0.97439208  -1.17750696   0.67482504
  C    -2.54980608  -0.18852498  -1.37097165
  C    -2.34581933  -1.10918307   0.82992972
  C     2.39597546  -0.79942326   2.22883262
  C    -3.85819782   1.86712942   0.37470306
  C    -1.62949652   2.31241642   0.45459719
  C    -3.94755135   2.67959569  -0.77522885
  C    -1.68357113   2.97824568  -0.77592392
  C    -0.33454240   1.97655859   1.04080129
  C     0.58559459   2.86591027  -1.01906811
  H     3.54076059  -1.13970049  -0.77723152
  H     3.25970296  -3.24393902   1.39848998
  H     4.81430330  -2.74157999   0.75422165
  H     4.33967358  -0.38667114   1.48143533
  H     4.29030315  -1.51835111   2.83688927
  H     1.18411020  -2.49888744   0.33607566
  H    -4.81775111   0.67902955   1.82647996
  H    -5.90031738   1.14044491   0.49591182
  H    -0.71660535   0.13139915  -2.42878792
  H    -0.36720075  -1.52533670   1.49942549
  H    -5.00415051  -1.18742800   0.40097127
  H    -3.17443205   0.19859037  -2.16314488
  H    -2.79597964  -1.40514313   1.76824639
  H    -4.91183733   2.84397139  -1.25362320
  H     2.94883187  -3.43632694  -3.22463017
  H     1.62824351   1.94437595   0.49141284
  H     1.25962741   0.74952313   2.19550705
  H     2.29437729   2.11619391  -1.69619951
  H     1.57529569   3.30077406  -2.67672321
$end
$temperature
298.15
$end
$mult
 1
$end
$sigma
 1
$end
$pressure
1.00000
$end
$scale
1.0
$end
$msrrho
$end
$freq
10.20
30.23
40.44
59.73
63.48
71.63
84.49
93.68
105.85
113.50
120.67
125.02
142.61
156.41
173.36
187.63
190.89
208.50
209.37
255.76
273.84
289.87
305.58
327.73
350.40
362.75
381.69
387.84
402.05
418.13
436.74
453.39
458.48
475.98
500.82
507.81
522.43
534.59
545.79
560.97
586.84
609.02
613.30
639.28
647.97
654.15
657.50
677.50
688.20
699.43
706.84
711.25
750.91
762.54
790.39
810.50
834.38
839.52
854.13
877.34
886.16
905.14
914.36
920.61
929.29
943.63
964.08
969.49
999.92
1021.42
1031.76
1046.13
1063.58
1067.34
1074.11
1078.15
1086.82
1101.81
1107.10
1128.34
1146.20
1164.67
1179.90
1182.07
1197.58
1203.23
1211.76
1219.07
1239.32
1249.16
1252.45
1279.13
1292.37
1299.70
1303.11
1316.22
1325.36
1330.13
1337.95
1353.28
1368.96
1385.97
1402.65
1432.02
1438.87
1439.83
1449.43
1464.50
1468.89
1496.02
1503.58
1519.95
1522.36
1545.32
1578.61
1599.10
1619.14
1640.78
1646.29
1737.61
1753.02
1786.51
1793.31
1813.56
1843.57
1862.46
1898.47
1916.00
3072.70
3108.71
3134.01
3161.20
3206.93
3217.49
3226.55
3244.31
3264.40
3268.01
3287.02
3287.94
3297.01
3612.75
3633.38
3751.61
3808.00
3887.71
3905.18
$end
