
$molecule
  S     1.16975986   1.22250098   2.08491626
  O    -0.16334925   2.09427957  -3.40089877
  O    -1.30919691  -4.77072135   0.44717640
  O    -2.28568284  -3.17609418  -0.77729040
  N     1.38403101   1.46144662  -1.79688368
  N    -0.41556693   2.56818176  -1.14156437
  C     1.65658033   1.78576974  -0.43326277
  C     0.48622869   2.67752580  -0.03055087
  C     1.76349422   0.58899063   0.49790510
  C    -0.10368128   2.20794000   1.28287404
  C     1.12121012  -0.68471637  -0.00581269
  C    -0.37108661  -0.67172467  -0.27941459
  C     0.22285773   2.05125744  -2.26572666
  C    -1.24510367  -1.08949933   0.89118463
  C    -1.12430358  -2.55663892   1.25007113
  C    -1.64314817  -3.49023329   0.18959346
  H     2.59423538   2.34777441  -0.34926405
  H     0.83246563   3.71182170   0.08591516
  H     2.82051114   0.35268824   0.66330616
  H    -0.38429500   3.03360909   1.93744930
  H    -0.98962507   1.61476289   1.09390981
  H     1.64549585  -0.95027741  -0.92911846
  H     1.36021229  -1.47709898   0.70540695
  H     2.10468950   1.24315757  -2.46267273
  H    -1.12080120   3.26745367  -1.31114071
  H    -0.66744477   0.31380005  -0.61398092
  H    -0.57924298  -1.34421439  -1.11184810
  H    -0.99556017  -0.50553608   1.77850883
  H    -2.28904385  -0.88425539   0.64007441
  H    -1.69231409  -2.78249401   2.15981700
  H    -0.09336470  -2.84569046   1.45799004
  H    -1.68896069  -5.31376533  -0.25666891
$end
$temperature
298.15
$end
$mult
 1
$end
$sigma
 1
$end
$pressure
1.00000
$end
$scale
1.0
$end
$msrrho
$end
$freq
23.74
26.67
44.74
73.56
88.09
101.55
118.84
177.63
192.25
249.03
278.72
319.23
343.88
395.83
404.76
432.30
456.50
509.02
527.21
541.54
542.72
596.74
652.59
666.00
682.42
709.23
748.23
797.63
809.79
846.05
854.57
875.22
880.25
922.50
952.59
978.43
1014.47
1042.17
1047.94
1080.93
1123.29
1134.69
1153.48
1164.02
1170.17
1180.61
1200.52
1207.79
1225.66
1233.81
1245.86
1253.32
1288.82
1322.91
1324.83
1335.00
1364.47
1379.36
1380.37
1396.74
1407.73
1426.42
1434.54
1442.57
1454.65
1460.23
1465.64
1473.45
1478.13
1480.37
1497.68
1498.60
1901.97
1934.41
3092.46
3095.77
3112.76
3121.68
3129.11
3139.71
3152.04
3168.15
3182.12
3190.02
3205.14
3284.67
3322.68
3793.30
3835.72
3901.10
$end
