
$molecule
  S    -2.90711851  -0.25834119   1.01019129
  O     1.46116241   2.11321462   2.78067604
  O     2.10095747   1.33078293  -0.93401559
  O     0.57379664   2.21976436  -2.28917342
  N     0.37841758   0.68267603   1.31085550
  N     0.04690425   0.41065552   3.48281657
  C    -0.28145416  -0.57902688   1.44887192
  C    -0.93651907  -0.38486373   2.79854301
  C    -1.32003392  -0.91119256   0.40450701
  C    -2.21399781   0.38091392   2.54038463
  C    -0.98859315  -0.42822724  -0.98689923
  C     0.12706734  -1.23526746  -1.63670177
  C     0.72731503   1.19063604   2.55266127
  C     0.50882808  -0.73383656  -3.02935227
  C     1.67927411   0.24119431  -3.03873044
  C     1.40286060   1.38351930  -2.08855312
  H     0.45713856  -1.39212129   1.48553690
  H    -1.14165263  -1.32335449   3.32311675
  H    -1.44145138  -1.99769003   0.37963207
  H    -2.94500748   0.28003572   3.34256754
  H    -1.98261633   1.43351249   2.42236631
  H    -1.88117407  -0.51767153  -1.61095088
  H    -0.74300776   0.62701174  -0.95529100
  H     0.94725341   0.95521651   0.52547542
  H    -0.09084748   0.78076204   4.40741713
  H     1.00700990  -1.24798050  -0.99293307
  H    -0.20275054  -2.27669992  -1.71047564
  H     0.77864368  -1.58088964  -3.67201922
  H    -0.35104367  -0.24553411  -3.49176313
  H     1.81145125   0.66436324  -4.03804374
  H     2.60770594  -0.26559376  -2.76696345
  H     2.81148170   0.68403213  -0.97375339
$end
$temperature
298.15
$end
$mult
 1
$end
$sigma
 1
$end
$pressure
1.00000
$end
$scale
1.0
$end
$msrrho
$end
$freq
24.01
39.74
61.56
73.06
105.54
121.89
127.67
155.23
176.73
213.30
257.01
275.02
351.87
407.75
413.19
447.71
462.45
474.21
477.28
500.85
585.96
603.00
645.07
682.40
731.81
757.65
779.75
787.61
801.34
844.54
858.69
878.18
937.92
955.11
968.14
986.93
1007.69
1035.52
1054.60
1080.62
1105.57
1109.43
1131.57
1135.55
1157.15
1176.10
1192.06
1214.55
1221.54
1246.43
1254.32
1275.45
1277.09
1314.62
1326.08
1333.05
1350.57
1358.60
1376.04
1396.25
1408.29
1424.73
1426.15
1440.62
1457.43
1469.49
1471.38
1476.47
1482.69
1486.47
1490.91
1503.68
1931.54
1936.82
3066.49
3087.25
3102.58
3104.05
3131.39
3148.05
3152.22
3165.16
3166.34
3182.33
3190.99
3264.66
3289.35
3813.77
3822.80
3995.73
$end
