
$molecule
 S    -3.007662  -0.951420   0.848813
 O     2.349325   0.319236   1.938802
 O     2.514809   1.311571  -0.593066
 O     2.212468  -0.791899  -1.351338
 N     0.926706  -1.348510   1.175730
 N     0.189495   0.033462   2.737865
 C    -0.493570  -1.604640   1.237914
 C    -0.905732  -0.900147   2.556738
 C    -1.343269  -1.033787   0.079520
 C    -2.270764  -0.231724   2.365493
 C    -0.860363   0.293862  -0.510433
 C    -0.781368   0.306015  -2.034653
 C     1.272327  -0.280121   1.954327
 C     0.100743   1.433113  -2.576171
 C     1.581992   1.049145  -2.750927
 C     2.152903   0.418361  -1.513429
 H    -0.696903  -2.670321   1.302971
 H    -0.950085  -1.624070   3.372861
 H    -1.412039  -1.785666  -0.704458
 H    -2.948324  -0.407162   3.195704
 H    -2.142355   0.841095   2.240974
 H    -1.508054   1.105115  -0.181348
 H     0.116832   0.530824  -0.103378
 H     1.450454  -1.464978   0.314342
 H     0.342563   0.532852   3.595613
 H    -0.390745  -0.650250  -2.387326
 H    -1.789692   0.390803  -2.442764
 H    -0.259630   1.755242  -3.553265
 H     0.030402   2.303638  -1.922637
 H     2.154000   1.937996  -3.012174
 H     1.676177   0.324520  -3.556195
 H     2.689359   0.857844   0.275897
$end
$temperature
298.15
$end
$mult
 1
$end
$sigma
 1
$end
$pressure
1.00000
$end
$scale
0.97
$end
$msrrho
$end
$freq
47.23
84.75
98.40
110.12
118.56
141.12
151.44
172.71
193.07
247.56
251.73
315.75
330.37
379.30
410.39
435.57
448.65
459.81
510.78
529.33
591.53
595.82
668.81
701.37
721.13
723.85
740.14
757.81
780.46
797.91
799.71
812.86
883.84
910.65
915.18
936.18
958.31
972.92
1000.70
1041.71
1045.82
1066.85
1074.96
1078.11
1107.40
1122.73
1155.15
1173.34
1188.79
1223.59
1234.12
1247.90
1271.79
1279.49
1288.39
1302.56
1338.75
1341.85
1351.28
1357.98
1366.71
1379.41
1394.32
1399.55
1426.71
1436.08
1444.82
1484.24
1486.38
1492.24
1502.69
1505.64
1714.05
1747.27
2991.55
2992.62
3001.23
3022.57
3027.42
3031.20
3035.09
3041.78
3044.04
3057.88
3086.54
3095.02
3098.73
3188.42
3422.94
3600.70
$end
