
$molecule
  S     0.82108646   1.24308398   2.25050144
  O    -0.41723164   2.12780247  -3.25108658
  O    -0.10883988  -2.98925140   2.08346623
  O    -2.16582529  -3.59435622   1.44658981
  N     1.14584285   1.63730981  -1.61352015
  N    -0.78479995   2.52010188  -0.99238230
  C     1.33395693   1.94342284  -0.23021301
  C     0.06356752   2.69553798   0.15278665
  C     1.52886498   0.73211262   0.66592210
  C    -0.51420872   2.13516510   1.43662784
  C     1.01335598  -0.57557906   0.11004134
  C    -0.47382611  -0.67616213  -0.11404621
  C    -0.06019353   2.10612166  -2.10513049
  C    -0.88446498  -1.91406466  -0.89414001
  C    -0.48628264  -3.22924099  -0.23913720
  C    -1.03253963  -3.31174301   1.16011264
  H     2.20479875   2.59525362  -0.09372553
  H     0.29336340   3.75785115   0.30154178
  H     2.59773842   0.58846260   0.85665072
  H    -0.88385557   2.91341824   2.10520331
  H    -1.34017854   1.47174421   1.20803341
  H     1.53283970  -0.75635732  -0.83380814
  H     1.32517129  -1.36764389   0.79071303
  H     1.90890201   1.52981699  -2.25894264
  H    -1.56148613   3.13751384  -1.16696678
  H    -0.98263341  -0.67560440   0.84746196
  H    -0.82655743   0.19403217  -0.65549487
  H    -1.97237288  -1.90680949  -1.01845993
  H    -0.44821717  -1.88308373  -1.89836329
  H     0.59631304  -3.33889692  -0.19433182
  H    -0.89662767  -4.06718145  -0.80979516
  H    -0.52566020  -3.04277654   2.95389184
$end
$temperature
298.15
$end
$mult
 1
$end
$sigma
 1
$end
$pressure
1.00000
$end
$scale
1.0
$end
$msrrho
$end
$freq
24.04
32.95
43.56
64.20
85.36
113.52
145.23
167.38
175.59
223.43
299.02
307.94
333.94
390.65
407.29
444.30
454.95
483.70
530.17
545.12
577.74
600.93
624.70
686.18
720.79
749.65
784.83
800.66
804.24
841.69
856.46
867.40
881.62
931.37
948.58
975.77
993.74
1040.13
1049.15
1106.22
1116.85
1134.33
1141.77
1153.83
1168.30
1183.42
1206.91
1214.22
1223.39
1234.00
1250.39
1269.88
1302.46
1323.59
1336.00
1344.33
1358.21
1366.44
1379.43
1387.99
1406.86
1424.12
1433.85
1435.03
1461.96
1465.91
1468.22
1478.37
1484.54
1489.95
1499.57
1501.90
1898.79
1932.20
3071.41
3118.30
3121.60
3126.03
3128.11
3140.61
3147.78
3148.50
3199.57
3212.83
3217.63
3268.19
3310.02
3794.70
3834.46
3906.54
$end
