
$molecule
  S    -1.28232828  -0.62561640   1.44278789
  O     2.46141625   1.73271017   3.25402069
  O    -2.89569621   2.32675216  -2.75715615
  O    -1.66502188   2.42118317  -0.89518765
  N     1.84453028   0.30010820   1.54014417
  N     1.14675189  -0.15003025   3.57883118
  C     1.32766545  -1.02443249   1.42990563
  C     0.84116653  -1.34009774   2.84687859
  C     0.15443281  -1.11880661   0.47107151
  C    -0.65110412  -1.60690546   2.80501738
  C     0.32714977  -0.30645573  -0.78474848
  C    -0.78310076  -0.54840064  -1.78805252
  C     1.89105549   0.75704152   2.84590956
  C    -0.62396382   0.22895830  -3.08620037
  C    -0.56966837   1.73877109  -2.89551951
  C    -1.74648495   2.21561890  -2.07247052
  H     2.11840322  -1.71644083   1.10610123
  H     1.36686421  -2.20446854   3.27841627
  H     0.01530515  -2.16996439   0.21031733
  H    -0.84728019  -2.66445410   2.62417649
  H    -1.13340404  -1.32474851   3.73777407
  H     0.36192705   0.74563931  -0.52068975
  H     1.29090977  -0.56180242  -1.23871037
  H     2.52046910   0.66953298   0.89550969
  H     1.25249044  -0.14576785   4.57847175
  H    -0.83250771  -1.61561934  -2.02872356
  H    -1.73483990  -0.29251417  -1.32246474
  H     0.28973303  -0.08381592  -3.60450163
  H    -1.45960731  -0.02387473  -3.74929443
  H    -0.55559915   2.24912738  -3.86387849
  H     0.32819818   2.02932445  -2.35404323
  H    -2.75786191   2.10944846  -3.68369205
$end
$temperature
298.15
$end
$mult
 1
$end
$sigma
 1
$end
$pressure
1.00000
$end
$scale
1.0
$end
$msrrho
$end
$freq
17.48
26.10
34.83
51.91
91.30
98.57
111.49
159.86
192.00
201.44
263.65
298.94
315.65
365.49
420.75
456.80
464.76
469.66
487.73
532.46
571.49
609.37
620.41
649.24
700.80
726.08
771.46
783.53
799.57
855.78
862.17
896.55
919.09
932.35
952.82
976.45
1016.81
1044.50
1053.40
1085.91
1102.97
1105.92
1124.78
1143.82
1170.58
1192.84
1194.87
1209.35
1224.72
1227.94
1278.91
1285.99
1296.99
1315.39
1333.22
1341.45
1346.13
1364.83
1368.96
1387.23
1407.90
1426.68
1434.95
1449.86
1457.11
1464.99
1474.37
1479.98
1482.18
1485.61
1490.94
1516.56
1924.08
1932.02
3055.95
3082.96
3087.68
3093.37
3098.80
3104.27
3130.43
3135.49
3168.33
3201.29
3223.91
3226.33
3266.58
3831.19
3848.25
3984.00
$end
