
$molecule
  S    -1.69241962   0.40080028   0.16463262
  O    -2.18880532  -4.33021130  -0.28054731
  O     3.97589544   2.63056162   1.39466931
  O     3.69121608   1.87119566   3.47534713
  N    -0.82315699  -2.56084386  -0.89330027
  N    -3.00309509  -2.31669654  -1.09254827
  C    -0.95643187  -1.36214938  -1.65522310
  C    -2.47115789  -1.19149279  -1.79600352
  C    -0.37865648  -0.15047417  -0.94077119
  C    -2.87932872   0.11597604  -1.14756887
  C     0.94235567  -0.43746701  -0.27297908
  C     1.63775865   0.78168807   0.32033047
  C    -2.02814132  -3.21659847  -0.70028273
  C     1.11883126   1.17097811   1.69257880
  C     1.72975468   2.45282979   2.24232064
  C     3.22180937   2.29489401   2.45741274
  H    -0.46538082  -1.47367799  -2.63229436
  H    -2.79006407  -1.20559639  -2.84840438
  H    -0.24238336   0.64312648  -1.67854182
  H    -2.83542162   0.93433691  -1.86692377
  H    -3.88874346   0.06612668  -0.74683821
  H     0.80773897  -1.19374537   0.49761683
  H     1.60026886  -0.87575701  -1.03344999
  H     0.00772157  -3.12568414  -0.92548175
  H    -3.92753696  -2.67181112  -1.26646353
  H     2.70643143   0.56109820   0.39179143
  H     1.53408515   1.62366304  -0.36946384
  H     0.03646728   1.30207362   1.65084269
  H     1.31759673   0.36235951   2.40038763
  H     1.29220629   2.68173563   3.21589800
  H     1.53173066   3.29572120   1.57551329
  H     3.41885551   2.92304068   0.66774440
$end
$temperature
298.15
$end
$mult
 1
$end
$sigma
 1
$end
$pressure
1.00000
$end
$scale
1.0
$end
$msrrho
$end
$freq
21.83
26.40
37.99
67.92
73.95
99.60
113.90
145.00
183.45
206.90
256.80
285.87
326.38
359.65
440.10
461.57
464.72
469.34
486.36
515.64
566.79
601.16
618.82
655.63
694.11
728.39
773.04
782.76
823.66
856.68
874.01
894.96
910.73
927.51
953.72
982.66
1035.56
1045.85
1059.35
1071.15
1101.43
1105.52
1119.90
1141.56
1166.90
1191.98
1196.03
1211.91
1221.77
1240.12
1264.67
1284.51
1307.76
1314.47
1336.37
1340.48
1345.15
1364.66
1366.28
1380.98
1389.31
1428.65
1444.35
1450.22
1456.97
1463.59
1467.40
1479.59
1481.29
1484.06
1487.07
1515.09
1917.45
1934.47
3070.49
3085.86
3090.72
3098.22
3103.30
3126.83
3139.13
3164.20
3166.11
3191.23
3209.00
3219.86
3229.60
3827.46
3835.92
3991.99
$end
