
$molecule
  S    -0.45189629   0.99077933   2.28611610
  O    -1.12309553   2.55137793  -2.22623750
  O    -1.05716523  -2.45886744  -3.04354709
  O    -2.82707948  -1.94162649  -1.78022162
  N     0.39048280   1.42559461  -0.87982928
  N    -0.58982877   3.22911972  -0.07356021
  C     1.13909604   1.71945739   0.29829247
  C     0.48402138   2.99328155   0.84019863
  C     1.05706044   0.63902770   1.36224235
  C    -0.02101502   2.73060326   2.24541743
  C     1.17265899  -0.78400989   0.85898322
  C    -0.09486282  -1.37193953   0.27389749
  C    -0.52419140   2.42096520  -1.19519208
  C     0.11924112  -2.76229194  -0.29672213
  C    -1.16829821  -3.37614548  -0.82914383
  C    -1.79096378  -2.52501177  -1.91728714
  H     2.19483176   1.88489477   0.04070214
  H     1.18310789   3.84242730   0.84510683
  H     1.88675966   0.81829053   2.05283305
  H     0.75790800   2.93795802   2.97992616
  H    -0.88621680   3.34609507   2.47986349
  H     1.98001230  -0.81715447   0.11999358
  H     1.50016732  -1.41453281   1.69135135
  H     0.79745366   0.93006068  -1.65449928
  H    -1.00655025   4.13810378  -0.18212840
  H    -0.85890254  -1.41962341   1.05126678
  H    -0.48687398  -0.71582669  -0.49642731
  H     0.86794994  -2.72158127  -1.09406669
  H     0.52683195  -3.42732187   0.47273879
  H    -1.90968611  -3.46226995  -0.03562551
  H    -0.98034326  -4.37959695  -1.22774553
  H    -0.28061378  -3.02023685  -2.96669626
$end
$temperature
298.15
$end
$mult
 1
$end
$sigma
 1
$end
$pressure
1.00000
$end
$scale
1.0
$end
$msrrho
$end
$freq
15.36
24.19
37.08
55.61
70.51
99.95
121.39
159.42
177.72
235.12
251.20
258.91
316.53
360.54
433.24
456.48
482.22
497.49
508.93
546.92
566.24
598.46
613.36
662.44
703.60
733.94
751.07
784.46
801.56
845.04
861.81
891.32
923.25
928.42
945.42
957.41
1033.46
1046.57
1051.91
1079.24
1097.54
1107.28
1117.98
1154.25
1159.33
1191.84
1198.64
1216.95
1236.22
1239.20
1266.09
1285.74
1313.00
1322.43
1332.44
1345.77
1350.69
1357.80
1367.81
1389.19
1413.90
1420.11
1431.50
1451.23
1457.04
1467.51
1469.65
1476.62
1480.03
1484.25
1493.11
1510.63
1924.46
1939.05
3065.12
3072.51
3088.56
3089.40
3097.23
3137.39
3137.92
3139.10
3147.60
3159.36
3207.44
3227.84
3274.86
3821.32
3830.24
3991.70
$end
