
$molecule
  S    -2.59231027   0.47982664   1.69026366
  O     1.22046968   3.22894658   2.61158818
  O     3.23942192  -1.75800926  -2.65076323
  O     2.00477811  -1.22178260  -0.87547261
  N     0.49728489   1.58213801   1.14973852
  N     0.07473460   1.33483856   3.29961470
  C     0.01867962   0.24061157   1.24966492
  C    -0.21490417   0.04678859   2.74983358
  C    -1.29492635   0.03803633   0.51420262
  C    -1.65969011  -0.34506231   2.98034119
  C    -1.42870124   0.81047224  -0.77208354
  C    -0.34534971   0.49532558  -1.79010082
  C     0.66805936   2.18515124   2.38500756
  C    -0.37142794  -0.93160710  -2.30074634
  C     0.90982766  -1.31706240  -3.00896101
  C     2.08538034  -1.42134888  -2.05632808
  H     0.76381678  -0.45669479   0.85402836
  H     0.45647765  -0.71545383   3.17169140
  H    -1.40743739  -1.02833394   0.31990385
  H    -1.78280200  -1.42547646   2.89605650
  H    -2.00510442  -0.03782737   3.96497515
  H    -2.41061812   0.59909583  -1.20571967
  H    -1.40125102   1.87704679  -0.54929003
  H     1.13353350   1.86009097   0.42346085
  H     0.30151274   1.46366532   4.27049978
  H    -0.44106778   1.18515886  -2.63621536
  H     0.62227074   0.68888801  -1.33979282
  H    -0.51366340  -1.62340409  -1.47342145
  H    -1.21606528  -1.07390638  -2.98417582
  H     1.17248239  -0.59145163  -3.78560358
  H     0.80603911  -2.28957176  -3.50486108
  H     3.11055011  -1.87908833  -3.59733537
$end
$temperature
298.15
$end
$mult
 1
$end
$sigma
 1
$end
$pressure
1.00000
$end
$scale
1.0
$end
$msrrho
$end
$freq
18.88
48.23
54.18
56.42
94.61
101.87
127.52
166.82
202.87
260.21
263.65
284.97
309.68
355.46
427.58
448.31
471.16
486.70
503.95
566.79
569.79
596.34
622.82
629.19
677.63
717.01
731.91
774.49
808.08
860.48
877.96
895.43
912.76
936.29
951.60
975.20
1036.37
1048.74
1050.86
1086.34
1100.38
1119.86
1134.56
1157.24
1165.26
1194.56
1197.89
1203.34
1221.13
1234.45
1267.08
1285.98
1301.83
1324.25
1329.51
1342.48
1355.40
1364.78
1369.57
1386.35
1402.08
1436.49
1442.62
1447.91
1458.19
1463.32
1468.24
1473.73
1478.79
1480.50
1489.33
1518.14
1917.34
1927.80
3072.57
3085.05
3089.87
3097.31
3108.82
3135.14
3147.48
3187.58
3191.40
3211.42
3223.31
3225.64
3272.34
3829.71
3846.31
3956.56
$end
