
$molecule
  S    -0.61220643  -0.00086010   1.33870039
  O     3.27976098   2.36335049   2.79416172
  O    -2.77757358  -1.66713673  -2.71835584
  O    -4.38840384  -0.74084353  -1.47576972
  N     2.51391270   0.92860076   1.14349944
  N     2.00859791   0.47530614   3.23776464
  C     1.98391343  -0.39475337   1.07908390
  C     1.63473046  -0.71282201   2.53509331
  C     0.72594494  -0.47957138   0.22913006
  C     0.14601063  -0.97730260   2.63534509
  C     0.81891879   0.32528354  -1.04256435
  C    -0.35516496   0.13836449  -1.99624725
  C     2.67977172   1.38422322   2.44015133
  C    -1.56456261   0.98458355  -1.64809510
  C    -2.77501999   0.70066613  -2.52881492
  C    -3.41860210  -0.61359127  -2.17545662
  H     2.73772804  -1.08778270   0.67924444
  H     2.19768021  -1.57889815   2.91265356
  H     0.55833102  -1.52864073  -0.02341112
  H    -0.06956783  -2.03401877   2.47383269
  H    -0.24670529  -0.69329836   3.60858129
  H     0.93719854   1.37973869  -0.80080925
  H     1.73725326   0.01395843  -1.55574148
  H     3.13509349   1.29199324   0.44222396
  H     2.20347652   0.47934171   4.22393645
  H    -0.02722655   0.39704828  -3.00895080
  H    -0.63406643  -0.91316113  -2.02337330
  H    -1.84505560   0.82984945  -0.60706480
  H    -1.30781158   2.04429744  -1.74852564
  H    -2.49108836   0.67578212  -3.58257096
  H    -3.53239249   1.47554168  -2.38689234
  H    -3.25287501  -2.46524854  -2.45075877
$end
$temperature
298.15
$end
$mult
 1
$end
$sigma
 1
$end
$pressure
1.00000
$end
$scale
1.0
$end
$msrrho
$end
$freq
7.22
25.34
31.86
58.80
96.48
105.48
118.82
156.09
182.53
225.84
265.75
274.12
301.28
357.78
421.65
439.57
461.00
475.05
502.99
566.13
585.20
600.86
616.12
656.03
692.92
728.37
777.99
787.92
815.61
855.87
877.95
892.16
905.57
927.33
951.49
980.62
1030.44
1045.65
1055.45
1089.59
1103.67
1104.92
1128.72
1143.31
1172.62
1190.76
1193.19
1207.58
1221.36
1230.10
1271.37
1284.54
1310.49
1314.25
1337.33
1342.75
1344.87
1363.30
1366.34
1380.45
1388.72
1432.07
1443.83
1449.87
1457.12
1463.81
1469.85
1475.83
1479.92
1481.97
1486.75
1517.18
1897.18
1931.97
3067.24
3083.94
3089.37
3096.62
3100.04
3114.64
3138.47
3166.59
3195.23
3207.50
3220.90
3228.73
3232.26
3830.74
3841.70
3904.19
$end
