
$molecule
  S    -1.44689642  -0.27482461   0.94977276
  O     3.02528321   1.37441102   3.25674194
  O    -0.92291188   2.91125849  -3.52460436
  O    -0.30229360   0.94797981  -4.38415243
  N     1.90241369   0.16789539   1.62127812
  N     1.28277786  -0.08493339   3.73252970
  C     1.04175079  -0.97860097   1.64022940
  C     0.28090850  -0.72372398   2.92272397
  C     0.09492922  -1.10606904   0.46620365
  C    -0.84806317   0.21509270   2.56827211
  C     0.69615151  -0.61343179  -0.82855194
  C    -0.02403406  -1.07671134  -2.08633204
  C     2.18350896   0.58786315   2.91965264
  C    -1.44072969  -0.56697101  -2.27503211
  C    -1.56308210   0.93828800  -2.33735798
  C    -0.86089352   1.56659293  -3.52333508
  H     1.63950090  -1.89815692   1.71083243
  H    -0.10119571  -1.63712184   3.38926507
  H    -0.16351027  -2.16190992   0.35354936
  H    -1.67015825   0.19056547   3.28316368
  H    -0.46752778   1.22951581   2.52327219
  H     0.77320586   0.47111713  -0.80518296
  H     1.72280979  -0.99457749  -0.88580523
  H     2.64163739   0.26944553   0.94671567
  H     1.11763566   0.25327787   4.66444694
  H     0.57264678  -0.77509344  -2.94907636
  H    -0.05033108  -2.17219598  -2.09114147
  H    -1.83313391  -0.98686003  -3.20501859
  H    -2.08006771  -0.92412129  -1.46336768
  H    -1.17121418   1.39959543  -1.43000652
  H    -2.61825522   1.22804585  -2.40363337
  H    -1.41086155   3.22435848  -2.75605151
$end
$temperature
298.15
$end
$mult
 1
$end
$sigma
 1
$end
$pressure
1.00000
$end
$scale
1.0
$end
$msrrho
$end
$freq
22.10
34.34
48.20
55.59
82.40
117.17
133.60
158.21
176.53
239.01
289.32
316.62
363.07
393.42
412.97
446.36
450.19
465.28
496.65
530.57
555.26
590.04
623.75
664.66
675.35
713.98
753.31
799.56
805.50
845.33
878.19
880.16
902.59
937.84
986.69
996.50
1018.54
1031.15
1053.08
1068.15
1105.69
1127.30
1132.68
1141.21
1170.63
1182.71
1196.87
1210.51
1222.78
1242.31
1247.48
1273.57
1304.75
1314.55
1323.10
1331.35
1340.84
1358.58
1382.74
1395.05
1408.17
1434.78
1438.08
1449.67
1460.71
1462.83
1468.47
1471.54
1475.98
1484.95
1486.05
1494.36
1923.88
1936.42
3073.55
3082.92
3090.04
3105.37
3105.58
3153.93
3156.47
3166.28
3174.43
3192.51
3199.00
3224.12
3262.69
3823.22
3830.10
3960.71
$end
