
$molecule
  S    -2.20632991   1.31426288   1.76953013
  O    -2.66872473  -3.43609675   1.52758148
  O     5.25299493  -0.00321864  -1.72989755
  O     4.49586023   0.90878582   0.16611541
  N    -1.37839943  -1.68249906   0.73511746
  N    -3.56775258  -1.46263038   0.70562042
  C    -1.58269122  -0.50650812  -0.04388707
  C    -3.10658574  -0.35627034  -0.07392292
  C    -0.97019792   0.72862706   0.58948178
  C    -3.48212707   0.97116904   0.55587470
  C     0.36996536   0.50083693   1.23938618
  C     1.45456108   0.02465553   0.28232557
  C    -2.55484364  -2.33827327   1.05225274
  C     1.81344610   1.03161788  -0.79252542
  C     2.96291698   0.57261862  -1.67054595
  C     4.28750939   0.52543408  -0.95476896
  H    -1.17210635  -0.64090764  -1.05360970
  H    -3.50397169  -0.41318917  -1.09797251
  H    -0.88319643   1.49780177  -0.17849983
  H    -3.50026349   1.76112528  -0.19608865
  H    -4.46166399   0.92601562   1.02625995
  H     0.69575430   1.43486096   1.70506184
  H     0.25608369  -0.22977577   2.04021346
  H    -0.53676189  -2.22769813   0.68747201
  H    -4.50107980  -1.82719992   0.62626163
  H     2.34859748  -0.19728100   0.86796013
  H     1.14628437  -0.91173438  -0.18859082
  H     0.95002387   1.22444425  -1.43675219
  H     2.08654307   1.98063605  -0.32837822
  H     3.09771701   1.24534907  -2.52485439
  H     2.78469454  -0.42209032  -2.08722674
  H     6.07374348   0.00713205  -1.21899394
$end
$temperature
298.15
$end
$mult
 1
$end
$sigma
 1
$end
$pressure
1.00000
$end
$scale
1.0
$end
$msrrho
$end
$freq
22.72
29.33
41.18
50.54
82.46
92.79
106.07
157.12
185.75
233.08
254.43
289.64
307.07
357.68
425.89
446.07
457.11
475.44
540.21
562.58
564.99
592.00
623.26
656.48
683.48
714.92
730.30
767.75
803.40
855.44
879.01
884.91
899.46
936.19
951.85
976.82
1025.95
1044.59
1050.07
1086.54
1098.18
1113.28
1130.98
1158.18
1163.91
1193.60
1195.69
1201.50
1220.02
1234.22
1270.60
1283.08
1290.70
1323.81
1327.61
1341.60
1351.72
1362.29
1363.90
1386.17
1400.40
1432.45
1442.20
1451.25
1457.02
1463.06
1469.97
1475.91
1481.57
1483.48
1497.52
1517.43
1901.52
1931.92
3085.82
3087.54
3092.80
3107.77
3109.34
3127.14
3134.48
3162.87
3181.31
3185.55
3202.70
3210.67
3224.19
3832.69
3859.61
3899.08
$end
