
$molecule
  S    -1.23700115   0.04519527   1.85323857
  O     2.56905053   2.50344846   3.40560019
  O    -0.80019604  -1.31008898  -4.93019707
  O    -2.57990896  -1.80451790  -3.67467159
  N     1.92136078   0.93761897   1.82527794
  N     1.23815494   0.67018523   3.90137149
  C     1.37430784  -0.38056819   1.82907741
  C     0.90781157  -0.57250069   3.27490889
  C     0.18341418  -0.52291389   0.89520979
  C    -0.58724348  -0.82369975   3.28123179
  C     0.34621160   0.21384852  -0.40934835
  C    -0.80097705  -0.03597638  -1.37376621
  C     1.98586666   1.50179277   3.08813100
  C    -0.66040561   0.74036723  -2.67090528
  C    -1.79676557   0.45583780  -3.64576831
  C    -1.79402798  -0.99570162  -4.07964145
  H     2.14409221  -1.11322362   1.54777353
  H     1.43095932  -1.40501228   3.76777109
  H     0.02808222  -1.58543314   0.69678743
  H    -0.79890855  -1.88973010   3.19059080
  H    -1.04962945  -0.45967140   4.19559087
  H     0.43530819   1.28044537  -0.21005855
  H     1.28708225  -0.10114178  -0.87426131
  H     2.60845926   1.23027795   1.15303944
  H     1.35073878   0.75850942   4.89643723
  H    -0.86446811  -1.10355316  -1.59119166
  H    -1.74169339   0.23633296  -0.89146038
  H    -0.64197250   1.81568144  -2.46140505
  H     0.29721509   0.50063042  -3.14295703
  H    -1.71500153   1.09589002  -4.53093610
  H    -2.76162462   0.64721470  -3.17748948
  H    -0.27829146  -0.52954363  -5.13797967
$end
$temperature
298.15
$end
$mult
 1
$end
$sigma
 1
$end
$pressure
1.00000
$end
$scale
1.0
$end
$msrrho
$end
$freq
16.02
32.90
37.34
58.15
72.13
95.86
111.96
127.45
170.30
207.34
260.95
270.60
311.08
357.22
435.22
455.60
462.73
475.37
489.00
520.59
569.66
607.37
617.41
654.13
694.73
725.58
760.84
775.49
805.18
856.39
860.87
897.40
913.14
939.51
948.51
954.84
1043.33
1052.38
1059.90
1093.62
1097.25
1104.13
1131.83
1139.26
1163.47
1186.51
1192.91
1215.62
1224.09
1231.97
1280.68
1287.03
1293.70
1323.81
1329.79
1340.63
1345.86
1356.42
1365.59
1383.14
1388.92
1428.76
1437.08
1447.99
1456.68
1470.30
1473.19
1478.94
1481.52
1484.97
1493.19
1517.16
1920.01
1931.55
3066.59
3079.58
3088.91
3093.93
3096.25
3128.40
3137.31
3142.92
3166.59
3194.96
3207.84
3219.66
3227.24
3829.94
3841.67
3983.77
$end
