
$molecule
  S    -0.58286291   1.23651396   0.89927770
  O    -1.14329529   3.04522383  -4.08185556
  O    -0.28724825  -4.33006798   4.08787045
  O    -1.40826323  -2.44080381   3.68252841
  N    -0.18062733   1.60967866  -2.53218278
  N    -0.26316729   3.77132527  -2.05910646
  C     0.68034415   1.79209461  -1.40013640
  C     0.13820161   3.09515637  -0.85462164
  C     0.62505210   0.70175801  -0.34926013
  C    -1.03854643   2.73104643   0.01795417
  C     0.35381857  -0.66510834  -0.93356578
  C     0.71357052  -1.82963018  -0.01857076
  C    -0.59960714   2.84149359  -3.03076077
  C    -0.12718508  -1.93408215   1.24102444
  C     0.22892880  -3.14773478   2.06998053
  C    -0.58398218  -3.24198355   3.34815723
  H     1.72118586   1.90570927  -1.73432792
  H     0.87945815   3.67065391  -0.29139555
  H     1.58984124   0.67909852   0.16384905
  H    -1.30339044   3.50916960   0.73333540
  H    -1.90184044   2.53723864  -0.60898402
  H    -0.69030854  -0.73311557  -1.23644603
  H     0.95563607  -0.77068213  -1.84445823
  H    -0.02686671   0.88227087  -3.20921947
  H    -0.70031474   4.67613580  -2.07442806
  H     0.61205517  -2.75493501  -0.59820305
  H     1.77095036  -1.75271573   0.25645703
  H     0.00152397  -1.04542293   1.85560081
  H    -1.18570237  -1.98175923   0.98487278
  H     1.28657588  -3.13281702   2.35350686
  H     0.06849396  -4.07203530   1.50539561
  H     0.39757197  -4.85167362   3.65771213
$end
$temperature
298.15
$end
$mult
 1
$end
$sigma
 1
$end
$pressure
1.00000
$end
$scale
1.0
$end
$msrrho
$end
$freq
21.70
28.33
42.83
55.61
97.30
109.89
119.33
126.31
153.80
189.39
246.73
292.60
319.02
402.98
408.44
433.81
444.29
447.76
482.64
542.43
556.20
589.72
624.84
665.20
685.07
713.00
754.02
780.67
808.41
844.57
874.93
891.85
918.18
937.09
960.98
987.42
1014.47
1029.58
1058.37
1092.18
1115.28
1127.86
1142.19
1148.21
1169.73
1177.08
1184.80
1218.73
1236.70
1244.01
1251.41
1289.05
1303.61
1316.91
1324.88
1339.80
1342.47
1353.70
1358.92
1383.59
1395.97
1431.36
1435.68
1449.75
1457.47
1464.28
1472.18
1474.65
1479.23
1487.09
1492.67
1503.34
1924.03
1934.90
3056.01
3069.92
3077.92
3103.87
3130.70
3150.22
3152.54
3154.94
3156.98
3167.06
3204.44
3238.97
3263.33
3827.78
3831.77
3965.82
$end
