
$molecule
  S    -2.50284457   1.09378129   0.77845185
  O    -1.80906063  -3.53953388   1.77301563
  O     4.75141706   1.45641844   1.61738561
  O     5.35881381   2.31956894  -0.35335530
  N    -1.06178271  -1.85753973   0.36630032
  N    -3.23226943  -2.07041868   0.67970254
  C    -1.62940411  -0.98916982  -0.61270682
  C    -3.13902440  -1.16924888  -0.42659952
  C    -1.26535154   0.46800532  -0.37981180
  C    -3.76144278   0.17542376  -0.10973480
  C     0.13402801   0.68898591   0.13453262
  C     1.20855183   0.26768075  -0.85348959
  C    -2.01172483  -2.61196654   1.03732442
  C     2.62613745   0.39350467  -0.30718014
  C     3.04028379   1.82911106  -0.02711992
  C     4.50082810   1.90983030   0.37627735
  H    -1.31002035  -1.28787584  -1.61997892
  H    -3.61203784  -1.60285706  -1.32003981
  H    -1.40159871   1.01081243  -1.31773629
  H    -4.02689178   0.70183399  -1.02737708
  H    -4.65957180   0.06736115   0.49408173
  H     0.25108814   1.75030478   0.36412556
  H     0.25772968   0.14539073   1.06902324
  H    -0.14794065  -2.26136814   0.26162234
  H    -4.05860976  -2.61334802   0.86262374
  H     1.04676767  -0.77334598  -1.14617411
  H     1.11843871   0.86260002  -1.76735593
  H     2.71622365  -0.20179336   0.60664335
  H     3.32549279  -0.03477936  -1.03309767
  H     2.42770957   2.26908739   0.76313666
  H     2.92751867   2.44063509  -0.92154735
  H     3.93854694   1.16290929   2.03905807
$end
$temperature
298.15
$end
$mult
 1
$end
$sigma
 1
$end
$pressure
1.00000
$end
$scale
1.0
$end
$msrrho
$end
$freq
18.71
28.02
46.52
62.83
79.10
97.30
105.59
139.22
182.63
189.24
245.28
272.22
340.21
357.31
403.51
454.70
466.23
472.35
481.46
523.18
570.09
596.48
623.28
647.09
722.57
741.90
771.27
786.23
799.26
827.62
858.08
891.26
927.89
942.95
947.14
981.84
1002.07
1041.85
1047.93
1088.24
1103.11
1111.12
1126.24
1152.50
1156.06
1188.67
1195.32
1216.43
1224.46
1240.90
1264.16
1284.76
1319.72
1322.23
1328.01
1334.59
1352.21
1359.57
1368.26
1388.17
1394.48
1416.45
1446.78
1452.23
1457.26
1468.49
1471.07
1477.13
1480.22
1480.59
1485.48
1515.17
1917.15
1933.30
3069.53
3087.09
3088.21
3110.77
3127.20
3134.01
3136.17
3149.74
3162.41
3166.95
3217.71
3224.99
3230.86
3826.96
3847.56
3984.51
$end
