
$molecule
  S    -2.48405817   1.46316857   0.33746091
  O     0.39586640  -3.26889329   0.46069290
  O     2.41386136  -1.26916236  -1.26306025
  O     1.19431792   0.27044414  -2.26361846
  N    -0.52817638  -1.67203018  -0.94118960
  N    -1.52483156  -2.07673629   0.98591443
  C    -1.51820600  -0.65624399  -0.80558896
  C    -2.42648817  -1.21737523   0.27044357
  C    -0.99635207   0.67494253  -0.31010741
  C    -2.99699270  -0.08787982   1.11221156
  C     0.07157905   0.54924037   0.74039622
  C     0.90196307   1.80138501   0.94267265
  C    -0.44487044  -2.45226297   0.18843139
  C     1.81335982   2.15997563  -0.22249593
  C     2.75366965   1.04017581  -0.62651148
  C     2.04963275  -0.00213588  -1.46467442
  H    -2.04409089  -0.48921392  -1.75017777
  H    -3.24516431  -1.79634886  -0.17521456
  H    -0.63626956   1.27119343  -1.14231176
  H    -4.08609995  -0.11071294   1.16554093
  H    -2.61219307  -0.15627985   2.12588085
  H    -0.38457371   0.26652633   1.68390591
  H     0.73501911  -0.26642208   0.49090912
  H     0.22382021  -1.63699497  -1.60525327
  H    -1.84796702  -2.74688899   1.66304303
  H     0.24272392   2.64932848   1.15177947
  H     1.51823693   1.65619959   1.83813650
  H     1.23056309   2.44096331  -1.09875576
  H     2.41030753   3.03680997   0.05749739
  H     3.21337715   0.57346196   0.24600855
  H     3.56855928   1.42545211  -1.25148901
  H     3.03947678  -1.37368560  -0.54047676
$end
$temperature
298.15
$end
$mult
 1
$end
$sigma
 1
$end
$pressure
1.00000
$end
$scale
1.0
$end
$msrrho
$end
$freq
44.08
55.22
75.93
92.18
113.24
127.25
147.24
162.92
174.19
258.37
298.91
335.19
357.48
388.21
426.29
446.15
464.83
506.49
532.28
548.13
564.06
569.04
628.12
646.77
709.53
734.79
760.14
782.17
834.48
850.46
868.96
884.87
900.71
918.75
950.99
1004.61
1020.80
1038.76
1045.34
1085.11
1110.66
1118.85
1132.54
1141.03
1159.70
1167.94
1194.68
1201.16
1214.56
1220.00
1260.22
1274.04
1285.78
1306.31
1320.07
1329.24
1353.27
1365.31
1377.50
1395.42
1407.34
1430.41
1438.91
1447.61
1459.63
1462.31
1473.25
1477.48
1481.34
1485.70
1492.26
1505.54
1907.54
1933.21
3063.45
3075.94
3084.29
3121.06
3137.11
3145.36
3177.01
3178.68
3209.93
3228.91
3231.73
3275.41
3333.78
3816.19
3883.61
3993.58
$end
