
$molecule
  S    -1.45299950   0.34349467   1.53025245
  O     2.24982142   2.02713203   4.04949325
  O    -1.49076501  -1.64973657  -4.69444225
  O    -0.18905075  -2.80693597  -3.29208456
  N     1.70455368   1.08449323   2.00393362
  N     0.86206406   0.18250390   3.82878371
  C     1.14614443  -0.14482447   1.54233608
  C     0.56946771  -0.77902227   2.81130872
  C     0.02390720   0.05931762   0.53755173
  C    -0.92411874  -0.96764385   2.63297515
  C     0.29205998   1.15630816  -0.45772582
  C    -0.84019131   1.38836943  -1.44859912
  C     1.67975645   1.20520786   3.38399639
  C    -1.27488658   0.16010555  -2.23325933
  C    -0.17284134  -0.42730048  -3.09831373
  C    -0.59758203  -1.75419927  -3.69616203
  H     1.92611807  -0.77289068   1.08935373
  H     1.04526781  -1.74356727   3.04083449
  H    -0.12663837  -0.88470255   0.01406259
  H    -1.13885097  -1.93702841   2.18193223
  H    -1.45085123  -0.90691435   3.58225290
  H     0.47789302   2.08736458   0.07700367
  H     1.21496005   0.91537936  -0.99465153
  H     2.45213897   1.54730760   1.51684044
  H     0.90342803  -0.06198734   4.80315363
  H    -1.70916512   1.77145430  -0.90400219
  H    -0.53116500   2.17737822  -2.14460516
  H    -1.63095143  -0.60526703  -1.54313840
  H    -2.12945137   0.42980429  -2.86312439
  H     0.71641859  -0.63065255  -2.50739799
  H     0.10655796   0.26357930  -3.89880800
  H    -1.71104870  -0.72652706  -4.84975029
$end
$temperature
298.15
$end
$mult
 1
$end
$sigma
 1
$end
$pressure
1.00000
$end
$scale
1.0
$end
$msrrho
$end
$freq
18.74
26.83
31.73
53.74
73.89
100.08
129.38
147.03
191.39
213.12
234.85
299.30
346.89
368.00
434.07
456.99
465.63
484.24
487.69
505.10
567.55
601.39
645.60
659.09
680.56
726.03
766.06
772.65
789.69
857.56
875.90
902.45
928.85
935.98
952.76
956.78
1023.45
1046.91
1048.93
1071.43
1099.05
1112.57
1123.57
1145.40
1180.50
1195.00
1196.68
1208.63
1223.15
1227.03
1281.47
1290.07
1300.68
1315.70
1320.99
1335.19
1343.99
1365.06
1381.50
1386.86
1397.97
1421.80
1447.99
1453.33
1456.57
1466.03
1470.61
1473.65
1477.93
1480.89
1482.80
1515.85
1914.52
1932.25
3062.52
3086.62
3091.44
3096.89
3100.04
3117.09
3138.82
3145.89
3191.82
3196.41
3213.05
3228.67
3241.02
3827.83
3836.10
3983.06
$end
