
$molecule
 O 2.19161860566509 -1.12017521697191 2.15448005580246
 O -0.97125372803657 -3.08763673641418 2.20809976120885
 O -2.98110856285148 -0.87941041088478 -1.00183267786845
 N 1.01520331945829 0.16242223344820 -1.02315292516999
 C -0.00497988555473 -1.07655178031683 1.24318323825570
 C -0.84152833605654 -0.74172260005056 0.17617163450957
 C 1.35501475752099 -0.78316606876257 1.13100966720170
 C 1.82588486239635 -0.15388078335658 -0.02992083027041
 C -0.53145455539969 -1.77002687591016 2.47700772030712
 C -2.31857231674512 -1.04231765311059 0.22765876382807
 C -0.27087621331441 -0.11974842892130 -0.92629083678141
 C 3.27814345786622 0.19134936779661 -0.19905066145413
 H 0.24517080158666 -1.77343674488381 3.24980212497891
 H -1.40843003098020 -1.24043415973356 2.85806546146003
 H -2.46995307609214 -2.05641418671217 0.62158411788741
 H -2.80345689791026 -0.33877833246705 0.91351034781851
 H -0.87851255827427 0.17803026596749 -1.76952421646823
 H 3.90313873767903 -0.70214971833880 -0.16385076150646
 H 3.40592660201580 0.66515019295440 -1.16731088889044
 H 3.60894608210995 0.88678824383923 0.57369309950371
 H 3.08446548921706 -0.82027408959712 1.94543467585499
 H -0.20997762067069 -3.61066562407596 1.93414563277660
 H -2.61399093362945 -1.50423289349804 -1.63674650298406
$end
$temperature
298.15
$end
$mult
 1
$end
$sigma
 1
$end
$pressure
1.00000
$end
$scale
1.00
$end
$msrrho
$end
$freq
64.79
66.69
94.62
121.04
164.46
178.11
206.49
264.49
302.05
308.10
337.20
360.18
372.80
384.19
404.67
472.01
484.83
542.40
564.85
600.20
695.89
734.86
755.89
877.17
894.00
942.68
948.73
987.45
1023.31
1041.69
1066.24
1106.15
1144.44
1156.76
1184.56
1213.82
1242.34
1285.34
1298.04
1313.65
1324.86
1338.44
1342.41
1388.26
1430.10
1445.62
1457.45
1467.92
1480.80
1484.53
1560.66
1577.21
2894.14
2933.85
2941.93
2972.65
2986.09
2993.44
3072.64
3072.90
3517.52
3549.32
3553.35
$end
