
$molecule
 O 1.03903349306080 1.80783177746659 1.34068786697117
 O -1.61256540821159 2.38115988540092 0.83159665019835
 O -1.47944041113960 -0.30125364558040 -2.95968362318544
 N 1.26300015595642 -1.68480667312254 0.40322926941418
 C -0.34251609491468 0.52842033139807 -0.11805378597427
 C -0.60552773066055 -0.70287896166292 -0.72311645059756
 C 0.75321430160766 0.60712488441068 0.74851256741564
 C 1.53275576595591 -0.52901716071539 0.98538240601581
 C -1.17138965387522 1.77224635414217 -0.35385803227785
 C -1.73327926628394 -0.89705583207005 -1.70558163156686
 C 0.23857215547858 -1.76618544613950 -0.42181389473096
 C 2.71738571958093 -0.48936509380364 1.90745779053774
 H -0.56827945160905 2.48213666541574 -0.94664727150632
 H -2.08163088502509 1.54016904356424 -0.90914302957727
 H -1.85530473373077 -1.96171441127359 -1.91550144634287
 H -2.67518003369976 -0.51967013925910 -1.27971610794127
 H 0.07874830752606 -2.73819925264295 -0.86767980736338
 H 2.42008470571178 -0.20974757448485 2.91915329370175
 H 3.15797676579352 -1.48090206729617 1.93819968712851
 H 3.47142096165141 0.21372008840928 1.55045222855020
 H 1.82601478038496 1.71183302697228 1.89028241684805
 H -0.83340898442445 2.58201117804994 1.36633582365371
 H -1.32717845913330 0.64235102282117 -2.83896391937108
$end
$temperature
298.15
$end
$mult
 1
$end
$sigma
 1
$end
$pressure
1.00000
$end
$scale
1.00
$end
$msrrho
$end
$freq
68.17
84.66
89.77
114.77
166.32
188.34
234.01
268.94
292.16
306.70
338.19
355.87
383.27
405.44
476.55
484.54
500.67
512.44
583.78
618.75
677.44
716.20
762.36
872.59
912.20
943.59
950.59
995.15
1022.78
1038.50
1078.26
1087.64
1138.91
1167.63
1178.30
1215.83
1247.76
1284.48
1292.35
1305.15
1307.92
1346.70
1363.25
1387.94
1426.26
1449.04
1454.30
1477.92
1480.50
1483.94
1557.43
1575.09
2822.61
2863.28
2986.80
2991.56
2993.89
2994.88
3067.57
3074.04
3504.47
3518.17
3549.32
$end
