
$molecule
 O 1.71745482804304 -2.79568505896379 0.60384940120979
 O 3.95492317837954 -1.36120187743670 -0.13893808774709
 O 1.88136625148093 2.58287797266093 1.17757754845999
 N -0.97732026567717 -0.59220222489733 -0.40125520944356
 C 1.72760389356568 -0.44195973682522 0.23809172310928
 C 1.01035456516439 0.70633378220702 -0.10592694406218
 C 1.03838101973121 -1.65954166703875 0.25435220572721
 C -0.31966683367579 -1.69190969239421 -0.07615964566892
 C 3.19771147014275 -0.43570925037708 0.59645846098452
 C 1.63663771660899 2.07834555890159 -0.11771964418570
 C -0.33881474387745 0.56060396510933 -0.40998471418371
 C -1.09783723898232 -2.97626687120716 -0.07180379559849
 H 3.65112887808576 0.53389881601665 0.38418836064471
 H 3.29065488149384 -0.63906808253279 1.67773085103276
 H 2.56312691772415 2.06618309221196 -0.71137580213868
 H 0.94673502102370 2.79056785886092 -0.57516627863745
 H -0.93762640487959 1.41998969020800 -0.67835935418456
 H -1.11031643030545 -3.42635211398447 0.92197900687546
 H -2.11997810585447 -2.75576527893217 -0.36303246536728
 H -0.68098467222236 -3.69190225776019 -0.78187481831130
 H 1.11119491136166 -3.54586560300506 0.58784900141241
 H 3.56864926951551 -2.23536164678501 0.00247614396592
 H 2.46307689315353 1.97773062596376 1.65038205610699
$end
$temperature
298.15
$end
$mult
 1
$end
$sigma
 1
$end
$pressure
1.00000
$end
$scale
1.00
$end
$msrrho
$end
$freq
69.10
84.80
89.86
115.21
166.03
188.44
234.02
268.92
291.52
306.57
337.35
355.90
383.08
405.35
476.23
484.48
500.61
512.34
583.72
618.73
677.43
716.06
762.39
872.56
912.29
943.53
950.67
995.18
1022.83
1038.47
1078.19
1087.63
1138.76
1167.64
1177.97
1215.87
1247.77
1284.35
1292.43
1305.12
1307.89
1346.52
1363.36
1388.05
1426.23
1449.09
1453.95
1477.94
1480.64
1483.94
1557.48
1575.09
2822.30
2863.28
2986.80
2991.26
2993.79
2994.66
3067.54
3074.13
3505.58
3518.39
3549.65
$end
