
$molecule
 O 2.26644624857159 -2.02646312905421 1.42546802808585
 O 3.69055235787401 0.81026670091182 -0.42762011607303
 O 1.67722972124325 2.23537221688689 -1.78019464397184
 N -0.98568641070782 -0.75196747510713 0.46590809780193
 C 1.66464516984824 -0.54427019893120 -0.33477288185503
 C 0.66255365143327 0.16430150705921 -1.00364880818941
 C 1.29710308263197 -1.34460435477283 0.75027350264993
 C -0.05257091112534 -1.42489807642739 1.11558142184372
 C 3.11952414214401 -0.45323108495468 -0.72897282624369
 C 0.97300811304881 1.08169807273534 -2.16140945689019
 C -0.64236889325799 0.01743533399642 -0.54894571426931
 C -0.50329218430810 -2.27797533805125 2.26664060195755
 H 3.67989136157116 -1.25098624307126 -0.23069606887724
 H 3.22626098844014 -0.56925421786036 -1.81102133499617
 H 1.53127751361370 0.52282649285018 -2.93077634273095
 H 0.03855475127883 1.43379405391857 -2.60570767171138
 H -1.45608048860967 0.54414481303801 -1.02799501088055
 H -0.04244962024559 -1.95478947747035 3.20109484814801
 H -1.58035249901840 -2.18189902143969 2.36112865637460
 H -0.26184238986030 -3.32811590746039 2.09589806794737
 H 1.85627505770311 -2.55729624733024 2.11887579921783
 H 3.66802353546152 0.93687838648749 0.52741281690977
 H 2.51438070226935 1.95733119404720 -1.36949296424760
$end
$temperature
298.15
$end
$mult
 1
$end
$sigma
 1
$end
$pressure
1.00000
$end
$scale
1.00
$end
$msrrho
$end
$freq
79.80
84.57
89.76
147.94
167.33
215.07
243.04
276.82
293.96
311.19
329.44
391.75
407.72
426.21
475.65
495.88
504.24
581.11
604.53
626.10
694.85
720.25
775.03
873.65
892.69
946.89
955.13
998.05
1023.07
1047.28
1062.68
1090.37
1136.93
1169.53
1182.17
1217.82
1246.76
1289.66
1300.42
1307.92
1310.73
1334.45
1366.17
1388.04
1429.88
1454.07
1459.32
1477.26
1480.00
1483.71
1558.79
1575.84
2833.70
2948.28
2971.33
2977.83
2986.86
2994.18
3068.10
3073.83
3369.53
3517.07
3549.09
$end
