
$molecule
 O 5.50715625540482 -1.61684222157012 -2.28906817161494
 O 1.65765291118649 -0.72463113803543 -4.01340991699108
 O 6.06744744821271 0.13920073221698 -4.08054050844635
 O 2.33217118471696 2.82712564679750 -3.08005803707389
 O 1.77610763755468 4.04777122605998 -4.84002360476380
 N 3.92673218418166 0.81538460661405 -4.38057601520424
 C 3.56390775605440 -2.22373322642957 -3.67863335414086
 C 4.38074984821705 -1.10615150875618 -2.94255868413846
 C 2.05453485141248 -1.98608474116643 -3.50187377954808
 C 3.88263388944322 -3.57215653925356 -3.02418330358039
 C 3.91538136456437 -2.29385584240403 -5.16759525667534
 C 4.87316635659411 0.00488823926199 -3.88226034180219
 C 4.22817359555794 1.86128888923753 -5.33264289883650
 C 4.04461246461289 3.26279116917519 -4.72224736881026
 C 2.61556165069460 3.44066267519027 -4.24298937410939
 H 3.72861222234513 -0.65354493776861 -2.18063764871081
 H 1.80520580482296 -2.04883186386652 -2.43415178517768
 H 1.51381138154182 -2.78159420786579 -4.03034389173595
 H 4.92152032059114 -3.83371918019711 -3.19727373535802
 H 3.24851609431089 -4.35031440004883 -3.44234466114245
 H 3.72329850476029 -3.52264282818193 -1.95060088900900
 H 3.49711072530791 -3.19896704801342 -5.60291406027571
 H 4.99414274817662 -2.31703489541336 -5.30093027979927
 H 3.51337029822514 -1.44027547245321 -5.70705018036612
 H 2.96055481730406 0.52572733683528 -4.26811999996832
 H 6.27909886660064 -1.28087168978947 -2.78271334413095
 H 5.27101396192799 1.73742495461371 -5.63665966784463
 H 3.58011349217659 1.75866458459529 -6.20691675279912
 H 0.71058431177478 -0.61444916416567 -3.88137390899618
 H 4.25414252660696 4.01126865756649 -5.48540437178830
 H 4.74055775066926 3.39263897358176 -3.89061389554552
 H 3.09272577444935 2.33848321363214 -2.73421331161685
$end
$temperature
298.15
$end
$mult
 1
$end
$sigma
 1
$end
$pressure
1.00000
$end
$scale
1.00
$end
$msrrho
$end
$freq
15.42
31.38
41.29
52.63
73.63
84.75
118.20
153.96
171.00
208.01
224.53
243.32
262.96
276.72
295.57
309.90
335.79
361.82
375.64
391.57
428.15
452.81
467.70
477.24
494.78
558.98
571.69
619.46
702.14
705.09
741.20
802.24
839.71
882.62
907.97
937.11
961.67
969.54
995.61
1002.39
1028.32
1038.19
1082.66
1088.30
1113.77
1132.18
1144.65
1153.48
1176.08
1197.31
1206.86
1213.23
1226.04
1229.64
1241.60
1277.11
1288.69
1311.23
1327.43
1350.76
1370.45
1404.27
1421.59
1437.67
1439.97
1455.48
1477.62
1486.61
1490.55
1501.36
1505.17
1736.66
1805.07
2864.46
2888.00
2914.18
2962.55
2975.18
2982.24
3025.35
3027.33
3033.30
3041.71
3048.83
3051.36
3068.04
3309.01
3343.24
3464.04
3560.01
$end
