
$molecule
 O -2.01044711233911 -5.21526851042438 2.31020336022535
 O -0.48869699421471 -7.77625091927642 0.51392381501928
 O -3.60978269718249 -8.37371542026912 2.04008904170081
 O -2.19762879004659 -10.23914678208891 0.37917968940960
 O -4.33996124998485 -10.43062160357605 -0.20665451578479
 N -3.15607402446370 -6.76476239977784 0.51616225141825
 C -0.75693882571504 -7.17889402708446 2.91299871901968
 C -2.16626296986998 -6.56196849356873 2.71500616758192
 C 0.05845208221031 -7.08944344472926 1.60888488134742
 C -0.87601773801002 -8.63065148755854 3.37918883087008
 C -0.02380727720367 -6.36107970642265 3.98102463939243
 C -3.03033096343141 -7.35326148273452 1.72354512277833
 C -3.84796661338756 -7.41770183993085 -0.56792197553405
 C -3.06571943472907 -8.61746389612894 -1.13562040693569
 C -3.30016301088555 -9.83827780441316 -0.27685958785771
 H -2.68208240386687 -6.61535747495464 3.68615691598238
 H 1.07660256052413 -7.45277085547003 1.81365076494749
 H 0.12377427710006 -6.04346571719598 1.30006112891899
 H -1.34551875399083 -8.67075191320985 4.35902312304054
 H 0.11295302094948 -9.07906559933324 3.45180859505397
 H -1.48635723500994 -9.21992021822920 2.70092538789006
 H 0.98144489308353 -6.74884627727253 4.12601716554360
 H -0.55439313358660 -6.41399188654094 4.92859803601042
 H 0.04190117085805 -5.32037168696976 3.67682809542671
 H -2.44974804351019 -6.08101257928471 0.28188586013638
 H -2.86989702577971 -4.78297923091740 2.34171132671096
 H -4.81132554290281 -7.77405546741285 -0.19149335106194
 H -4.01503484344028 -6.67766688327250 -1.35154129643067
 H -0.64169153851116 -8.69898811673349 0.75699504003210
 H -2.00340376923237 -8.38188852816192 -1.17786014692523
 H -3.44416782018219 -8.84147998550710 -2.13335133089755
 H -2.42531419324411 -10.99045676155217 0.95017865296881
$end
$temperature
298.15
$end
$mult
 1
$end
$sigma
 1
$end
$pressure
1.00000
$end
$scale
1.00
$end
$msrrho
$end
$freq
37.30
57.85
66.01
88.32
109.36
122.73
144.05
149.28
176.28
200.59
209.17
232.07
243.83
271.80
286.12
289.55
313.11
352.25
385.52
410.83
416.45
437.82
454.55
521.92
544.36
552.79
578.87
613.03
632.94
702.67
715.37
800.45
823.48
889.99
919.98
934.20
946.61
967.33
988.67
1015.37
1024.28
1046.45
1078.90
1096.81
1105.37
1131.60
1145.45
1161.39
1174.91
1187.74
1204.32
1222.20
1233.18
1256.90
1267.22
1278.39
1306.14
1313.13
1325.06
1329.60
1356.34
1404.63
1416.16
1423.38
1430.31
1441.40
1476.69
1487.66
1493.69
1497.67
1508.02
1738.26
1798.31
2865.28
2868.02
2968.37
2985.35
2985.66
2999.92
3024.62
3030.46
3034.11
3037.13
3042.28
3055.93
3060.68
3421.85
3443.97
3498.65
3562.59
$end
