
$molecule
 O 6.03936941549012 -0.87667553634149 5.66683599252370
 O 2.98478156852781 1.86883929514869 6.85978430659891
 O 6.32213894122343 0.97974987143616 3.75233703406847
 O 7.81538184846610 3.35606782906099 9.70663122445668
 O 6.14209868262276 4.59092225052275 8.95506952774682
 N 6.02471798700208 2.61578293642205 5.23954273580304
 C 3.77688968063682 0.02999129827632 5.40754705720857
 C 5.26990470018505 0.29620000579434 5.77109366144186
 C 2.96134524510713 1.32742767794051 5.55964480636562
 C 3.24764065791195 -1.04229343150694 6.36614674341983
 C 3.64391764526024 -0.47286654845431 3.96951220897021
 C 5.90715844859523 1.33411666650319 4.84417073289362
 C 5.82791933653431 3.18677880504008 6.55158347838824
 C 7.03159096271903 2.92367931476108 7.46693659836905
 C 6.92527261087287 3.71066026407292 8.76242925542279
 H 5.31535254732289 0.60796953719021 6.81715924480449
 H 1.92638328398800 1.13287953626886 5.24799507460321
 H 3.37008967794667 2.10387380733673 4.90853078604628
 H 3.83895212463057 -1.94755936647027 6.25862538861688
 H 2.20828306788871 -1.27257527312076 6.14114773732647
 H 3.32571545957284 -0.71963464425705 7.40302893809697
 H 2.59477841229645 -0.61801088384835 3.72151830745484
 H 4.15509573819740 -1.42579087411117 3.85733111850481
 H 4.07157449821902 0.23393235854758 3.26359520443721
 H 6.51185341500488 3.19562625224824 4.56741417574165
 H 6.31333888031704 -0.93467849679238 4.73772892839618
 H 5.69854700859955 4.26470390028766 6.44080529752652
 H 4.91479612958253 2.79312756624283 6.99973908415606
 H 2.50591039920577 1.27518842396653 7.44861645943596
 H 7.95149995289633 3.23676099465863 6.96140746336622
 H 7.11807255390950 1.85615491649823 7.68654721807863
 H 8.39375211927026 2.63226454667917 9.43218020972963
$end
$temperature
298.15
$end
$mult
 1
$end
$sigma
 1
$end
$pressure
1.00000
$end
$scale
1.00
$end
$msrrho
$end
$freq
15.46
26.60
34.19
54.94
91.81
100.20
136.69
161.43
174.63
190.79
204.73
224.85
240.96
274.98
284.71
318.51
334.26
354.11
361.29
415.74
434.16
454.19
474.18
480.93
525.03
556.36
567.42
605.82
608.92
654.03
682.55
798.10
814.38
875.72
913.39
917.58
940.39
967.90
997.31
1013.41
1022.87
1055.74
1080.61
1085.53
1095.53
1096.40
1121.89
1174.96
1177.49
1185.48
1198.98
1231.67
1247.55
1250.69
1265.74
1285.75
1303.72
1319.81
1343.25
1351.70
1360.65
1403.24
1418.12
1422.68
1439.19
1472.52
1478.27
1486.79
1494.05
1500.87
1510.44
1710.59
1810.42
2892.76
2942.32
2965.71
2967.33
2982.49
2997.90
3016.89
3018.15
3025.15
3030.86
3042.56
3053.45
3054.74
3398.22
3427.23
3492.22
3544.73
$end
