
$molecule
 O 8.65327629330869 -0.53826964295024 3.46408951714009
 O 7.45433071131783 0.70555520254510 1.38283173385265
 O 5.51340535461085 0.87529649173037 3.70216025979110
 O 10.21094678418584 -1.41596952534093 5.60921586155791
 O 10.35023632911108 -1.28093502711440 7.80870128758907
 N 7.10700126685026 1.11130158926065 5.22906786262382
 C 6.62890974882049 -1.40659634659103 2.39523729864392
 C 7.27635663846733 -0.79552472376576 3.66220634910950
 C 6.50111201754784 -0.34071216625327 1.27572002692843
 C 5.24583152533334 -1.96625520623282 2.73182119359718
 C 7.52868116055052 -2.55284199729856 1.91637794243377
 C 6.55326507113975 0.46058876365195 4.18412024735134
 C 8.36994357384338 0.90275318181549 5.90943757162875
 C 8.38766324001639 -0.35007766678220 6.80312550783688
 C 9.74548602930601 -1.05133203581552 6.80023571168642
 H 7.21507785527842 -1.55408029924597 4.45374691873185
 H 5.49204114425466 0.07520083246047 1.28297771280824
 H 6.67484693155433 -0.81452474033436 0.30583263366284
 H 5.32676418796256 -2.76776648892309 3.46297112800132
 H 4.78453078087814 -2.36789781353281 1.83300775986851
 H 4.60362618349299 -1.18789224408633 3.13313439708452
 H 7.05366228217978 -3.06866764491415 1.08592814571354
 H 7.69364214000752 -3.27003094518465 2.71766542865506
 H 8.49528435212981 -2.18225291275257 1.58498221276129
 H 6.53834438568130 1.88240412901412 5.55283123586380
 H 8.71270250198442 -0.05359551834238 2.61971624603582
 H 9.16692641263871 0.84667450274568 5.16313532620571
 H 8.55706468523516 1.78517629038784 6.52215944030789
 H 7.04822081621226 1.41759383291155 1.88880690968806
 H 7.64632371559673 -1.07020572433916 6.45161403861822
 H 8.14138451714629 -0.09886222271599 7.83432467443106
 H 9.64695236335786 -1.16296292401078 4.84808541979279
$end
$temperature
298.15
$end
$mult
 1
$end
$sigma
 1
$end
$pressure
1.00000
$end
$scale
1.00
$end
$msrrho
$end
$freq
20.81
45.71
68.37
82.54
88.04
128.75
142.18
163.15
204.88
214.28
248.77
258.17
286.53
287.75
304.57
336.75
352.48
379.22
397.09
408.84
423.55
433.30
514.29
552.77
568.64
594.84
602.12
618.93
658.48
689.57
744.53
812.58
819.72
872.56
914.03
919.22
955.69
969.79
985.25
1007.68
1024.74
1042.33
1072.35
1083.29
1101.91
1140.77
1141.61
1169.17
1172.73
1197.76
1225.80
1242.66
1253.30
1257.22
1273.75
1284.00
1307.00
1313.11
1334.74
1354.53
1356.21
1403.24
1407.81
1424.56
1461.63
1462.20
1464.98
1489.02
1494.67
1501.07
1506.41
1716.95
1793.77
2904.47
2965.61
2966.04
2980.24
2983.23
3001.54
3022.98
3027.71
3033.20
3038.32
3044.00
3048.56
3061.79
3217.94
3321.59
3415.02
3551.98
$end
