
$molecule
 O 4.00671062189477 3.20470428080470 2.24656544800433
 O 3.32721742727578 2.94867090340848 5.76730906862748
 O 1.26167424898497 1.61770402105754 1.36825162403289
 O 1.46485274791779 7.97130898249362 1.32007955165759
 O 1.18379403453503 7.92774733532296 3.52948495574856
 N 1.39435470251159 3.82324794537118 1.10851923059209
 C 2.93085959652330 1.57186080791848 3.75106840729512
 C 2.78373257640411 2.81939241223629 2.84768795080876
 C 3.86558573812148 1.96808772322732 4.91702368324008
 C 3.55632076799784 0.39712928132865 2.99522464962271
 C 1.55997629211835 1.16108717695084 4.29701543418765
 C 1.73239756767434 2.67714871589968 1.73668150866434
 C 1.81561208546251 5.17433178152540 1.38372860170010
 C 0.79670303538628 5.91055600814025 2.26956548278578
 C 1.16732375599754 7.35945223954140 2.47391971659275
 H 2.50803275849064 3.65530160787587 3.50061915675185
 H 4.78038125893679 2.40730393904391 4.51209428559575
 H 4.13191236748523 1.06607812077292 5.48608023805331
 H 2.98093672878292 0.18605017745000 2.09780359579537
 H 3.54863546548763 -0.48996799558812 3.62403676696915
 H 4.59101684938305 0.60541976565457 2.72720942652665
 H 1.67872710517423 0.41334167408479 5.07959353527804
 H 0.95924689714935 0.73298389343476 3.50056371990202
 H 1.02407547576303 2.01835913890403 4.70178549122324
 H 0.69939164700646 3.70433653369465 0.38235905635165
 H 4.30745368153882 2.47593297768223 1.69142846085045
 H 2.79377150390537 5.15512712607242 1.86426518268210
 H 1.91085739396440 5.70620698871087 0.43389346806191
 H 2.55276814381569 2.58103476340594 6.20716771617587
 H 0.71273145466758 5.43601702752503 3.24732266952241
 H -0.18288298421218 5.88578286565214 1.78520821755330
 H 1.69444805386045 8.90002278039528 1.48164269915206
$end
$temperature
298.15
$end
$mult
 1
$end
$sigma
 1
$end
$pressure
1.00000
$end
$scale
1.00
$end
$msrrho
$end
$freq
19.54
24.68
38.97
49.18
76.92
94.74
104.11
161.52
176.99
208.11
231.75
236.89
250.42
254.78
297.12
315.92
337.60
350.34
384.96
394.56
400.12
412.74
469.05
510.85
554.93
566.50
583.88
604.55
630.82
683.24
705.59
789.05
812.80
863.07
907.69
933.14
951.80
968.97
993.49
1016.01
1025.13
1043.30
1072.99
1079.10
1089.72
1129.39
1148.41
1161.97
1174.88
1193.36
1235.53
1238.57
1250.61
1256.92
1262.60
1279.14
1306.46
1324.48
1340.39
1343.98
1354.82
1398.63
1413.36
1420.84
1443.94
1470.79
1472.12
1492.00
1495.43
1509.18
1511.97
1731.34
1803.22
2877.67
2937.90
2967.11
2973.30
2984.48
3014.32
3015.60
3016.80
3017.73
3018.68
3038.85
3052.56
3066.99
3403.26
3450.22
3535.81
3545.45
$end
