
$molecule
 O -1.57779986022153 -2.44648840521390 4.45388875738717
 O -4.64425790498002 -4.41827419382423 2.06527096520722
 O -2.63283559048386 -0.39364832507288 1.71601713406854
 O 2.81074230545852 0.77983128348098 2.88691206683113
 O 2.05602625374024 -1.29704422757599 2.94838941038072
 N -0.71684293262852 -1.48389093323734 2.18734699288882
 C -3.84398431151710 -2.55474400864362 3.47651165886893
 C -2.55718240694168 -1.72610573286189 3.74048119627954
 C -3.58643133247049 -3.52958839522879 2.30698575242633
 C -5.00247938119657 -1.62639028766012 3.11195973248217
 C -4.20158882561788 -3.33284839064460 4.75125159522265
 C -1.98790918006166 -1.12050060838954 2.44730849231355
 C 0.02167852196197 -0.93379278269528 1.07932514670679
 C 0.90231692405735 0.24539463324176 1.50905529496564
 C 1.96023011378125 -0.18808511029716 2.50843838712768
 H -2.82350914304917 -0.88399551084557 4.39099257590388
 H -2.65546161662684 -4.09637437286906 2.48537738829947
 H -3.46697701975227 -2.96284315993159 1.38120036967202
 H -5.31401904052303 -1.04627518316097 3.97735695172665
 H -5.84426762297282 -2.21869370143108 2.76106693373984
 H -4.70332132930057 -0.94487140281214 2.32155613874729
 H -5.20985758022222 -3.73494542595195 4.67649913922332
 H -4.16898066572056 -2.66719587162338 5.61018333666514
 H -3.50705354329595 -4.15100363458382 4.93648813516337
 H -0.17231991706074 -1.91672992405828 2.92261290178212
 H -1.47174549713968 -3.31593950820210 4.05108015397331
 H 0.64678739025334 -1.72137266983910 0.65119192263162
 H -0.71002362656434 -0.59671421020786 0.34121857067761
 H -4.81212206292646 -4.92419490120510 2.86833074007309
 H 0.27604132505104 1.01360003164900 1.97219085516964
 H 1.39026750307971 0.68028627256002 0.63312457835723
 H 2.62470805389344 1.63162465713436 2.47047372504054
$end
$temperature
298.15
$end
$mult
 1
$end
$sigma
 1
$end
$pressure
1.00000
$end
$scale
1.00
$end
$msrrho
$end
$freq
11.70
32.20
37.77
53.57
69.87
102.38
114.18
142.70
176.30
203.94
227.72
237.47
243.44
269.17
300.23
316.67
330.01
362.89
375.63
385.07
423.49
433.23
475.25
494.15
519.16
546.58
554.20
620.31
622.86
647.64
732.75
775.93
824.85
875.15
907.81
922.72
956.57
973.47
996.83
1013.19
1025.78
1040.95
1082.27
1091.65
1100.04
1120.45
1132.08
1149.78
1163.75
1167.24
1196.38
1204.44
1214.93
1236.10
1259.87
1273.92
1310.81
1317.42
1329.35
1337.04
1358.13
1405.76
1416.81
1419.73
1422.47
1430.64
1473.41
1486.08
1491.20
1502.76
1507.62
1735.30
1798.74
2815.48
2927.25
2957.90
2969.19
2971.86
2984.88
2994.97
3015.80
3026.92
3035.31
3040.61
3047.58
3069.34
3394.30
3494.23
3528.11
3539.67
$end
