
$molecule
 O 4.23896682551901 0.18196414790129 3.52611012659484
 O 5.10043360927061 -3.58939013359876 6.54066842687695
 O 1.65524649393002 -1.84607097428905 4.82570203651876
 O -1.02257955947696 -4.50542902236408 1.58452024667296
 O -1.14025693278820 -2.52822563420705 0.60116006499285
 N 2.10854227666505 -0.98599245555429 2.78896545783499
 C 4.73402750991506 -1.81876132979311 4.87272973759318
 C 3.74271115042089 -0.67169892990423 4.53537389507601
 C 4.27439367586320 -2.51125222592695 6.17388418233306
 C 6.13906053505381 -1.24892275331253 5.10464837176258
 C 4.77228748166295 -2.81688471790715 3.71073468743239
 C 2.38914956859902 -1.22665294745917 4.07799372145231
 C 0.84364596224396 -1.34448409892489 2.18686180791316
 C 0.63342764980261 -2.86120508079347 2.18880285390079
 C -0.59114961625909 -3.24778442445020 1.38190608394518
 H 3.55156292954015 -0.09935580483047 5.45705826576480
 H 3.23112261432041 -2.82935208656981 6.07577000034484
 H 4.33971605940839 -1.80136700896854 7.00220561884974
 H 6.61674427362099 -0.96703721421902 4.16818791290546
 H 6.74885279015727 -2.01318468598149 5.58106336033762
 H 6.10404026866689 -0.38753488892395 5.77024234333126
 H 5.59875641070170 -3.51405561054250 3.83250561370933
 H 4.91270117252648 -2.28472098314077 2.77201367407159
 H 3.83993652151588 -3.37589655890828 3.65484941738873
 H 2.76087369730236 -0.41314005108253 2.27670972583090
 H 5.07663746165894 0.54881199301075 3.82947004333476
 H 0.02436171538329 -0.88082338339857 2.74637670607041
 H 0.81997398805687 -0.97177318438335 1.16310101905537
 H 4.97756983334916 -4.29915901088307 5.90173208013960
 H 0.53791837261290 -3.20284915188487 3.22210384627809
 H 1.50166796568146 -3.35408699124330 1.73956854935524
 H -0.51394770492538 -4.97158879746824 2.26107212233109
$end
$temperature
298.15
$end
$mult
 1
$end
$sigma
 1
$end
$pressure
1.00000
$end
$scale
1.00
$end
$msrrho
$end
$freq
21.80
28.91
32.84
64.76
68.45
79.55
104.91
154.36
171.08
204.25
207.33
238.21
243.72
255.37
279.43
301.06
343.78
358.08
360.91
388.74
403.76
431.65
450.89
477.39
493.30
517.86
561.57
585.52
610.74
652.49
725.35
802.02
807.42
882.41
920.47
924.84
933.70
968.22
1006.12
1018.92
1027.83
1062.26
1076.26
1094.32
1101.53
1114.01
1128.55
1157.72
1177.37
1190.62
1203.13
1221.21
1233.29
1238.74
1251.39
1275.47
1294.96
1320.54
1324.39
1341.66
1354.88
1398.97
1413.73
1424.60
1431.17
1451.33
1477.09
1493.84
1497.45
1507.42
1510.71
1738.23
1804.64
2858.59
2941.63
2942.50
2953.85
2978.17
2980.23
3011.24
3016.06
3019.83
3024.92
3025.36
3034.29
3043.37
3452.50
3493.07
3543.38
3557.56
$end
