
$molecule
 O 4.11708965718470 -6.97383411403593 1.15315182151924
 O 7.14513103166116 -7.87968554618748 -1.52564004619688
 O 3.88271971994459 -4.39676709871599 1.52775421224151
 O 5.87495825559417 -2.35214160174990 -0.74816443537241
 O 5.19140823346713 -0.71066720182819 0.59725905113582
 N 3.24036815087670 -4.00654228251738 -0.60188110478202
 C 5.57281008088726 -6.26252720042030 -0.67334270496387
 C 4.16565760497728 -6.19473853316364 -0.01189821892601
 C 5.86504838088533 -7.74895654363231 -0.94404970574649
 C 6.62732783356623 -5.71044984985547 0.28558046695331
 C 5.61119611814993 -5.50201525027733 -1.99802541289861
 C 3.76905432326410 -4.76671611801303 0.37479122804995
 C 2.76776914584436 -2.66256588131673 -0.37653368314072
 C 3.65788620579790 -1.59653643391366 -1.03833122790261
 C 4.96823234335179 -1.47762060978626 -0.29573299390013
 H 3.42524739635967 -6.60252042845243 -0.71462386852997
 H 5.09693928231735 -8.14993017269104 -1.62283436718452
 H 5.80534778705263 -8.29759314903841 0.00296732195483
 H 6.42392243521814 -4.66845837601843 0.51726887601460
 H 7.60858215754810 -5.79330187420082 -0.17256027216985
 H 6.62628710528243 -6.27956558553401 1.21197574925791
 H 6.54292014900445 -5.74410962056245 -2.50248354072880
 H 5.57777234048239 -4.42895386904862 -1.83611507657294
 H 4.78840828108587 -5.80470624292398 -2.64465507435635
 H 3.21534649418722 -4.36210742603051 -1.54384795388391
 H 4.19490602455506 -6.34590699382270 1.89417982870148
 H 1.75188099818878 -2.57189219086924 -0.77290045018002
 H 2.74654008317184 -2.50825294411149 0.70522338586592
 H 7.35581180101226 -8.81548258624022 -1.59008675606542
 H 3.14893017094545 -0.63473497669313 -0.99049140976034
 H 3.85164222356715 -1.86664682970250 -2.07686165918891
 H 6.69879518456830 -2.28855046864704 -0.23850297924362
$end
$temperature
298.15
$end
$mult
 1
$end
$sigma
 1
$end
$pressure
1.00000
$end
$scale
1.00
$end
$msrrho
$end
$freq
20.77
33.30
58.85
64.37
73.91
86.09
116.87
154.32
172.85
213.57
221.23
235.24
257.21
269.02
293.08
304.88
317.46
340.93
355.27
388.28
403.51
439.70
457.07
484.01
510.51
551.31
583.38
624.08
667.48
712.15
739.54
805.52
836.40
896.32
905.55
947.12
950.58
970.31
991.72
999.30
1033.63
1043.41
1073.54
1089.31
1113.05
1132.52
1159.31
1169.79
1181.35
1189.39
1198.62
1213.13
1218.46
1240.86
1243.16
1271.58
1298.52
1313.53
1325.86
1351.04
1370.43
1395.58
1413.79
1429.18
1436.94
1442.28
1483.67
1487.24
1492.73
1503.19
1510.09
1733.91
1807.32
2859.90
2880.12
2927.24
2941.97
2984.68
3002.37
3007.25
3020.98
3041.69
3046.25
3052.20
3056.10
3065.84
3346.23
3439.76
3464.93
3580.39
$end
