
$molecule
 O 4.81884020682078 -3.44390028494429 4.83311570103517
 O 2.38298742421117 -0.05409367173461 5.28667370103020
 O 4.36588184897095 -2.37271435922780 1.47502702159857
 O -1.08069540972591 -3.34994472662048 0.66988570970033
 O -0.07918136040048 -5.34047729351119 0.65349913208715
 N 3.20846247626812 -3.79572952586537 2.79656275231453
 C 4.43967360805307 -1.09863715205856 4.39783451717879
 C 4.93015488147095 -2.45382595195942 3.82398049618204
 C 2.92645450242870 -1.19907374617742 4.68344233197169
 C 4.70422667314428 0.02746397643595 3.39953241595678
 C 5.20174346742233 -0.82169031354139 5.69948100628243
 C 4.14106002392466 -2.84931537061812 2.56803199550290
 C 2.28833648842280 -4.24563706045399 1.78343847017920
 C 0.94221199438094 -3.51824901727947 1.86363625297549
 C -0.09639675657511 -4.19120319839085 1.00035001384224
 H 5.97869902937366 -2.32243597587801 3.52315319053814
 H 2.74123111848561 -2.08534902809156 5.30761567894177
 H 2.38484154958085 -1.30788538318640 3.74090698188468
 H 5.76786513947550 0.24527929641822 3.34088269565237
 H 4.17769608091041 0.92279666419848 3.72102388070148
 H 4.35561010242190 -0.24381104884857 2.40742436189083
 H 4.97409946829326 0.17652727559164 6.06733483975949
 H 6.27325831863372 -0.87463587229740 5.52199363211161
 H 4.94451605144984 -1.55754566088923 6.45776907603851
 H 3.04681417827985 -4.06525882592446 3.75649544214347
 H 5.35798837250393 -4.20141898011833 4.58418246365377
 H 2.75694774535668 -4.04813392117615 0.81663973811684
 H 2.12443653498623 -5.32101867284291 1.88849651458199
 H 2.81640166132624 0.07715578646953 6.13703037129661
 H 1.03540320824795 -2.47517487538295 1.56131882168273
 H 0.56868805516742 -3.53797610028126 2.89185962650026
 H -1.74886268330227 -3.79882398183303 0.12753616666615
$end
$temperature
298.15
$end
$mult
 1
$end
$sigma
 1
$end
$pressure
1.00000
$end
$scale
1.00
$end
$msrrho
$end
$freq
20.58
25.11
32.87
50.88
58.01
86.87
111.53
139.90
167.45
185.84
198.62
226.64
235.11
267.12
276.09
295.73
309.38
325.26
376.65
396.02
419.84
430.24
436.68
484.05
529.30
565.31
589.70
614.53
651.89
666.34
712.29
781.57
808.29
887.89
918.22
928.13
940.42
971.72
997.02
1025.45
1038.80
1059.95
1090.47
1096.58
1107.87
1126.29
1132.13
1144.95
1161.15
1196.90
1206.12
1215.17
1236.36
1245.78
1268.21
1276.17
1281.79
1313.42
1326.56
1341.61
1355.09
1400.18
1421.83
1427.30
1433.96
1443.69
1474.44
1487.29
1491.27
1499.64
1509.14
1750.69
1796.55
2877.04
2889.38
2954.55
2970.88
2982.66
2992.59
3010.58
3024.74
3034.45
3039.21
3042.32
3043.11
3064.18
3421.07
3442.54
3547.92
3563.17
$end
