
$molecule
 O 0.27334566921151 -1.79461181992265 -4.01816422764172
 O 3.69479355263173 0.52138575560563 -4.76294303946837
 O 2.00117172577571 -3.26738765380862 -2.72784420767421
 O 0.85304658630738 -5.58333464971676 -0.68988743307923
 O -0.42956909294306 -3.75585389830910 -0.66683460506287
 N 1.96728638655230 -1.99117819237301 -0.86494210640986
 C 1.74349258826687 0.02444382216910 -3.33476494940688
 C 0.85870482894908 -1.18464096940732 -2.90132431508260
 C 2.84991868136272 -0.49171659397141 -4.27916006669361
 C 2.36214979955977 0.73006053394584 -2.12537319927193
 C 0.85292201545391 1.00743867245956 -4.09790399131423
 C 1.65316939133410 -2.25201220851831 -2.15230591136074
 C 2.57432069967759 -3.00575975981168 -0.03559626660622
 C 1.52113075067629 -3.82425618528756 0.73426439259105
 C 0.52679927450736 -4.36509522683349 -0.26891375868580
 H 0.04963639605286 -0.81195439789752 -2.25859574752812
 H 2.38582351931965 -0.93009198400225 -5.16464480663937
 H 3.43714259862157 -1.27003776907268 -3.77042078008957
 H 1.59721949557430 0.96024246120022 -1.38625787216344
 H 2.80371598976280 1.67435622172951 -2.43919973207553
 H 3.13403327080600 0.12159135084178 -1.65759498845809
 H 1.47095711908167 1.73716792138650 -4.61502749993664
 H 0.18160358719723 1.52542351319474 -3.41698437563527
 H 0.25937580533361 0.46838681271099 -4.83065817540149
 H 1.47811775566246 -1.24570541069385 -0.39560935159741
 H 0.75618468551689 -2.62760320612763 -4.15705972755819
 H 3.13271144255981 -3.66698778483855 -0.70248656988975
 H 3.26080462325545 -2.52981390481926 0.66873059941414
 H 4.17390573727685 0.90391141111212 -4.02016410487327
 H 0.99513932959424 -3.18256752445767 1.44199660620641
 H 2.00689328748029 -4.64624900705324 1.25598439279515
 H 0.26340749958044 -5.87152732943300 -1.40462818140216
$end
$temperature
298.15
$end
$mult
 1
$end
$sigma
 1
$end
$pressure
1.00000
$end
$scale
1.00
$end
$msrrho
$end
$freq
18.76
36.93
43.09
60.74
82.12
88.46
107.98
132.26
179.63
202.71
215.00
243.04
274.05
281.23
301.03
333.89
345.21
357.38
386.46
407.39
415.37
432.76
452.00
488.90
537.85
553.94
585.69
617.13
662.54
721.18
742.74
786.16
840.44
899.20
917.38
921.42
951.48
968.55
994.63
999.51
1023.92
1035.80
1072.53
1084.69
1117.37
1129.54
1136.03
1163.26
1174.40
1189.66
1202.05
1209.08
1215.47
1254.44
1259.54
1289.47
1292.27
1321.21
1330.56
1347.89
1351.34
1399.07
1414.68
1420.71
1434.96
1443.14
1474.72
1483.53
1493.11
1507.07
1515.50
1724.03
1791.23
2879.95
2889.77
2961.54
2985.77
2997.82
3004.24
3016.13
3020.76
3027.86
3028.86
3034.45
3042.20
3060.44
3368.31
3447.48
3461.12
3551.38
$end
