
$molecule
 O 6.48102705318239 0.60920841946911 3.64103281858959
 O 8.51364812584178 -1.93935929214432 0.97366065571934
 O 8.36403822603038 -2.08540355321407 4.26215041732432
 O 7.49620181983081 4.19016430585299 6.42801642442942
 O 8.91623016293674 4.19297215284438 4.73167250891659
 N 9.09828088225361 -0.01416307749319 4.57602679284748
 C 6.44369924491903 -1.40589451958976 2.22328292435931
 C 7.28666064252424 -0.33369495631321 2.95898907610314
 C 7.36567352218864 -2.47741515346399 1.59297471147360
 C 5.66943913819221 -0.71857223426607 1.09020476862800
 C 5.47309058573842 -2.08071648360498 3.19203033736720
 C 8.26569287977706 -0.90407365743841 3.99365023374050
 C 9.11300373029200 1.42476197757902 4.50926164005369
 C 8.25868681909407 2.05578503876162 5.61432919488005
 C 8.27582680338393 3.56874877072135 5.52430935783730
 H 7.89846439841181 0.18321548195377 2.19774166812698
 H 6.81049422155612 -2.99148250018769 0.80339970781557
 H 7.64649262043585 -3.20994781449808 2.35304655037222
 H 4.99885500271455 0.05673202309264 1.45963497053927
 H 5.06123737828200 -1.45225315015879 0.56715612526014
 H 6.36338701115355 -0.27991999460117 0.37610870445504
 H 4.87849730417927 -2.82417120879701 2.66718609438594
 H 4.80374441325153 -1.34619066861662 3.63450068006148
 H 6.02352648677113 -2.57182015694922 3.98912262474433
 H 9.69123265384143 -0.43030400519508 5.28338765281727
 H 5.84764968700110 0.96946466271614 3.01020013814609
 H 10.14620103985164 1.76793258159305 4.60475294793851
 H 8.73726281938607 1.75754411630874 3.54238486737120
 H 9.20266754139677 -1.85147097628073 1.63909736796473
 H 8.62891280657993 1.75397299246933 6.59851085208665
 H 7.23126270914166 1.69889944377645 5.50301755063285
 H 7.01880526985917 3.57381643567734 6.99874963499951
$end
$temperature
298.15
$end
$mult
 1
$end
$sigma
 1
$end
$pressure
1.00000
$end
$scale
1.00
$end
$msrrho
$end
$freq
24.32
28.05
37.50
45.48
57.59
91.04
133.70
155.89
180.08
196.23
200.60
214.20
243.55
272.29
295.38
305.82
325.19
354.35
368.43
379.38
399.72
431.47
459.21
475.78
537.90
556.87
570.09
573.89
620.06
634.67
689.43
796.80
810.79
864.11
914.93
918.61
946.18
966.59
997.09
1016.23
1024.14
1065.46
1079.41
1084.23
1093.64
1101.34
1138.83
1169.03
1176.61
1199.92
1213.43
1230.11
1245.92
1254.18
1263.93
1289.37
1310.27
1324.13
1331.99
1348.44
1355.88
1403.51
1417.80
1420.94
1425.42
1461.38
1466.33
1487.04
1490.65
1501.55
1514.02
1734.13
1806.74
2816.36
2955.32
2959.14
2968.59
2969.21
2979.40
3000.51
3020.34
3031.76
3033.35
3039.37
3044.94
3061.99
3401.88
3495.57
3532.03
3572.19
$end
