
$molecule
 O 2.43348784244117 -1.74572527631127 -3.06876120669141
 O 3.71951581661668 2.08322667042518 -4.06743213463548
 O 2.77754667551208 -2.29975050628047 -0.52992496605130
 O -2.38220231520777 -1.02869713076702 2.24389353956743
 O -1.17472161001108 0.29334224996596 0.92072790420261
 N 1.34170894605565 -0.69514518301313 0.15557114744610
 C 3.00940535358410 0.50102285384490 -2.30728606939827
 C 2.06424842303442 -0.72875115648384 -2.17567615682461
 C 2.86812517600205 1.00801602500735 -3.76063616032122
 C 4.45496477902647 0.06856144029857 -2.04113303942834
 C 2.61481834292424 1.62699116136267 -1.35281978145232
 C 2.09293844784672 -1.31795264526338 -0.76380091847970
 C 1.21227414819112 -1.17094181411468 1.51159691536939
 C -0.18579315064043 -1.73915167824565 1.77795591645677
 C -1.26769020428993 -0.70500278679391 1.58726861810973
 H 1.04228947534476 -0.41546600154759 -2.42693365603088
 H 1.85449303778527 1.38669067585429 -3.91357161859300
 H 3.03047265942675 0.16795690379001 -4.44723924868670
 H 4.53322246851740 -0.42261664071694 -1.07396032893816
 H 5.11538548391317 0.93341226902245 -2.03241201243330
 H 4.78953184809689 -0.62914006935226 -2.80651709460211
 H 3.15184759709931 2.52918522689708 -1.63854415354162
 H 2.86890118114711 1.38283547513791 -0.32461988165287
 H 1.54951351360896 1.83811401543505 -1.41842212663532
 H 0.71323367980328 0.05014724941404 -0.10742866986889
 H 2.92619759094313 -2.39594192409059 -2.53593478453455
 H 1.96266837097364 -1.95207403208717 1.65306739021739
 H 1.41170816981857 -0.34486446021666 2.20147913851412
 H 4.62894536579495 1.76797840448714 -4.03238492973543
 H -0.25713742864832 -2.14127914518991 2.78830381368663
 H -0.38846166821042 -2.55446602787466 1.07828171606395
 H -3.07833701650164 -0.36888414258737 2.09310083890515
$end
$temperature
298.15
$end
$mult
 1
$end
$sigma
 1
$end
$pressure
1.00000
$end
$scale
1.00
$end
$msrrho
$end
$freq
16.04
33.48
37.46
49.93
70.35
93.08
112.04
145.09
187.31
203.16
220.80
246.35
263.59
273.12
302.34
331.52
336.21
339.12
370.14
389.98
419.43
460.12
474.54
489.04
529.53
578.62
608.61
626.54
672.32
684.49
728.96
804.06
835.27
882.06
903.02
925.26
956.56
967.26
996.79
1018.39
1026.02
1032.09
1087.02
1095.50
1113.61
1126.92
1134.00
1141.81
1167.77
1183.61
1204.09
1217.90
1222.57
1234.19
1244.11
1296.78
1319.20
1320.10
1326.01
1349.72
1354.04
1401.67
1416.74
1419.80
1436.26
1441.93
1476.85
1493.92
1495.51
1507.39
1511.18
1727.02
1782.37
2895.17
2914.17
2942.94
2970.18
2977.81
2987.90
3011.21
3022.70
3026.73
3029.48
3035.11
3040.18
3043.79
3346.32
3427.30
3437.52
3552.83
$end
