
$molecule
 O 7.38100683883648 -0.28488694231926 3.13543431031521
 O 8.44085374864965 -4.27682912341778 3.20484812605100
 O 7.23269565359108 -2.15657660218197 6.12529730870407
 O 6.25722524857248 2.40232974703235 9.30198619907135
 O 8.46444910087072 2.10336504497832 9.23023729950695
 N 8.07925323460766 -0.12107252902703 5.65002137622736
 C 6.60636514918876 -2.62715515707973 3.29375363039649
 C 7.57738966419000 -1.52806768051441 3.78327887976893
 C 7.16859207348508 -3.99659786468195 3.73328202852773
 C 6.52499495191832 -2.57269139781672 1.76151499122714
 C 5.20714493128596 -2.44691942471690 3.88580796215706
 C 7.59060310097314 -1.33002488674042 5.31176430085774
 C 8.20725805136002 0.32461545806545 7.01291719633677
 C 7.11049111206234 1.32715770328260 7.38795433365335
 C 7.38400335708798 1.96745565935878 8.72633662941718
 H 8.59437750523512 -1.83958324963840 3.50772857840659
 H 6.45165828656273 -4.78072602237965 3.45172379126993
 H 7.28854041725854 -4.00577307958042 4.81697988485129
 H 5.99674684570299 -1.68080731874311 1.43338838008854
 H 5.98864638543755 -3.44205971834227 1.38560102174899
 H 7.51890931800091 -2.54555836326275 1.31936306614108
 H 4.53435475715049 -3.20024775403623 3.48279781056943
 H 4.79867297981053 -1.46713384348576 3.63926997879074
 H 5.23718648851496 -2.55434120968773 4.96600497288054
 H 8.32536983342934 0.50962075825480 4.90019452782943
 H 6.44945732681639 -0.04993517789128 3.21944019067100
 H 8.13128638425188 -0.56234366694167 7.64622429099933
 H 9.18585520877627 0.78764966605343 7.16335122299647
 H 8.36473664680788 -4.36308422168044 2.24791753734252
 H 6.13020025065607 0.85132870099217 7.41463005381390
 H 7.07699530303017 2.13213292482997 6.64759262620172
 H 6.44963584587506 2.82300957131908 10.15528649317771
$end
$temperature
298.15
$end
$mult
 1
$end
$sigma
 1
$end
$pressure
1.00000
$end
$scale
1.00
$end
$msrrho
$end
$freq
17.48
22.42
31.31
46.64
52.41
88.68
107.64
151.01
158.37
187.64
206.45
224.94
256.36
263.38
281.82
315.08
329.81
349.08
371.28
398.03
416.76
434.22
448.43
516.34
530.43
543.16
575.89
605.58
623.44
668.92
730.17
788.00
812.32
882.31
914.80
933.94
947.28
964.59
1003.09
1021.41
1039.48
1059.10
1078.29
1086.26
1096.67
1123.86
1124.33
1148.23
1169.18
1188.36
1200.71
1214.20
1232.81
1244.18
1255.75
1275.07
1279.04
1319.90
1329.29
1340.11
1349.44
1404.08
1419.87
1429.41
1435.25
1444.09
1471.05
1492.12
1495.03
1506.62
1510.29
1751.10
1799.35
2879.93
2910.87
2952.86
2967.99
2991.42
3001.77
3010.02
3015.11
3022.28
3027.13
3037.57
3043.13
3063.54
3419.95
3443.11
3529.84
3540.02
$end
