
$molecule
 O 4.52191969077652 -1.29394883478000 3.31372357760036
 O 7.29134019391916 0.58012275674854 0.73482811897219
 O 5.11324476111561 -2.95489064082541 0.48630253342884
 O 2.24912599592532 -2.94905015441949 5.87541040342700
 O 0.17499579462136 -3.18828152650334 5.10351069991738
 N 3.83127541409907 -3.77076815854771 2.10396565760729
 C 6.73532977694415 -1.30279171865600 2.23250587208261
 C 5.51912555278436 -2.11572514220653 2.73785209392116
 C 6.28373460428658 -0.31385636092309 1.13650032674877
 C 7.80332724138173 -2.24540514352244 1.67766350452365
 C 7.32915994464983 -0.52520962427526 3.42104533396185
 C 4.81292182777816 -2.95401928734018 1.66115065353602
 C 3.22050898829352 -3.87785248356048 3.40338260116975
 C 1.97928350907257 -2.98010618615090 3.52318602535462
 C 1.34842037331342 -3.05705737767768 4.88761547250286
 H 5.89609009401655 -2.83181320629878 3.49206324768252
 H 5.39762438435754 0.23307425199246 1.49069935806400
 H 6.01140378246592 -0.87317910934950 0.24171865003679
 H 8.20163064572203 -2.88447765251511 2.46369712397324
 H 8.61412034809502 -1.65778221500721 1.25463299276685
 H 7.38647376542399 -2.86597825391412 0.89135162293499
 H 8.31266559387050 -0.14317175923790 3.15715915569576
 H 7.45299917427785 -1.17939879958319 4.28342832247476
 H 6.70194213673736 0.31964799255090 3.70822364025104
 H 3.35297354947902 -4.25274121984322 1.35304379638792
 H 4.92504217698974 -0.77776180837822 4.02075355252798
 H 2.93594914105461 -4.92303210968769 3.55792401120701
 H 3.93665203107383 -3.59504406220251 4.17350251435640
 H 7.51993478906429 1.14742311047303 1.47888704053098
 H 1.22925943486301 -3.24634798600277 2.77831433339842
 H 2.29810809422907 -1.94845153535165 3.35621948587005
 H 1.80339718931672 -2.98370275500481 6.73654727708747
$end
$temperature
298.15
$end
$mult
 1
$end
$sigma
 1
$end
$pressure
1.00000
$end
$scale
1.00
$end
$msrrho
$end
$freq
21.40
33.68
35.17
63.12
95.91
109.59
115.98
147.65
190.82
196.77
213.04
225.49
242.21
280.71
285.53
323.00
328.45
353.20
362.23
377.01
408.59
417.51
460.37
483.40
560.06
571.45
608.77
621.21
633.26
677.38
700.35
787.28
802.78
859.42
908.64
926.35
955.29
966.89
994.66
1013.84
1022.22
1052.54
1073.36
1083.38
1096.27
1130.98
1150.53
1168.84
1175.10
1202.52
1230.72
1238.36
1247.01
1250.81
1264.56
1288.70
1315.66
1323.96
1335.98
1343.24
1351.47
1401.65
1416.09
1421.88
1432.98
1459.08
1472.05
1484.18
1497.30
1509.85
1520.54
1743.89
1797.09
2793.78
2878.31
2950.14
2983.50
2992.44
3009.79
3010.74
3019.84
3023.42
3024.08
3037.27
3045.47
3076.20
3404.72
3449.06
3536.59
3548.94
$end
