
$molecule
 O -2.36210835345456 -1.89837386356889 -1.01706812672251
 O -2.88173669752461 -1.23599653269633 -3.60043080911347
 O 1.04301983856114 -2.24912555546828 -0.14499496551915
 O -2.79081298240428 -4.67369961196306 1.83238284887980
 O -2.51561306083410 -4.08637890604735 3.95968649206563
 N -0.79618259393722 -3.52564150819974 0.14960182867479
 C -0.58900883851656 -1.66255704653155 -2.71431430159069
 C -1.00961761284519 -1.55804099491128 -1.22261371342637
 C -1.53776006858049 -0.79746851260426 -3.57419543057825
 C -0.65406231475910 -3.12632180145419 -3.16164576488931
 C 0.82449641729778 -1.11239363541479 -2.90378484180210
 C -0.13747491451838 -2.46478800203079 -0.34266669119752
 C -0.20570323292552 -4.44071849281806 1.09139653076285
 C -0.58040639020230 -4.11095107371552 2.53861350617416
 C -2.04280701441771 -4.27883586651247 2.87266691471315
 H -0.82566508160861 -0.52234424195872 -0.89146316256476
 H -1.14030333405426 -0.74702337881623 -4.59627162577144
 H -1.57438518724593 0.21938896803834 -3.17430534836276
 H 0.15058827737380 -3.68818927804486 -2.69456978152511
 H -0.54114226560705 -3.20209844682246 -4.24225059978200
 H -1.59764230965475 -3.58288693740540 -2.86593123011333
 H 1.16462905682009 -1.29429275976093 -3.92068656911372
 H 1.51108755191815 -1.58900549657950 -2.21092349070100
 H 0.84489270109983 -0.04096082750656 -2.71789329278002
 H -1.79804490565844 -3.54888987356381 0.02219337132872
 H -2.87573800755858 -1.51648149895277 -1.74930346127618
 H -0.51997905654336 -5.45750851683201 0.84279232027573
 H 0.87806806217119 -4.35342022267383 0.97874659940075
 H -2.91285640173626 -2.09817325187282 -4.03041961042675
 H -0.31352368802982 -3.07458111573037 2.76039757480112
 H -0.01384047278117 -4.74103721485731 3.22731096020946
 H -3.71900611984282 -4.75472050272620 2.10286586997071
$end
$temperature
298.15
$end
$mult
 1
$end
$sigma
 1
$end
$pressure
1.00000
$end
$scale
1.00
$end
$msrrho
$end
$freq
16.57
25.71
45.51
47.22
57.54
102.74
143.80
155.75
206.19
207.68
229.45
245.80
252.58
283.10
303.91
310.95
356.67
375.53
386.08
407.55
450.89
494.01
497.12
541.70
544.17
566.64
587.72
595.81
621.84
673.41
716.92
803.75
822.09
862.58
899.56
932.97
946.26
972.01
995.00
1002.45
1023.06
1048.02
1076.13
1113.12
1117.72
1132.27
1135.90
1148.88
1167.10
1182.89
1213.52
1225.65
1238.25
1246.05
1262.46
1298.96
1309.41
1315.74
1324.25
1331.41
1351.33
1405.16
1418.97
1423.94
1430.98
1435.09
1478.55
1487.50
1491.24
1500.68
1509.27
1743.30
1789.65
2843.50
2901.32
2962.04
2977.12
2977.72
2978.27
2990.79
3014.81
3017.36
3031.54
3037.30
3050.12
3066.73
3367.42
3426.86
3450.02
3542.13
$end
