
$molecule
 O -2.67165637072376 -4.79774354004367 1.76999604934879
 O -1.23803738200387 -8.28115302222910 1.97467420612030
 O -4.09709510369023 -7.96367428990430 2.60985905452520
 O -1.84135097067613 -10.27900947586958 0.13222590106991
 O -2.72060978708704 -10.77403631953834 -1.83615864416911
 N -3.54144094415053 -6.97735093946237 0.64900259948939
 C -1.60578378552436 -6.26975322591581 3.37380633674858
 C -2.93297607992835 -5.84598162253959 2.68746283799447
 C -0.71662759116599 -7.03250666658201 2.37605926786044
 C -1.92065896807841 -7.14671595751164 4.58961516879638
 C -0.85129584060899 -5.01750079022810 3.82793169362280
 C -3.58200126383755 -7.05409082983307 1.98987446603497
 C -3.92494237993360 -8.05954699167316 -0.22338991657296
 C -2.77291377527625 -8.47229615527975 -1.16262795946931
 C -2.44671190522486 -9.95300248228999 -1.00738632483661
 H -3.61751348341908 -5.50960925173683 3.47694665207706
 H 0.27694901755711 -7.17435230761835 2.82300448170183
 H -0.60115889433756 -6.44391204470161 1.46316579655587
 H -2.33876125213483 -6.53729163549448 5.38713116784961
 H -1.01153863586619 -7.61491599787814 4.96289868888878
 H -2.65263777819774 -7.91320747105622 4.34434563075744
 H 0.05135501753802 -5.30138542574692 4.36287723099036
 H -1.47420980954913 -4.42300253725581 4.49142857060623
 H -0.57698011319812 -4.40681148123880 2.97271259701974
 H -3.05030594817013 -6.18869355270389 0.24963513811916
 H -3.47500433110599 -4.28366808759218 1.64575742288378
 H -4.22321181936819 -8.88622877634516 0.42863525677722
 H -4.79718255983714 -7.76265482567028 -0.81376990819425
 H -1.46438628920116 -8.78323828633298 2.76794803727177
 H -1.87817863029281 -7.89453958767000 -0.92033771843049
 H -3.03813981464289 -8.28916861348877 -2.20306698080450
 H -1.65478852786721 -9.50818380856949 0.70436119936290
$end
$temperature
298.15
$end
$mult
 1
$end
$sigma
 1
$end
$pressure
1.00000
$end
$scale
1.00
$end
$msrrho
$end
$freq
30.71
46.78
60.23
86.02
92.13
110.55
141.31
162.11
201.76
213.42
219.94
235.89
244.13
252.21
282.84
289.66
303.20
353.48
370.44
390.13
402.37
438.44
449.63
522.71
564.06
572.35
581.73
630.81
682.06
693.29
723.81
798.92
824.50
891.59
917.57
939.23
964.59
973.50
995.80
1017.54
1023.73
1043.66
1078.60
1097.83
1104.67
1137.52
1156.08
1162.23
1176.55
1186.24
1198.88
1217.27
1243.22
1246.73
1263.18
1273.69
1284.01
1314.73
1323.53
1328.86
1352.80
1404.32
1420.45
1432.12
1452.84
1464.45
1477.84
1487.10
1493.02
1499.06
1512.53
1745.57
1795.91
2892.53
2899.42
2939.68
2968.92
2979.08
2988.53
3021.56
3022.66
3034.96
3038.44
3042.31
3045.44
3058.38
3276.02
3402.32
3514.62
3573.88
$end
