
$molecule
 O 5.26538345562555 -5.77438432578074 -3.37857131493966
 O 6.48468547267758 -1.73996025869585 -4.19828693907394
 O 3.39819490005226 -4.02059799818945 -4.69814801710178
 O 4.30534523151561 -4.09278592608048 -8.93540738184543
 O 5.90179160740023 -5.48407030280388 -9.63664208011254
 N 5.09382102971362 -3.78912898978825 -6.13527703408429
 C 5.56895609768531 -3.44039752866891 -2.63686783902809
 C 5.58140883719231 -4.47076899458440 -3.80671053701476
 C 5.54052593786031 -1.99617264111230 -3.18222874439860
 C 6.84433241241058 -3.65429959393188 -1.81926315306446
 C 4.33585863787558 -3.64135248303145 -1.75341953631143
 C 4.59546799263627 -4.08061331351731 -4.90782396080776
 C 6.40216177307612 -4.11793018930309 -6.67167745554732
 C 6.49088457413322 -3.68336131332763 -8.13959184889749
 C 5.57295027000617 -4.52776542035183 -8.99533673195614
 H 6.59864263795778 -4.53597485766340 -4.19725892811560
 H 5.79228633769876 -1.31504588079783 -2.36462487620615
 H 4.52868548394651 -1.75544174073213 -3.52841100649322
 H 6.96314749943684 -4.70945950127426 -1.58527481893108
 H 6.79646885874390 -3.09103811776491 -0.89060632696119
 H 7.70955071412423 -3.31684395554527 -2.38528455233947
 H 4.27263097697810 -2.83770395624161 -1.02344768151050
 H 4.40416677636640 -4.58423299796719 -1.21578094418033
 H 3.42932673376988 -3.63275194130929 -2.35480343487793
 H 4.37504846498628 -3.62821898472143 -6.83401365516531
 H 4.32245465652911 -5.78802443889033 -3.16799782157580
 H 7.18344650803752 -3.59562949169764 -6.11015206885437
 H 6.58860976847467 -5.19725852007329 -6.60131104752711
 H 6.10936150820938 -2.01892729020549 -5.03900613563333
 H 7.51231113550594 -3.82296218530661 -8.49124437318918
 H 6.20702052052474 -2.63459302288480 -8.23077067694897
 H 3.71898318884776 -4.65564583775537 -9.46614207730704
$end
$temperature
298.15
$end
$mult
 1
$end
$sigma
 1
$end
$pressure
1.00000
$end
$scale
1.00
$end
$msrrho
$end
$freq
15.42
39.60
50.52
59.96
72.51
101.99
140.12
147.56
157.25
206.55
218.45
229.44
241.42
267.29
286.48
290.13
324.95
333.76
353.57
394.80
403.07
441.32
459.62
519.03
552.99
566.06
618.73
632.35
650.26
705.54
731.99
803.31
839.46
873.15
908.78
922.20
947.95
972.90
1001.51
1018.70
1026.75
1041.24
1082.17
1084.05
1090.54
1139.70
1148.27
1168.89
1172.41
1194.58
1211.55
1237.43
1240.16
1245.64
1278.13
1300.96
1307.33
1326.62
1333.37
1353.71
1357.63
1393.03
1400.60
1415.37
1436.22
1473.32
1482.58
1491.26
1495.45
1503.46
1505.98
1719.36
1810.21
2909.79
2918.45
2944.71
2966.55
2988.55
3004.04
3025.47
3031.32
3034.69
3038.27
3039.42
3040.41
3043.04
3364.63
3441.50
3507.59
3562.44
$end
