
$molecule
 O 1.03620127466211 -0.04952773681162 -1.79283991488338
 O -1.32935472788851 1.97222755576001 -4.05055753877702
 O 1.54323140945709 1.83157037968286 -3.46863343961796
 O 4.26222892610704 5.36235427783481 -0.46635052589924
 O 2.63917294067165 5.87290629935965 -1.87818560576378
 N 0.85259685355737 3.51935860010376 -2.15809698170391
 C -1.18588624166049 0.96575707538366 -1.79107940482414
 C 0.34658271799817 1.14606395281468 -1.54434768813682
 C -1.45998515125627 0.79284205190572 -3.29996031604230
 C -1.98660661278688 2.15187506213053 -1.24983736937226
 C -1.62558775460998 -0.30699234201649 -1.06242468651360
 C 0.96478368832182 2.20636800652089 -2.46701221322657
 C 0.75800175308987 4.10635533052034 -0.84379036950684
 C 2.14242454465837 4.23786119509168 -0.18836446826537
 C 3.01408962957873 5.23359128161291 -0.94018680016108
 H 0.50104774668110 1.39210513317488 -0.48695309946031
 H -2.46563772326325 0.36691472688469 -3.42922960289713
 H -0.73811281468551 0.09239910767554 -3.72511849205397
 H -1.87326774961060 2.22665658453936 -0.17014395890155
 H -3.04457397010934 2.00209896701078 -1.46114262361236
 H -1.66890213330250 3.08880558127101 -1.70090620610092
 H -2.68709157113250 -0.48528028740754 -1.21642936979662
 H -1.43937753764640 -0.21237622299186 0.00480707266814
 H -1.06551668824813 -1.16144145510974 -1.43037025812731
 H 1.30286169690490 4.12626787510354 -2.83574880346001
 H 1.41548644610005 0.05061376540807 -2.68640512131882
 H 0.32205587419537 5.10275279874578 -0.95263953670061
 H 0.11149687304989 3.50469642581113 -0.20708695698472
 H -2.02773609498017 2.58498973927106 -3.79708123610563
 H 2.64095093656524 3.26402768274565 -0.18072142853795
 H 2.03254985054753 4.58054627455293 0.84410075420126
 H 4.45105260902915 4.77995931341729 0.28105418988207
$end
$temperature
298.15
$end
$mult
 1
$end
$sigma
 1
$end
$pressure
1.00000
$end
$scale
1.00
$end
$msrrho
$end
$freq
20.13
34.99
39.59
55.91
79.15
101.35
121.72
145.79
179.38
194.73
216.22
260.22
278.62
296.46
307.92
341.15
354.88
360.34
387.11
394.85
469.75
472.51
496.77
513.27
517.99
548.29
558.78
611.48
619.00
636.99
743.70
804.18
838.39
865.66
902.03
921.07
945.67
961.73
988.32
995.44
1019.10
1029.12
1086.47
1088.67
1109.71
1122.51
1131.09
1140.26
1162.27
1199.32
1204.87
1206.88
1217.07
1250.17
1281.32
1295.00
1312.59
1323.02
1335.28
1347.96
1360.11
1398.47
1406.03
1417.46
1420.12
1451.31
1475.05
1487.44
1495.64
1510.17
1519.66
1724.21
1804.54
2871.85
2904.75
2956.73
2965.17
2974.39
2990.92
3014.32
3020.92
3024.73
3031.70
3036.83
3039.80
3062.14
3315.17
3378.35
3494.33
3550.55
$end
