
$molecule
 O 4.56635892122621 -5.24569276970917 3.86291396534695
 O 8.49420257390531 -4.74581906339117 4.79698952330524
 O 6.17672400550136 -6.49881173149727 5.54436082434624
 O 6.06582188942045 -0.94206879573863 8.36617208787604
 O 5.28675631622599 -1.67272228992982 10.30384838959949
 N 5.76103096275556 -5.01566308208072 7.14282639687385
 C 6.40287208139750 -3.61137396676306 4.10306253938065
 C 5.25080361691719 -4.42224807574129 4.77311357582779
 C 7.57548064826083 -4.56115644536617 3.74871956810217
 C 6.87596147542189 -2.50696400189086 5.05366891583578
 C 5.88129416648769 -2.96226860137975 2.81464809817265
 C 5.77609023034132 -5.39978405183579 5.83710654149341
 C 5.22445480938051 -3.86216494123945 7.81775936147819
 C 6.24962859241807 -3.30307000393924 8.82406081830586
 C 5.82466126629167 -1.91262979555456 9.26562366153264
 H 4.53782492102203 -3.71074027881526 5.22053021643901
 H 8.08825358252365 -4.18508662065730 2.85375870975661
 H 7.17016707564484 -5.55190519910547 3.53225416645803
 H 6.05672108875809 -1.82425432834424 5.27506383792470
 H 7.67404899421452 -1.93044312651722 4.58751675342343
 H 7.25257530598100 -2.94586478745102 5.97427484691521
 H 6.61604405166975 -2.25674173823452 2.43286213731687
 H 4.95715928302549 -2.41613938723524 3.00159261331979
 H 5.70898521417835 -3.70962978983360 2.04327001020274
 H 6.07709665308692 -5.75654341219697 7.75663888003225
 H 4.20775161230708 -4.70454044253387 3.15140057679432
 H 4.96673904528728 -3.09740350001163 7.08462824036050
 H 4.30893973433073 -4.12894702107338 8.36059884145161
 H 9.06307132694042 -3.97095216480484 4.85677677647731
 H 7.23775128241981 -3.26580557837009 8.35894592185775
 H 6.30018047621635 -3.94964886906435 9.69960726085067
 H 6.53272679644225 -1.26414513969201 7.58271294294283
$end
$temperature
298.15
$end
$mult
 1
$end
$sigma
 1
$end
$pressure
1.00000
$end
$scale
1.00
$end
$msrrho
$end
$freq
25.71
35.21
46.04
55.85
71.13
82.11
104.00
162.76
192.94
200.92
227.31
242.82
270.15
278.75
288.40
297.01
298.30
341.73
375.47
379.74
392.67
432.13
470.40
494.73
508.64
563.30
574.83
613.98
627.13
674.56
700.21
803.60
815.84
859.82
910.30
919.07
936.60
961.83
990.76
1006.42
1017.56
1036.76
1077.55
1087.42
1114.17
1126.25
1141.66
1149.95
1164.52
1198.23
1212.70
1217.30
1233.96
1247.67
1260.26
1277.16
1303.53
1326.07
1338.03
1352.47
1359.38
1391.10
1413.49
1418.14
1463.80
1465.81
1467.88
1499.10
1504.39
1511.33
1518.24
1750.98
1812.29
2830.19
2892.31
2911.99
2970.46
2994.21
3002.78
3006.03
3010.20
3016.49
3022.51
3029.02
3037.50
3039.11
3405.23
3470.95
3545.83
3548.14
$end
