
$molecule
 O -3.57938838667814 -3.09517484497056 7.11666322423601
 O 0.16088530985556 -4.69619259049429 8.19357006082518
 O -2.53014205420640 -6.27475090794399 6.35975418889433
 O -1.86419365793254 -8.43426626586014 8.23851505667217
 O -1.95967434182353 -6.53159689444067 9.34633771787074
 N -4.25610584418445 -5.60045389171637 7.61728613942296
 C -1.24648215487196 -3.64927352051862 6.44821340431722
 C -2.50354088237824 -4.00289738842947 7.27173276981426
 C -0.11122826417602 -4.63853586159432 6.81455004303873
 C -0.78312664989266 -2.23495250661447 6.82095110332681
 C -1.54341640568490 -3.72402922201775 4.95159079146907
 C -3.06820107855402 -5.39665225720481 7.00303561480833
 C -4.73886984397523 -6.94541347137251 7.77641893315934
 C -4.04376633067247 -7.64060556021550 8.97092810260506
 C -2.53482047909331 -7.47423205814344 8.86997532722201
 H -2.19937879378492 -4.02100940098089 8.33523583553973
 H 0.80995912032658 -4.28841859400594 6.33767345687278
 H -0.34934797202916 -5.62857767628747 6.41846622678679
 H -1.50818870834212 -1.47745793524157 6.52491144048518
 H 0.14920911372678 -2.01389193574919 6.30757887763080
 H -0.60050430388157 -2.16986654338609 7.89159931677755
 H -0.67811437289474 -3.39931952084434 4.37895079810952
 H -2.38805298995084 -3.08317757133840 4.70628315791409
 H -1.78762665306031 -4.74290061718044 4.66639577300594
 H -4.63866959018326 -4.85931410231062 8.18131409272967
 H -3.23520544795812 -2.20599058667334 7.25637410242123
 H -5.81864997271461 -6.93557271245255 7.92988869722854
 H -4.50798622955707 -7.48061826011655 6.85037681318171
 H -0.42387421152847 -5.34309268285819 8.61305330884901
 H -4.32247902714513 -8.69517848874722 8.99771468440661
 H -4.36396367603303 -7.16000924126656 9.89684611033603
 H -2.43416022072274 -9.05241288901780 7.76352983004226
$end
$temperature
298.15
$end
$mult
 1
$end
$sigma
 1
$end
$pressure
1.00000
$end
$scale
1.00
$end
$msrrho
$end
$freq
36.62
49.27
68.57
82.09
91.09
109.45
129.43
154.78
178.73
188.08
207.76
219.60
250.80
274.72
306.40
310.74
320.61
366.43
386.34
419.28
424.24
447.25
466.50
503.01
508.20
533.79
563.98
574.23
609.92
696.68
731.97
802.60
832.46
886.47
918.36
927.22
945.42
965.90
995.97
1011.96
1024.53
1035.15
1078.76
1089.05
1100.86
1126.52
1146.69
1155.07
1171.67
1185.51
1200.08
1218.51
1228.32
1249.55
1263.41
1290.58
1312.96
1323.18
1326.25
1335.18
1356.06
1400.08
1410.21
1417.97
1440.68
1458.48
1472.17
1487.22
1491.44
1502.84
1514.45
1739.99
1768.29
2810.03
2944.90
2960.22
2966.08
2984.24
2987.40
3001.13
3002.28
3027.78
3032.36
3036.91
3045.39
3063.18
3468.31
3473.62
3501.37
3538.96
$end
