
$molecule
 O 4.92629600915197 -2.45248927551517 3.82267465030397
 O 1.77032289785334 0.03421457258763 5.77184117078154
 O 1.92771505286621 -2.72788614112970 5.67535856605354
 O 4.76015491370674 -4.35588854479888 10.13086943311860
 O 3.37945954097522 -2.79527019033535 10.91822917615691
 N 4.09136804310157 -3.07430964714716 6.23146112197513
 C 3.70085533565662 -0.41818729827732 4.25860542346994
 C 3.63322153230625 -1.96616873741456 4.14398886331839
 C 2.29410054807394 0.18838829337051 4.48360219915185
 C 4.23948418755629 0.11852110359508 2.92895170331759
 C 4.63083063646572 -0.00757392347657 5.39991839205008
 C 3.11680556694398 -2.61757707595112 5.43037718074128
 C 3.84571733792967 -3.62750726581787 7.53811258146846
 C 4.17097552701367 -2.61481521222139 8.64602259853230
 C 4.03515147531986 -3.23331158421206 10.01585976344709
 H 2.91839318964374 -2.20967211845353 3.34477688036257
 H 1.60505726476948 -0.21685263204083 3.72882016851621
 H 2.36941019918290 1.26908886251186 4.33058440870409
 H 5.20938643462602 -0.32255172751066 2.71758929915117
 H 4.34915641672044 1.19845680113764 2.97786069837173
 H 3.56000259038406 -0.12271998357973 2.11416893659870
 H 4.78197777199970 1.06845530254407 5.37687168961979
 H 5.59504620403660 -0.49762211631116 5.29267468852341
 H 4.18970737745525 -0.26381490433363 6.35983691508089
 H 5.04310968390623 -2.87641100298550 5.95414248053588
 H 4.84410572902697 -3.33928359400761 3.45883767104389
 H 2.78607940399059 -3.89207477033429 7.57604480363915
 H 4.45275956152682 -4.52670644228140 7.67177896579947
 H 1.50084294323724 -0.88963316797718 5.88941620643750
 H 3.50573795551435 -1.75333389977090 8.58447135227399
 H 5.20503055096277 -2.27862214931710 8.53435467024723
 H 4.65872811809270 -4.73111053054827 11.01975734120794
$end
$temperature
298.15
$end
$mult
 1
$end
$sigma
 1
$end
$pressure
1.00000
$end
$scale
1.00
$end
$msrrho
$end
$freq
15.69
20.67
40.02
50.65
60.65
84.73
139.57
166.98
182.00
204.76
223.85
230.08
246.73
269.80
279.51
292.69
299.72
328.00
375.99
401.90
416.07
426.65
508.85
557.11
563.70
590.46
599.30
604.81
656.67
686.18
703.49
796.39
814.00
890.30
909.25
917.37
937.29
968.30
998.80
1018.68
1031.38
1048.55
1088.43
1104.11
1108.65
1139.34
1154.15
1159.31
1164.87
1200.15
1207.64
1235.86
1240.49
1254.22
1260.48
1265.35
1280.87
1311.27
1334.67
1341.73
1367.73
1395.59
1415.09
1437.68
1441.08
1442.90
1470.73
1485.60
1490.82
1500.69
1503.28
1731.68
1806.52
2873.67
2883.69
2959.49
2964.71
2966.77
2988.67
3016.69
3028.58
3038.55
3041.90
3044.27
3049.20
3055.04
3412.34
3431.02
3451.36
3569.68
$end
