
$molecule
 O 5.92056730616494 -7.26345814287344 3.54308206982163
 O 7.10451469358395 -8.53548212594165 1.45522682936408
 O 5.15109393399173 -3.96103840234260 2.70097415474689
 O 7.07758116991956 -4.86420435203391 7.59528747303447
 O 7.13573927821076 -5.79021868607869 5.57545710289103
 N 4.44347583361743 -4.99545400707021 4.51933811593381
 C 5.98196666536726 -6.32135599400398 1.27295013479587
 C 5.25538377084507 -6.39287327860382 2.64483186841018
 C 6.17791700314810 -7.76309255441005 0.74314094566155
 C 7.34505968273708 -5.64308311650963 1.41448432724775
 C 5.11191284513878 -5.57609455238603 0.25880756912045
 C 4.97782620687925 -5.01844349818376 3.27403221656916
 C 4.25496684192269 -6.02459259680913 5.51166060492307
 C 5.03554806015898 -5.69265299470066 6.78950439026782
 C 6.51139496292029 -5.47265111728109 6.55387989443221
 H 4.26840325892944 -6.85209395983071 2.47543467598385
 H 6.55815100769083 -7.71386247111771 -0.28072849107052
 H 5.19780033340510 -8.26756296847303 0.71952033304939
 H 7.22560906206026 -4.63217515922164 1.79262764831510
 H 7.83209615940365 -5.59808443611144 0.44361267522182
 H 7.98734932891279 -6.20840058217038 2.08657265930171
 H 5.60151628667517 -5.57021637067801 -0.71187578523372
 H 4.95683532010210 -4.55038973862868 0.57561809635398
 H 4.14397465195364 -6.06279443433585 0.15211724937230
 H 4.25891372157994 -4.05102425464911 4.83855107008687
 H 6.62455494149226 -6.76969439260279 3.99559527568771
 H 3.19002005135196 -6.09646586281997 5.76337655314990
 H 4.58710484058072 -6.97843417685482 5.10424433323337
 H 6.83772594430159 -8.49674024380037 2.38678360778303
 H 4.93621703894079 -6.51138993892731 7.50542079973897
 H 4.64224430224126 -4.79221485174440 7.26617444836833
 H 8.02821849576245 -4.73319073880450 7.44716315344272
$end
$temperature
298.15
$end
$mult
 1
$end
$sigma
 1
$end
$pressure
1.00000
$end
$scale
1.00
$end
$msrrho
$end
$freq
19.24
25.91
56.35
79.36
100.33
131.72
160.09
176.19
189.47
195.16
225.25
246.72
267.74
270.56
298.77
324.19
361.25
374.57
387.81
426.48
481.64
490.37
509.98
524.87
556.16
574.20
606.53
623.85
648.93
669.92
674.10
800.89
831.13
857.09
897.11
920.01
950.21
972.47
992.77
1006.54
1027.90
1050.38
1081.26
1092.13
1099.92
1136.87
1155.32
1173.55
1182.21
1192.73
1199.46
1221.39
1228.04
1267.93
1276.72
1299.42
1323.17
1331.92
1338.69
1344.50
1369.03
1401.06
1416.09
1420.79
1429.11
1446.88
1480.61
1484.35
1494.75
1499.89
1504.56
1726.06
1786.12
2836.35
2871.11
2916.86
2966.33
2974.96
2988.43
3019.74
3025.58
3031.01
3037.01
3043.44
3060.31
3076.57
3382.29
3404.04
3434.61
3437.63
$end
