
$molecule
 O -0.90783293428400 -1.59364558122524 6.34469510629615
 O -3.53840379893929 -2.67878848573591 6.62442965440817
 O -0.85250244683485 -0.45681180597277 3.00482485892497
 O 4.33180198295909 -2.47449118992567 4.68394598561905
 O 2.44598909315729 -3.60852526787041 4.88992089194079
 N 0.74673016826898 -1.01861185264489 4.49994105903675
 C -2.15490301219635 -2.78153096513927 4.57014392225131
 C -1.53892514652552 -1.44868528456823 5.09521518042171
 C -2.81973150068926 -3.52386236943504 5.75102042327176
 C -1.06884697072726 -3.69068042705272 3.99033779282873
 C -3.19271413113387 -2.45673135375964 3.49443129637650
 C -0.52678682111079 -0.92045263214321 4.08023625965458
 C 1.86709780155222 -0.70963892457732 3.65803021414829
 C 2.54494410582372 -1.99040870897451 3.12499673991992
 C 3.08301355023334 -2.78730501761132 4.29664382493986
 H -2.34397372150175 -0.70055495292628 5.16425539394688
 H -2.05289739909818 -3.99731412530177 6.36908333748814
 H -3.47131372434562 -4.31331492528520 5.35477363196705
 H -0.71275150589063 -3.29003650518480 3.04460262647400
 H -1.47374485814582 -4.68412390365883 3.80809477403531
 H -0.22723998061240 -3.78077338644299 4.67352086918391
 H -3.55084964698236 -3.37204183944054 3.02816684153682
 H -2.74486255691148 -1.82517171041491 2.73156339349512
 H -4.04529413969227 -1.92317070557754 3.91339979154047
 H 0.90033764881570 -1.46956044661100 5.39066468006830
 H -1.58862781439097 -1.86433222656787 6.97565100666151
 H 1.47769220903928 -0.13043110812138 2.81610771234799
 H 2.58860688461702 -0.10110633525886 4.21432755025318
 H -4.27758707541420 -2.29356387127497 6.14155532213658
 H 3.33948592397809 -1.72330397631916 2.42608718994977
 H 1.79673232684060 -2.59082699975590 2.60771973592804
 H 4.73851049013842 -1.79477311521595 4.13101993294633
$end
$temperature
298.15
$end
$mult
 1
$end
$sigma
 1
$end
$pressure
1.00000
$end
$scale
1.00
$end
$msrrho
$end
$freq
21.24
32.99
36.95
60.10
72.11
85.66
116.88
158.51
169.08
209.84
234.89
240.50
255.23
280.09
306.89
324.15
337.98
389.55
394.56
407.57
446.92
457.44
480.44
510.57
522.38
556.17
563.34
587.55
618.66
700.76
708.12
800.09
829.35
877.41
910.27
941.70
950.86
971.55
982.09
1008.11
1024.07
1030.24
1078.81
1091.21
1111.14
1122.21
1130.62
1154.97
1166.12
1190.81
1214.61
1220.69
1223.95
1236.82
1245.72
1283.31
1291.73
1310.80
1323.52
1333.23
1349.33
1408.00
1422.22
1437.67
1442.94
1454.24
1481.17
1493.01
1496.14
1504.40
1507.65
1744.21
1795.44
2860.35
2901.97
2927.35
2970.88
2981.39
2982.70
3007.52
3020.12
3026.64
3031.78
3041.32
3043.47
3053.41
3428.36
3488.32
3496.65
3548.76
$end
