
$molecule
 O 6.58447755470417 0.06831080638936 1.45578971732987
 O 6.50150220907500 2.80825198625118 2.55717532903337
 O 5.18538389156692 -0.98417297442517 -0.54702109486178
 O 8.91765574389950 3.71023065300667 -1.97356014743144
 O 8.71620113894125 3.20294890550037 -4.11528278496468
 N 5.61648585873131 0.74527506964058 -1.89898221408424
 C 4.75077107992530 1.67899471781524 1.21986992836595
 C 5.96860324062992 0.96310250078759 0.55846159719174
 C 5.22496800846000 2.22160016609545 2.59355539366234
 C 3.59442076659680 0.70690740760685 1.45028959393217
 C 4.28599984920258 2.84609434230011 0.34936532483498
 C 5.56237048073545 0.16561744429673 -0.67803185109491
 C 6.34196913640629 1.92571774896723 -2.30298992654299
 C 7.83495596440343 1.62249198161196 -2.54394161160301
 C 8.53896310815416 2.90037306781188 -2.97360250110694
 H 6.71898409534064 1.72085343863128 0.31488557802837
 H 5.20101270851175 1.40961151722164 3.32928615469152
 H 4.53846190404327 3.00566771946461 2.92112958477859
 H 3.16844091535856 0.37939382018466 0.50526069334887
 H 2.81502956764189 1.19545225276682 2.03074368865990
 H 3.92775436142589 -0.17174606319524 1.99735270990406
 H 3.40363814418253 3.29993107648146 0.79425159683873
 H 4.02406803660006 2.51087368213853 -0.65156249596444
 H 5.05987447871694 3.60891095141768 0.29083460500290
 H 5.37795088732341 0.10611069988179 -2.64785104781776
 H 6.14494137475410 -0.78796436682501 1.32910987041487
 H 5.89948050538427 2.29432040265698 -3.23136824656386
 H 6.23008929316881 2.70238467337239 -1.54531300786189
 H 7.14334720748479 2.08910877085414 2.51851101053663
 H 7.93108497694714 0.88924647049112 -3.34528488157263
 H 8.28341290135699 1.21359889670150 -1.63532356885987
 H 8.74141861032377 3.35078023409711 -1.09398699622244
$end
$temperature
298.15
$end
$mult
 1
$end
$sigma
 1
$end
$pressure
1.00000
$end
$scale
1.00
$end
$msrrho
$end
$freq
18.91
33.05
40.20
47.85
62.03
85.64
92.71
156.05
181.97
188.96
215.79
239.74
264.23
289.99
303.97
315.90
347.21
351.56
399.53
431.31
453.12
469.33
481.39
504.34
522.03
564.08
583.89
618.50
624.36
689.73
701.66
797.31
817.78
885.71
908.55
924.55
937.53
966.82
983.30
1010.74
1024.04
1026.41
1065.31
1084.98
1103.03
1128.26
1140.18
1165.30
1174.15
1194.60
1218.64
1221.90
1244.50
1249.96
1254.84
1275.90
1292.99
1332.19
1337.19
1352.07
1361.62
1403.64
1409.86
1421.87
1467.06
1467.36
1470.82
1491.96
1497.86
1505.69
1511.37
1720.17
1806.95
2918.09
2943.96
2970.15
2977.69
2982.80
2999.23
3015.20
3025.36
3032.15
3032.68
3038.57
3042.91
3046.90
3397.74
3416.23
3488.83
3532.85
$end
