
$molecule
 O 4.39518877966162 -1.12151154463604 4.17087138708239
 O 8.57323850936385 -1.50734793229030 3.71460349583962
 O 4.07626282268020 -4.63645136019054 3.99004212960287
 O 1.31288245626918 -4.95382102514477 -0.96051268234336
 O -0.15740732614866 -4.34194605136947 0.59823583619436
 N 2.97383332713168 -2.90688917117092 3.04808934206782
 C 6.33639807324273 -2.56454958902966 3.64913441890116
 C 4.95062901087320 -2.41355578345373 4.33983185044146
 C 7.22228255803435 -1.36570834376208 4.06464880902992
 C 6.14836514365555 -2.56621859756561 2.12889398062740
 C 6.99818192949001 -3.86162643397266 4.11219007681956
 C 3.96066692741378 -3.44623281436408 3.78147272618872
 C 1.94924651986397 -3.69298180239037 2.41196226884868
 C 2.17482635272356 -3.79416181145647 0.89943591481640
 C 0.97416646105510 -4.38206317742236 0.20062584750556
 H 5.07218974297290 -2.63876935971855 5.40876095000255
 H 7.22416563553686 -1.26945518388851 5.15495231809879
 H 6.81944195542883 -0.43951684889219 3.62554961729821
 H 5.60845290626474 -3.45776053734230 1.82113562063414
 H 7.10907532477553 -2.56631522799399 1.61644823268494
 H 5.58474766083236 -1.68873557311740 1.81636409798234
 H 7.93702020756764 -4.01275393566583 3.58581850088499
 H 6.34282196615219 -4.70677064379366 3.92533505866171
 H 7.21045386672436 -3.81731397909564 5.17782236697216
 H 2.95884403556173 -1.90328821593721 2.95186319054105
 H 4.88203037015668 -0.49923891501981 4.71931246111048
 H 1.98431453896341 -4.68887200770924 2.85988534424216
 H 0.96703323209510 -3.25146610927841 2.59972785852141
 H 8.63513359257161 -1.62420320882890 2.76025537679383
 H 3.05213804708480 -4.39742180986617 0.66698342157654
 H 2.33238601030447 -2.79490301342124 0.48303792866183
 H 0.52948136169837 -5.31538199221134 -1.40510674629106
$end
$temperature
298.15
$end
$mult
 1
$end
$sigma
 1
$end
$pressure
1.00000
$end
$scale
1.00
$end
$msrrho
$end
$freq
19.60
24.33
32.14
46.64
56.96
73.20
100.56
135.80
161.09
196.76
211.47
222.80
245.26
262.11
285.79
306.33
309.99
331.10
351.96
389.82
412.12
430.19
432.88
497.00
529.66
546.76
590.56
612.28
637.00
668.46
709.13
799.09
804.65
880.38
916.92
926.68
939.37
971.65
993.08
1030.76
1037.64
1058.78
1089.22
1097.96
1105.23
1124.71
1142.22
1145.39
1171.08
1187.52
1208.18
1223.43
1230.04
1235.89
1243.55
1279.68
1291.65
1318.59
1335.21
1340.23
1357.15
1404.30
1422.50
1434.31
1436.69
1444.67
1477.51
1485.26
1487.46
1499.66
1506.79
1750.25
1798.67
2854.61
2884.52
2955.74
2956.16
2966.31
2990.54
3011.73
3013.76
3024.15
3038.73
3045.86
3049.16
3065.90
3443.08
3452.39
3543.02
3570.71
$end
