
$molecule
 O 2.75540633717860 -6.10575155654031 -4.57800603570108
 O 2.64491723739534 -9.49408813717436 -2.23535076584561
 O 5.45031078317216 -7.43672891949616 -3.23871915050018
 O 6.69587263814221 -9.37416864228288 -7.13335278988747
 O 5.25947910446751 -10.57800148544002 -8.34020033894067
 N 4.82602036484756 -8.06289156764206 -5.28239548485563
 C 2.70156783222659 -7.08287067548013 -2.31261858893859
 C 3.07986127745615 -7.24630940475031 -3.80316836368401
 C 3.12748235406837 -8.34982525695501 -1.55532867712683
 C 1.17978106488090 -6.93002461061622 -2.22908794767043
 C 3.38378388967644 -5.86571089829171 -1.68340675533280
 C 4.55515501044929 -7.59700982116279 -4.04859718659679
 C 3.90580849395025 -8.29925348374739 -6.37061359913990
 C 4.65740599502047 -8.32694629474125 -7.70825953499699
 C 5.53818046381478 -9.55048463867671 -7.78919395528195
 H 2.46714261774683 -8.06061935391251 -4.20183050655198
 H 2.71081725217202 -8.30928001296974 -0.53873369445278
 H 4.22044264126596 -8.37911495421178 -1.48372831333398
 H 0.84367142017252 -6.14929372583147 -2.90697355584995
 H 0.88153535406862 -6.67043514495665 -1.21616005033845
 H 0.70059509196479 -7.86463586653553 -2.50816575774838
 H 3.19564495322171 -5.85252278341931 -0.61224376339049
 H 2.98628076657629 -4.94285352731397 -2.10216698220078
 H 4.45761612692346 -5.90686195713820 -1.84387320845207
 H 5.79550658079213 -8.30456573253861 -5.45056091351068
 H 3.24518659775402 -5.35861019350124 -4.21472488879989
 H 3.37978856575395 -9.25356195843356 -6.23092651442421
 H 3.16873289126147 -7.49327839207183 -6.39601456597073
 H 2.93310423846329 -10.27504234545090 -1.75336173261854
 H 5.27178328716646 -7.43118210574577 -7.79877035131078
 H 3.93539896286235 -8.36832885029324 -8.52268993601519
 H 7.24079880508671 -10.17631370267741 -7.17356609053223
$end
$temperature
298.15
$end
$mult
 1
$end
$sigma
 1
$end
$pressure
1.00000
$end
$scale
1.00
$end
$msrrho
$end
$freq
18.37
38.91
51.60
63.47
76.92
106.73
118.11
133.01
184.94
216.56
224.36
235.83
244.69
247.01
272.38
292.01
298.29
331.90
343.38
383.55
398.36
416.13
456.14
528.16
549.72
563.96
585.91
615.90
631.64
697.53
726.18
795.53
843.35
869.45
906.28
947.23
961.49
971.02
1011.91
1018.96
1035.43
1041.37
1069.01
1087.39
1088.84
1146.02
1159.56
1164.87
1171.31
1186.43
1211.69
1225.31
1242.10
1259.26
1277.22
1284.34
1299.37
1315.61
1333.54
1347.08
1372.68
1397.47
1408.52
1415.81
1435.88
1471.48
1482.35
1490.43
1495.56
1501.98
1508.92
1730.26
1804.77
2874.24
2895.96
2933.31
2960.28
2978.81
3007.13
3017.68
3024.90
3032.04
3037.20
3040.99
3049.93
3055.49
3388.53
3443.37
3533.76
3573.77
$end
