
$molecule
 O -1.96254579828757 -4.64480080065191 4.92543742503951
 O 1.56182179785803 -5.66740904367809 7.03856406148623
 O -0.31697250903650 -2.77908629817031 4.09832900851595
 O 4.65261581032437 -4.57495903427734 1.74038326521905
 O 2.67253661161939 -5.30012603750566 1.08149778091647
 N 0.49746295691037 -4.06125379877933 2.42817102454144
 C 0.10686007847660 -5.93289841008472 5.05944480211421
 C -0.86620860264222 -5.09590742771511 4.17447050213176
 C 0.61085779453817 -5.04098834628126 6.21452510651164
 C 1.29786538251756 -6.45408712426683 4.25671187822646
 C -0.69213857407204 -7.11596011339766 5.61582088604515
 C -0.18497139413108 -3.86931048852871 3.56738180664343
 C 1.25740411892301 -3.00696543479420 1.80099916025092
 C 2.75560462421841 -3.12683552286175 2.10722210860004
 C 3.32810612243064 -4.43465823781682 1.58679483546832
 H -1.24820273360275 -5.74278427449591 3.37375496781667
 H -0.24907062685058 -4.70089301567814 6.80616312633183
 H 1.11713385838199 -4.16088691040702 5.81040414990050
 H 0.96943570923510 -7.02666395944546 3.39217699076087
 H 1.89990502291654 -7.10287543840591 4.88862214646335
 H 1.93640061136827 -5.64133193307874 3.92224001587968
 H -0.08319802126474 -7.71823736142504 6.28726792318359
 H -1.02575762427168 -7.75511651897664 4.80169868851346
 H -1.56868061360224 -6.75500360007694 6.14799434299077
 H 0.63139239745488 -4.98790487628615 2.05239830269718
 H -1.79472490595511 -3.70264257603478 5.10427689817183
 H 1.09999787245445 -3.05530831272470 0.72079849073457
 H 0.87574425582526 -2.05964943247945 2.18857308503848
 H 1.13599560540027 -6.40675209230073 7.48558156559975
 H 2.91246752671758 -3.08432195290242 3.18945893261615
 H 3.29116132095288 -2.29064290552143 1.65099308653471
 H 5.07003592519001 -3.81849372095467 2.17318963505119
$end
$temperature
298.15
$end
$mult
 1
$end
$sigma
 1
$end
$pressure
1.00000
$end
$scale
1.00
$end
$msrrho
$end
$freq
17.31
32.26
41.44
56.36
79.22
87.78
105.27
158.71
176.34
207.04
216.85
239.86
245.62
275.45
297.60
314.00
331.81
343.36
370.06
415.76
424.20
454.83
476.51
489.14
501.56
551.27
577.15
595.89
628.19
678.01
727.78
786.37
836.69
886.35
907.24
919.90
958.40
963.46
991.29
1014.16
1020.94
1033.52
1087.89
1089.64
1101.94
1120.19
1133.75
1145.44
1164.65
1186.31
1203.06
1206.69
1209.17
1236.55
1254.43
1294.64
1310.71
1322.01
1327.43
1346.36
1359.29
1401.20
1417.92
1421.60
1431.86
1433.52
1478.16
1488.12
1492.43
1505.52
1510.20
1724.07
1795.36
2894.04
2904.12
2954.41
2971.10
2972.92
2981.88
2988.32
3018.41
3028.91
3036.18
3040.96
3048.35
3053.11
3356.38
3443.92
3492.36
3549.84
$end
