
$molecule
 O 8.27062404499374 -5.55281877244100 0.27855827921193
 O 7.61334228468704 -8.00513182731720 1.78971221125397
 O 6.90059849596981 -3.05861628303773 2.36452319370503
 O 9.83613324960769 -2.82224129597350 0.90629636946334
 O 9.90493934150186 -0.67718344660199 1.51099810073880
 N 7.13148730455494 -3.16692237846818 0.11601126450767
 C 6.15423940682369 -6.05075328533133 1.37766208639796
 C 7.44664682913687 -5.19340374847185 1.37788492986339
 C 6.52356446970307 -7.51752694314289 1.05268109384303
 C 5.16086864498059 -5.55949235653392 0.32443080992351
 C 5.53491923998747 -5.97458059719858 2.77339190524846
 C 7.12729647119468 -3.69778409688849 1.35939282673342
 C 7.18349808809648 -1.75104976450364 -0.11808133348180
 C 8.62043523461012 -1.28937592229549 -0.43524420292672
 C 9.51300977129669 -1.52106917177391 0.75835810841223
 H 7.97393467912871 -5.39049320137245 2.32361160140024
 H 6.71887560071700 -7.60895910408179 -0.02315237278994
 H 5.67631553547180 -8.15753837825011 1.30937726853202
 H 4.79406718120484 -4.56777017685545 0.57662096595081
 H 4.31264232693348 -6.23862147672673 0.27849068392636
 H 5.62571892999306 -5.52852746666514 -0.65821315373674
 H 4.54081339589221 -6.41399270056688 2.76518006485357
 H 5.46044204605777 -4.94145044562818 3.10297394903177
 H 6.15049913076113 -6.52525133288513 3.48091353829754
 H 7.38738607508041 -3.78344404769417 -0.64284139610402
 H 9.05462285662600 -4.98931921910984 0.29832361377248
 H 6.52932348258528 -1.49085031591892 -0.95422176224727
 H 6.82527404269789 -1.26060847763353 0.79057663695226
 H 8.40300984907947 -7.56245618129990 1.45864619764170
 H 8.61945903706357 -0.22496298597283 -0.66463470550074
 H 9.00393950601202 -1.85350413935541 -1.28710786190495
 H 10.36227644755155 -2.93015646000094 1.71529808903157
$end
$temperature
298.15
$end
$mult
 1
$end
$sigma
 1
$end
$pressure
1.00000
$end
$scale
1.00
$end
$msrrho
$end
$freq
31.19
37.76
45.78
67.53
70.62
89.32
105.16
151.57
194.08
203.38
227.43
236.33
253.21
276.06
300.23
313.83
329.83
368.00
401.09
407.30
437.72
455.35
472.16
521.32
554.30
567.50
603.99
611.26
640.63
713.21
722.77
796.63
834.49
885.79
909.81
925.14
935.74
969.03
985.82
994.83
1029.05
1041.14
1081.82
1089.47
1098.43
1129.86
1146.19
1154.61
1167.70
1200.81
1212.29
1215.60
1234.79
1256.05
1262.32
1282.80
1289.29
1316.84
1321.66
1332.53
1353.51
1402.91
1419.36
1423.12
1437.32
1444.97
1466.37
1489.82
1494.76
1500.36
1505.67
1751.09
1812.19
2875.21
2903.72
2956.70
2978.99
2981.23
2992.99
3026.24
3031.34
3036.90
3039.02
3042.75
3043.99
3049.51
3414.08
3439.71
3509.94
3541.05
$end
