
$molecule
 O 5.55527995033964 -2.21501084911866 2.72874808043020
 O 6.47387435189428 1.61058354039408 1.44661841864529
 O 3.65652463781569 -2.57004809614649 -0.28020262782632
 O 1.16552182033409 -6.97770654064518 1.86770564107011
 O 2.02808861999970 -7.75002147727107 -0.03505558124475
 N 3.68920299822679 -3.65780136203299 1.69400328750898
 C 5.32666487425137 -0.46074269656209 1.01096024692067
 C 5.37338728830078 -1.97154453430685 1.34660448363802
 C 6.50809125911296 0.22806896395137 1.72349122980860
 C 4.01053442039738 0.15458328779319 1.49266400496450
 C 5.47897558298396 -0.24574973469738 -0.49470910273877
 C 4.15206415014562 -2.74731813706226 0.81175168542929
 C 2.64138854318976 -4.59268969519334 1.37710687595014
 C 3.19751585442278 -6.00662267268186 1.15316435152298
 C 2.09323570249850 -7.00243932758051 0.90004696013460
 H 6.25437935951877 -2.41257979915928 0.86258851871927
 H 7.44690450836632 -0.21690947861895 1.36438178338202
 H 6.44865212674879 0.06044103791593 2.80848868270861
 H 3.17479914402651 -0.27305107517731 0.94556427593381
 H 4.03729285445261 1.22570709508293 1.31532361504014
 H 3.85455827570281 -0.00560614306374 2.56001431385562
 H 5.49351194522446 0.82080303765954 -0.69976500033728
 H 4.65344676327707 -0.70548149147364 -1.02699995680730
 H 6.40994735800052 -0.68235005517269 -0.84990340830718
 H 4.23472562853132 -3.80692399364740 2.53226622141380
 H 4.91816854578016 -1.67140565347262 3.20895809487656
 H 1.90974489436673 -4.61137281231810 2.18982972801237
 H 2.16363143984302 -4.22987197550729 0.46358326436692
 H 7.25134273043007 2.02225257535657 1.83469250035984
 H 3.73667027508269 -6.32686802567589 2.04840222260117
 H 3.87896152571501 -6.01713003301463 0.30267986012989
 H 0.46801657101813 -7.62560287855368 1.68068732983813
$end
$temperature
298.15
$end
$mult
 1
$end
$sigma
 1
$end
$pressure
1.00000
$end
$scale
1.00
$end
$msrrho
$end
$freq
17.05
21.30
33.87
45.64
52.58
77.20
96.31
143.95
159.42
202.89
215.78
226.38
240.26
259.37
274.34
305.78
316.01
343.56
370.69
391.39
403.79
422.60
444.35
511.77
542.80
562.76
600.32
602.49
619.41
687.44
728.45
792.24
811.74
882.49
909.86
946.73
948.94
973.38
994.57
1030.32
1033.48
1048.13
1080.89
1093.49
1102.78
1137.99
1154.32
1157.54
1175.68
1186.55
1194.34
1210.24
1237.15
1241.80
1253.16
1260.51
1267.95
1302.01
1327.95
1333.64
1375.58
1399.03
1416.75
1423.16
1440.87
1443.94
1480.19
1485.63
1488.13
1500.64
1506.12
1751.25
1804.15
2863.36
2896.80
2916.56
2956.38
2965.74
2987.10
2992.28
3019.76
3030.54
3050.88
3055.09
3062.08
3078.31
3403.57
3450.44
3510.37
3577.12
$end
