
$molecule
 O 6.61812645178505 -3.38741024499761 2.11239707298647
 O 7.48076729724617 -2.79581700738372 6.14075639833142
 O 4.35967041279209 -4.68898022772109 1.76364240657449
 O -0.22857454617103 -6.55337661359169 2.87618876507282
 O -0.74786781791633 -4.57209741719657 2.04347138720867
 N 3.11343820236941 -3.01761939506140 2.62333422917231
 C 5.79764370812296 -3.30447305020434 4.40741478516636
 C 5.54454034978132 -2.96518623775473 2.90842438683327
 C 7.07454981520676 -2.53708176635963 4.82114286575660
 C 6.01999922610703 -4.81218364105657 4.56326300649721
 C 4.64364975970729 -2.84970155402346 5.29990473997181
 C 4.27789742918681 -3.64134223434184 2.38101298755323
 C 1.85303263057415 -3.55732082350980 2.15520498524473
 C 1.48727596929445 -4.85729439414723 2.87777175415444
 C 0.06957024797297 -5.28702733802431 2.54198097042300
 H 5.45767700654019 -1.87543242385393 2.80377859327742
 H 6.87761426713368 -1.46272432240732 4.78203101118198
 H 7.87395753361895 -2.76735541407799 4.10677523619823
 H 5.18586229377567 -5.36738356978117 4.14023009953708
 H 6.10231948388128 -5.07717048697547 5.61537836046590
 H 6.92787173759161 -5.11607103830924 4.04615490401432
 H 4.96307234716929 -2.91092637519916 6.33819860732798
 H 3.76690915626630 -3.47956894103749 5.17042207220234
 H 4.37834187041845 -1.81398092775541 5.09597730036248
 H 3.10877783554765 -2.15575626071951 3.14143549644075
 H 6.33136797214628 -4.22040816901185 1.69719512445430
 H 1.06846192954799 -2.81706955368585 2.30786149357813
 H 1.93506662811779 -3.76676080642821 1.08457864325480
 H 7.78804405201441 -3.70709475543449 6.19226306351840
 H 1.54359412357047 -4.71027528703917 3.96140405878184
 H 2.19982425304207 -5.63591322106410 2.59586669307186
 H 0.52229337355528 -7.03460050184681 3.24814950139248
$end
$temperature
298.15
$end
$mult
 1
$end
$sigma
 1
$end
$pressure
1.00000
$end
$scale
1.00
$end
$msrrho
$end
$freq
18.14
27.35
31.13
53.13
64.99
79.95
111.47
131.95
173.50
183.97
215.58
241.65
251.36
262.84
277.42
325.60
333.27
337.33
369.10
398.82
415.75
443.23
451.17
462.93
476.44
505.02
563.19
591.11
627.83
677.76
723.27
803.84
809.42
893.41
917.11
924.63
945.21
965.71
995.11
1024.01
1028.34
1053.43
1083.68
1088.50
1101.44
1114.41
1135.01
1155.33
1174.32
1198.17
1200.61
1215.89
1222.77
1243.10
1249.26
1278.20
1295.93
1319.76
1341.38
1346.69
1353.61
1400.02
1414.71
1420.30
1430.83
1446.20
1476.46
1493.73
1496.41
1507.97
1510.50
1724.77
1805.89
2893.16
2920.57
2944.56
2966.16
2976.31
2978.67
3015.33
3019.25
3025.15
3029.69
3032.96
3039.06
3041.61
3355.06
3481.38
3492.84
3554.49
$end
