
$molecule
 O 4.15124790620471 -2.77430302464722 2.93552494108228
 O 6.69982214272565 -1.94196741451892 2.78343178312824
 O 3.35937167195670 -1.33906158457293 5.81100830120149
 O 8.40462005295159 -2.28028817648213 8.45937300735332
 O 7.41231304292174 -0.50048431892349 9.31827859352073
 N 5.48688064698935 -1.92077008650621 5.31832671047065
 C 4.74677542110436 -0.37428309720224 2.73500281239072
 C 3.94252374110780 -1.47915880851760 3.48763504108303
 C 6.01584844010113 -0.94968447071754 2.05258617426115
 C 5.13159010781952 0.75074901202102 3.70089695973716
 C 3.85406714333944 0.20961882642785 1.63251091633834
 C 4.23265990580291 -1.56123460308612 5.00067128770382
 C 5.94243365264879 -2.03467964393470 6.67982926734630
 C 7.00432193127313 -0.96784784705871 6.99632422973349
 C 7.60945070645718 -1.19790926495864 8.36983226587454
 H 2.87725538276243 -1.22116867241193 3.43228206845272
 H 6.73206736581934 -0.13821706403002 1.90290874315142
 H 5.74638309008485 -1.34758196498936 1.06577497511697
 H 4.28369708707519 1.02275189232794 4.32517151999593
 H 5.44098320801377 1.62884198629834 3.13809417257334
 H 5.95395410249091 0.45258137766286 4.34470239715574
 H 4.41823513444477 0.91446584215006 1.02572322985282
 H 3.00988254096532 0.73509490091838 2.07223778574704
 H 3.47226358596918 -0.57131196645657 0.97646686847817
 H 6.17366270439165 -1.98958321257138 4.57285527341776
 H 3.60906016110812 -2.86512333255860 2.14589999876961
 H 5.07142541204599 -1.89973249585911 7.32570462587576
 H 6.34746497404783 -3.04185478664681 6.83862580301459
 H 6.13208227163376 -2.72956582822093 2.76560278692903
 H 6.54363049192764 0.01989429491347 6.98347065379636
 H 7.79456680905319 -1.00327994550523 6.23976937678183
 H 8.49729216476099 -2.74726752234191 7.61867242966629
$end
$temperature
298.15
$end
$mult
 1
$end
$sigma
 1
$end
$pressure
1.00000
$end
$scale
1.00
$end
$msrrho
$end
$freq
25.85
32.01
42.21
66.56
73.79
82.99
139.20
149.73
188.27
207.83
227.97
236.48
251.73
262.03
267.27
302.99
309.95
349.49
373.03
393.45
423.28
432.32
473.68
483.33
567.84
578.17
584.60
659.80
673.05
691.96
720.61
805.65
823.87
887.22
911.91
931.60
962.09
966.86
976.89
1025.82
1030.32
1039.61
1074.84
1084.74
1098.34
1126.10
1154.82
1157.02
1180.46
1191.96
1214.58
1222.47
1241.91
1247.02
1257.22
1262.11
1306.04
1324.09
1333.72
1338.07
1361.09
1408.07
1423.62
1443.09
1453.91
1464.10
1477.84
1492.75
1498.62
1504.88
1509.53
1756.99
1813.43
2901.13
2908.58
2917.52
2949.30
2981.37
2991.80
3014.04
3020.69
3030.38
3034.38
3039.67
3043.92
3055.58
3303.63
3418.44
3494.00
3564.63
$end
