
$molecule
 O -0.77825061174750 -3.44031659287591 5.72506543188655
 O -3.04263665069093 0.06037624150917 5.12809667361404
 O 2.05300775740713 -1.74147228311799 4.49626319393855
 O -0.00279528078216 -3.69823184379665 -0.06422786616144
 O -0.30947412318736 -4.90853503311615 1.75976805523978
 N 1.06457952730485 -3.70550033715716 3.99582605698202
 C -0.96595092562692 -1.12337751136951 4.86225454828645
 C -0.08369051855758 -2.22720754356952 5.51371161284150
 C -2.30349767065842 -1.03332303086123 5.62251541214663
 C -1.25674148321021 -1.47029525083803 3.40066670892683
 C -0.24745901886108 0.22173070374292 4.95919095180547
 C 1.12554737892382 -2.51882278821240 4.61767820454790
 C 2.05320489163312 -4.11957967567887 3.03500905335584
 C 1.71581238444867 -3.61458745889188 1.62577728101305
 C 0.37855775049142 -4.14787047356504 1.14467555508829
 H 0.30774772732214 -1.84068652937146 6.46630647571400
 H -2.10595785064487 -0.90172257342688 6.69915021762457
 H -2.87326507277108 -1.96289851530884 5.47652647457940
 H -0.36176096702011 -1.33908225831758 2.79832747470348
 H -2.03033826248120 -0.80725413129893 3.02262562449158
 H -1.59710310604170 -2.49993202424466 3.30979298993284
 H -0.83041960632511 0.97988353180581 4.44499235389797
 H 0.73951428124917 0.15411876470958 4.51163601581535
 H -0.13368618677186 0.51881512202883 5.99958175756973
 H 0.22239858325601 -4.25414755547178 4.08296928132620
 H -1.41694965873885 -3.31836143524947 6.43332157302891
 H 3.01347420720271 -3.69830364817328 3.34404353988752
 H 2.10611630955853 -5.20950697282880 3.03605845055203
 H -3.88813440346853 0.09766600101044 5.58512654149122
 H 2.49523020186077 -3.92334466730087 0.92419348698924
 H 1.67931288171921 -2.52164623918463 1.63969788101816
 H 0.62968651520701 -3.08019099157972 -0.45325301213293
$end
$temperature
298.15
$end
$mult
 1
$end
$sigma
 1
$end
$pressure
1.00000
$end
$scale
1.00
$end
$msrrho
$end
$freq
14.90
31.27
41.93
52.07
65.52
103.94
123.89
157.41
177.04
220.44
225.90
239.76
251.13
261.09
270.15
291.44
301.59
320.68
331.18
374.93
395.22
428.53
474.77
482.70
503.08
550.95
569.53
590.82
608.31
642.83
705.74
802.04
820.10
874.23
911.56
943.22
948.92
975.00
993.32
1010.59
1035.88
1037.49
1087.83
1089.50
1111.08
1114.90
1150.23
1160.27
1177.67
1185.13
1201.08
1210.14
1218.39
1241.31
1247.32
1265.98
1305.69
1311.68
1327.81
1329.81
1375.54
1398.03
1415.65
1419.40
1427.35
1431.30
1482.93
1485.65
1490.98
1500.29
1503.25
1741.23
1802.57
2834.46
2873.66
2875.83
2960.62
2968.02
2974.41
2989.48
3029.52
3030.54
3040.90
3049.63
3059.45
3061.73
3447.83
3496.39
3570.97
3573.85
$end
