
$molecule
 O 4.77673355970510 -1.35120125387454 3.37656935088721
 O 7.12287927701320 2.06124905292544 3.26475577217294
 O 4.04727777493959 -0.71946071467693 -0.05182493100272
 O -0.47508743765830 -4.20425435735872 0.52394096645662
 O -1.16588200254999 -2.16473146432096 0.02300910802257
 N 3.24246413093723 -2.16950199411365 1.47324481857002
 C 5.69644460622647 0.53152538061160 2.07359038231115
 C 5.20540779875687 -0.93526059472563 2.09224567213153
 C 6.67328995291334 0.72511923501477 3.25130951401906
 C 4.51837977346008 1.49707763100053 2.22313554897893
 C 6.44442849039037 0.82341036202232 0.77265745865806
 C 4.11324490415276 -1.23105994445210 1.04352762421239
 C 2.12822185536714 -2.63246136683445 0.68891882717502
 C 0.79542763599630 -2.34452709914190 1.39839668653213
 C -0.37756488247342 -2.86369100623131 0.58323844738133
 H 6.05058094102705 -1.59293960776734 1.84970399196260
 H 7.51800320297706 0.03207439871801 3.12927145882172
 H 6.17532194269945 0.48573246109766 4.20199028459774
 H 3.86054167906009 1.42162516482326 1.36186658245129
 H 4.90162798814561 2.51120819311752 2.28577901247693
 H 3.94375484280182 1.29916760472483 3.12879405908484
 H 6.83381645661878 1.83664127058200 0.80982469073062
 H 5.77754760096895 0.72416199449460 -0.07671621868578
 H 7.27671633824186 0.13393020663909 0.64770049310981
 H 3.39605575838135 -2.55548950304336 2.39502216448651
 H 4.18317895392995 -0.67218021957891 3.72128963489894
 H 2.17122048744511 -2.09435101664178 -0.26191954937927
 H 2.23951046047578 -3.70621038257391 0.49079127814716
 H 7.78088953235461 2.15923532933376 3.95898484051711
 H 0.67561199117675 -1.26815494921385 1.52129244994245
 H 0.79095438759309 -2.81725276920818 2.38539141126605
 H 0.21300499892669 -4.65603004135163 1.02916216904875
$end
$temperature
298.15
$end
$mult
 1
$end
$sigma
 1
$end
$pressure
1.00000
$end
$scale
1.00
$end
$msrrho
$end
$freq
16.40
24.66
36.65
42.51
72.37
86.33
97.67
135.11
149.80
209.15
220.37
238.18
248.78
257.31
265.37
311.54
316.12
341.06
346.20
388.88
398.16
429.58
442.93
471.34
504.22
546.48
578.07
580.72
615.97
679.37
729.72
793.34
816.63
886.67
908.14
946.96
955.21
973.63
994.18
1027.01
1033.45
1043.23
1079.22
1093.98
1098.59
1122.05
1148.23
1157.01
1172.87
1186.05
1194.14
1210.22
1213.04
1243.67
1245.00
1256.20
1268.04
1302.03
1328.34
1333.87
1375.87
1398.80
1416.62
1424.72
1453.76
1463.01
1479.87
1486.11
1488.27
1500.56
1506.47
1757.85
1814.41
2861.67
2895.17
2902.46
2912.11
2950.50
2984.66
2990.10
3021.51
3029.11
3053.48
3056.47
3063.50
3079.41
3404.99
3498.18
3508.67
3577.06
$end
