
$molecule
 O 5.10728984983228 -2.43474751065281 4.10662773363978
 O 3.40973379070684 1.26101688013807 2.68674496632064
 O 3.67421605098382 -2.79027315878929 0.85475470142145
 O 2.31748955585033 -4.60616545931598 -0.59506250973962
 O 1.74564267875471 -6.73782522767721 -0.46299007095027
 N 3.36776307432639 -3.82153135165925 2.83225575583579
 C 4.93434864614192 -0.58665345991924 2.46297809639092
 C 5.06011991650878 -2.10827964222800 2.73299196924408
 C 3.47557613734222 -0.14505229054737 2.68911273562441
 C 5.33487739342311 -0.27636135920054 1.01988643385303
 C 5.86121948476074 0.18308256604173 3.40951377642054
 C 3.96633219445203 -2.92814680996378 2.03621221185723
 C 2.35570683893796 -4.74002744818964 2.35308335746267
 C 2.92417941462602 -5.81690891371632 1.40707212023440
 C 2.27006044781442 -5.77402796105792 0.02281185087118
 H 6.01547289852722 -2.44851442233071 2.31102912999038
 H 3.10365971500643 -0.53394799113387 3.65465873153973
 H 2.84927255707479 -0.56422127134732 1.89187240656152
 H 6.39326977156534 -0.47346680471961 0.86919628027858
 H 5.14183665949538 0.77346084179925 0.81749745669054
 H 4.76243744292289 -0.88097241257069 0.32326698335130
 H 5.83024683875970 1.23614962851190 3.14809012899737
 H 6.88124217107031 -0.17994440447695 3.31291265234694
 H 5.55750849041969 0.09000178223069 4.44990059524112
 H 3.76613869625382 -3.94331903486850 3.75384091111972
 H 4.59359202699150 -1.78308199319673 4.59724418168590
 H 1.89046096277902 -5.20332134339197 3.22217601839289
 H 1.59230545487184 -4.15315016999757 1.82994981399114
 H 2.48854525428471 1.53325724887803 2.64113400735959
 H 2.77936171728283 -6.81646336499637 1.81451797798234
 H 3.99624919319713 -5.65582158310400 1.27090822960722
 H 2.81809267503441 -3.90526455855161 -0.09672563362010
$end
$temperature
298.15
$end
$mult
 1
$end
$sigma
 1
$end
$pressure
1.00000
$end
$scale
1.00
$end
$msrrho
$end
$freq
16.89
32.48
71.16
82.08
88.83
96.44
113.48
153.16
166.70
191.15
228.36
239.94
248.02
261.34
266.39
287.19
301.37
329.25
363.15
400.63
424.68
433.33
459.10
513.30
545.16
581.78
583.49
614.43
668.51
738.14
775.62
818.09
841.26
891.66
922.07
944.30
954.92
974.96
994.03
1025.11
1032.13
1038.10
1085.84
1093.13
1104.94
1154.59
1159.87
1171.31
1183.73
1201.43
1202.49
1217.49
1238.14
1240.92
1278.46
1279.62
1285.16
1289.99
1317.21
1337.67
1381.39
1402.87
1420.14
1428.74
1451.86
1456.49
1479.18
1482.54
1489.30
1498.08
1504.92
1702.11
1790.30
2804.24
2906.76
2916.98
2939.17
2939.57
2977.30
3008.87
3026.15
3027.83
3038.65
3044.50
3053.28
3067.77
3069.85
3397.80
3528.19
3575.07
$end
