
$molecule
 O -1.10298663935995 -0.01481547127577 0.45456032313149
 O 0.47747330867000 3.77409624248998 -0.00564269669421
 O 1.54930504290723 0.41864855606910 2.29051835409217
 O 1.25715360528660 -4.46247118928269 0.37856266060425
 O -0.28368291134938 -2.89331724493076 0.70588899649696
 N 0.12522144930391 -1.22905883177071 2.85326357569513
 C -0.70887654834599 2.15244361111628 1.43232305217793
 C -0.81961124100310 0.63353243088432 1.68149280780642
 C 0.39329710707369 2.42546772285616 0.38620774183421
 C -0.37687298017123 2.87564038387622 2.73708913109232
 C -2.06537808397210 2.63565618319173 0.90419270414930
 C 0.42123709564289 -0.02220855380903 2.29883391011538
 C 1.17784475724518 -2.17000811125850 3.15579984697176
 C 1.82247033468887 -2.73429751980900 1.87631020902661
 C 0.81144275159152 -3.34405624164643 0.94428209158864
 H -1.65812023828207 0.47053882539242 2.38531648959296
 H 0.21805989350691 1.77921572399756 -0.48346684963441
 H 1.36529150293919 2.18317687683165 0.81645557040857
 H -1.17341575576371 2.74433704354906 3.46713960854028
 H -0.25416528477804 3.93664027541028 2.53546389132553
 H 0.55202692811691 2.49944798120205 3.15516097016017
 H -2.06486244836617 3.71607706254620 0.77806922179381
 H -2.85383679575937 2.38297280754786 1.61006903454717
 H -2.28945843206063 2.15555907413236 -0.04527728188365
 H -0.79069442597959 -1.61816922734865 2.68830702270722
 H -0.94989899691031 -0.96882286375059 0.53149230667914
 H 1.94715104851507 -1.64075245035033 3.72302301844175
 H 0.76211747434298 -2.97271081793193 3.76663803632919
 H -0.33534365217372 4.00529305975685 -0.46756641072669
 H 2.58635522288735 -3.47265558686942 2.11439621034927
 H 2.29343389749417 -1.90047364717217 1.34697912368971
 H 0.60655601406311 -4.82359310364383 -0.24574167040856
$end
$temperature
298.15
$end
$mult
 1
$end
$sigma
 1
$end
$pressure
1.00000
$end
$scale
1.00
$end
$msrrho
$end
$freq
16.01
38.13
40.78
75.75
84.09
97.41
112.78
146.87
188.10
202.57
217.70
234.66
250.30
266.10
292.29
314.13
328.54
339.74
374.70
384.29
425.53
453.79
474.89
485.97
521.17
545.21
612.41
635.87
676.07
707.76
743.02
788.98
833.34
895.41
905.39
925.17
963.15
970.03
998.39
1011.97
1022.72
1037.07
1077.24
1086.67
1094.06
1126.56
1131.81
1159.41
1172.33
1205.33
1212.29
1223.04
1239.92
1255.82
1275.43
1286.39
1304.46
1323.51
1327.77
1351.37
1356.26
1396.61
1404.42
1417.05
1424.27
1441.67
1470.96
1487.23
1492.41
1505.80
1510.04
1749.07
1763.87
2784.41
2906.68
2961.99
2979.36
2989.48
3014.69
3019.15
3022.80
3023.43
3032.29
3043.03
3046.42
3062.31
3430.18
3436.00
3445.83
3552.01
$end
