
$molecule
 O 3.95442003618548 -5.71679265265716 -2.55466467910812
 O 6.25530383671991 -3.48003182041945 -5.15227845015651
 O 3.92252160326942 -4.64871309790498 -0.14579658072990
 O 1.78887573992329 -5.33984801177398 1.32008437226312
 O 0.22393589037981 -3.93372733018110 2.00639976532565
 N 2.62595779960902 -2.91659198765654 -0.85522518341743
 C 4.92566492173383 -3.53031698454450 -3.06662108792696
 C 3.71930493532811 -4.33931420868938 -2.49525843664886
 C 5.14092654365575 -4.04022007418351 -4.51146234997490
 C 6.18868538205484 -3.80102165269624 -2.24902926488296
 C 4.62257364968799 -2.03025722549899 -3.08284564086625
 C 3.43679143240273 -3.96504651267444 -1.03975875715012
 C 2.30572091830175 -2.20254978992970 0.37660005758871
 C 2.40846599159620 -3.02260654138340 1.66264165601697
 C 1.36118673375549 -4.13897097549729 1.68439534431806
 H 2.83577239721842 -4.13619450003118 -3.11433782358925
 H 4.22565008292138 -3.86500225176224 -5.09526181056875
 H 5.32377872199727 -5.11550006581958 -4.47968212173067
 H 6.09835841386946 -3.40314654985408 -1.24073218674832
 H 7.04284591581246 -3.33795326318541 -2.73671467658202
 H 6.37553598600268 -4.86996534000374 -2.18932976238617
 H 5.45075889496882 -1.49247630262499 -3.54086244955891
 H 4.50973821511835 -1.64152136137104 -2.07366737972982
 H 3.71777915959040 -1.81687917010677 -3.65138361148583
 H 2.27202252397431 -2.47024498024218 -1.68753624584611
 H 4.31904057529584 -5.97428387826423 -1.69149347895582
 H 2.97462512475474 -1.33552815211860 0.45825087665878
 H 1.27926098842550 -1.83754129893871 0.27853386500699
 H 6.09057076037378 -2.54436581605691 -5.31052049630874
 H 2.18550748051265 -2.34964799069290 2.49197758696116
 H 3.41298515567680 -3.42537380286662 1.78581677224167
 H 2.70177218889604 -5.30420641036969 0.95596217796904
$end
$temperature
298.15
$end
$mult
 1
$end
$sigma
 1
$end
$pressure
1.00000
$end
$scale
1.00
$end
$msrrho
$end
$freq
20.48
31.35
47.18
64.98
92.27
98.12
156.82
172.06
184.63
196.36
197.37
235.31
245.80
272.30
302.96
321.34
337.15
352.77
359.83
397.79
421.72
452.41
470.71
484.68
563.24
570.76
593.01
671.59
695.26
733.04
762.07
800.06
831.77
890.15
893.75
920.18
941.03
964.46
991.58
993.36
1022.07
1032.64
1089.56
1095.00
1118.79
1129.61
1139.09
1176.35
1194.06
1199.75
1207.32
1219.01
1239.52
1251.17
1269.94
1283.37
1308.24
1327.59
1330.99
1347.01
1351.29
1402.63
1419.78
1436.29
1449.15
1468.84
1473.48
1485.87
1492.30
1504.59
1517.98
1704.19
1789.07
2875.09
2896.97
2900.68
2962.32
3003.35
3003.72
3006.89
3017.82
3020.77
3032.50
3039.82
3044.45
3052.43
3155.27
3397.28
3448.60
3547.32
$end
