
$molecule
 O 2.90667491687903 -8.47465792232545 1.61510382301308
 O 3.43213672237582 -7.46336222125815 5.58266052078399
 O 6.04505610206884 -8.87464602447958 3.18653458756749
 O 4.81107712034902 -9.06766190485358 -0.91772167498460
 O 5.52173552806154 -10.89993834358524 -1.96703798806807
 N 4.85503869488363 -10.18361438059167 1.78770253831364
 C 3.88650271505482 -6.88185765973473 3.22689055609714
 C 3.68558987240882 -8.35288908222842 2.78964454247002
 C 4.35274798102004 -6.87386729487196 4.69849838755748
 C 2.54645855034495 -6.14334713492680 3.10529478103705
 C 4.93537190494841 -6.17789496265803 2.36345465568795
 C 5.00035372640344 -9.13559672252721 2.62734892128828
 C 5.98173119037515 -10.92318921326576 1.28745153202043
 C 6.62427862490982 -10.22354807864953 0.06950819785795
 C 5.63001073095823 -10.12739305526430 -1.05559752029274
 H 3.10776382442319 -8.85706493215494 3.57563671774766
 H 4.56608373437529 -5.83762042445138 4.99689180968181
 H 5.26813540150117 -7.45922494824292 4.79021367988796
 H 2.27277267895875 -6.01501437001565 2.06112402494072
 H 2.61995064118401 -5.15829634439935 3.56250395117819
 H 1.74748131274296 -6.70397460529548 3.58628100371973
 H 4.99550894593440 -5.12685887018119 2.63622365517744
 H 4.67661352087222 -6.23750755901235 1.30682473865454
 H 5.91255394670475 -6.62772826018118 2.51215861970059
 H 3.96450838188378 -10.26683601122314 1.31668120547493
 H 3.37061146054260 -8.01300855572518 0.90474682290886
 H 6.72352727272309 -10.97098371271799 2.08825644538012
 H 5.66288475677209 -11.93175082241352 1.01809635165010
 H 2.63015844792433 -6.92886442804701 5.59275396961611
 H 7.48366362599990 -10.80176777552945 -0.26589995500185
 H 6.93521709756298 -9.22297480891447 0.36969743373634
 H 4.16888456885128 -9.04834157029053 -1.64559733480501
$end
$temperature
298.15
$end
$mult
 1
$end
$sigma
 1
$end
$pressure
1.00000
$end
$scale
1.00
$end
$msrrho
$end
$freq
19.15
31.89
32.68
52.67
83.21
96.19
111.14
140.31
187.68
197.51
206.50
231.69
260.18
279.71
303.61
323.14
343.95
352.86
370.96
390.21
422.50
426.23
463.95
513.88
552.57
554.62
580.47
606.85
634.55
718.23
733.12
793.11
835.79
877.77
897.01
935.16
952.05
965.21
991.34
1006.83
1021.59
1041.36
1075.54
1085.51
1090.06
1117.29
1126.50
1169.30
1174.63
1179.01
1190.96
1224.20
1232.49
1234.90
1255.97
1273.40
1286.63
1317.40
1320.87
1331.40
1349.76
1403.67
1416.47
1421.17
1432.95
1437.01
1471.05
1492.20
1493.75
1506.71
1510.43
1748.70
1799.90
2878.79
2917.58
2978.91
2981.29
3006.43
3011.88
3014.48
3022.13
3026.29
3027.65
3036.56
3045.80
3062.41
3410.01
3439.82
3508.41
3539.92
$end
