
$molecule
 O 6.76780206495845 -3.20322415022089 6.48356537996275
 O 5.93411205842527 -5.81851275935179 6.09891962781691
 O 5.67755220869772 -3.44575584197352 3.08472800204833
 O 9.84698733490598 -2.38690211738077 0.13200369521083
 O 10.25149511969497 -4.40731238416464 0.93445199924496
 N 7.59696086392394 -3.94990637671572 4.16394839944298
 C 4.47812299951946 -3.83826655416831 5.83963823993998
 C 5.77951278419746 -3.07034499383516 5.48663467165624
 C 4.69142698709002 -5.34931312090132 5.59691921988774
 C 3.32443287541610 -3.34698624731668 4.96649974686667
 C 4.13893467337557 -3.60157245199529 7.31540037402902
 C 6.32537460099333 -3.49097103047461 4.11185717474221
 C 8.33596135956679 -4.27211386156958 2.96581955173996
 C 8.72708897286686 -3.02167479086061 2.17156246042808
 C 9.67300428703617 -3.36643164330660 1.03560342149115
 H 5.54716710283387 -1.99972611473958 5.42175585026189
 H 4.60253825854962 -5.56483171188137 4.52880254583327
 H 3.91285404591830 -5.90795036000004 6.12490036330100
 H 3.07359096368148 -2.31990762463449 5.22030275108926
 H 2.44619476656366 -3.96780245481989 5.12781807445543
 H 3.59559000858295 -3.38861862015890 3.91564962422945
 H 3.13961226074945 -3.97590545665774 7.52338031405130
 H 4.16898829822988 -2.53971294604619 7.54709340348920
 H 4.83796785239305 -4.11753092948126 7.96878883860450
 H 8.10448752464592 -3.74202470241211 5.01544049399139
 H 6.70801998447031 -4.11648207915641 6.81037645817036
 H 9.23017174488003 -4.83421826785320 3.23794959221579
 H 7.70123364682615 -4.90093998936523 2.33575450633481
 H 6.57443286644490 -5.83812456014672 5.37962699989919
 H 9.23497486040920 -2.30788959599906 2.82879546061751
 H 7.82210732031652 -2.54856911511323 1.78222873237284
 H 9.30891830383617 -1.60509014729821 0.31355502657700
$end
$temperature
298.15
$end
$mult
 1
$end
$sigma
 1
$end
$pressure
1.00000
$end
$scale
1.00
$end
$msrrho
$end
$freq
19.46
28.20
33.30
51.41
70.14
88.42
114.67
154.45
167.70
190.48
215.80
236.38
243.05
255.75
284.66
292.90
340.80
348.07
389.77
418.31
432.07
457.14
477.15
512.66
531.42
560.43
578.72
586.95
623.84
652.04
729.85
803.96
812.71
887.60
915.79
925.10
945.22
974.05
986.89
1024.65
1033.21
1063.71
1069.46
1094.13
1097.52
1103.92
1144.35
1148.92
1162.54
1190.12
1205.05
1207.69
1225.83
1252.34
1257.77
1272.17
1278.89
1306.42
1331.17
1343.11
1348.29
1404.97
1407.44
1422.39
1430.22
1447.25
1472.00
1487.03
1491.60
1499.12
1502.90
1738.69
1805.45
2916.98
2944.49
2953.82
2964.40
2973.90
2979.47
3001.36
3033.27
3036.13
3039.65
3042.26
3047.27
3062.21
3376.14
3392.97
3492.95
3544.07
$end
