
$molecule
 O 5.33477776677521 -1.94798763915320 1.89900242450813
 O 7.28578135154306 -3.15036445536508 3.25058781375218
 O 2.65371504403062 -4.18936844063596 2.42460920032665
 O 8.89978816674490 -4.78509627046398 1.69779504665805
 O 8.52868459153494 -6.23568522660218 0.07087829413470
 N 4.45856492009580 -4.65795416128144 1.22585571229613
 C 4.98935294100006 -2.85361388922769 4.17243469892631
 C 4.40189155845046 -2.62043361380754 2.73446744165404
 C 6.50019596411534 -2.53274242011862 4.24330024832189
 C 4.74887693550935 -4.28595017030937 4.65625033524051
 C 4.28368612505145 -1.89632550600670 5.14050482111799
 C 3.79690337574979 -3.89593128471397 2.12281917876131
 C 5.82451976032547 -4.66578140483259 0.75820640135965
 C 6.67710120028190 -5.71295764660828 1.49620483398000
 C 8.12004144791574 -5.62148417153734 1.01542919949820
 H 3.52328104426013 -1.97302876688315 2.86470652484622
 H 6.88490970279635 -2.88906871345719 5.20156454340504
 H 6.63909907049901 -1.44645299292566 4.19703051963072
 H 3.69176313478555 -4.53304608343266 4.61345348772914
 H 5.08238965597272 -4.37964973098766 5.68724304319567
 H 5.29734203117561 -5.00615654160513 4.05570315869576
 H 4.70712503278257 -1.99157061714444 6.13760911138388
 H 3.22418099657223 -2.13363454478715 5.19293550756694
 H 4.39761351725468 -0.86364418749228 4.81799670639728
 H 3.91003305186215 -5.46387474210245 0.94744905982007
 H 4.86079619917522 -1.56754010897615 1.15330979750300
 H 5.81914824198969 -4.90649586055097 -0.30941668566109
 H 6.25262101040996 -3.67334522199791 0.88168743024835
 H 7.05343705590056 -2.68891022978526 2.43328198726195
 H 6.29775848119428 -6.71143184077111 1.27547409575220
 H 6.63290698272974 -5.53559401440314 2.57090164763558
 H 8.44024164151625 -4.32577950203219 2.42828541405146
$end
$temperature
298.15
$end
$mult
 1
$end
$sigma
 1
$end
$pressure
1.00000
$end
$scale
1.00
$end
$msrrho
$end
$freq
46.06
59.61
64.63
86.74
92.62
119.45
145.36
171.52
194.67
210.77
230.62
254.41
271.51
282.32
306.49
318.08
333.02
341.81
380.35
401.95
416.65
446.95
475.94
531.45
571.85
594.60
613.35
630.97
679.68
706.04
724.88
781.74
810.09
850.86
917.41
924.79
939.91
959.36
983.16
1022.80
1031.59
1036.23
1077.92
1086.16
1104.04
1148.95
1158.68
1175.21
1185.02
1195.05
1234.73
1250.41
1253.16
1256.71
1260.44
1299.81
1309.80
1327.24
1336.90
1349.09
1365.55
1404.54
1423.16
1425.45
1452.99
1457.21
1469.37
1488.83
1496.99
1505.11
1508.02
1707.45
1791.16
2894.82
2920.27
2953.57
2982.31
3001.70
3005.75
3029.11
3033.93
3038.22
3039.26
3043.54
3051.28
3055.57
3277.56
3385.59
3488.02
3569.13
$end
