
$molecule
 O 2.14859097989704 -5.75872181387865 -3.19382049117248
 O 3.25460477050117 -9.58879244366138 -1.76916490185342
 O 1.40104674225736 -5.78898648863175 -0.61349905571128
 O 1.93052300534394 -1.90930479669887 -0.31354659062901
 O 3.66778866219343 -0.79586437922829 0.47707965297273
 N 3.21698153444546 -4.62424057225628 -0.03836550898291
 C 3.77654843424964 -7.27017603567176 -2.12722316555039
 C 3.15669122316200 -5.84254053192029 -2.21476252362032
 C 2.66821775420953 -8.30824161333628 -1.88054043503810
 C 4.80076152584376 -7.35056305801474 -0.99570702827846
 C 4.45137315773218 -7.57432043000942 -3.46603535530106
 C 2.53063467957005 -5.42041738461394 -0.88716473524203
 C 4.42064811110629 -3.86691322345277 -0.28736680691774
 C 4.13761417778460 -2.56666541716662 -1.06811685466021
 C 3.24541121780667 -1.65672044016092 -0.23691095029613
 H 3.94143856516882 -5.15305525351313 -2.53600850198972
 H 1.96455626157694 -8.28988378797153 -2.72412744825148
 H 2.12195945594416 -8.05959982342390 -0.96109593808310
 H 5.64156272032263 -6.68626498843868 -1.18218682280642
 H 5.17302955335607 -8.36958572369256 -0.94073774717791
 H 4.35135540936483 -7.09807760340971 -0.03786255900870
 H 4.75392866597259 -8.61696798214577 -3.48635574036667
 H 5.32925326306134 -6.94762017913027 -3.60503474048383
 H 3.75736694105290 -7.38787054127892 -4.28179528609289
 H 2.70007685790911 -4.38240869523906 0.79885832422004
 H 1.32708100793600 -6.06014570521678 -2.77689309735210
 H 4.86766903195934 -3.61441524909438 0.67625910117957
 H 5.13219591198125 -4.47773877604510 -0.84386699503666
 H 2.55526517371582 -10.23134335370891 -1.61900472103818
 H 3.66611116366396 -2.79936644034599 -2.02536060990020
 H 5.08131196453544 -2.05180127094446 -1.24589014714848
 H 1.70575907637387 -2.63848999770076 -0.90799232038290
$end
$temperature
298.15
$end
$mult
 1
$end
$sigma
 1
$end
$pressure
1.00000
$end
$scale
1.00
$end
$msrrho
$end
$freq
21.84
32.51
43.16
47.72
72.79
93.89
106.85
144.38
176.00
193.74
220.99
245.68
259.35
269.72
277.93
293.29
313.95
346.77
373.68
403.95
446.53
451.83
465.05
480.57
489.87
553.94
573.69
622.96
644.72
689.82
705.97
787.07
834.13
868.49
904.81
942.49
955.60
969.34
988.75
995.39
1017.18
1029.39
1088.66
1094.16
1099.35
1104.99
1149.78
1174.45
1180.96
1189.92
1201.12
1205.62
1227.31
1234.84
1281.00
1288.49
1293.77
1306.18
1328.79
1356.47
1380.83
1396.26
1410.00
1415.44
1451.49
1463.23
1482.97
1484.86
1488.95
1500.83
1505.86
1712.26
1801.99
2883.39
2911.25
2959.35
2977.15
2989.83
2998.02
3021.99
3024.38
3031.73
3033.50
3045.47
3057.77
3061.17
3392.88
3445.72
3476.35
3579.12
$end
