
$molecule
 O 8.28516493591263 -6.01469095692794 3.64002916356229
 O 8.27355661520783 -3.69877663259733 5.13135379574118
 O 6.30824375893871 -7.30673620106020 2.42339428934396
 O 5.34616849171440 -9.48458229367074 1.12471941519290
 O 5.35076855007369 -10.31036743434478 -0.92664373026283
 N 6.48422118544972 -6.01019737418166 0.59036331981132
 C 6.69046070994039 -4.16899793586469 3.28785369870396
 C 7.57046049242121 -5.29789314232789 2.66439924132592
 C 7.63227189857525 -3.17357815239938 4.00720222451106
 C 5.70518504743629 -4.75466717742409 4.30028917640910
 C 5.93967927885639 -3.41623600031090 2.18877870563376
 C 6.72655105385443 -6.29298057081485 1.87608798653837
 C 5.68252725221670 -6.88814373631710 -0.24502750735760
 C 6.42046020669998 -8.19067001874943 -0.61166692128229
 C 5.65282258185354 -9.43819024628595 -0.16168121840550
 H 8.31666584789254 -4.83702127885915 2.00441313609983
 H 7.04547017547181 -2.32401110216381 4.36751607537793
 H 8.36999160663339 -2.79577662725481 3.27969040044621
 H 5.12118924004264 -5.56151845220175 3.86393391784427
 H 5.02469229377187 -3.97736321476031 4.63824606861696
 H 6.23910234552707 -5.13244424495591 5.16911808270642
 H 5.42179463828733 -2.56395295311136 2.62167878955416
 H 5.19704425442556 -4.05252605353056 1.71366563605431
 H 6.62596709515513 -3.04016644675016 1.43175583793024
 H 6.91935876810772 -5.20752472475432 0.16745189087564
 H 7.71098870620385 -6.74153090285861 3.93100794454020
 H 4.76276686339100 -7.12274773619023 0.30220951244772
 H 5.41026458246888 -6.33653989015814 -1.14349155283537
 H 8.68531516625221 -4.53717764963022 4.87070377097656
 H 7.39642361941217 -8.21094033672210 -0.12058149007643
 H 6.57931551267378 -8.26552142929296 -1.68641561647542
 H 5.68702922513275 -8.71470108352914 1.64804695645013
$end
$temperature
298.15
$end
$mult
 1
$end
$sigma
 1
$end
$pressure
1.00000
$end
$scale
1.00
$end
$msrrho
$end
$freq
28.19
36.24
53.36
89.02
91.70
131.04
155.41
159.85
175.75
185.38
232.20
247.48
258.45
278.48
302.06
333.91
343.08
379.01
384.56
418.20
440.86
447.10
471.11
495.38
539.35
575.35
585.30
659.35
667.22
726.46
801.47
814.54
830.91
901.06
918.38
923.84
955.22
968.19
998.84
1018.87
1026.12
1039.79
1074.97
1102.03
1109.53
1151.71
1155.08
1172.03
1178.23
1195.03
1209.25
1223.19
1237.59
1250.34
1275.42
1279.05
1280.29
1331.16
1337.55
1344.75
1366.30
1407.64
1423.24
1430.59
1452.03
1455.78
1481.17
1486.44
1497.37
1501.64
1509.99
1692.65
1794.92
2834.91
2910.30
2942.05
2965.00
2976.13
3007.40
3013.13
3016.34
3027.87
3033.90
3039.66
3040.82
3046.50
3050.06
3416.80
3438.10
3474.99
$end
