
$molecule
 O 3.53880333881539 1.96964463141006 -4.42856954022550
 O 5.49844572548276 0.48226589009315 -3.24135903181178
 O 2.21962380713864 -1.12531231671261 -4.39433538189053
 O 2.64111304188218 0.06871369282852 -8.29088003212384
 O 3.44639208911319 2.13438468869303 -8.53921572369631
 N 1.40725683231674 0.47392637026657 -5.70763826698781
 C 3.18851257978831 0.70069146634959 -2.35944528233170
 C 2.60622254050883 1.19065916980730 -3.70698732237326
 C 4.42690953936724 -0.18680220585480 -2.60266809622569
 C 2.14643074913731 -0.11104183587541 -1.58983807672469
 C 3.57983976786973 1.93466028061777 -1.53465305374542
 C 2.07588530127882 0.06339152070030 -4.61288562513755
 C 1.17614383404354 1.81310531219213 -6.19541982561804
 C 1.19005846542448 1.83671949296974 -7.72991451780437
 C 2.54751730133771 1.40236054261294 -8.23498633125951
 H 1.75864944227640 1.85716111729002 -3.49215793894929
 H 4.15662973573871 -1.01251732965199 -3.26209158458112
 H 4.76059768529753 -0.60365169709985 -1.64365196306658
 H 1.23241663956131 0.46604295006733 -1.46728745737174
 H 2.52805624682411 -0.36562623159181 -0.60370910074232
 H 1.91184623345771 -1.02846591128722 -2.12018008215479
 H 4.14649872309633 1.63920781142578 -0.65335677561826
 H 2.68613457125253 2.45933919497268 -1.20481270490136
 H 4.17159487942054 2.62970028937396 -2.12755839773559
 H 1.08871299276193 -0.27932592432393 -6.30521761753774
 H 4.38242534198693 1.48353715592592 -4.41448650684464
 H 0.19858244305574 2.17500011528211 -5.84872883916853
 H 1.95696026670117 2.47464058680121 -5.81706651730501
 H 5.84252870277380 1.15183399671927 -2.63901170334702
 H 0.99461852206960 2.85143885318260 -8.07371876111477
 H 0.43044638780943 1.15775437479922 -8.11944454308870
 H 3.53166427239476 -0.20537405200063 -8.56071139851223
$end
$temperature
298.15
$end
$mult
 1
$end
$sigma
 1
$end
$pressure
1.00000
$end
$scale
1.00
$end
$msrrho
$end
$freq
9.37
31.03
49.08
55.42
97.69
118.59
162.73
170.96
197.44
207.03
215.48
229.75
257.00
278.67
299.86
314.06
333.76
370.06
385.00
397.61
419.42
447.50
527.47
547.55
555.20
583.29
597.48
599.67
629.94
686.66
726.29
807.84
837.12
866.92
910.76
933.16
966.83
968.44
993.52
1005.28
1022.87
1043.86
1068.02
1073.22
1085.41
1127.55
1152.40
1181.84
1184.92
1199.44
1212.69
1224.47
1240.83
1260.51
1282.17
1303.42
1308.05
1317.96
1337.84
1345.20
1357.81
1403.17
1413.28
1421.04
1440.40
1457.94
1475.30
1491.72
1493.33
1503.02
1512.04
1731.24
1807.15
2888.67
2890.28
2903.45
2992.60
3007.71
3015.12
3019.60
3024.35
3024.62
3028.73
3033.96
3040.10
3069.60
3352.34
3396.03
3451.59
3537.61
$end
