
$molecule
 O 0.66143039927811 -7.03988306426911 3.05008349021278
 O -2.40664604386361 -4.74145270956147 4.65992850140079
 O 2.68738602326845 -4.28965548710220 3.81131936803877
 O 4.96467143729491 -5.30058943590264 1.41107214032069
 O 3.28492481050196 -6.72275345076153 1.76201240407339
 N 1.28489012384435 -4.66001007979366 2.07391978378388
 C -0.12495151146835 -5.65517018028318 4.87457173484750
 C 1.08150740471777 -6.09027601581123 4.00734936046095
 C -1.24273885776123 -5.10876089941803 3.96333955904295
 C 0.32487248904590 -4.58338418895574 5.87061792475517
 C -0.64898363870667 -6.88147254458541 5.62531533838174
 C 1.77667830330789 -4.91791152788811 3.31217020664680
 C 2.06384151514139 -3.92374982194698 1.11522060281178
 C 2.94494643614161 -4.87119104561552 0.26895855946711
 C 3.73208177373580 -5.74444537489551 1.21342792638457
 H 1.82830007721147 -6.53379463540326 4.68338092093419
 H -1.55181122997050 -5.89232866914762 3.26900670735870
 H -0.85988600228680 -4.25224496090067 3.38931851007433
 H 1.21608706549315 -4.91236333451552 6.39900306286152
 H -0.45410747063834 -4.39927598276042 6.60816394646793
 H 0.56517862455013 -3.65121064254845 5.36352650611785
 H -1.59926720472134 -6.64431550879821 6.09698385543290
 H 0.05872751599133 -7.19540343611006 6.38873018245392
 H -0.80253934120504 -7.69973290343766 4.92745051593999
 H 0.62435625064360 -5.34135627841365 1.72038631865322
 H 1.45376119911772 -7.35194868475023 2.58706580273657
 H 1.40138762320290 -3.35573432447334 0.45866570668791
 H 2.69863978807382 -3.23703470803703 1.68110029281597
 H -2.17751131128365 -4.04618901586903 5.28647592729220
 H 3.62357787154976 -4.28996236248621 -0.35164711701499
 H 2.30821965045972 -5.50348511383981 -0.35131206894187
 H 5.42076322933482 -5.81717061171622 2.09482102950081
$end
$temperature
298.15
$end
$mult
 1
$end
$sigma
 1
$end
$pressure
1.00000
$end
$scale
1.00
$end
$msrrho
$end
$freq
32.90
41.26
58.41
73.58
85.45
104.59
113.36
153.09
189.94
196.13
207.35
220.87
231.75
277.15
299.79
324.05
330.18
364.86
383.32
407.15
424.28
450.60
489.98
511.85
556.05
599.48
623.19
644.93
658.73
723.46
728.12
786.84
839.38
885.86
923.08
928.25
949.41
969.64
991.64
998.47
1026.33
1038.37
1081.61
1089.39
1109.28
1132.38
1143.64
1161.85
1179.17
1187.21
1201.72
1211.66
1253.47
1261.11
1280.66
1284.48
1287.02
1318.38
1320.11
1334.88
1348.86
1401.57
1411.24
1419.15
1435.79
1445.22
1477.88
1484.57
1492.17
1501.44
1507.54
1745.65
1765.82
2870.69
2874.25
2968.11
2980.54
2995.26
2999.77
3020.60
3030.01
3030.75
3035.68
3042.88
3047.31
3056.81
3389.96
3439.50
3452.97
3545.20
$end
