
$molecule
 O 1.88572913028267 -7.98798582590207 1.26995846918271
 O 3.65952439478393 -6.23634761447258 4.99188324657252
 O 1.04938922983464 -7.04860585559749 4.50355094612017
 O -1.04965499352443 -8.37571241429633 1.76778084320065
 O -2.80818114638851 -8.87678790828902 2.99890192990242
 N 1.24035929956601 -9.05278423920999 3.47609269326817
 C 3.70130576098273 -6.94941261219053 2.60471900478994
 C 2.17853024369525 -7.13598833871650 2.37160728398856
 C 3.94590592706809 -5.85852816691116 3.67886801969086
 C 4.34303538923861 -6.47242634254221 1.29534233180971
 C 4.34088993238021 -8.26526662054103 3.04729110857867
 C 1.44029051693152 -7.72690695118975 3.57531769120171
 C 0.24456895779597 -9.76743340815034 4.23288875820297
 C -0.87895421738709 -10.25950569887161 3.30788594954578
 C -1.67457879464290 -9.11000330083611 2.69588450199281
 H 1.73250646120446 -6.14472299666325 2.19962692812338
 H 3.38959209221269 -4.95220670012869 3.39688521373301
 H 5.01287538938760 -5.61617794605686 3.67683367476135
 H 4.32208526289143 -7.25593047902377 0.53978852920401
 H 5.38434942829999 -6.21398564854591 1.46890477324651
 H 3.83601252934543 -5.58847965360716 0.91140666474960
 H 5.42177457549581 -8.15550579886606 3.07823641472524
 H 4.09358031960010 -9.06586611605175 2.35300903507537
 H 3.99977313284549 -8.53212894365237 4.04440980851363
 H 1.65345127879790 -9.52547285010728 2.68472856826320
 H 2.20830875932065 -7.56467250273917 0.46745250792560
 H 0.70334377894914 -10.62326459797872 4.73749411466531
 H -0.14741912827423 -9.07884535587047 4.98492406108003
 H 2.69891918957876 -6.32026133439730 5.10025515871322
 H -1.57545908639264 -10.86909261142593 3.88285744055696
 H -0.45290332322199 -10.86994952633632 2.50650077112696
 H -0.10446629065624 -8.57000964083034 1.64260655749163
$end
$temperature
298.15
$end
$mult
 1
$end
$sigma
 1
$end
$pressure
1.00000
$end
$scale
1.00
$end
$msrrho
$end
$freq
25.51
41.65
45.58
65.47
83.42
124.78
138.66
195.49
200.45
208.40
224.93
239.52
251.38
283.65
291.96
320.48
333.34
356.93
382.46
387.12
428.16
469.00
513.86
548.33
567.59
588.60
601.22
612.85
634.18
693.94
720.20
802.33
827.93
879.27
909.15
919.52
940.77
966.08
998.91
1004.03
1021.22
1041.02
1074.46
1085.98
1110.01
1120.45
1144.47
1161.18
1173.23
1183.11
1192.14
1216.57
1229.90
1238.16
1264.04
1285.20
1290.92
1316.24
1319.37
1341.94
1370.31
1402.07
1419.39
1436.24
1450.38
1455.41
1472.76
1484.80
1495.64
1500.67
1514.17
1747.38
1797.19
2865.59
2880.22
2944.46
2958.90
2959.60
2997.45
3016.60
3018.64
3023.98
3024.91
3042.93
3047.96
3050.94
3350.46
3413.62
3426.01
3555.55
$end
