
$molecule
 O 0.28872018613044 -1.46123296803303 -2.83467419754578
 O 4.55806106534395 -1.11985820492987 -3.28866400399376
 O 3.00242851057900 -3.60793598200469 -2.33500927263187
 O 5.62274855354171 -1.83458812943470 -5.92098863966279
 O 3.46639604179603 -1.62754749284069 -6.34844862769587
 N 1.99396981274681 -3.00134201263974 -4.26568145973541
 C 2.37700330264028 -0.33683205726844 -2.39985389685996
 C 1.57944385766372 -1.66565091961466 -2.29272898926843
 C 3.88046999924644 -0.60020852145709 -2.16972862942156
 C 1.86802211582541 0.59605388673262 -1.29599754759168
 C 2.14829631762700 0.33384439207452 -3.75769774274045
 C 2.29510683382644 -2.84350417106592 -2.96171699001973
 C 2.68891249964212 -3.97812267818676 -5.07237350377453
 C 4.17304653385406 -3.62310678583759 -5.20948561675275
 C 4.35667854710742 -2.28010118909804 -5.87802204875618
 H 1.51093821750830 -1.92184838372463 -1.22369236184638
 H 4.01024600984274 -1.34312187355338 -1.37954772840519
 H 4.35656968115021 0.33643552660575 -1.84842219592769
 H 0.78873166492714 0.69591330419310 -1.37385945722876
 H 2.31576135023689 1.58228422634707 -1.39274993406615
 H 2.11465286803963 0.19963548212736 -0.31338493540259
 H 2.68100192162413 1.28298155857418 -3.79189049397716
 H 1.08800061493699 0.52881082837684 -3.88865691027659
 H 2.48546533346844 -0.28406571016738 -4.58664647459619
 H 1.52423726537185 -2.24383696022888 -4.73822584041840
 H -0.23952992143241 -2.24980807139491 -2.67547583689855
 H 2.60357119827716 -4.95029149014289 -4.57883633889926
 H 2.21013811094777 -4.01608724427353 -6.05120533646398
 H 4.54567754672730 -0.44926421489259 -3.98273791676191
 H 4.69807657599216 -4.38993470922712 -5.78363178970525
 H 4.60474715739332 -3.57079802883362 -4.20607068018684
 H 6.22450422741707 -2.39425140618169 -5.41323860248791
$end
$temperature
298.15
$end
$mult
 1
$end
$sigma
 1
$end
$pressure
1.00000
$end
$scale
1.00
$end
$msrrho
$end
$freq
38.34
58.62
70.24
72.31
84.33
121.24
132.86
159.70
193.90
221.81
236.81
240.73
261.26
274.04
278.80
296.63
307.74
347.42
373.14
401.58
411.50
425.90
478.25
504.24
515.52
546.26
553.17
582.80
614.28
668.25
706.03
797.55
827.53
881.47
906.21
929.22
945.34
965.22
998.15
1009.44
1018.45
1042.41
1087.08
1096.70
1104.68
1119.53
1142.04
1157.36
1166.67
1196.77
1201.14
1212.84
1237.85
1244.14
1279.10
1291.33
1316.02
1318.03
1328.51
1333.04
1358.57
1399.37
1408.64
1414.44
1417.73
1432.45
1474.18
1490.49
1496.33
1502.90
1514.23
1738.84
1787.38
2864.81
2886.27
2962.83
2970.13
2974.98
2988.95
3000.74
3017.65
3030.02
3034.42
3044.65
3049.40
3062.09
3446.03
3501.66
3522.92
3564.33
$end
