
$molecule
 O 5.12247707862226 -0.53752594258935 2.56031425359311
 O 1.17669534406451 2.30183328038589 2.77445385626972
 O 2.56363320992800 -0.92514285569471 0.15663367748495
 O 1.54529032626367 -2.90720015314244 -1.35759089811196
 O 1.86448606762125 -5.07029326976690 -1.68513469175322
 N 3.30386768637447 -2.28635678726421 1.79908043614829
 C 3.16620857635342 0.85959694893188 2.78372872333865
 C 4.03865453457649 0.00429051320498 1.82646194289123
 C 1.97895069506607 1.45490998255620 1.99609598285767
 C 4.04805980648526 1.98711933114693 3.33337982842377
 C 2.64103814544189 0.01017538407065 3.94102641191553
 C 3.22218601940126 -1.10854128083815 1.17193793522880
 C 2.59101551573790 -3.46502940479387 1.35035061637066
 C 3.16462124089952 -4.03727294504467 0.03870212382386
 C 2.12716830347213 -4.06242305853272 -1.08913820981971
 H 4.39661578254514 0.66193152174611 1.02287079659748
 H 1.31406742344998 0.65915261640032 1.65667670744848
 H 2.35618538114618 1.98059568601794 1.10750999393977
 H 4.95001621198229 1.56509135997611 3.76819848274669
 H 3.52407829066694 2.53527719459461 4.11260482983438
 H 4.33359432634701 2.67753654180354 2.54111044955079
 H 2.03632361643213 0.63231696011084 4.59563395666328
 H 3.46956967851071 -0.40332951921142 4.50979571109192
 H 2.01413236394836 -0.79931567913914 3.57565835836738
 H 3.91147795848196 -2.33493282966801 2.60455219782910
 H 5.84845758896443 -0.73188735471827 1.95969430118981
 H 2.64246475140121 -4.20806379532095 2.14480405532627
 H 1.53924960787812 -3.19247854201097 1.20554519326670
 H 1.69199092721679 3.07822005786993 3.01907963342480
 H 3.52926935717583 -5.05406699374717 0.17788864045241
 H 3.99972321575876 -3.41848391601242 -0.29813824710817
 H 1.88779496778536 -2.14242605131930 -0.82063704927783
$end
$temperature
298.15
$end
$mult
 1
$end
$sigma
 1
$end
$pressure
1.00000
$end
$scale
1.00
$end
$msrrho
$end
$freq
26.90
37.41
51.39
83.14
93.06
99.28
133.48
158.24
170.36
204.15
212.44
237.00
247.82
263.45
277.56
294.90
310.14
351.62
361.25
397.44
406.37
424.73
453.35
483.12
548.71
582.05
602.70
648.52
670.61
720.60
792.75
815.04
842.92
890.45
917.59
920.98
948.69
968.96
1000.70
1018.16
1030.46
1037.44
1077.47
1097.74
1104.38
1130.36
1156.83
1178.16
1196.67
1200.66
1202.79
1230.63
1239.24
1256.95
1279.65
1281.19
1284.56
1306.87
1336.24
1337.67
1357.84
1396.68
1414.17
1433.33
1451.98
1455.73
1478.82
1487.63
1488.30
1503.95
1508.32
1710.99
1790.14
2884.85
2898.54
2935.70
2936.96
2976.30
3004.59
3011.60
3017.97
3026.00
3033.96
3040.48
3045.89
3050.77
3054.40
3420.08
3546.91
3568.46
$end
