
$molecule
 O 0.38143837025901 -5.12736715845296 7.81138245655717
 O -0.14415679759978 -7.76515115469360 7.54041191922873
 O 2.38318357154327 -3.98204492388342 5.35865807897219
 O -0.83115797958037 0.61707749025600 6.83254370099122
 O -0.55052235858418 -0.13147201086842 4.77014605453263
 N 0.99140911800163 -2.69018672547768 6.50710955118080
 C 0.92632088917266 -6.42931528851378 5.78942111618007
 C 0.47173975939811 -5.08351173340252 6.40202489400228
 C -0.10807837663831 -7.51859990301498 6.14361965084036
 C 2.29933962963724 -6.83540791347261 6.32551966574027
 C 0.95952414848764 -6.32162534543440 4.26287828751214
 C 1.37965635243521 -3.89444965574586 6.03376552849780
 C -0.16430150462715 -2.34007894469008 7.28744891965355
 C -1.28003284812017 -1.71940234057980 6.42029035669861
 C -0.86047335133855 -0.35545178970790 5.90180920660597
 H -0.52772629637677 -4.85287923786017 5.98055063502221
 H 0.16582866023536 -8.43851539684775 5.61203326446367
 H -1.10419587859894 -7.20600121912895 5.79556053213143
 H 3.03738550203466 -6.09690509705403 6.03007938084960
 H 2.58502474431956 -7.80330338969774 5.92058685616501
 H 2.28127971448590 -6.90327207232493 7.41027376689682
 H 1.23026531648713 -7.28041280888947 3.82722255631243
 H 1.69542666949193 -5.58419910903099 3.96132170186310
 H -0.01353660572609 -6.02732351006970 3.87323814749771
 H 1.57865613566674 -1.92667413731043 6.19514872644836
 H 0.19977745755787 -6.04844596291576 8.05722129915091
 H -0.53274288529322 -3.23726015344174 7.78378406917312
 H 0.14640179934852 -1.63110399926875 8.06378469703744
 H -0.73179410395964 -8.50627914674840 7.71440396662683
 H -2.19128097391472 -1.62476460893838 7.01495606333429
 H -1.47740675445824 -2.36472437980330 5.56441766085937
 H -1.11590812374645 0.31078362701191 7.70352628897478
$end
$temperature
298.15
$end
$mult
 1
$end
$sigma
 1
$end
$pressure
1.00000
$end
$scale
1.00
$end
$msrrho
$end
$freq
18.12
30.09
39.85
61.23
73.17
97.92
128.06
157.14
179.95
190.05
230.35
246.01
255.06
268.62
284.08
306.77
345.57
369.86
394.23
401.40
432.27
434.79
485.41
492.83
528.58
552.39
555.91
581.22
615.39
682.33
686.15
807.58
837.03
855.26
909.05
932.03
959.00
973.19
988.80
1009.04
1024.29
1029.15
1079.06
1094.96
1102.76
1105.59
1146.59
1152.57
1201.56
1210.19
1215.12
1221.69
1227.51
1248.40
1280.39
1287.22
1294.77
1319.13
1333.81
1349.55
1373.54
1401.27
1418.51
1426.87
1451.50
1468.34
1481.45
1483.98
1490.90
1498.30
1502.25
1743.66
1808.64
2761.47
2866.24
2912.64
2921.82
2975.00
3018.14
3019.10
3021.51
3032.42
3037.16
3047.53
3072.93
3079.46
3403.68
3411.95
3493.41
3569.10
$end
