
$molecule
 O -3.05304745654949 -5.03112603634096 7.22148814933572
 O -2.51275187312257 -2.69834794733043 8.39428837168631
 O -3.43866135963489 -2.11932113208510 5.75039735610293
 O -5.75694734243217 -4.95037064709507 7.54947471338990
 O -7.83372440661665 -4.71470985951059 6.86359176908712
 N -4.53558716765357 -3.88605150577652 4.94649526275034
 C -1.12050377271569 -3.65256903854065 6.56529464399759
 C -2.45548387962296 -4.31104179442218 6.15168013571684
 C -1.33424863898636 -2.54021406639241 7.62765889627664
 C -0.45326326995589 -3.05034968425831 5.32751913459420
 C -0.22224752065458 -4.75145952056375 7.14487672961211
 C -3.49890725505373 -3.32555309187758 5.59673700585269
 C -4.87673453887489 -5.28320237013772 4.78808512831658
 C -6.31631995356426 -5.54628902700783 5.23434253876267
 C -6.70014369035279 -5.02398132649391 6.62186242325492
 H -2.22861471960789 -5.04539632342130 5.36811248345411
 H -1.34281931746229 -1.56550088015634 7.13506584419180
 H -0.50356327813390 -2.56097986726853 8.33844221989228
 H -0.24162518633391 -3.82339713093087 4.59167377089833
 H 0.48459758572773 -2.57769415568102 5.60826406875684
 H -1.09473361441939 -2.30074525181058 4.87193579808061
 H 0.75504007737801 -4.34188903803908 7.38686168299520
 H -0.08925165898688 -5.55625364447619 6.42473475114702
 H -0.65713336906031 -5.16964327637053 8.04916591015408
 H -5.22481419588080 -3.22658199074734 4.60489614864155
 H -2.96204417428872 -4.44531044044257 8.00326657929948
 H -4.78095623861967 -5.56287269770274 3.73110841813491
 H -4.18557903917209 -5.89829070361139 5.36305962203900
 H -3.22327646862848 -2.24761688920002 7.91834198632181
 H -6.49901869304631 -6.62371326494716 5.23894294788766
 H -7.02381994030430 -5.10125570626093 4.53221080789358
 H -4.83438264336726 -5.15589969109255 7.27181670147852
$end
$temperature
298.15
$end
$mult
 1
$end
$sigma
 1
$end
$pressure
1.00000
$end
$scale
1.00
$end
$msrrho
$end
$freq
32.39
52.00
69.02
72.12
104.54
117.55
140.09
163.70
191.26
211.65
228.15
248.77
276.03
293.01
305.60
344.71
348.51
375.97
399.36
420.13
485.02
515.15
540.23
558.09
569.60
594.64
621.34
639.47
662.21
692.97
766.76
818.58
827.42
870.66
901.85
920.84
957.89
969.27
981.53
998.90
1024.89
1059.73
1066.10
1080.66
1088.75
1142.30
1150.53
1181.64
1183.07
1197.85
1210.12
1227.63
1251.46
1261.25
1282.72
1311.67
1315.19
1318.16
1334.27
1354.04
1364.24
1407.45
1421.57
1426.23
1444.90
1463.11
1473.46
1489.65
1495.15
1502.27
1506.49
1731.81
1780.42
2908.68
2911.60
2963.90
2974.04
2976.70
3001.52
3023.04
3025.59
3030.80
3038.70
3044.23
3047.47
3051.49
3100.21
3222.07
3394.39
3492.87
$end
