
$molecule
 O 3.64131365431647 -10.05994011302167 5.03391742774480
 O 4.99011983141619 -7.32191825528899 2.19627980880536
 O 2.00837042486137 -9.66988722877530 1.92202824366942
 O -0.11076448197787 -10.04858735834354 6.23407406593935
 O -1.58716189889463 -11.71084757468906 6.09538837319433
 N 1.51394593865308 -10.74479995442935 3.84394611774088
 C 3.35487497200909 -7.83918988008639 3.97123782483410
 C 3.49723223218100 -9.37998711603035 3.80227182034772
 C 3.65232125925909 -7.18094839444358 2.60709413704764
 C 4.35340356989744 -7.33313693683924 5.02225843531055
 C 1.93550486904704 -7.47731858114782 4.41353392571334
 C 2.26786856819744 -9.93780702773873 3.07781176827094
 C 0.25191610377108 -11.27538686340987 3.40876647136560
 C -0.93609239887551 -10.55651118664093 4.07936849519734
 C -0.94706433136328 -10.85019713020908 5.55637511308224
 H 4.36891559398987 -9.56432031342016 3.15696058412890
 H 3.37111215484352 -6.11974044796554 2.65338558272551
 H 3.05479405481549 -7.67062582430902 1.83611111610224
 H 4.05042168770984 -7.64855094262435 6.01851287317522
 H 4.37556294389536 -6.24454341310574 5.01248692595611
 H 5.36009190365949 -7.70226350295948 4.82631022742772
 H 1.88379273648612 -6.42769041471566 4.69505241325662
 H 1.63995019946761 -8.08285444448033 5.26768219938493
 H 1.23218309694395 -7.64816884777598 3.60270836309510
 H 1.79835645742233 -10.86706464226068 4.80400280897331
 H 4.47417683802419 -9.78824307532776 5.43240487096904
 H 0.20138800546699 -11.11764402413951 2.32851475304218
 H 0.20160391632267 -12.34682343384617 3.62404246056412
 H 5.55059111698289 -6.79272566589317 2.77434469633807
 H -1.86592491979818 -10.91864898068793 3.64335945972139
 H -0.83745352725722 -9.48289060169266 3.92285342971832
 H -0.11910857148204 -10.27035582370060 7.17874220716324
$end
$temperature
298.15
$end
$mult
 1
$end
$sigma
 1
$end
$pressure
1.00000
$end
$scale
1.00
$end
$msrrho
$end
$freq
23.19
26.25
39.14
48.27
72.19
85.83
108.03
161.47
180.19
218.63
234.19
250.73
260.66
265.11
299.34
319.09
340.66
348.60
373.76
380.29
417.01
435.83
453.07
502.89
537.55
552.35
587.02
606.25
624.15
707.48
720.98
801.43
830.04
874.02
902.36
933.27
944.66
964.38
1001.20
1005.36
1018.40
1037.92
1084.82
1086.93
1108.64
1126.21
1129.14
1156.76
1167.80
1186.24
1210.84
1223.53
1233.28
1240.23
1254.78
1281.72
1290.07
1319.07
1323.11
1325.46
1352.33
1397.64
1416.81
1430.88
1435.48
1441.59
1467.11
1494.12
1500.52
1513.36
1515.94
1745.75
1797.66
2880.55
2884.16
2949.65
2979.51
3002.33
3004.42
3014.08
3017.94
3024.93
3027.73
3031.56
3036.21
3047.96
3444.75
3448.98
3544.24
3560.68
$end
