
$molecule
 O 6.20615675400969 -4.20506869899330 1.64263281343735
 O 5.54403174413890 -7.00077257998170 3.69831178833421
 O 8.64397575463508 -6.72934824035293 1.96983565005681
 O 6.32077843381837 -4.75859531586407 5.59901869437490
 O 7.61027627521027 -4.49815132520429 7.39585035822296
 N 7.93644516722998 -5.05826080399221 3.31109882616219
 C 5.57162889647650 -6.55720780028923 1.25528775849897
 C 6.69712325336276 -5.48315174302821 1.28118684317713
 C 4.79382646248588 -6.57953684182893 2.59088468195594
 C 6.16207252451799 -7.93863808723406 0.98185505455334
 C 4.58271901400810 -6.19890044792837 0.13751401622291
 C 7.85509924609674 -5.84410430143905 2.21761954019712
 C 8.94789896112514 -5.24245955131310 4.31667783544076
 C 8.39583300817104 -5.90020554028371 5.59599761436366
 C 7.43540548372805 -4.99157530275580 6.31681919994608
 H 7.13863703162861 -5.44704298802882 0.27278984397178
 H 3.97725948036578 -7.30128939490030 2.49294471762980
 H 4.35534820517939 -5.58904016003834 2.77316311055953
 H 6.80262441714832 -7.91610605187690 0.10439058049914
 H 5.36052678052313 -8.65472171721708 0.81712374915431
 H 6.75349497057099 -8.27285102675622 1.82830702290693
 H 3.82958459129612 -6.97761955210123 0.04772555058372
 H 5.09929293498614 -6.11552685146054 -0.81655078935264
 H 4.06321089618839 -5.26312446971000 0.34163778584405
 H 7.26238525820465 -4.31447593895378 3.41027599078423
 H 5.57254502331308 -3.92707669343484 0.97327163069343
 H 9.70120567357074 -5.90485629316304 3.88233054953398
 H 9.40778158481723 -4.28088624671951 4.56204978543998
 H 6.05602586340145 -6.25458131436172 4.03257043557004
 H 9.21982788870111 -6.12985519334575 6.27047285769211
 H 7.87926966876538 -6.82252618879274 5.32430976748511
 H 5.71216975232498 -4.18901533864879 6.09530573606017
$end
$temperature
298.15
$end
$mult
 1
$end
$sigma
 1
$end
$pressure
1.00000
$end
$scale
1.00
$end
$msrrho
$end
$freq
24.51
37.15
47.74
58.55
71.33
88.95
138.51
161.08
179.55
188.50
206.40
219.69
242.81
276.55
292.05
306.81
318.38
333.42
353.45
369.09
390.90
443.17
465.64
518.42
544.29
550.63
570.73
604.62
621.17
705.66
710.86
806.96
828.98
871.02
914.01
920.22
956.13
966.72
987.61
1000.19
1021.87
1035.24
1090.76
1098.05
1105.09
1125.30
1157.00
1158.70
1166.33
1178.00
1206.40
1218.88
1233.46
1242.56
1265.12
1291.12
1293.34
1319.38
1325.69
1335.95
1358.66
1407.44
1424.76
1425.15
1436.10
1439.92
1467.87
1481.95
1492.65
1498.84
1513.79
1753.39
1801.12
2860.86
2888.18
2952.62
2957.88
2978.00
2993.71
3004.87
3024.26
3026.68
3034.21
3043.87
3047.84
3072.22
3446.00
3450.63
3520.30
3553.98
$end
