
$molecule
 O -0.56480687425003 -0.69538512016141 2.40900363810528
 O 1.08525107679653 1.36361448388770 1.89163610584484
 O -3.25644382200446 1.13447699665722 3.09359481206335
 O -3.92397629415260 3.70799957918738 2.95905210624888
 O -3.08085527295254 5.71347445030236 2.65242544069724
 N -1.17967570199042 1.92885583044940 3.40771647329936
 C -0.94047355627354 0.85543744961727 0.50620695703813
 C -1.51578573870949 0.14750172116552 1.77219094740405
 C 0.59626389708653 1.04979021838148 0.60763704993391
 C -1.63194890580947 2.20634054190806 0.29360429296159
 C -1.21762289908461 -0.03469870203178 -0.71177310503127
 C -2.06163751220899 1.12161084971374 2.82112824317762
 C -1.55744892261861 2.84187946159241 4.46405095727011
 C -1.74385349649787 4.27761853797621 3.97392519290872
 C -2.97665968480615 4.61247738817432 3.12493254911612
 H -2.38948654862074 -0.44269187954835 1.46568064488805
 H 0.88599196790844 1.88329477020182 -0.03625049886548
 H 1.09987698833937 0.14724649931366 0.23840311091388
 H -2.70913312086032 2.11111123781850 0.41039361163052
 H -1.42987881453350 2.56667867011059 -0.71245244959448
 H -1.27234647278898 2.95413690923175 0.99491809739478
 H -0.74127313188686 0.38212735673845 -1.59610358049572
 H -2.28727884609370 -0.09625683503981 -0.89668773054657
 H -0.83257280582778 -1.04277139555657 -0.56373778690657
 H -0.22796160037106 1.96074342865365 3.04844321527930
 H -0.48255803807032 -1.50727294025095 1.89877222985622
 H -2.47371754657742 2.46491250209123 4.92851448146830
 H -0.76241860009089 2.82977411102217 5.21476638312663
 H 1.00475162450440 0.55599622085646 2.42363924059557
 H -0.86976879809944 4.59227806603041 3.39874987273326
 H -1.80292530038617 4.94068135213762 4.84062767716433
 H -3.71628124906522 2.77167223937714 3.20965782032711
$end
$temperature
298.15
$end
$mult
 1
$end
$sigma
 1
$end
$pressure
1.00000
$end
$scale
1.00
$end
$msrrho
$end
$freq
20.52
42.10
69.14
74.23
86.58
136.47
170.14
192.24
216.86
229.35
242.92
249.79
264.97
267.89
273.68
310.18
326.05
355.53
381.29
399.16
423.65
475.40
524.57
562.25
566.71
579.72
587.90
673.81
684.04
732.34
775.54
805.47
824.10
874.70
899.28
930.67
952.03
964.69
975.12
1008.53
1025.44
1058.76
1076.87
1087.84
1111.78
1153.81
1163.18
1171.35
1179.78
1196.10
1216.06
1220.53
1251.81
1258.93
1267.73
1302.78
1319.07
1325.50
1330.93
1337.21
1360.11
1409.37
1425.05
1434.84
1455.56
1460.96
1476.60
1492.39
1500.17
1504.65
1510.58
1705.06
1763.68
2902.63
2913.23
2956.30
2964.29
2976.03
2977.30
2985.57
2992.17
3012.36
3034.36
3037.59
3039.55
3044.73
3053.63
3271.78
3428.66
3561.53
$end
