
$molecule
 O 2.28397743994334 -7.48377712652376 1.03284519015770
 O -1.88682022709232 -8.42226506095185 0.71391283110359
 O 0.93956502011681 -5.83220861110965 3.78388862739167
 O 3.89358163661750 -4.76932674488418 0.41553156231144
 O 3.77840494773136 -2.61573556254342 -0.05493384554221
 N 1.25120638442834 -5.23217304024251 1.62740320260380
 C 0.16152222932093 -8.37809952143631 1.96850721566528
 C 1.46519857288918 -7.56536236691238 2.18576001129184
 C -0.76848006476697 -7.61714474890793 1.00943335092994
 C -0.53611667645304 -8.57600129604580 3.31424501000751
 C 0.49536513869778 -9.74588853918136 1.36251348178579
 C 1.18298225624172 -6.12909594595443 2.63471960289276
 C 1.30826868992218 -3.81080582485707 1.86360057299646
 C 2.76179700492336 -3.31820765790890 1.99890688744058
 C 3.52514992132437 -3.51010821915548 0.69924541384338
 H 2.01976536393034 -8.04626738910940 3.00612574782284
 H -0.22035479560962 -7.37405840536384 0.08592433288145
 H -1.08504380887060 -6.67792960645401 1.48378390528216
 H 0.03892640848035 -9.24967211556843 3.94466489206594
 H -1.51941708392911 -9.00566891442150 3.14577914291478
 H -0.64683368449122 -7.62930423144568 3.83564176495701
 H -0.41188177939200 -10.34145165826667 1.32910639506805
 H 1.23401157345242 -10.26660609995361 1.96915979746221
 H 0.86249850070671 -9.65275989392486 0.34157183345944
 H 1.48580870855444 -5.57917330281828 0.70894303330775
 H 2.47049367584585 -8.37920133735060 0.72955721798754
 H 0.80983856196975 -3.28709891563283 1.04534552223934
 H 0.77853925527431 -3.61762532285314 2.79946251518226
 H -2.49797268843238 -7.91789751255867 0.16902285181380
 H 3.24860575035443 -3.86530840832638 2.80927970840261
 H 2.75704747394490 -2.25510382666330 2.23702767106336
 H 3.59006229436653 -5.42872479267402 1.05853155320889
$end
$temperature
298.15
$end
$mult
 1
$end
$sigma
 1
$end
$pressure
1.00000
$end
$scale
1.00
$end
$msrrho
$end
$freq
13.15
26.96
44.80
57.46
69.38
106.23
115.59
138.44
176.56
208.16
214.43
232.50
246.23
271.30
281.98
300.96
317.83
338.04
366.10
378.99
412.69
433.24
465.39
472.87
499.01
559.70
597.47
619.67
658.27
700.93
726.70
785.99
826.69
867.08
919.33
950.03
955.83
973.10
989.95
998.71
1029.06
1034.28
1084.95
1093.13
1100.63
1113.84
1145.33
1158.27
1173.65
1193.33
1196.39
1216.26
1230.34
1232.36
1239.88
1283.17
1288.30
1303.57
1318.79
1321.20
1375.65
1400.37
1419.25
1420.94
1437.73
1452.34
1481.13
1484.84
1491.28
1499.51
1512.21
1755.18
1795.69
2854.99
2872.54
2896.31
2975.37
2983.41
2987.40
3014.64
3021.35
3024.34
3039.46
3055.21
3057.77
3066.11
3428.89
3433.97
3541.42
3575.67
$end
