
$molecule
 O 0.81632070916101 -8.73556245757849 -0.57951527745538
 O -3.03189030177224 -7.72146705168040 0.58867062065820
 O -1.08156337760433 -10.75121231449236 1.67205785344263
 O 3.05631793876371 -9.18463584000250 3.42343401197765
 O 1.72214552704834 -10.39753629219535 4.73410158881499
 N 1.11475155830061 -10.65264778137448 1.15550450472872
 C -0.61737879873707 -7.71683142274850 1.10196967877470
 C -0.33198899497653 -8.96299745232024 0.22295694725337
 C -2.07151297631856 -7.81530668198803 1.61055528183489
 C -0.43733228908745 -6.45251399913052 0.25401797905338
 C 0.33500336562366 -7.66319496521261 2.29670455170661
 C -0.15787493679864 -10.21080139417731 1.10125175208762
 C 1.52308047315696 -11.77488077392135 1.96170433001189
 C 2.75207570604514 -11.44276836352046 2.81599537789756
 C 2.43802282677122 -10.31957408225728 3.77612742297582
 H -1.22091687836609 -9.11934340328820 -0.40268536800773
 H -2.23590695155572 -7.03595501764380 2.36782971198736
 H -2.22951229093170 -8.79191637171295 2.07178931881155
 H 0.60915776135933 -6.33283560690290 -0.01063143264793
 H -0.75849379879474 -5.57756335360872 0.81643957969595
 H -1.00925412677377 -6.51589286919723 -0.66939089203168
 H 0.19549005137923 -6.73198998117584 2.84205681136987
 H 1.36394295854274 -7.71252813930415 1.94786688797904
 H 0.14290238043405 -8.49076798083453 2.97611455825609
 H 1.82022024154962 -10.10318021114573 0.68380662010609
 H 0.76604207977111 -9.30048782888248 -1.35613022943322
 H 0.67141345126169 -12.03266894150871 2.59774798017585
 H 1.75827829920816 -12.63243498376089 1.31952122461108
 H -2.99124044086222 -6.83664115024691 0.20873570831299
 H 3.58650249614158 -11.14341658172373 2.18115004320842
 H 3.02437390740243 -12.32675787193003 3.39260762629057
 H 2.82580343063760 -8.46631083447090 4.03404122756443
$end
$temperature
298.15
$end
$mult
 1
$end
$sigma
 1
$end
$pressure
1.00000
$end
$scale
1.00
$end
$msrrho
$end
$freq
24.17
32.47
52.13
55.28
69.35
102.13
113.65
130.92
191.24
215.41
227.77
229.31
248.57
258.66
278.03
296.40
310.36
346.35
377.35
392.96
404.70
416.02
444.53
509.88
542.82
551.76
581.31
619.74
628.85
702.86
726.28
795.88
835.78
882.58
901.01
934.45
944.19
969.92
999.69
1011.64
1022.63
1044.72
1086.43
1098.74
1099.89
1128.67
1142.83
1161.30
1167.48
1192.42
1200.58
1215.85
1225.60
1233.22
1262.54
1270.85
1303.40
1320.45
1324.93
1326.23
1354.67
1398.22
1417.64
1421.26
1437.76
1456.24
1468.79
1487.92
1495.34
1503.85
1512.23
1749.92
1805.86
2881.91
2900.95
2909.37
2976.00
3001.40
3004.20
3008.75
3018.72
3025.73
3028.30
3035.78
3036.82
3058.69
3407.24
3445.07
3540.14
3575.04
$end
