
$molecule
 O 5.36603021115410 -0.83222303278738 2.59014848778734
 O 3.81025794106170 1.88728518196346 5.23567857201007
 O 2.73331218169951 -0.38477547389924 0.24470114438419
 O -0.42100591159795 -4.93652630256665 1.24267397554951
 O 1.38336659877601 -5.63798316575560 0.13850832770229
 N 3.53461986452401 -2.20714106179336 1.31837323988708
 C 3.48294008365771 0.56599347099330 3.18039784423045
 C 4.32612769619195 -0.04767550698955 2.03293325393268
 C 4.45736219728342 1.24941779162973 4.16670258981986
 C 2.70947580649623 -0.52242638982503 3.92582409285321
 C 2.51727215276820 1.60239028671208 2.59890365468970
 C 3.43585520134550 -0.88220194080588 1.10100526745384
 C 2.73042866311210 -3.17973593290856 0.62527985556185
 C 1.51869120664251 -3.61827870911133 1.45419318578411
 C 0.85499163610407 -4.83435745728104 0.85667303744518
 H 4.74125282988606 0.78014279483362 1.44109348076652
 H 5.08872130524719 1.96213108914536 3.61526118230492
 H 5.10358127539262 0.49533127330520 4.61815428309519
 H 1.90137839915249 -0.91270637796837 3.31205141188953
 H 2.28926667298119 -0.10244242397198 4.83670250259510
 H 3.37944982781379 -1.33218447697191 4.20343779864556
 H 1.78440857568050 1.89952777901098 3.34607797820170
 H 1.98458338176857 1.18694873724481 1.74808094311891
 H 3.05719923682009 2.48451794303305 2.25776976477672
 H 4.09159150146556 -2.50443809231990 2.10719645760513
 H 6.02607955603970 -1.00044133371553 1.90996567517115
 H 2.39358184686918 -2.71283130717068 -0.30315084944834
 H 3.33795189257888 -4.05597562677012 0.38473955714603
 H 3.24481674929173 2.58123533867940 4.87867744337627
 H 0.78393374741206 -2.81762271799742 1.53851093582165
 H 1.83868598073620 -3.88989500692566 2.46464139877793
 H -0.83129930835673 -5.73044834902046 0.86394150706268
$end
$temperature
298.15
$end
$mult
 1
$end
$sigma
 1
$end
$pressure
1.00000
$end
$scale
1.00
$end
$msrrho
$end
$freq
22.24
24.94
32.39
52.18
58.83
80.24
117.89
135.32
160.69
204.99
217.46
231.31
257.68
260.06
273.45
296.02
315.40
331.64
359.31
394.57
411.09
433.69
437.51
494.67
529.20
568.85
592.09
615.30
655.65
666.96
705.67
798.17
806.66
885.14
916.90
926.52
934.93
971.31
996.52
1027.45
1039.10
1059.69
1085.36
1100.70
1108.44
1123.61
1126.20
1148.68
1175.99
1191.09
1199.33
1214.92
1237.84
1245.24
1262.76
1273.61
1281.04
1315.51
1331.98
1341.83
1347.13
1399.96
1419.45
1429.84
1434.40
1444.50
1478.46
1488.38
1493.86
1503.13
1508.25
1749.90
1797.75
2866.45
2886.33
2954.22
2968.74
2992.22
3004.86
3009.94
3018.10
3027.30
3035.56
3039.98
3044.78
3059.96
3416.97
3442.99
3542.82
3561.74
$end
