
$molecule
 O -1.83744833789319 0.12806540659925 0.44175356550064
 O -3.68597621695906 -1.35147748177091 -3.03536515974759
 O 0.20955062850633 -1.62872993341421 -1.51756974562623
 O 1.39349190709159 2.56192566880019 -0.44311200499438
 O 3.49889315458164 1.86524580528578 -0.63782307420349
 N 0.87679421787351 -0.57278171338977 0.31498140529004
 C -2.05790721209345 0.10453175928285 -2.01873411953255
 C -1.14081147039737 0.26402220289858 -0.78363841034088
 C -2.68487050850985 -1.29809539994430 -2.03642584506390
 C -1.24878923539547 0.33203802595101 -3.29660104137205
 C -3.17856402780032 1.15218722481199 -1.95288416961417
 C 0.02426113754105 -0.73512912601839 -0.71655010383727
 C 0.92232752663373 0.42554715185749 1.35188368739514
 C 2.24472311800501 1.20249656835587 1.30746290176646
 C 2.47145492977241 1.88861391485364 -0.01990896881220
 H -0.69234515867282 1.27254650354056 -0.84501511086440
 H -3.12368220792579 -1.51008708866105 -1.04945954521472
 H -1.89966743221487 -2.03370700790214 -2.23264110872661
 H -0.86544771274784 1.35010012940306 -3.33013016737361
 H -1.89281596412813 0.17096616065277 -4.15649808032870
 H -0.41679842601882 -0.36302455828582 -3.34891795945564
 H -3.73824638817415 1.12153678453557 -2.88261162127764
 H -2.76712418405526 2.15190327463556 -1.82174520789724
 H -3.88227935895411 0.94327128789746 -1.14834286844538
 H 1.62116079014207 -1.25949060637750 0.33444439573473
 H -2.64671200698403 0.64910306177723 0.38201530016345
 H 0.08185939190994 1.10492167631025 1.23580884449418
 H 0.83136941748317 -0.06319127217861 2.32816781329430
 H -3.94488496569056 -2.26978221632495 -3.15171127674008
 H 3.09288284073338 0.54083030069387 1.48777354641442
 H 2.23123298175043 1.97083914768239 2.08288477493833
 H 1.58299077259211 2.99105534844190 -1.29260364552308
$end
$temperature
298.15
$end
$mult
 1
$end
$sigma
 1
$end
$pressure
1.00000
$end
$scale
1.00
$end
$msrrho
$end
$freq
19.71
30.74
38.48
63.46
80.30
100.45
122.03
149.10
173.77
196.02
208.14
231.62
245.95
255.45
277.42
294.37
311.36
323.93
351.44
375.22
403.92
438.49
460.83
486.48
547.79
565.00
592.07
606.99
638.34
677.66
690.98
792.69
826.72
849.81
907.84
948.72
952.76
967.34
985.99
994.28
1028.95
1046.02
1067.98
1087.15
1093.73
1149.58
1169.62
1173.30
1176.74
1190.10
1199.48
1236.65
1243.52
1248.34
1279.38
1289.97
1302.97
1314.46
1332.91
1343.94
1373.79
1398.17
1416.04
1428.45
1437.79
1460.61
1479.40
1481.54
1492.80
1500.86
1517.28
1739.85
1801.64
2811.82
2866.98
2929.26
2958.65
2983.53
3006.88
3009.24
3012.82
3020.87
3052.29
3053.91
3066.51
3068.95
3397.96
3447.25
3523.76
3584.71
$end
