
$molecule
 O -0.43580590968863 -9.38899100800971 3.79236215346298
 O 0.87838996817231 -8.86361930997873 1.42868926544819
 O 2.18620116705041 -9.70889504281734 4.51415157486372
 O 5.12655878402942 -9.35757488048880 4.76129714725111
 O 4.21562549704942 -7.48462228085678 3.95750342426762
 N 1.88104813890305 -8.17498078533794 6.13370370223658
 C 0.51921478577011 -7.19685996618645 3.23806967075515
 C 0.25350897533519 -8.28838129784524 4.31769430456764
 C 1.41175246795213 -7.75359415945095 2.10946751227080
 C 1.23256480633049 -5.99247628652554 3.85268753777248
 C -0.83962364430493 -6.76218711338002 2.67582333689924
 C 1.54642546094208 -8.78447410403983 4.97101901562886
 C 3.07794557161485 -8.54338020486736 6.85140056890566
 C 4.32827659795703 -7.80423487338025 6.33953530861403
 C 4.54204079503500 -8.17330618215907 4.88912039534330
 H -0.40288549340283 -7.86452563654354 5.08789356459424
 H 2.36389033691548 -8.08930935289512 2.52338751510301
 H 1.62056924420241 -6.93767706790983 1.40214869596758
 H 0.70347764175418 -5.63763657418752 4.73566485774167
 H 1.26477020695084 -5.17945992284452 3.13080636208078
 H 2.25618300657816 -6.24498712227924 4.11555972722942
 H -0.70779399370090 -6.14594184577086 1.78832015597816
 H -1.38208372178232 -6.18182147333423 3.41891701276758
 H -1.44574379889259 -7.63124499242913 2.42745977257551
 H 1.40475305008773 -7.33053190826527 6.40438696921001
 H 0.18220025711983 -9.84277828146542 3.19495812263282
 H 2.93160998091208 -8.33117584133362 7.91207423140321
 H 3.22157293516604 -9.61759374499312 6.70797193732124
 H 0.02843058886920 -8.61074832113803 1.05047418772321
 H 5.19122776133157 -8.12083211245065 6.92304563191462
 H 4.19229028819163 -6.72532753575312 6.41968616747408
 H 5.12546724755158 -9.64562377108039 3.83495516999897
$end
$temperature
298.15
$end
$mult
 1
$end
$sigma
 1
$end
$pressure
1.00000
$end
$scale
1.00
$end
$msrrho
$end
$freq
42.47
52.62
74.53
81.72
94.24
102.87
134.13
155.13
180.20
211.26
234.05
237.30
265.76
271.94
292.61
305.80
320.13
357.15
369.76
407.24
415.48
440.41
450.32
464.54
489.63
553.78
581.27
599.18
669.42
704.87
727.00
803.05
843.10
894.93
913.48
930.21
950.16
969.62
990.77
1003.13
1022.91
1036.00
1067.56
1085.92
1111.96
1131.21
1135.09
1165.13
1179.83
1186.69
1201.85
1210.65
1232.26
1250.65
1261.99
1291.23
1296.69
1320.94
1326.16
1354.63
1367.17
1401.86
1410.58
1420.09
1432.40
1439.75
1481.36
1492.31
1496.10
1508.23
1510.78
1735.15
1785.73
2877.19
2913.26
2973.90
2977.59
3006.85
3011.54
3013.94
3017.78
3020.39
3027.32
3035.72
3037.74
3059.88
3413.18
3452.35
3469.76
3537.87
$end
