
$molecule
 O 4.41567177644969 -4.94482702837096 -2.37222846344262
 O 7.71315679463534 -3.05033951939706 -0.55802770511547
 O 3.23883224219548 -3.85228234608587 -0.29021255190155
 O 0.56904967115649 -4.02206097187034 -0.24255460163643
 O -0.82927427231772 -2.30823544935876 -0.31185491875297
 N 2.89208833630935 -1.89873231579713 -1.41007946885727
 C 5.86608684776971 -2.99359606104157 -2.09432995785081
 C 4.42410630990370 -3.54446337203240 -2.32743941153325
 C 6.42263065170436 -3.57455383642659 -0.78371992957034
 C 5.88666031267120 -1.46734942115030 -2.02244275805696
 C 6.73688011834601 -3.46460587566927 -3.26068152444370
 C 3.46181800350418 -3.09437524223859 -1.23088811607030
 C 2.09924229133718 -1.10021632086857 -0.48110183047827
 C 1.34429587064220 -1.88407944481330 0.59237807953378
 C 0.24859777868656 -2.75327398209782 -0.03029588169819
 H 4.07616552265260 -3.18461865344943 -3.30407369132546
 H 6.46101536483656 -4.66810507278775 -0.86876978321980
 H 5.75785983993083 -3.31266080121379 0.05293165484772
 H 5.45333505014591 -1.02875532232717 -2.91938184126493
 H 6.92083800251355 -1.14345024974031 -1.94518843570383
 H 5.35750794480456 -1.10097686811304 -1.14577387759501
 H 7.77895390415390 -3.25175873943126 -3.04130337416866
 H 6.45479033870886 -2.95272041505458 -4.17743935466105
 H 6.61216794771919 -4.53420501406306 -3.40645454591165
 H 3.16368134596140 -1.39707122750092 -2.24234803688288
 H 4.13302761046768 -5.25257713765668 -1.49549295199278
 H 2.76725813173301 -0.38210879204024 0.01252351562348
 H 1.37334658719999 -0.54023132038023 -1.07807049606594
 H 8.09053189998121 -3.48413000984428 0.21274270395358
 H 0.85371790105441 -1.15453152941951 1.23846070770266
 H 2.03064773216851 -2.48654441275821 1.18612837124524
 H 1.52606414297451 -4.18473324700374 -0.08035752470630
$end
$temperature
298.15
$end
$mult
 1
$end
$sigma
 1
$end
$pressure
1.00000
$end
$scale
1.00
$end
$msrrho
$end
$freq
21.39
33.17
55.34
66.34
91.07
117.81
156.98
174.80
186.75
201.36
226.32
227.46
258.28
269.46
273.38
295.92
330.39
339.66
362.11
411.70
429.19
441.22
470.89
475.05
566.63
577.80
588.57
666.07
696.69
743.51
765.97
789.81
832.28
890.94
905.82
942.08
952.77
969.40
989.53
994.39
1028.31
1034.28
1090.87
1094.33
1121.22
1139.14
1171.68
1175.73
1195.13
1197.72
1201.52
1219.39
1233.72
1245.60
1271.64
1290.20
1299.21
1307.82
1327.67
1348.31
1377.94
1395.88
1414.42
1438.31
1450.08
1469.82
1483.93
1484.48
1488.14
1500.64
1510.57
1697.77
1789.27
2869.56
2898.54
2902.87
2911.93
2960.65
3004.11
3016.70
3017.14
3030.42
3037.03
3052.21
3056.14
3059.97
3140.50
3400.65
3443.14
3577.33
$end
