
$molecule
 O 4.93392434071098 -0.56353993699309 2.40972439218370
 O 3.68329663259005 2.45235409523155 4.95008528012548
 O 2.60559044649872 0.34075798488277 -0.11412980963535
 O 0.59905166289894 -5.06497114800127 -0.01902413574009
 O -1.01926515511263 -3.57207392220373 -0.22188334378820
 N 3.00945521520463 -1.59967772755235 0.97527439936172
 C 3.25830378270380 1.10860796918624 2.91734952951150
 C 4.07330105029873 0.39317532391239 1.80931032601777
 C 4.27537390283570 1.71426173385896 3.91398515194409
 C 2.35542132081786 0.10276573457394 3.63706115036542
 C 2.42185802869091 2.23359945541450 2.31121637326497
 C 3.14268207601727 -0.26881387167602 0.78334922384629
 C 2.12723559159930 -2.42557688290840 0.19389238069897
 C 0.92605483613045 -2.91060489763514 1.02349671941676
 C 0.05734050416801 -3.85382152224795 0.20790843818879
 H 4.65497109836390 1.15728376356107 1.27777832172707
 H 4.91740383665585 2.42362311031041 3.38598735613563
 H 4.90364735712437 0.91014176869193 4.31874924826129
 H 1.63148932701367 -0.31841477604043 2.94409052856217
 H 1.79923030222997 0.59440103320989 4.43257799273100
 H 2.95070383704403 -0.70150610471460 4.06490294690422
 H 1.92852992947523 2.78561689594333 3.10718547238677
 H 1.67262892282587 1.84187425640825 1.62973204823363
 H 3.05526189130668 2.92348224961318 1.75950923222983
 H 3.47045769675041 -1.99276596354557 1.78427622445124
 H 5.65887836648148 -0.75113231781386 1.80566606675639
 H 1.77761941435176 -1.80937946509787 -0.63864342685466
 H 2.68971022832604 -3.27760268348820 -0.20748197008040
 H 3.15992334915459 1.85488069093306 5.49473962306233
 H 0.31863196898905 -2.05438400383016 1.31655606932359
 H 1.27879728239728 -3.42169562086205 1.92456062835109
 H 1.46275395545570 -5.17691822112026 0.39841056205832
$end
$temperature
298.15
$end
$mult
 1
$end
$sigma
 1
$end
$pressure
1.00000
$end
$scale
1.00
$end
$msrrho
$end
$freq
19.22
26.92
32.97
44.57
72.82
82.63
91.59
133.80
154.48
178.29
209.46
227.02
239.08
262.26
267.35
298.40
312.97
329.48
359.09
377.94
401.05
426.56
430.72
470.28
488.89
561.16
575.70
595.84
642.80
681.70
708.49
796.91
815.06
888.03
908.54
923.15
936.35
967.78
996.64
1022.00
1028.68
1037.72
1086.99
1092.46
1104.45
1124.16
1131.02
1149.76
1175.23
1188.71
1198.37
1212.21
1231.68
1248.29
1254.11
1259.50
1281.81
1312.89
1328.20
1335.02
1354.21
1397.88
1422.10
1425.06
1450.78
1462.59
1474.78
1486.54
1488.21
1501.61
1510.16
1759.92
1815.54
2902.36
2903.00
2910.21
2951.08
2977.77
2987.33
3020.87
3024.31
3028.93
3041.40
3045.07
3047.47
3059.64
3412.36
3498.88
3551.28
3569.89
$end
