
$molecule
 O 9.05855471065077 -2.14957884915413 4.07583754497493
 O 8.71018291023156 -1.42230882796473 1.44494954317919
 O 8.34634383395380 0.49964909268944 3.30360637469974
 O 4.26472225069141 -0.77236231095087 7.89187246359529
 O 4.38910603859808 1.13981346708447 9.02694261291501
 N 7.02834310597924 0.46401344373104 5.09075797486259
 C 6.88671498825171 -2.25107159059778 2.91678085729061
 C 7.73038140903565 -1.69572807737135 4.09936114827733
 C 7.32330292692181 -1.61898747817345 1.56947791981316
 C 5.40786933502557 -1.93750313077953 3.14965583707259
 C 7.09058948715869 -3.76727730351225 2.86186957711670
 C 7.72610456890162 -0.16208276118341 4.12371397688981
 C 6.32187515827607 -0.09410216043612 6.22381212014388
 C 5.49313064151202 0.99840861572392 6.89520433142765
 C 4.67281440311613 0.48991253330450 8.06032846334059
 H 7.31489342049697 -2.08067509210230 5.03526547935419
 H 6.79670985283638 -0.66689943611624 1.43059549792214
 H 7.02982225640343 -2.29023332146480 0.75691772812317
 H 5.04239629079556 -2.45000090101786 4.03715969225115
 H 4.82151422645825 -2.27466258568666 2.29778808595645
 H 5.24938073956973 -0.86738552517444 3.26923844296610
 H 6.43717762093315 -4.20374822993046 2.11030469962993
 H 6.86529293136963 -4.21818247719666 3.82586000037740
 H 8.12013571933477 -4.00193815154713 2.60603819071883
 H 7.15301456132431 1.46901234068473 5.09720575926283
 H 9.38712871601086 -2.03279188581333 3.16728987318985
 H 5.65495734518099 -0.89111199032146 5.88872664001665
 H 7.03163066561052 -0.51383396802610 6.94821440116315
 H 8.90858350444129 -0.58220433730247 1.90351340976696
 H 4.78916418278919 1.42006933818300 6.17191039400713
 H 6.12660635929777 1.80774319767918 7.26212561092867
 H 3.72592483883941 -1.05579463725717 8.64792734876932
$end
$temperature
298.15
$end
$mult
 1
$end
$sigma
 1
$end
$pressure
1.00000
$end
$scale
1.00
$end
$msrrho
$end
$freq
4.68
13.69
50.36
53.59
71.80
100.99
149.45
168.45
185.82
194.17
205.88
236.86
257.24
270.07
273.67
301.38
332.42
364.52
399.56
408.22
441.55
498.07
515.61
559.85
567.90
583.77
595.27
653.93
680.63
681.90
728.75
808.57
812.78
881.37
902.80
930.61
948.10
967.49
983.16
1024.17
1029.41
1077.46
1089.57
1097.57
1111.40
1143.40
1157.14
1160.14
1169.20
1214.96
1225.22
1243.29
1250.84
1261.64
1264.67
1285.57
1315.03
1340.47
1345.10
1363.31
1365.59
1404.12
1412.11
1420.78
1439.68
1475.18
1476.46
1490.38
1493.93
1505.41
1508.47
1700.14
1801.47
2908.31
2910.97
2955.19
2961.33
2961.77
2984.14
3001.27
3022.60
3023.83
3032.31
3034.75
3039.16
3055.16
3280.12
3368.91
3395.75
3443.43
$end
