
$molecule
 O -1.47046606754883 -2.71967553281996 5.20925786676856
 O -3.01328182206642 0.90435486835018 4.09516914940807
 O 1.87517695879784 -1.59315605332882 4.80328337675941
 O 0.63943651581493 -3.58771388290969 -0.35460164225351
 O -0.39185023916421 -4.36021052531023 1.46216708033807
 N 0.71828426210507 -3.29735999683923 3.87132331504343
 C -1.07873201791722 -0.51443987056606 4.30322437803899
 C -0.51471176982493 -1.67698294986887 5.15988454412877
 C -2.49311576129095 -0.19208335700009 4.81682882768922
 C -1.16847269210146 -0.91991271511135 2.83123803871931
 C -0.19084991474061 0.71888618616901 4.46002188578488
 C 0.82301864315570 -2.16153507240709 4.58843040812720
 C 1.82691059836725 -3.85741962667944 3.14159801876615
 C 1.82662918518190 -3.42352084206349 1.67199228731830
 C 0.57122534194889 -3.85039766890417 0.95341189584170
 H -0.31971012741068 -1.28910603513911 6.17115620085340
 H -2.44175191095518 0.04567818805015 5.88940211827188
 H -3.12843677542961 -1.07659710096684 4.68783441406333
 H -0.17588866960116 -0.99576696245054 2.39413136629636
 H -1.72993260306933 -0.16165512712442 2.29233279067634
 H -1.68086751895344 -1.87375001296697 2.73019735260405
 H -0.57790530393852 1.51838758218557 3.83534270008578
 H 0.83185791678593 0.49527608774063 4.17072686972700
 H -0.18694046898312 1.05707862031087 5.49371672789157
 H -0.20569366246470 -3.62257362950343 3.61777926254845
 H -1.15485758889440 -3.39874250424384 5.81504036649309
 H 2.74147388588696 -3.50486853465807 3.62436492577626
 H 1.77193493890646 -4.94744052977833 3.20490547401184
 H -3.90689421735354 1.07614230176269 4.40589184655885
 H 2.68689465050967 -3.83892893157135 1.14570214744303
 H 1.89649685967649 -2.33533818632765 1.60419340772899
 H -0.18178662542805 -3.84924118603627 -0.80082140150898
$end
$temperature
298.15
$end
$mult
 1
$end
$sigma
 1
$end
$pressure
1.00000
$end
$scale
1.00
$end
$msrrho
$end
$freq
15.47
32.41
41.02
53.22
73.97
97.94
116.45
153.36
181.05
206.30
222.68
240.54
249.38
259.46
272.18
285.67
314.17
317.27
327.19
365.35
393.68
424.91
474.77
488.95
519.61
587.89
611.94
623.17
658.65
672.09
704.00
799.55
819.73
870.82
912.68
944.99
950.14
971.85
994.47
1012.52
1031.91
1040.56
1086.50
1106.29
1110.74
1131.16
1140.04
1154.21
1177.38
1179.82
1204.72
1210.11
1216.27
1237.77
1258.13
1278.68
1295.06
1319.03
1325.39
1328.04
1370.46
1395.57
1415.37
1418.90
1424.64
1434.51
1483.71
1485.80
1491.43
1498.86
1505.49
1744.40
1788.92
2865.57
2871.23
2920.36
2959.93
2978.19
2984.36
2998.67
3032.62
3035.06
3037.66
3051.82
3056.56
3058.98
3402.60
3443.80
3551.89
3577.05
$end
