
$molecule
 O 0.52139591652512 -6.98255584187385 4.97111164493699
 O 0.50662906912812 -7.68768010130665 0.69347976677571
 O -1.20382045141120 -4.28023589347541 3.50624648539443
 O 2.39103341708140 -1.86628152075990 4.29515554818107
 O 3.94994099287114 -2.41208763176413 5.79259577897548
 N 0.93959048469615 -4.40333061945220 4.04930556036514
 C -0.60912009692519 -7.24408734421492 2.77929089565469
 C -0.47914566156987 -6.46388483357190 4.12342858448468
 C 0.57809611834272 -6.90439184196847 1.86486834932685
 C -1.91587326401764 -6.86030315599834 2.08543066388179
 C -0.60896411721828 -8.75219557061367 3.05368333432455
 C -0.26966606661699 -4.96983449625603 3.87664747168878
 C 2.19368569581395 -4.92319131069148 4.54019260839206
 C 3.34892822314794 -4.01610461503071 4.09213578158106
 C 3.29633213853336 -2.69997483375625 4.82979880528947
 H -1.45928434333496 -6.53029507561713 4.62251929989107
 H 1.51825411020017 -7.11097216806837 2.39829062799255
 H 0.54463775040112 -5.83535614483177 1.61533015939190
 H -2.76725241383883 -7.24828443741114 2.63941844650647
 H -1.92554585470846 -7.28226997512339 1.08441237142898
 H -2.01240619270562 -5.78044335988087 2.01944269200621
 H -0.79248771679627 -9.27412012349623 2.11924465787732
 H -1.39386771407985 -9.01557251539678 3.76071472077660
 H 0.35380114283366 -9.08626397757318 3.43639779682098
 H 0.91940746919867 -3.39780681103465 3.91448035102352
 H 0.26399491203122 -7.87759150912158 5.21802780402541
 H 2.18287847456320 -4.99109259275188 5.63478512435750
 H 2.35170805337655 -5.92694805780392 4.14726481532183
 H 1.19829614473377 -7.40431041167516 0.08859584170756
 H 3.27439439549954 -3.83341043574079 3.02008108081061
 H 4.29620414014869 -4.50087013372077 4.32457543576222
 H 2.34574724410034 -1.03639266002049 4.79649749504867
$end
$temperature
298.15
$end
$mult
 1
$end
$sigma
 1
$end
$pressure
1.00000
$end
$scale
1.00
$end
$msrrho
$end
$freq
11.08
36.97
45.22
55.65
83.40
112.34
122.74
149.09
173.09
204.51
218.88
226.02
243.13
255.66
277.19
285.61
298.33
319.70
363.86
376.24
411.75
417.51
459.73
475.44
550.14
568.32
613.03
618.57
644.76
674.28
724.18
783.54
823.25
848.87
912.96
946.07
949.69
972.73
993.28
1009.90
1030.82
1038.83
1083.17
1088.99
1120.83
1147.13
1162.08
1173.49
1182.12
1192.85
1204.12
1221.18
1236.05
1242.65
1283.69
1291.94
1298.51
1305.57
1338.91
1356.04
1373.02
1397.73
1418.48
1423.10
1436.33
1471.23
1484.65
1485.77
1490.50
1500.64
1512.24
1710.51
1804.61
2857.19
2860.44
2901.44
2918.26
3004.66
3008.05
3016.51
3019.49
3024.69
3036.67
3052.43
3060.47
3063.38
3372.47
3442.26
3542.94
3576.41
$end
