
$molecule
 O 2.58230808947586 3.33662810010463 -3.76025345820187
 O 4.74052454485265 2.86717971427606 -2.11112845966924
 O 3.69106747276586 0.94378060311210 -4.95761186543054
 O 0.84977522479093 -0.30797247810974 -8.03793463622378
 O -1.01189762886769 0.90928307846949 -8.21246012453575
 N 1.54529718177265 0.45531229238305 -5.28392886530748
 C 2.65940631958851 1.50793446351003 -2.11266574623417
 C 2.13236194462671 2.03736269778787 -3.47630121179221
 C 4.20152137853853 1.56659624292634 -2.06031556584173
 C 2.22758352438974 0.05277888665776 -1.92487207955692
 C 2.06033249548957 2.37806291293753 -1.00173823758734
 C 2.53184935835277 1.10356046568072 -4.62584977408462
 C 0.11191321064743 0.58963122132104 -5.15494076817523
 C -0.59498432366069 -0.31335975142363 -6.17307053709027
 C -0.31318850315543 0.17160136666602 -7.57779444181863
 H 1.04293793050758 2.11685922940293 -3.41778244355960
 H 4.61834358769102 1.04807230996161 -2.92614724667311
 H 4.53856040928010 1.05210869401974 -1.14846251081920
 H 1.14660969212773 -0.03961070065031 -2.00655609843599
 H 2.52585165859904 -0.30157570905524 -0.94062564593115
 H 2.69056426736188 -0.58578350984028 -2.67328717369216
 H 2.53881361347491 2.16655876928395 -0.04685158224526
 H 0.99595890040625 2.17757982054127 -0.90173934759086
 H 2.17830116740726 3.43332684521468 -1.24088076053515
 H 1.86841784117386 -0.08497789585845 -6.07819292529094
 H 3.55232872646420 3.32578692194262 -3.71048087840667
 H -0.20343714675290 0.28926545371435 -4.14918595992991
 H -0.19717901742902 1.62924495369308 -5.32191525156795
 H 4.41034856608672 3.36995311693960 -1.35794233971586
 H -1.67011373215050 -0.27223747644809 -6.00219486899339
 H -0.23834583239911 -1.33774383788028 -6.06484781742534
 H 1.04416607854216 0.03884019871826 -8.92339937763701
$end
$temperature
298.15
$end
$mult
 1
$end
$sigma
 1
$end
$pressure
1.00000
$end
$scale
1.00
$end
$msrrho
$end
$freq
13.04
31.97
42.03
55.80
75.53
121.94
141.20
159.32
175.27
201.67
218.04
225.16
244.88
248.71
278.40
297.97
319.63
354.97
372.95
395.92
411.62
448.29
464.14
519.76
550.37
568.10
587.79
621.20
643.05
693.53
728.10
804.65
840.93
868.87
907.07
931.14
956.78
964.83
990.90
1018.63
1021.00
1043.56
1082.12
1085.68
1101.46
1135.64
1151.35
1168.39
1178.74
1202.06
1210.00
1226.81
1241.37
1253.97
1279.34
1302.88
1311.79
1324.16
1336.94
1354.47
1365.75
1401.59
1402.02
1419.22
1438.32
1470.81
1479.24
1492.68
1497.10
1504.23
1511.37
1723.23
1808.49
2875.02
2903.51
2929.20
2957.20
3000.55
3006.23
3017.07
3022.22
3023.98
3026.41
3032.75
3037.94
3042.92
3386.10
3418.00
3443.16
3539.83
$end
