
$molecule
 O 0.77516311335525 -7.18407116086698 3.64883426749694
 O -2.11025165862023 -6.19286560561862 6.44487776126226
 O 2.83222222990093 -4.47427428169518 4.57029615671223
 O 2.03464310057472 -1.98448454039756 4.17437662746160
 O 1.45312036107647 -1.14443646904512 2.21168488260512
 N 1.73106633601976 -4.94462272394766 2.62791725449829
 C -0.16228282727039 -5.55916050329894 5.17686742827332
 C 1.13127983757142 -6.17814783287390 4.58226831167330
 C -0.92216081889739 -6.70002149939725 5.88105329167284
 C -1.05182438256552 -4.97853940383982 4.07761258608182
 C 0.18136227826135 -4.47883785283674 6.20125572637418
 C 2.00114239172791 -5.10203748254088 3.92682973607257
 C 2.37100051877043 -4.10152881823654 1.63250721620578
 C 3.10078564844791 -2.87888715886392 2.19134413386216
 C 2.11586020825178 -1.91300933677212 2.85271705258431
 H 1.71305723756891 -6.60424403038779 5.41096927173758
 H -0.28134389107221 -7.13023587108413 6.66548235350087
 H -1.14667076035240 -7.48341267781504 5.14562825235631
 H -0.60354510068694 -4.09131043546260 3.63799223140488
 H -2.00500884323395 -4.70111281515596 4.51820814428374
 H -1.23039396413409 -5.72100989255761 3.30343760382022
 H -0.71920840042433 -4.23023321643718 6.75530790225944
 H 0.54864697152549 -3.57904754819399 5.71677178091364
 H 0.93781607412936 -4.83059140240816 6.89889004195958
 H 1.02245529999079 -5.57501181996359 2.27200999775047
 H 1.53151366439699 -7.76175651649152 3.50431709540630
 H 3.08673768880249 -4.71037948113611 1.06446416555954
 H 1.59025920559580 -3.75883183258396 0.94635378917247
 H -2.59094494684356 -6.91795416145807 6.85444632701926
 H 3.55551056947028 -2.35745318531505 1.34780255805010
 H 3.87809694537524 -3.18298562739859 2.89136738276693
 H 2.52394691328662 -2.76769181591938 4.52463566920298
$end
$temperature
298.15
$end
$mult
 1
$end
$sigma
 1
$end
$pressure
1.00000
$end
$scale
1.00
$end
$msrrho
$end
$freq
24.98
32.30
55.77
74.05
108.62
122.52
165.08
172.42
182.17
210.68
215.88
236.36
250.11
260.32
264.37
280.45
289.12
316.50
331.13
382.69
416.27
437.42
466.42
487.86
568.59
597.55
621.15
660.78
695.93
729.46
758.12
796.96
834.24
874.67
906.39
932.86
950.43
972.87
995.21
1005.38
1027.56
1042.75
1090.92
1096.10
1117.75
1142.29
1161.88
1177.71
1197.06
1198.51
1213.71
1217.16
1238.08
1257.09
1271.94
1276.96
1295.45
1307.35
1324.00
1330.28
1373.15
1398.29
1419.90
1439.86
1449.80
1472.75
1482.37
1482.84
1491.19
1500.74
1503.31
1720.73
1786.60
2860.03
2894.71
2897.76
2908.51
2955.57
3003.10
3016.58
3036.42
3036.56
3040.50
3056.44
3059.15
3062.85
3078.27
3383.63
3560.13
3577.09
$end
