
$molecule
 O -2.72658788538554 -2.88784615537219 5.77552066753742
 O -4.37105924494288 -5.02647224721956 6.07276638085360
 O -3.01553529458911 -4.61638666145330 8.35765698748372
 O 1.85445915301933 -4.05783818120645 11.11157030335866
 O 1.19023321500442 -2.61704562069101 9.57390570595895
 N -1.41464013120448 -3.06160029462253 8.59162716354317
 C -1.91254449656354 -5.21513948386040 5.63455942527109
 C -1.86108633963372 -3.83607995135310 6.34889283189792
 C -3.37010801117733 -5.62459186308100 5.28759116201515
 C -1.25193969724439 -6.27915665878278 6.51662879452357
 C -1.12621116530839 -5.08884594844232 4.32526079847845
 C -2.15072628784011 -3.90768684831534 7.85869930507635
 C -1.55221842839106 -2.95752329929090 10.02391533365037
 C -0.52105855607734 -3.82589316270495 10.75614128808960
 C 0.90181469032007 -3.42312115277652 10.41036559975849
 H -0.85130578849669 -3.42630276987314 6.22066745893674
 H -3.44841788226831 -6.71975271000868 5.34577070505882
 H -3.59867814679385 -5.32699833967167 4.25990974825426
 H -0.27251350454574 -5.93995844198605 6.85098986634774
 H -1.12063542901222 -7.19782856620191 5.94904383066550
 H -1.85994094598395 -6.49931461612524 7.39035529286497
 H -1.24558902039860 -5.98792362351104 3.72493937915299
 H -0.06672617404503 -4.94799044351229 4.52851067920354
 H -1.48593968757196 -4.23534741460298 3.75540811947680
 H -0.65776991899788 -2.54018888641790 8.17577042989666
 H -3.61656060797831 -3.28740840893376 5.77480610387094
 H -1.42668008070719 -1.91188190321086 10.31210620839534
 H -2.55901791185490 -3.29503407774271 10.28205032598309
 H -4.11514007224145 -5.10823405261857 7.01352535354153
 H -0.66092119287541 -4.87172420044840 10.46618111155950
 H -0.67263361758391 -3.74484323965673 11.83525340661932
 H 1.49985146136572 -4.68604977630589 11.75438923267384
$end
$temperature
298.15
$end
$mult
 1
$end
$sigma
 1
$end
$pressure
1.00000
$end
$scale
1.00
$end
$msrrho
$end
$freq
6.11
25.81
40.05
52.22
69.83
97.50
163.76
176.44
208.89
237.63
240.61
255.19
262.11
278.90
286.19
333.71
339.41
357.03
389.21
430.57
466.46
473.86
499.66
544.89
552.29
575.33
601.84
632.71
671.80
691.73
743.58
801.71
832.81
887.25
905.64
947.78
967.60
968.85
979.08
1013.98
1028.99
1039.80
1083.31
1091.42
1098.94
1113.68
1148.64
1163.41
1171.11
1185.43
1203.93
1209.41
1233.69
1248.20
1264.57
1311.47
1314.96
1325.36
1334.04
1350.42
1374.83
1404.64
1418.47
1420.45
1429.75
1437.29
1486.15
1495.16
1499.15
1506.50
1511.33
1704.14
1798.22
2877.42
2915.75
2957.73
2963.87
2971.38
2980.30
2983.88
3016.03
3028.19
3029.63
3035.95
3040.98
3046.25
3258.30
3324.89
3444.56
3493.53
$end
