
$molecule
 O 3.64949331959260 -9.60537588611430 -2.63184165441631
 O 5.72744257318408 -7.89150515404542 -3.50734905487286
 O 2.47203427999876 -9.24915815750968 -0.13698441687559
 O -1.69338069631771 -9.72923671733056 -1.36096879712508
 O -1.98839926233055 -10.85771309836796 -3.25581610328416
 N 0.76126444116374 -8.30338226145422 -1.20632443518949
 C 3.95706847456238 -7.22700668732631 -1.99101510373727
 C 2.99283416616957 -8.40756807187503 -2.31682893855511
 C 4.77848393591782 -6.88539283180616 -3.25018445052314
 C 4.91594125070888 -7.59164200300877 -0.85665811623742
 C 3.12508388351770 -6.00162344983564 -1.60462821415136
 C 2.05714167825273 -8.68663602343455 -1.13358692123112
 C 0.00173866349961 -7.87622999364440 -2.35544481236160
 C -0.41408233910027 -9.04605233942307 -3.25727142158364
 C -1.44069974851114 -9.97649050996085 -2.65344217585012
 H 2.42695448021816 -8.15141436513251 -3.21610997424693
 H 5.28985799019530 -5.92357588394294 -3.08280863269761
 H 4.09612035572177 -6.76201368740808 -4.10304851322760
 H 4.37094942975083 -7.97702573942310 0.00040503215164
 H 5.47450899298154 -6.70993765099266 -0.55149777251181
 H 5.62504590182579 -8.33926834250159 -1.20160288645904
 H 3.77924225635029 -5.15987918856118 -1.38948739642856
 H 2.53415430153694 -6.20879489214774 -0.71634113873048
 H 2.45479130398217 -5.71122170358209 -2.41177872419390
 H 0.20398890769976 -8.63328380104187 -0.42777486139340
 H 4.09576611419977 -9.90872713684967 -1.83031722939173
 H -0.88812931426853 -7.35998979926434 -1.98880378532440
 H 0.58832086572039 -7.16478815727150 -2.93912360058040
 H 6.04658954035199 -7.80446212210895 -4.40946164163799
 H 0.46048035649896 -9.65546262149937 -3.50240044125470
 H -0.82446683661646 -8.67529976249928 -4.19845081928161
 H -2.34212226645498 -10.36570196063776 -1.02084399880053
$end
$temperature
298.15
$end
$mult
 1
$end
$sigma
 1
$end
$pressure
1.00000
$end
$scale
1.00
$end
$msrrho
$end
$freq
13.92
25.00
29.72
46.13
64.03
105.74
109.21
148.47
156.48
182.92
209.71
217.20
238.16
245.71
275.04
293.75
319.57
339.37
374.01
376.63
410.76
429.90
485.64
506.69
544.81
556.93
579.81
613.21
629.96
675.27
697.99
798.69
829.22
861.56
896.44
934.26
947.39
967.11
986.90
1005.83
1024.47
1026.44
1096.31
1105.32
1110.16
1138.73
1149.96
1152.73
1192.95
1198.88
1213.88
1218.04
1233.09
1246.77
1275.17
1288.78
1309.33
1312.36
1338.53
1358.01
1375.69
1401.73
1409.48
1419.38
1420.46
1465.92
1482.17
1487.55
1496.80
1501.85
1509.47
1716.14
1794.19
2836.72
2883.47
2961.52
2966.18
2978.90
2987.81
2992.95
3017.19
3032.07
3036.17
3046.31
3054.79
3056.62
3403.19
3447.65
3508.67
3584.90
$end
