
$molecule
 O 1.23096646777316 -0.13747749138715 -1.81369519378115
 O -2.74164461404427 -1.49485024596219 -2.06550927065024
 O 1.75517892361082 -3.51768584473340 -2.59868859630764
 O 1.28695367627621 -6.03628217655842 -1.14104890122517
 O -0.58132008684894 -4.81728465265467 -1.22280028399999
 N 1.66198031585736 -2.37430690313715 -0.66056229800489
 C -0.50249426744624 -1.33091693319065 -3.09793194310393
 C 0.99084242297017 -1.23184884956196 -2.67879508053664
 C -1.35881279400471 -1.60657286223061 -1.84338142683555
 C -0.69734079001509 -2.45744227864995 -4.10970271706760
 C -0.92150110663359 0.00226433532400 -3.74096087180791
 C 1.49314320019883 -2.50080648498102 -1.98773312319335
 C 2.13540733018918 -3.46369720582068 0.15512529964606
 C 1.00164748927543 -4.42593845100174 0.55186787791554
 C 0.46256451210928 -5.09126102048261 -0.69545765533040
 H 1.59017896944919 -1.12892470507655 -3.59684249626470
 H -1.04679134097930 -0.92330182058988 -1.03776018107885
 H -1.20279588773761 -2.63701327257134 -1.51817086384647
 H -0.21018903980534 -2.21904782112318 -5.05273077920599
 H -1.76064916499569 -2.60282481785118 -4.28292764939018
 H -0.28304569240070 -3.38537212288475 -3.72893930070755
 H -1.87914135205686 -0.11514898046986 -4.24331019082327
 H -0.19356134086059 0.30703883270859 -4.49160250504661
 H -1.01692220354418 0.79703451220960 -3.00003784938703
 H 1.39227793905036 -1.50359731201575 -0.23224196385963
 H 1.01990758859401 0.67257280835794 -2.29014542528025
 H 2.87674204164074 -4.02047812806476 -0.42562914215177
 H 2.60376736385116 -3.05339561884399 1.05103553350795
 H -2.94313405902872 -0.59075008697915 -2.33036297839343
 H 0.19522208823501 -3.88199809004545 1.04354823760383
 H 1.40200832159631 -5.19061401508970 1.21634489260430
 H 0.99657108972430 -6.35631929664247 -2.00896815399962
$end
$temperature
298.15
$end
$mult
 1
$end
$sigma
 1
$end
$pressure
1.00000
$end
$scale
1.00
$end
$msrrho
$end
$freq
24.42
47.78
69.28
82.15
98.00
102.31
118.99
132.86
172.82
194.22
222.14
236.19
250.59
275.73
292.20
307.28
325.27
358.99
373.78
406.39
414.21
431.17
438.78
469.08
508.82
552.13
586.92
599.97
627.49
699.91
718.03
786.30
832.04
886.46
917.67
935.23
945.45
968.63
995.11
1007.48
1023.57
1034.54
1081.60
1086.11
1105.73
1133.63
1137.03
1164.57
1175.70
1194.83
1205.35
1218.71
1230.29
1253.36
1255.45
1294.91
1297.76
1320.25
1327.93
1330.84
1355.71
1401.07
1421.32
1425.97
1431.79
1438.30
1469.47
1484.44
1492.69
1509.20
1518.67
1743.11
1795.87
2856.45
2863.27
2965.51
2980.59
2992.90
3006.76
3008.47
3014.34
3015.96
3029.83
3035.88
3044.39
3075.40
3461.31
3466.51
3545.42
3549.27
$end
