
$molecule
 O -4.21077538477052 0.28106633851497 -2.99504312459998
 O -0.31016832475163 -0.82438294835166 -3.68481109570654
 O -1.69992873341784 2.65390204434528 -3.74607309324578
 O -5.93748127150331 1.90286070871226 -4.37506721875251
 O -7.09613447382644 3.76445186587878 -4.56637249091139
 N -3.60451502082896 3.01400548830874 -2.67114982046846
 C -1.92317590211252 0.06251301930575 -2.04446833808892
 C -2.84941150926054 0.66512603992251 -3.14290086232593
 C -0.48284137971972 0.05854032836792 -2.60538641498361
 C -2.36229212136203 -1.37366457350508 -1.72882299658593
 C -1.96132594548637 0.89152164836252 -0.76021198526469
 C -2.68324746724184 2.18627957089691 -3.20535354616220
 C -4.77982421626911 2.79436022714227 -1.85910216161382
 C -6.01529699634956 3.45588199153632 -2.47437178300815
 C -6.38737241557007 3.05831606356358 -3.90439311473441
 H -2.47099545278818 0.30137396235994 -4.10862912201900
 H 0.21743863694630 -0.17601251503067 -1.79305194116981
 H -0.24783073841001 1.05039297274253 -2.99664300480971
 H -3.32403771627709 -1.37634324612737 -1.22027535384236
 H -1.63484609050422 -1.84131588006337 -1.06801204467781
 H -2.44290420470615 -1.97277324566116 -2.63525130450708
 H -1.35612641419509 0.41526666875247 0.00807531857970
 H -2.98003538414322 0.97433735075899 -0.38930646348642
 H -1.56616068129423 1.88888092823314 -0.93482314470529
 H -3.37224128439315 3.98900164835360 -2.82235581941814
 H -4.29774990610725 -0.63748402606824 -3.27128944840956
 H -4.93387859251886 1.72669168318981 -1.71778550067433
 H -4.61289592309089 3.24262724198514 -0.87059984446861
 H -0.32120461303353 -1.72993454049439 -3.35620097633864
 H -5.90045913092638 4.54175667676625 -2.48054306818958
 H -6.88650224547107 3.23133202012196 -1.85356925422864
 H -5.32652109661668 1.41246048717853 -3.78388498117785
$end
$temperature
298.15
$end
$mult
 1
$end
$sigma
 1
$end
$pressure
1.00000
$end
$scale
1.00
$end
$msrrho
$end
$freq
29.36
44.77
53.46
80.30
100.14
110.83
118.95
175.77
190.38
215.94
242.15
260.56
273.25
282.73
311.26
342.42
346.53
362.42
379.01
387.12
416.65
440.79
503.21
533.61
546.39
568.82
592.03
617.47
647.84
667.22
715.16
792.04
822.34
833.16
893.39
918.48
931.61
962.21
986.57
1005.73
1018.40
1061.70
1084.48
1089.31
1104.33
1130.49
1159.24
1175.40
1183.70
1194.68
1204.53
1222.58
1253.69
1257.42
1281.70
1307.23
1320.18
1324.13
1339.25
1346.07
1352.78
1399.08
1418.37
1430.53
1442.56
1467.42
1476.64
1495.26
1498.34
1511.39
1513.02
1720.49
1780.01
2895.61
2900.13
2904.04
2973.76
2997.53
2998.76
3010.24
3023.98
3030.94
3034.34
3040.36
3040.84
3048.31
3186.10
3392.53
3545.97
3547.28
$end
