
$molecule
 O 5.52688970051785 0.05452352573935 2.33164205478480
 O 1.39542795401240 2.45779503744643 3.36638592367664
 O 2.63463437868317 0.01491554716873 0.24583664971188
 O 5.89014301304063 -2.06961548782776 3.99990746539639
 O 5.86400660597826 -4.27551599488123 4.13379818841360
 N 4.07264951221545 -1.62313599867001 0.59272494351295
 C 3.35240052744741 1.01837948458081 2.97065425220293
 C 4.31129506412881 0.57506267293740 1.82527535546171
 C 2.30343756968290 1.99999723913783 2.39543931502492
 C 4.14529470492505 1.76280354776909 4.05300683222296
 C 2.66032298085652 -0.19515592890913 3.59780503554169
 C 3.61857691728031 -0.37954955913764 0.84783439612675
 C 5.12067057871081 -2.44827400952960 1.15329813029875
 C 4.61639916720893 -3.29075586806371 2.34372175880399
 C 5.52893510031288 -3.27563051581236 3.56608643710771
 H 4.53341000461217 1.46747201131219 1.21818958072509
 H 1.78284154279308 1.53471806967459 1.55356378277107
 H 2.81602207765934 2.89486302598181 2.03206147569706
 H 4.73973675897180 1.08347670974200 4.66125781588821
 H 3.43727678640854 2.26917349882892 4.70482297191574
 H 4.78897451978538 2.52415492936379 3.61333016533211
 H 2.04924928144780 0.12061685709157 4.44081539494931
 H 3.39491078312065 -0.90241192418037 3.97671539142559
 H 2.02284587366277 -0.69421622965339 2.86993650756831
 H 3.46860281978415 -2.09437314963082 -0.07049377270972
 H 5.95977871666814 0.75500424761872 2.83556819216250
 H 5.46733942061293 -3.11366799392175 0.35992917791255
 H 5.96078830132182 -1.81573008329113 1.43615410330304
 H 0.77183998226674 1.75153599123113 3.56356741966595
 H 4.46959193787637 -4.33140551917947 2.05640939746222
 H 3.64999417335872 -2.89912753879788 2.67319073063533
 H 5.61566624473092 -1.33968059393585 3.39790792708026
$end
$temperature
298.15
$end
$mult
 1
$end
$sigma
 1
$end
$pressure
1.00000
$end
$scale
1.00
$end
$msrrho
$end
$freq
28.04
52.19
59.33
78.67
96.33
102.26
163.09
178.78
207.08
214.17
252.77
274.12
278.64
306.86
312.89
331.76
351.28
364.17
383.43
408.40
415.64
422.05
452.64
499.95
551.82
582.71
611.11
643.42
656.51
673.49
744.92
799.47
808.52
849.84
916.65
923.04
933.48
967.50
1003.94
1011.86
1020.19
1046.10
1076.34
1093.45
1120.37
1133.46
1146.53
1177.53
1183.66
1192.99
1216.99
1227.02
1235.03
1263.07
1284.12
1291.48
1315.31
1324.07
1332.10
1356.16
1358.66
1400.47
1417.27
1425.50
1451.85
1473.46
1474.08
1491.96
1499.05
1509.34
1513.48
1701.73
1796.63
2864.15
2959.08
2967.76
2972.90
2979.49
3009.83
3020.77
3021.10
3024.98
3027.23
3028.27
3039.63
3048.29
3117.48
3394.47
3508.92
3562.27
$end
