
$molecule
 O 4.17362111135255 0.40396383837069 -1.52664496774538
 O 1.70915702438677 2.85981828959650 -3.76305911112830
 O 3.26138587433705 0.26910167323088 0.98896611788676
 O 1.30351275108930 1.38161521757889 2.46441054774878
 O -0.89442911688491 1.44293065085776 2.43608546547571
 N 1.55107600592176 -1.04148192932084 0.36074561566539
 C 1.95051623739979 1.41820997159420 -1.76484007761908
 C 2.80337308224742 0.17521472033031 -1.35429312177586
 C 2.29411612656943 1.69564017711174 -3.24788680927281
 C 2.32545207859236 2.63978104171818 -0.92574308743004
 C 0.45569480010514 1.12359402145249 -1.61973859449701
 C 2.55703868007584 -0.19262182235162 0.09919528057987
 C 1.24657336046292 -1.46464036618513 1.71321554812219
 C 0.04511742897444 -0.73090709729586 2.30870728213753
 C 0.11691334427488 0.79720082359800 2.39231002469578
 H 2.53633636547149 -0.66412995044067 -2.00905257026488
 H 2.01332288551749 0.81935444146185 -3.85174691723219
 H 3.37222298649951 1.84029647206758 -3.33739918044893
 H 2.00802760367097 2.52680260789799 0.10793296436638
 H 1.84540854722190 3.52184657578426 -1.34225252218015
 H 3.39989230010864 2.80240954830285 -0.95090908341090
 H -0.12443038261977 1.96727319215173 -1.98859751898545
 H 0.17928343839473 0.98743252468767 -0.57688206913660
 H 0.17050709973920 0.23718034193173 -2.18627940455638
 H 0.96799710798572 -1.37912837787937 -0.38732916350445
 H 4.50194644668334 0.77458541433183 -0.69178552570594
 H 1.03767893391754 -2.53764146596446 1.70264938566625
 H 2.14581050457024 -1.29823010863117 2.31379416001712
 H 0.75108110140251 2.75838976052546 -3.76126379190278
 H -0.10685887012513 -1.08098595561420 3.33314631870496
 H -0.86291831448853 -0.96857650462934 1.75066978634354
 H 2.08575945714365 0.83975027372884 2.21330901939148
$end
$temperature
298.15
$end
$mult
 1
$end
$sigma
 1
$end
$pressure
1.00000
$end
$scale
1.00
$end
$msrrho
$end
$freq
28.72
34.89
51.27
69.79
89.62
95.87
147.64
158.30
199.03
210.16
217.97
241.99
252.88
289.66
301.63
315.06
339.67
350.56
353.41
394.36
417.89
437.07
472.70
515.34
541.99
545.91
584.09
598.27
661.44
693.74
727.03
799.41
824.42
887.90
891.46
921.93
936.38
966.48
992.90
1001.73
1023.18
1051.81
1091.53
1094.91
1117.95
1129.24
1140.73
1157.67
1179.38
1193.02
1202.22
1204.39
1216.31
1249.73
1258.55
1281.80
1318.73
1326.55
1331.75
1348.73
1352.12
1407.06
1424.49
1434.91
1442.85
1457.62
1474.05
1483.54
1492.01
1503.32
1516.92
1692.14
1772.61
2863.85
2906.87
2959.77
2966.42
2975.05
2999.06
3000.95
3003.02
3022.99
3041.02
3042.57
3047.30
3051.80
3116.68
3423.23
3470.83
3542.29
$end
