
$molecule
 O 4.98450037210206 -5.40360405259709 -4.22703800371967
 O 5.62919143567715 -1.21570934707457 -4.49881633431886
 O 2.51645456508089 -4.13766881675312 -4.92896165440494
 O 4.77160134820747 -6.00671201152989 -6.94988483345690
 O 6.88167349423382 -5.35642491186306 -6.60369748335932
 N 3.75005839198292 -3.27511348510999 -6.55952575599578
 C 4.84079278344663 -3.15829055193058 -3.19027398265923
 C 4.88504562223596 -4.01639101814328 -4.48154896735630
 C 4.64237251441105 -1.68876039515767 -3.61075444492415
 C 6.17572394251968 -3.30830466948891 -2.44427574611205
 C 3.69796203353486 -3.58471469309782 -2.27229959000640
 C 3.61850217126381 -3.82832387065623 -5.32813769784786
 C 4.91830250699833 -2.92136549089312 -7.32421110689894
 C 5.48814628387390 -4.11275321458816 -8.12878056285893
 C 5.82329817438280 -5.22401072491891 -7.16108973508220
 H 5.76464948508617 -3.69223955044258 -5.05060504016006
 H 4.60195529101140 -1.05929173981518 -2.71122476921855
 H 3.69441192482935 -1.58321766931256 -4.14251724681217
 H 6.24635725904964 -4.28876017043756 -1.97749479386052
 H 6.24498992677807 -2.56406645361989 -1.65273026349905
 H 7.02668663528696 -3.18716409331846 -3.11452526827070
 H 3.71402698509307 -3.00034023185655 -1.35494367370685
 H 3.79720462825765 -4.63806948404840 -2.02294801768283
 H 2.74068655843871 -3.44950561733231 -2.76552272913548
 H 2.87523888465982 -3.27410763385064 -7.06867088396400
 H 5.79302694129644 -5.55523899100853 -3.72448166436857
 H 4.63047283802740 -2.13415798189916 -8.02526381792715
 H 5.68258949603098 -2.50986979633208 -6.66317539314424
 H 6.47080661721547 -1.18680563243173 -4.02973082500918
 H 6.38562258074288 -3.79347291332240 -8.65587658997523
 H 4.73866590199003 -4.47106178165962 -8.83361265600649
 H 4.89591740625422 -6.56376500550934 -6.16117346825720
$end
$temperature
298.15
$end
$mult
 1
$end
$sigma
 1
$end
$pressure
1.00000
$end
$scale
1.00
$end
$msrrho
$end
$freq
32.24
56.16
65.08
79.72
97.65
104.86
124.10
153.94
166.68
175.88
212.28
226.10
234.10
267.43
291.65
309.16
332.62
345.82
371.32
374.47
416.59
426.08
444.87
522.89
550.91
563.97
582.89
599.00
619.90
691.45
722.37
810.20
843.19
856.41
914.04
925.83
942.76
968.26
979.48
1005.99
1020.50
1025.80
1067.21
1081.61
1100.61
1125.81
1148.46
1178.31
1190.44
1194.61
1215.37
1230.63
1245.14
1247.08
1272.92
1296.06
1317.56
1322.92
1332.22
1354.05
1355.71
1405.90
1412.01
1423.48
1435.05
1476.35
1476.63
1483.27
1491.28
1505.17
1513.82
1733.73
1786.65
2887.58
2918.90
2964.46
2991.24
2995.89
3004.85
3013.17
3018.30
3025.11
3027.92
3031.92
3046.71
3072.43
3390.45
3408.51
3537.38
3541.80
$end
