
$molecule
 O 6.73662067742944 -2.33513585940513 -0.79819040376248
 O 7.36185458864220 -4.98828145452714 -0.40344984868591
 O 8.64126956398134 -4.21454981089807 -2.66211039021031
 O 11.27169880820458 -0.98304804755244 -1.96686108144084
 O 10.43580533650040 0.60265946441005 -0.63832188722907
 N 8.74103816395316 -2.01038936701847 -2.95319756058407
 C 5.74033231680923 -4.16092815121877 -2.11239312559238
 C 6.65330667922205 -2.90765630253914 -2.08624469179999
 C 6.06289912932292 -5.11278539478726 -0.92890029793729
 C 5.87847799555040 -4.89131573091027 -3.45052664154316
 C 4.29416866424136 -3.67563096449802 -1.95570755430153
 C 8.08627691581050 -3.12658107384484 -2.59960202693996
 C 8.30505268838640 -0.63893276606991 -2.80496758107801
 C 9.50784961726578 0.30919744903906 -2.84915409745335
 C 10.43572134472772 0.02649293720036 -1.68819386130281
 H 6.18765770794953 -2.14612599924282 -2.72382320352753
 H 5.87923424570848 -6.14779182399752 -1.24795828445129
 H 5.39491439683589 -4.89661490760963 -0.08987495059558
 H 5.74088939993691 -4.19651256020242 -4.27720047801232
 H 5.11949343659613 -5.66698355781866 -3.52443717584164
 H 6.85726748258006 -5.35153807111040 -3.54904828014084
 H 3.62561964917107 -4.52292621421817 -1.82295213052789
 H 3.97928035125562 -3.12371697628885 -2.83886490862505
 H 4.20959209918784 -3.02189444635677 -1.09065272798548
 H 9.70705569052013 -2.15016539986759 -3.22514108236224
 H 7.05742867775066 -3.04075931358892 -0.20902072870402
 H 7.61977272246717 -0.37273668211623 -3.62027966616609
 H 7.77886338778619 -0.52369319740577 -1.85265314618572
 H 7.99118271925173 -5.07384130812331 -1.14274924218799
 H 9.15450528628094 1.33645371992234 -2.77035263768561
 H 10.05271541567887 0.17392554394622 -3.78426838527323
 H 11.83450984099551 -1.18767273330193 -1.20335192186694
$end
$temperature
298.15
$end
$mult
 1
$end
$sigma
 1
$end
$pressure
1.00000
$end
$scale
1.00
$end
$msrrho
$end
$freq
15.92
36.13
51.74
62.12
80.32
120.43
162.15
173.85
202.70
214.15
234.87
245.03
249.44
269.80
298.19
309.80
340.57
355.98
392.14
425.70
445.12
503.77
549.08
561.68
586.38
599.05
611.38
634.05
655.96
702.17
727.87
808.39
838.45
869.78
910.18
946.94
967.21
973.44
985.20
1015.34
1029.26
1044.11
1075.25
1085.70
1096.43
1151.44
1157.21
1174.28
1182.76
1198.99
1205.31
1236.15
1239.99
1263.63
1279.77
1302.93
1315.01
1324.88
1340.67
1350.52
1372.85
1404.58
1411.96
1421.69
1439.99
1472.10
1484.28
1494.39
1497.75
1505.47
1508.74
1712.25
1810.51
2888.89
2899.07
2921.66
2964.11
2965.19
2998.84
3021.49
3024.86
3028.09
3031.14
3037.40
3039.56
3058.94
3332.34
3365.23
3390.63
3447.55
$end
