
$molecule
 O -0.66820630572123 -8.10832187197107 1.99107609855245
 O 4.00426818005808 -8.34567330652686 3.48185898565843
 O -0.01190990402321 -5.65410866134918 3.01449077605718
 O 5.34117143727810 -3.79516803666045 1.25436226450155
 O 3.85940675900354 -4.88158046539638 0.03077866309929
 N 1.40722125488115 -5.39935536112541 1.27539564075926
 C 1.62582826956503 -8.37532274603922 2.81661316522136
 C 0.64626857453617 -7.63778401676151 1.84980943947234
 C 2.98093699752627 -7.64104806967263 2.83036083420433
 C 1.81032300004100 -9.80418402925917 2.30330104370921
 C 1.02863377238528 -8.39862691580368 4.22720497873666
 C 0.65551928259951 -6.13236931214247 2.11364984410840
 C 1.60989278402957 -3.98075430146528 1.43959681259904
 C 3.02786918933227 -3.66469704628182 1.93288095453580
 C 4.08857697088737 -4.17770370069575 0.97229743920208
 H 0.94912201110374 -7.84332876677890 0.81757769497579
 H 2.84919048289854 -6.65286808573415 3.29959283038519
 H 3.34249418121417 -7.49430036668443 1.80899894222273
 H 0.83870250449891 -10.27619257761321 2.18401698424343
 H 2.40684032885922 -10.38767860919474 2.99990784617276
 H 2.31810293376396 -9.79858819949829 1.34176949485709
 H 1.71679395356994 -8.86015842120038 4.93378903918543
 H 0.11203768898414 -8.98310405061497 4.22979978963112
 H 0.80125512045523 -7.38956314395493 4.56624357382003
 H 1.97214916133482 -5.83779880138128 0.56298397270729
 H -1.07845734479726 -7.57220159814406 2.68684905419084
 H 1.43970273557225 -3.48439696472740 0.48016741766680
 H 0.87347845773463 -3.63214752188773 2.16753244813120
 H 3.70915733348317 -8.56072690462200 4.37397728234616
 H 3.19425316197113 -4.14012178302451 2.90415729905640
 H 3.13867804960764 -2.58460940765789 2.05636146948847
 H 5.40602297736870 -3.24610895612924 2.04675492050151
$end
$temperature
298.15
$end
$mult
 1
$end
$sigma
 1
$end
$pressure
1.00000
$end
$scale
1.00
$end
$msrrho
$end
$freq
19.85
30.88
46.13
56.37
78.99
97.97
106.50
150.91
188.11
197.31
214.01
237.71
244.48
272.67
290.46
291.92
311.95
340.18
374.88
397.39
411.25
442.69
458.87
471.71
497.67
547.98
586.31
600.22
633.96
693.86
723.06
799.76
834.16
884.23
903.34
931.43
950.40
973.67
1005.06
1014.76
1027.12
1032.86
1077.92
1088.87
1104.83
1116.60
1134.37
1147.87
1167.02
1181.98
1202.84
1209.54
1216.01
1235.95
1243.95
1293.28
1309.96
1326.09
1331.63
1347.66
1358.52
1402.76
1418.51
1419.74
1431.99
1437.74
1479.49
1486.99
1488.41
1500.12
1510.35
1725.16
1794.72
2849.93
2933.92
2952.35
2964.47
2971.30
2973.63
2986.02
3011.28
3031.25
3037.95
3043.93
3046.04
3050.68
3432.66
3443.35
3493.45
3534.23
$end
