
$molecule
 O 3.60530338408492 -0.96603656493604 4.49892611958524
 O 6.47404993941093 -2.77843388941193 1.99937795012364
 O 2.57443287427367 -4.36889535630760 4.33220522823106
 O 1.01191512873442 -5.53935841159363 -0.58002234906757
 O -0.51515594439783 -4.13490319792305 0.18439141278352
 N 2.03993768618748 -2.54178567271488 3.11811680054644
 C 5.25827161713548 -2.69367659563017 4.15169837113609
 C 3.84999997398690 -2.34713523777097 4.70389731099009
 C 5.23287659985622 -2.55499362621375 2.61520587692055
 C 5.64081622359025 -4.12229675686640 4.53625543139661
 C 6.27087985508133 -1.71061983683502 4.75059314154866
 C 2.76640647877772 -3.20625076537322 4.03876825054941
 C 1.03403235901202 -3.19967027980163 2.31903804106036
 C 1.65467216516250 -4.06428194418397 1.21617679178501
 C 0.59773693728902 -4.56578396506322 0.24827164251124
 H 3.84943516338945 -2.58790753601618 5.77573253469769
 H 4.84839170960437 -1.55826100853576 2.35464359833522
 H 4.56797530450526 -3.31350054629944 2.19525200595009
 H 5.86701958876234 -4.18524742028972 5.59780437161591
 H 6.51881551587549 -4.42406747649671 3.97025231687403
 H 4.83078941593161 -4.81208393456879 4.31790972584922
 H 7.28462214899290 -2.00036498604367 4.48226716242086
 H 6.19872627757265 -1.71696635247287 5.83551555766091
 H 6.07594092695550 -0.69939248227556 4.40149022928343
 H 2.34309924739076 -1.61180742004337 2.86877016995718
 H 2.88436636536740 -0.68944169686815 5.07353759627849
 H 0.44522747769263 -3.84184513057555 2.97906224211915
 H 0.37719771501201 -2.45010939961624 1.87698002551226
 H 7.09873965976505 -2.12184623572870 2.32627584072349
 H 2.17885269355558 -4.90718461567495 1.67341513025578
 H 2.37927373230229 -3.47455622329201 0.64449943979628
 H 1.92560777913973 -5.80997143457788 -0.41904696743157
$end
$temperature
298.15
$end
$mult
 1
$end
$sigma
 1
$end
$pressure
1.00000
$end
$scale
1.00
$end
$msrrho
$end
$freq
16.35
29.90
34.93
51.62
72.01
84.23
110.13
145.71
169.41
184.86
201.89
223.21
233.87
260.87
274.49
288.38
308.40
324.50
376.66
400.11
422.57
429.62
453.41
479.44
487.02
538.66
561.80
586.00
612.47
657.18
715.21
781.48
808.50
888.14
916.11
928.17
937.59
972.01
997.16
1025.57
1032.84
1063.06
1091.04
1097.00
1099.58
1107.96
1132.24
1149.46
1163.11
1195.80
1206.04
1210.01
1234.78
1250.58
1268.12
1275.46
1278.30
1312.79
1325.68
1340.97
1356.05
1400.71
1416.23
1422.01
1431.31
1444.17
1474.71
1487.04
1491.66
1498.98
1508.81
1745.20
1805.62
2878.91
2891.03
2943.15
2973.35
2980.89
2981.80
3004.85
3024.88
3035.48
3039.80
3042.88
3043.46
3062.73
3427.92
3490.87
3548.24
3563.64
$end
