
$molecule
 O 1.32852847473397 -9.42418327825256 3.79132945821602
 O -0.18643898080085 -10.92987856473322 1.05738733091328
 O -0.51366776283125 -6.67131166905448 3.62366576822440
 O 2.11525208466181 -7.64584192918686 5.91486219129877
 O 1.99852720588863 -5.92561831888230 7.29042037229886
 N -0.68906822964335 -8.26273506164109 5.21405972459354
 C 0.38866415457869 -8.65852155972125 1.62699663797875
 C 0.15481167164095 -8.98283105711035 3.11508398206543
 C 0.83176785912308 -9.95983357847971 0.93233286712454
 C 1.47218191016565 -7.59236286663046 1.44763789932956
 C -0.92425362865311 -8.18024156470233 1.00477636817984
 C -0.40648869028636 -7.82724195898199 3.96168303709170
 C -0.93521905190379 -7.38067769104910 6.32784194577984
 C 0.18110355319394 -7.48364719956263 7.37896061628350
 C 1.50568043884188 -6.93039584803963 6.86749084838144
 H -0.54548795480368 -9.82502978618886 3.16210127414831
 H 1.76065074314268 -10.32470902604463 1.39429013256751
 H 1.03245800318085 -9.74585024483763 -0.12634793118466
 H 1.21905112212358 -6.70855412916706 2.02647798858312
 H 1.53622125721834 -7.30853248340698 0.40030693341522
 H 2.45524209527817 -7.95345760717486 1.74987845620386
 H -0.78420607398547 -8.00443880548196 -0.05885687030849
 H -1.24684394615139 -7.25541744162475 1.47159593506632
 H -1.69396484115015 -8.93669056210578 1.13115257419349
 H -0.60294792578770 -9.24938442555182 5.40884717847327
 H 2.05470518235777 -8.84432202022639 3.52673901546576
 H -0.98883620432819 -6.36680279430040 5.92397749673891
 H -1.89420224492541 -7.62909590458410 6.79344490259275
 H 0.09547158924639 -11.73266023641310 0.60910869068960
 H 0.31440721782936 -8.52873328291255 7.67286738175112
 H -0.10047429792558 -6.90384965492808 8.25746565869370
 H 1.60252126996953 -8.40329144902305 5.57712913514925
$end
$temperature
298.15
$end
$mult
 1
$end
$sigma
 1
$end
$pressure
1.00000
$end
$scale
1.00
$end
$msrrho
$end
$freq
24.81
38.83
59.97
72.57
96.05
109.00
115.91
163.08
191.11
205.30
219.75
228.23
245.26
264.80
277.46
305.94
311.80
322.17
345.41
376.05
417.53
442.34
463.75
495.94
532.14
542.50
563.07
609.46
661.06
694.29
747.11
793.76
833.29
892.37
905.45
936.92
958.34
969.47
996.62
1010.48
1030.27
1042.88
1060.65
1077.75
1091.46
1121.81
1140.73
1152.66
1175.98
1182.29
1188.42
1204.96
1224.31
1238.97
1269.23
1284.61
1287.57
1291.96
1320.48
1331.84
1373.46
1400.64
1417.63
1423.48
1449.68
1454.12
1480.71
1483.87
1494.58
1497.56
1511.31
1764.85
1799.26
2866.44
2898.04
2937.58
2939.65
2959.17
2993.97
3000.32
3023.75
3038.02
3045.10
3052.42
3059.27
3071.29
3308.86
3436.28
3500.81
3575.46
$end
