
$molecule
 O 8.27631494153437 -0.39789979766208 3.30239650933120
 O 7.59613545988055 -4.36293623510380 2.31532401973894
 O 7.02372484166843 -2.55359877059192 5.52064698249117
 O 11.84142985152757 2.07028095158399 5.28525266569175
 O 12.32396664659607 0.37369488365569 3.92363710341609
 N 9.14316016310010 -1.89988260564336 5.55986634123220
 C 6.67633665038791 -2.16291352860754 2.67277938791333
 C 7.97961830510505 -1.77714232869533 3.41458991516595
 C 6.46028920927625 -3.67712960745731 2.81202611779840
 C 6.83399130851194 -1.83083077508117 1.18234014352298
 C 5.47696536276189 -1.40695884235640 3.24280953467931
 C 7.97420886326886 -2.10114511052524 4.91381788777847
 C 10.36804555205182 -1.29894621063989 5.10030925435645
 C 10.40713362496884 0.20721386794723 5.38088451216367
 C 11.62154973592204 0.85260041146673 4.77202379447002
 H 8.78885574821977 -2.37923852283294 2.96836989168468
 H 5.56677286226569 -3.96044738184237 2.23711836053926
 H 6.29009278907546 -3.92367027622814 3.86457699111958
 H 6.89476169225190 -0.75647174303822 1.01690068288993
 H 5.96908364369380 -2.19859814243389 0.63555143781428
 H 7.72099894001239 -2.31392732604747 0.77884977740647
 H 4.58540711934218 -1.61688243871998 2.65666724788381
 H 5.67059968615787 -0.33708118637610 3.21757946122221
 H 5.30122873236573 -1.70232916984572 4.27221657241758
 H 9.08089460222038 -2.07236149911823 6.55527032270521
 H 8.34114466381676 -0.18513095680196 2.36497395176758
 H 11.20367371377177 -1.79115860982218 5.60581172451244
 H 10.48296414058968 -1.45662808893608 4.02835015233756
 H 7.47107299732103 -5.30416871821034 2.46764318400097
 H 10.38570208311995 0.42310661404288 6.44947433966320
 H 9.52593242190052 0.66563326505177 4.92377849699941
 H 12.61222264732389 2.48281587887231 4.86414823529686
$end
$temperature
298.15
$end
$mult
 1
$end
$sigma
 1
$end
$pressure
1.00000
$end
$scale
1.00
$end
$msrrho
$end
$freq
20.17
32.37
36.00
51.18
88.55
113.04
123.92
159.22
186.32
193.91
207.73
215.36
247.29
263.36
272.81
291.70
324.82
329.42
357.49
372.46
402.77
431.88
444.57
521.90
527.52
566.90
575.72
613.84
632.69
658.74
691.79
789.57
809.00
861.99
919.80
944.09
947.79
965.36
1007.69
1019.11
1034.73
1064.83
1076.41
1083.66
1098.50
1129.41
1157.12
1162.07
1181.74
1187.50
1207.71
1219.62
1237.33
1257.17
1274.51
1281.48
1297.28
1316.32
1332.76
1348.70
1371.13
1398.62
1415.67
1419.63
1424.90
1461.68
1482.49
1488.20
1489.90
1502.70
1513.35
1735.65
1794.69
2843.20
2872.39
2949.53
2957.47
2974.87
2999.04
3012.21
3018.69
3031.30
3035.85
3039.31
3042.12
3071.38
3406.36
3446.33
3541.75
3577.97
$end
