
$molecule
 O 4.80804334884152 -0.81083227697005 3.28443861865217
 O 8.93364140001152 -1.03540319613487 3.50978120022880
 O 4.80896245780778 -4.10191659375035 1.90412402628472
 O 1.03081918102931 -2.77050537340552 -2.16394079069529
 O -0.05418537933032 -3.49668292607284 -0.35761879358193
 N 3.25240726726395 -2.48154902477857 2.07878760985146
 C 6.82965437470305 -2.16724644223647 2.89222785196089
 C 5.32357669587265 -2.12713525655428 3.24649109671864
 C 7.54954727686110 -1.08556346105596 3.73409040031697
 C 7.04232262620027 -1.87982259107257 1.40359824882580
 C 7.40323056441627 -3.54400767236264 3.24154037402035
 C 4.45921022632858 -3.02036108306131 2.33007156900164
 C 2.25273286252893 -3.12760816492006 1.26846936432574
 C 2.10144026037091 -2.44144799207555 -0.09264942280794
 C 0.90766958800569 -2.97266135058568 -0.84739363921277
 H 5.19152594040865 -2.51268221049909 4.26595997975662
 H 7.33219986858536 -1.25762616684260 4.79852979624627
 H 7.18402607864490 -0.08981513580808 3.47401099231188
 H 6.68159265217123 -2.71185524705794 0.80505724136371
 H 8.10328620879017 -1.73929749942138 1.21119069930899
 H 6.52647383284203 -0.97162870621095 1.09114545849651
 H 8.42619105219839 -3.63177744192501 2.88087026446443
 H 6.81090166677761 -4.31927859416821 2.76626508627379
 H 7.38874119920335 -3.70596217304899 4.31829429749402
 H 3.04316599379936 -1.58912309093931 2.50479653880827
 H 5.10767256471889 -0.34965610419925 2.49132121484041
 H 2.57425216596015 -4.16254404529984 1.12948920425834
 H 1.28938973819986 -3.12078661720044 1.78517450623359
 H 9.31488828995940 -1.88224081897223 3.76677750024347
 H 2.99462825680797 -2.57048531717613 -0.70404072729964
 H 1.94077045332132 -1.36844467804388 0.04835429351521
 H 0.25094828669963 -3.10396874815102 -2.63585506020488
$end
$temperature
298.15
$end
$mult
 1
$end
$sigma
 1
$end
$pressure
1.00000
$end
$scale
1.00
$end
$msrrho
$end
$freq
15.69
21.48
32.14
42.64
53.85
87.71
97.40
135.34
153.87
199.77
221.64
241.76
245.05
260.55
301.60
318.22
341.84
345.08
371.31
395.08
416.92
434.89
446.68
510.62
528.96
548.24
589.11
614.04
632.03
667.48
725.63
791.93
806.91
879.89
916.51
920.18
950.88
972.36
995.81
1026.62
1037.67
1061.02
1086.65
1093.54
1101.64
1122.29
1124.12
1146.94
1174.10
1179.11
1194.31
1212.83
1230.23
1243.68
1245.74
1272.97
1278.80
1324.18
1329.26
1340.52
1356.91
1402.89
1418.34
1429.65
1435.05
1445.30
1480.22
1486.17
1490.25
1504.15
1506.95
1749.42
1799.77
2874.47
2914.51
2953.89
2965.79
2985.79
2990.55
2998.19
3009.09
3018.62
3024.25
3043.50
3052.61
3074.09
3408.94
3443.28
3513.63
3543.89
$end
