
$molecule
 O -1.95359500859456 -7.66554838012806 4.42441099182753
 O -1.04884520191394 -3.99826491806306 6.03484232860533
 O 0.22655507368435 -7.43154584360858 7.21536618449036
 O 0.38495451504017 -12.11061824472832 4.71985166562635
 O -0.06310133439316 -9.99484136841877 4.29865817537113
 N -1.32291726686006 -8.94054112757718 6.57709732656539
 C -0.22888247597986 -5.92672209692477 4.72748286322707
 C -1.27949150861223 -6.86769000375726 5.37147537180484
 C 0.07404046025521 -4.78386470841397 5.71867881324247
 C -0.81689242541367 -5.34966577178115 3.43274757147205
 C 1.06915240864870 -6.67123357844246 4.40634274697150
 C -0.69006334270426 -7.74599664895194 6.48378717087983
 C -0.71595611275766 -10.04501741681874 7.26620838538975
 C 0.57137903170392 -10.51783145655923 6.54474041035618
 C 0.27773158235791 -10.82852913525819 5.09472690618441
 H -2.05346758241684 -6.23627309636163 5.82880324734697
 H 0.87704733376167 -4.15785584066589 5.30290824820143
 H 0.41451630816439 -5.20620287219881 6.66475856854988
 H -0.87401557179752 -6.11871601912081 2.66709921194438
 H -0.18587780038892 -4.54355716281061 3.06206279018399
 H -1.82490296850251 -4.97312882074421 3.59504836873457
 H 1.71977457599415 -6.04172142370903 3.80341242665797
 H 0.86601026330507 -7.58558740449685 3.85162604443407
 H 1.59398744177705 -6.92860886585573 5.32201759726197
 H -1.99752515827904 -9.13197487637938 5.84707916891126
 H -1.30089874210401 -8.23870831194317 3.99342931805512
 H -0.43719743116192 -9.71333172619063 8.27016099043623
 H -1.44142252177775 -10.85740897964049 7.33934105335571
 H -1.36086517594574 -3.57442409155713 5.22728190896773
 H 0.99720354468990 -11.37329653434313 7.07107737498376
 H 1.27726144056261 -9.68502832023113 6.58084875477060
 H 0.66596864965917 -12.69604095432422 5.43510201519500
$end
$temperature
298.15
$end
$mult
 1
$end
$sigma
 1
$end
$pressure
1.00000
$end
$scale
1.00
$end
$msrrho
$end
$freq
20.03
36.31
58.44
67.29
92.69
114.08
124.11
157.44
193.49
204.03
214.99
234.74
262.07
273.98
306.20
322.58
355.35
378.86
380.29
415.85
451.69
472.59
482.85
495.62
519.71
558.48
562.63
604.43
654.39
700.94
736.93
797.13
827.65
881.88
903.90
936.32
949.88
968.51
999.60
1006.42
1023.91
1032.22
1083.53
1089.40
1093.61
1109.37
1125.52
1162.80
1176.12
1184.02
1188.75
1221.27
1230.78
1237.48
1257.23
1269.86
1276.60
1320.50
1324.17
1338.27
1350.82
1403.80
1405.98
1421.05
1443.17
1449.15
1472.10
1492.00
1493.89
1508.03
1510.78
1741.12
1767.29
2872.16
2910.61
2964.62
2976.71
2986.00
2992.93
3011.80
3018.16
3025.28
3026.97
3033.28
3049.96
3056.87
3386.68
3451.43
3493.98
3538.75
$end
