
$molecule
 O 4.23360945838868 -2.54828311254762 2.63920781096266
 O 6.06119591192525 -0.89839853280744 1.55566118105322
 O 5.50437530623546 -2.67533876890819 5.66016272490900
 O 7.40960571335440 -4.09594786244875 6.89718985638367
 O 9.30038076148311 -5.12585924301496 6.39686189793973
 N 6.82291294110046 -1.96308700876495 3.97269324594809
 C 4.40787696826521 -0.21458037077402 3.30927325303562
 C 4.40446084993538 -1.69805312643591 3.76732569565774
 C 4.99010335471487 -0.04089722256831 1.88251843580066
 C 5.18472119155727 0.64272539934689 4.31423692718324
 C 2.95226391813377 0.26647557663058 3.26924607562395
 C 5.64369253256102 -2.14113004878491 4.56364262001770
 C 8.06753091224666 -2.36513349599777 4.59715972461885
 C 8.24408173012108 -3.89633281240821 4.63586391115877
 C 8.37597355347032 -4.43644559826200 6.06296708267584
 H 3.56028602679163 -1.82949047074413 4.45897490281803
 H 5.37678117615078 0.97625417752708 1.78438450587138
 H 4.18565925340306 -0.17559611669967 1.15237137598391
 H 4.90667286917625 0.38131633938400 5.33306298052250
 H 4.94957519804827 1.69237123633141 4.15462067562652
 H 6.25799577506148 0.51520436592661 4.20436868441303
 H 2.89836352092772 1.26334392561794 2.83821994330825
 H 2.53743651813523 0.30310771583421 4.27364382099473
 H 2.34648217165402 -0.40487242271572 2.66510708364142
 H 6.83554333888668 -1.52686394533757 3.04968991459269
 H 3.97900800654382 -3.42377943057089 2.94744117928739
 H 8.87845394417945 -1.90467706527373 4.03479880450554
 H 8.08736364145643 -1.96452888045753 5.61760689320552
 H 5.67131415962838 -1.77136393507219 1.40216953229895
 H 9.12882271656145 -4.20452070135408 4.08055476536802
 H 7.37434832532384 -4.37696285004226 4.18128360599895
 H 6.68223225457796 -3.55701371460852 6.47883488859365
$end
$temperature
298.15
$end
$mult
 1
$end
$sigma
 1
$end
$pressure
1.00000
$end
$scale
1.00
$end
$msrrho
$end
$freq
24.72
52.25
70.76
85.68
95.32
123.62
146.53
157.88
203.96
233.05
237.62
255.37
266.25
277.77
293.64
313.66
336.14
353.85
387.26
400.83
429.38
454.48
477.19
557.64
581.13
587.29
662.03
682.56
714.20
748.11
792.08
828.28
855.35
891.70
927.97
930.08
961.73
968.62
976.36
1023.50
1033.49
1038.76
1076.84
1086.68
1098.95
1152.27
1158.29
1175.16
1189.46
1202.86
1234.51
1240.32
1260.23
1266.80
1282.09
1287.12
1297.16
1328.21
1333.29
1338.76
1361.91
1406.05
1422.84
1445.59
1453.31
1458.10
1468.21
1492.71
1497.16
1504.34
1507.92
1699.53
1787.74
2896.66
2899.91
2931.07
2937.17
2973.93
2981.34
3011.83
3026.05
3032.82
3034.45
3036.92
3039.98
3042.83
3052.34
3207.54
3469.55
3564.17
$end
