
$molecule
 O -0.19380863212292 -1.40986433424169 -3.38103033874180
 O 3.67817075075315 1.55348299576661 -3.03356154448336
 O 1.31224002813867 -3.00820932774673 -1.94274551420747
 O -0.07456015062010 -4.51717895639314 0.64773923498599
 O -0.91947647567784 -2.47443456451360 0.33570240969251
 N 1.79188494070153 -1.42038059139742 -0.41044241741727
 C 1.80184452616094 -0.01926617586005 -3.32409984760947
 C 0.70355909169809 -0.77559456344318 -2.51206716321893
 C 2.78485818535598 0.69249595668568 -2.37486918106778
 C 1.09229511858974 1.02235392026334 -4.19226988712739
 C 2.54999182721680 -1.01626442921611 -4.21357843341318
 C 1.28934698295435 -1.84307778440979 -1.58998998120852
 C 2.23670156551441 -2.36519482797839 0.58744116375286
 C 1.11876295452881 -2.71197822315484 1.58779387602511
 C -0.07830604617554 -3.19554451924624 0.80010340085799
 H 0.13801784179533 -0.04601287359308 -1.91811600176267
 H 3.34611942075613 -0.05320891781155 -1.79246660883400
 H 2.23309368378743 1.33598960197715 -1.68365983819816
 H 0.35607944367939 0.53306664860536 -4.82315698941755
 H 1.81023174347727 1.54823704386650 -4.81610001797710
 H 0.58357929004978 1.75161787283479 -3.56645497456210
 H 3.26294597572503 -0.50373361298904 -4.85718887510450
 H 1.84199717297529 -1.53707987850538 -4.85304495138121
 H 3.08156910128801 -1.75328725417530 -3.61397649727564
 H 1.57026046160263 -0.48857971623377 -0.09790626903498
 H 0.04198839787235 -2.35333306428359 -3.36865236214157
 H 2.54091425159948 -3.26918253404339 0.05439208380736
 H 3.09393251677451 -1.94650567918910 1.11976226865563
 H 4.17767406536532 1.03944031645289 -3.67765104639495
 H 0.83533490329476 -1.82311278660527 2.15223090515855
 H 1.46126341318715 -3.49579547088764 2.26032819721373
 H -0.79267335024554 -4.79846727053517 0.05893520042871
$end
$temperature
298.15
$end
$mult
 1
$end
$sigma
 1
$end
$pressure
1.00000
$end
$scale
1.00
$end
$msrrho
$end
$freq
17.08
39.03
39.86
58.08
77.42
84.89
99.57
123.99
185.26
186.71
209.82
218.47
237.05
285.82
295.19
331.37
342.17
358.47
383.13
397.40
406.66
435.62
443.04
471.39
533.09
553.76
592.00
616.36
669.91
719.66
740.35
801.84
840.21
894.79
916.60
928.96
945.40
970.24
996.42
1008.08
1024.66
1034.88
1070.20
1079.56
1118.41
1131.08
1136.51
1164.56
1180.52
1187.11
1196.97
1213.15
1222.69
1239.38
1253.72
1291.75
1294.09
1320.38
1329.59
1345.52
1356.58
1401.05
1417.92
1422.78
1434.25
1442.37
1479.76
1485.37
1487.40
1500.29
1507.87
1725.33
1793.06
2870.19
2900.65
2963.01
2963.98
2984.99
3005.86
3015.54
3025.79
3027.23
3038.96
3045.49
3049.49
3059.12
3374.44
3448.40
3462.88
3542.60
$end
