
$molecule
 O 6.52750379019862 -6.38674005953402 2.64010974141363
 O 8.02943600234819 -4.84833196148512 -0.92656447637850
 O 9.09647692307843 -6.53499677998581 1.24414529555198
 O 9.87076695306458 -2.86781934303055 -0.40902361941121
 O 11.44701185545251 -1.38691881401216 0.01089360999614
 N 8.95125054184521 -4.37648227442271 1.86628273413818
 C 6.25220064901689 -6.05173259402226 0.20090501304420
 C 6.87543474690313 -5.58228523778073 1.53933142371899
 C 6.63164642839481 -5.03916395271275 -0.89313980185029
 C 4.72213781762607 -6.05541863780013 0.32852424099349
 C 6.73759255720232 -7.44960895965970 -0.17747022731084
 C 8.41321709738552 -5.58230903858887 1.51949238941348
 C 10.38232361440961 -4.23508312608087 2.07208544359008
 C 10.84322220539494 -2.80139915461105 1.83147628032741
 C 10.76206937036780 -2.29362152555381 0.39455599061432
 H 6.52423520230373 -4.54742535844816 1.71546224624519
 H 6.13136777877608 -4.07783376851777 -0.69489925282341
 H 6.27117228656540 -5.41970418108716 -1.85596349311099
 H 4.38338988201329 -6.88439436323267 0.94664963864300
 H 4.27297886404075 -6.17775563837398 -0.65427274500020
 H 4.35722648665598 -5.12152366650646 0.75408801231557
 H 6.16355967989499 -7.83021382853934 -1.01947068119638
 H 6.62270777734989 -8.12449482272252 0.66667084599485
 H 7.78931098933117 -7.42046046298143 -0.44239272282937
 H 8.36578948365712 -3.69877770637844 2.33069026127331
 H 5.58285684963836 -6.57444234102577 2.60226094955282
 H 10.64943730808986 -4.52760695222107 3.09581769324380
 H 10.87159778098448 -4.93470026292435 1.38885479458001
 H 8.27464440198058 -4.43753247654798 -1.76324897872017
 H 11.87987833676365 -2.68857862637992 2.15097376622806
 H 10.24656686939723 -2.11300316648352 2.43873682858755
 H 9.38197346986933 -3.61611191834983 -0.01157420083522
$end
$temperature
298.15
$end
$mult
 1
$end
$sigma
 1
$end
$pressure
1.00000
$end
$scale
1.00
$end
$msrrho
$end
$freq
23.36
46.24
49.18
73.40
89.82
128.78
137.51
153.80
187.46
199.23
207.45
229.18
248.50
252.15
257.52
280.50
301.46
306.07
315.46
345.84
376.50
405.45
472.40
493.31
519.82
554.39
563.23
621.63
661.15
694.56
749.00
808.16
828.28
881.38
903.46
939.48
953.11
968.84
985.06
1004.55
1029.02
1049.50
1090.30
1099.28
1110.98
1128.39
1132.52
1167.10
1178.17
1192.68
1202.74
1211.92
1225.25
1243.85
1257.47
1287.51
1311.33
1321.99
1331.90
1347.16
1371.66
1398.74
1405.17
1421.15
1440.91
1475.47
1476.37
1487.39
1490.17
1500.18
1513.24
1765.82
1783.90
2781.94
2851.69
2906.41
2919.26
2951.88
2983.02
3013.45
3013.62
3022.53
3028.11
3040.95
3049.34
3078.81
3257.46
3439.14
3531.78
3543.10
$end
