
$molecule
 O -2.45000263060803 -4.57257874412239 4.91366930195111
 O -1.45842028714439 -5.83871952754568 7.08858521328780
 O -0.26356757063504 -4.31625435295447 2.17066297457495
 O -0.42391895006208 -0.67607716863920 6.34983086514953
 O 0.78584001020427 -0.49563127934552 4.48627723348401
 N -1.29986245223053 -2.65544554521520 3.20328593314208
 C -0.07313454401261 -5.21140535129744 5.16781662736222
 C -1.28473447226361 -4.95167350797100 4.22589486542321
 C -0.45253697406908 -6.29559877507318 6.19733176713483
 C 0.32978197560089 -3.92840319299806 5.89458818249568
 C 1.11132073832058 -5.75473341932287 4.36662669635354
 C -0.92008320408683 -3.94666417828418 3.12857688739110
 C -2.15029605838276 -1.93007231337475 4.11393223224312
 C -1.62277110932055 -0.50332975886073 4.32937802107718
 C -0.28528908430294 -0.54626642432908 5.02536123536597
 H -1.47347272956006 -5.89537688186065 3.68178525809721
 H 0.44829711299659 -6.56375570191882 6.76464894640243
 H -0.80262306182869 -7.19182342921953 5.66579461524191
 H 0.66944317252210 -3.18868918612265 5.17413487309792
 H 1.14204812124204 -4.13558943463100 6.58849902967425
 H -0.50990259280802 -3.52921105673078 6.45865119888802
 H 1.96834939400214 -5.90307844542239 5.01996344904692
 H 1.38912975699306 -5.06420266163949 3.57727155212854
 H 0.85747928814846 -6.70549374550111 3.90358738548563
 H -1.00702324196972 -2.13013072559467 2.38672379179129
 H -2.42900620781121 -5.00585148599061 5.78179361493869
 H -3.16522807875402 -1.86767749503126 3.70078798895837
 H -2.20472103892518 -2.46009689834234 5.06217166955201
 H -1.64064791232814 -6.52731588372686 7.73500331620102
 H -2.32945257949010 0.04083639534769 4.95452649644208
 H -1.50541066763006 0.00220250421798 3.37029456373824
 H 0.44310587819356 -0.74878532849612 6.77897821388166
$end
$temperature
298.15
$end
$mult
 1
$end
$sigma
 1
$end
$pressure
1.00000
$end
$scale
1.00
$end
$msrrho
$end
$freq
26.05
29.81
40.97
59.90
61.90
124.86
140.95
168.43
170.27
175.44
225.25
245.96
252.32
263.76
274.72
304.96
328.14
351.66
379.48
396.57
409.97
455.39
481.20
505.04
551.91
569.63
607.59
614.33
632.68
661.55
716.97
801.55
828.71
842.18
917.33
934.78
946.76
974.29
989.66
1007.97
1031.35
1042.89
1069.36
1079.50
1124.05
1149.66
1155.47
1180.94
1192.43
1196.23
1215.19
1222.64
1241.68
1252.78
1282.83
1287.24
1307.58
1317.45
1334.49
1348.48
1373.52
1407.96
1428.10
1428.41
1440.55
1458.82
1482.01
1489.75
1490.51
1499.87
1504.17
1710.75
1799.05
2816.32
2879.13
2902.17
2909.48
3002.78
3016.11
3023.79
3029.49
3037.48
3040.01
3042.82
3048.02
3074.79
3381.24
3407.34
3450.22
3568.07
$end
