
$molecule
 O 3.23153037528034 0.04154305525999 -4.03659092168161
 O 1.72007951450558 -1.78784265303429 -2.67984290757770
 O -0.05391846600449 1.15766288157919 -3.24302694588679
 O -2.62409790847422 -0.09536633745827 -3.24206287552780
 O -0.92763060729286 -1.47167960498736 -3.68043017063183
 N 0.94156031450926 0.34072707836088 -5.11598571954231
 C 2.37110989110092 0.40203440153915 -1.76899339623150
 C 2.35974316566411 0.82920543634014 -3.25938383926197
 C 1.52956303547380 -0.88383266491878 -1.60311231758267
 C 1.78587317899498 1.51139875627593 -0.89534035776485
 C 3.81732913902515 0.13051529446764 -1.34076418033577
 C 0.93749446234843 0.79802736499027 -3.85760875023057
 C -0.17638889295808 0.00394651350861 -5.97161054930796
 C -1.53355788584970 0.21080988464931 -5.30669003225025
 C -1.61646403906911 -0.52739957000355 -3.99055938870548
 H 2.72370045952833 1.86151085728316 -3.33769836346249
 H 0.47591720739073 -0.61144342899196 -1.52029400981862
 H 1.82677474986764 -1.39012723021605 -0.67658891589856
 H 2.43114029468867 2.38665018151372 -0.91692008076145
 H 1.70303029325005 1.16804747610717 0.13357126767513
 H 0.80014826616616 1.79458676612689 -1.25187475358265
 H 3.85746715029764 -0.01724591141635 -0.26417868690070
 H 4.45467099074987 0.97199270883263 -1.60212953047351
 H 4.20775766763740 -0.76056223349380 -1.82476911238106
 H 1.86125799579797 0.07046302678047 -5.45168655461410
 H 3.04452451082612 -0.87782448371472 -3.77034141884780
 H -0.12221924196308 0.61257250977016 -6.88191236255327
 H -0.07686310352019 -1.05152736996381 -6.25368290474621
 H 0.87314586271783 -1.89479161045022 -3.13690196628849
 H -2.31697903293123 -0.17593371019414 -5.96266613471472
 H -1.73293322603012 1.26333456859318 -5.11280675627780
 H -2.64084712172345 -0.55343295313576 -2.38747436383586
$end
$temperature
298.15
$end
$mult
 1
$end
$sigma
 1
$end
$pressure
1.00000
$end
$scale
1.00
$end
$msrrho
$end
$freq
35.83
63.94
82.17
94.99
123.15
142.12
159.08
176.34
188.97
202.17
231.14
246.39
262.24
270.93
297.84
348.42
351.95
369.24
403.23
423.46
483.67
484.79
502.29
517.24
555.01
579.95
603.98
630.10
651.04
707.46
755.42
810.52
837.24
893.44
902.78
934.70
946.34
970.59
987.41
1010.17
1027.00
1043.49
1075.69
1093.21
1107.70
1138.26
1150.80
1168.68
1172.04
1198.42
1208.17
1223.82
1231.18
1236.15
1264.68
1283.74
1308.07
1326.68
1332.74
1339.17
1353.02
1403.21
1416.78
1419.38
1445.41
1474.96
1477.24
1489.07
1493.50
1499.50
1504.13
1730.93
1757.22
2904.94
2915.79
2916.94
2928.99
2970.15
2978.82
3027.75
3028.47
3031.74
3035.41
3039.16
3050.69
3063.93
3329.22
3342.06
3452.27
3456.09
$end
