
$molecule
 O 6.05846038554565 -1.60524094221030 -4.16370480013183
 O 6.59886633436233 -4.54558804727414 -4.56176197406191
 O 6.14919924225474 -1.30472132289324 -0.75229747635102
 O 7.97756275930889 2.69847303387848 -1.54588549343411
 O 8.17633074495948 3.60218433310725 -3.57398556827384
 N 7.27625247151351 -0.06664209180086 -2.20996865210390
 C 5.55090536124799 -3.43096530541256 -2.60377419087467
 C 6.47417714967427 -2.24135859771396 -2.97579519583375
 C 5.39664821743705 -4.33438438332951 -3.85140001351303
 C 4.15884597433381 -2.93491336598893 -2.21281793907922
 C 6.17629729808836 -4.23261884770992 -1.46072983340254
 C 6.58819741270235 -1.17533124093275 -1.87843946503910
 C 7.90796412010264 0.29671424825972 -3.45480703993810
 C 8.98907568708412 1.35915176545118 -3.20890574439302
 C 8.35486989205214 2.67684583334291 -2.83327402497888
 H 7.49843767179936 -2.63884010242720 -3.10876005082505
 H 4.71304062303381 -3.86998435325193 -4.56704217455700
 H 4.95691279506378 -5.29191318023050 -3.54438575604805
 H 4.20466135303990 -2.41634921550982 -1.26082255715835
 H 3.47158953710340 -3.77375481790554 -2.12715514154019
 H 3.78399062753254 -2.24697533669218 -2.96737708098348
 H 5.53401380318252 -5.07052564783209 -1.19833286591837
 H 6.29116439256430 -3.59739836571849 -0.58811892272656
 H 7.15767351273022 -4.61816923739916 -1.73716201988540
 H 7.29159097935216 0.64263355192684 -1.48627305312515
 H 6.13234576765614 -2.25396295553928 -4.87464359436252
 H 8.37593537794822 -0.58715112809748 -3.89488714905463
 H 7.16963162054465 0.67750296471549 -4.16986381834639
 H 7.19038810763012 -5.06887820689585 -4.01067804321871
 H 9.56378912069981 1.50472162179085 -4.12268987409072
 H 9.64545623408437 1.03144863554562 -2.40239565270326
 H 7.54613742536687 3.53978770474668 -1.32666483404855
$end
$temperature
298.15
$end
$mult
 1
$end
$sigma
 1
$end
$pressure
1.00000
$end
$scale
1.00
$end
$msrrho
$end
$freq
24.32
38.26
42.61
65.73
80.17
92.58
126.50
142.57
188.84
204.71
214.31
227.23
240.08
262.93
297.03
312.32
322.93
355.49
387.97
399.49
431.04
467.59
500.89
512.51
547.40
565.65
583.16
607.74
633.17
671.84
724.30
804.16
837.72
856.17
903.14
936.24
951.81
972.51
989.72
1012.50
1028.47
1038.86
1078.78
1085.52
1111.60
1123.00
1148.87
1163.77
1180.60
1203.20
1212.86
1229.12
1243.42
1249.30
1283.49
1299.00
1312.67
1315.05
1323.35
1345.01
1351.06
1400.72
1412.98
1421.18
1435.82
1476.83
1480.62
1489.91
1495.37
1497.94
1507.36
1734.41
1805.18
2790.79
2901.70
2925.23
2970.11
2972.87
3000.75
3002.98
3024.11
3027.11
3031.91
3037.03
3068.31
3073.61
3388.50
3443.68
3520.22
3555.08
$end
