
$molecule
 O 6.56539622706870 -2.30187444905169 5.53139068068524
 O 3.89658231283925 -0.60729388244824 8.38250445563553
 O 5.07642203756272 0.13704775452660 4.84149724447340
 O 6.73174233841890 0.68625026917507 11.29368821531440
 O 6.45431860714178 -1.07831228624618 9.96435045021500
 N 6.32289163668781 0.83358248330633 6.54465690746413
 C 4.31909218418995 -2.21675422852737 6.54391666071154
 C 5.72764621148597 -1.57087692186904 6.40034316270837
 C 3.36116609365241 -1.23558716239487 7.24236389200696
 C 4.47812089225464 -3.49048820791502 7.38054725110873
 C 3.72783104166985 -2.57374947472236 5.17789291094301
 C 5.65435910158466 -0.13356729229920 5.87993639721687
 C 7.11499690624558 0.76921360865187 7.74594061269529
 C 6.31139119197894 1.12891652218090 9.01450523289001
 C 6.50727859457586 0.11608886171280 10.10951295135053
 H 6.21331080104575 -1.61276882011088 7.37627329583247
 H 2.43983740805406 -1.77496272238445 7.50889489477197
 H 3.09537204944419 -0.42491365402646 6.55972060421518
 H 5.22218946034355 -4.13598501491824 6.92018528768436
 H 3.53406172613844 -4.02816061957365 7.43769465542733
 H 4.81465490197174 -3.26352506650291 8.39123422231415
 H 2.69910478942359 -2.90618504271467 5.29831483055095
 H 4.29298705371435 -3.38108814109302 4.71737093783651
 H 3.73694018323807 -1.70601770982820 4.52310787646819
 H 6.19832377493419 1.75321392576252 6.14038873277726
 H 6.22934172025694 -2.17648304642988 4.63474199437074
 H 7.52564993049373 -0.23625737548527 7.84905991184174
 H 7.95319621329125 1.46114420759054 7.63254989629058
 H 4.31155033734409 -1.27925763690522 8.93833381901082
 H 5.24626447265787 1.08910608367300 8.76677133630657
 H 6.55563191252970 2.11919019837853 9.39349667518484
 H 6.82452188776589 0.01680284048673 11.99071400369041
$end
$temperature
298.15
$end
$mult
 1
$end
$sigma
 1
$end
$pressure
1.00000
$end
$scale
1.00
$end
$msrrho
$end
$freq
17.17
31.94
42.12
63.57
77.06
95.70
157.06
164.16
175.33
217.16
227.44
233.17
258.05
269.33
285.43
324.09
329.81
343.69
380.61
409.65
425.78
431.78
447.62
525.27
552.14
568.26
593.05
618.44
635.31
692.65
703.41
797.65
823.08
878.84
914.76
935.44
950.59
969.98
1001.25
1020.94
1029.60
1037.66
1076.83
1092.82
1103.42
1128.97
1133.74
1165.41
1172.83
1205.23
1221.49
1226.49
1232.64
1245.49
1283.37
1308.56
1314.88
1328.05
1335.37
1353.31
1361.46
1402.09
1415.31
1418.59
1423.82
1462.19
1482.47
1492.33
1496.06
1503.86
1508.54
1712.51
1778.83
2867.82
2960.71
2967.97
2983.43
2992.08
3000.40
3015.24
3027.25
3027.85
3029.74
3036.33
3045.21
3049.23
3402.90
3437.13
3507.84
3515.74
$end
