
$molecule
 O -1.77507241470099 -0.02876668160496 -3.86826547419913
 O 0.62400503855231 -2.54387189690840 -6.02403963230536
 O 1.28243746193666 1.00559016342582 -5.13014664306444
 O 1.34138025134143 3.63179519462082 -2.97006052509091
 O -0.34737503025180 2.22369094045818 -2.60956200634289
 N -0.79868562872124 1.79374190708999 -5.49780288643552
 C 0.24162558634130 -1.45642687227651 -3.90082438557332
 C -0.65216152147349 -0.42364632644669 -4.62907471539228
 C 1.28079628719115 -1.99814038210076 -4.89486274786032
 C -0.64898004105941 -2.60932146671646 -3.42973643651800
 C 0.96237242558999 -0.82815946954677 -2.70751673125216
 C 0.07952593283244 0.83953803951313 -5.09833467343972
 C -0.39287498145802 3.16742995244758 -5.61659499195944
 C -0.59387809742916 3.92890382474740 -4.28631900934358
 C 0.11870684246240 3.16903554599302 -3.19652956018315
 H -1.05794857078689 -0.92136766706622 -5.51896443889409
 H 1.87484272892064 -2.77585345923259 -4.39250101237903
 H 1.95030982423335 -1.18590728009929 -5.19647651745506
 H -1.46890916963324 -2.23031372585976 -2.82599205475841
 H -0.06898739544487 -3.31397526723316 -2.83868290177099
 H -1.05995328310708 -3.12775445889893 -4.29151289134843
 H 1.55798902035391 -1.57966112527368 -2.19388181403165
 H 0.24530110343414 -0.41678437661934 -2.00091763595470
 H 1.62313136505352 -0.03334765642600 -3.04204148632272
 H -1.77231422886665 1.60420101668945 -5.29604747225694
 H -1.45470934507551 0.51094821798456 -3.12873731911901
 H 0.66747500071590 3.16513897713600 -5.88196520277621
 H -0.96785505758450 3.65487832512616 -6.40676219784471
 H 1.29217253861375 -2.80766195297952 -6.66330422057318
 H -1.65758500068188 3.97437640810358 -4.04925981127411
 H -0.17898197048933 4.93126935249349 -4.37012378537421
 H 1.81626832919113 3.07211219946062 -2.33501681890601
$end
$temperature
298.15
$end
$mult
 1
$end
$sigma
 1
$end
$pressure
1.00000
$end
$scale
1.00
$end
$msrrho
$end
$freq
32.79
42.26
66.85
77.19
93.81
99.88
131.84
158.89
191.67
192.96
211.83
227.28
252.80
265.12
287.86
306.17
327.52
347.94
359.26
396.50
416.00
455.00
494.36
522.34
551.56
555.92
604.99
619.74
644.24
717.10
748.74
797.78
843.27
893.95
914.11
944.82
951.59
968.95
994.54
1012.09
1034.82
1038.20
1078.73
1080.42
1089.42
1134.48
1159.30
1169.75
1178.02
1186.48
1190.78
1204.77
1214.51
1260.02
1266.44
1279.07
1285.81
1295.77
1318.09
1343.00
1372.51
1399.05
1410.88
1418.52
1435.61
1444.80
1478.09
1487.81
1492.54
1498.17
1506.46
1743.22
1770.09
2867.36
2926.00
2942.47
2967.80
2980.41
3001.33
3026.51
3027.43
3033.60
3036.81
3048.89
3054.18
3055.32
3397.62
3441.61
3444.69
3577.96
$end
