
$molecule
 O 0.01181498274970 -0.49648642248029 -2.53337090174945
 O -2.50038461820719 1.42998379561339 -0.52404979939630
 O -2.55688181749694 -1.10515495999738 2.05573736427657
 N 1.77565967439541 -0.84465354654425 0.61080424228720
 C -0.79091216653429 -0.26591343433431 -0.31250342280738
 C -0.50860922055221 -0.29704760411278 1.05623707678405
 C 0.25743411408825 -0.52933930809178 -1.19074057692509
 C 1.53199199829629 -0.82162135693559 -0.69252471243178
 C -2.17449124850994 0.08748836565829 -0.82833157545915
 C -1.60484762757160 -0.05938310937295 2.07736740868081
 C 0.78585894646478 -0.59200194987668 1.46341523461850
 C 2.68894079903272 -1.11704917150645 -1.60831086265740
 H -2.22792440476566 -0.09041121324741 -1.91232640344276
 H -2.92526504181715 -0.53744330833045 -0.33201988013823
 H -1.16120654734471 0.04193839130018 3.08175325795993
 H -2.14747257953628 0.86284649688937 1.84183560582652
 H 1.04160219595118 -0.62417992948507 2.51870226729277
 H 2.89058340894008 -0.26867705757389 -2.26557572771792
 H 3.57714085784954 -1.31637622808018 -1.01087600831767
 H 2.47971911143762 -1.99041918616319 -2.22951158027117
 H 0.80389797357324 -0.71712268535560 -3.04167351943452
 H -1.86129695908233 2.02063208761297 -0.94186913564521
 H -2.11439383136052 -1.95484166558603 2.17443564866756
$end
$temperature
298.15
$end
$mult
 1
$end
$sigma
 1
$end
$pressure
1.00000
$end
$scale
1.00
$end
$msrrho
$end
$freq
73.57
78.40
86.57
109.16
122.13
176.44
231.59
263.12
264.92
293.36
312.81
315.14
327.76
367.13
381.88
471.88
486.26
505.93
582.49
605.71
671.87
734.80
743.29
853.89
892.69
932.56
946.04
995.95
1016.66
1067.99
1101.50
1107.06
1124.70
1130.77
1146.88
1224.45
1252.59
1260.89
1290.23
1319.18
1320.32
1353.27
1358.37
1375.50
1439.23
1454.10
1459.91
1463.34
1468.54
1478.10
1561.78
1579.11
2937.16
2974.55
3019.30
3032.39
3033.42
3051.26
3089.34
3090.19
3611.59
3640.05
3641.47
$end
