
$molecule
 S 0.59108766284661 0.35881930716581 1.10391879508652
 O 4.23579638085608 1.00183493760907 4.31126070951878
 N 1.96355989514335 -0.84853284630224 -0.60832245346693
 N 4.94599863652904 1.07138539207216 -3.19291182794396
 N 5.95168258661403 -1.04949751067854 -3.02441316811976
 N 2.76372415183622 1.46925731524014 -2.70082152637445
 C 2.70689745448210 -0.95243731214820 0.55182752137733
 C 2.38965821567359 -1.39944497844815 -1.91131269693890
 C 2.08669619300811 -0.33772826526958 1.60235729905913
 C 2.58094882395662 -0.17475047708805 2.99439930978279
 C 3.67469092539918 -0.77696257133810 -2.39674690693114
 C 0.82569659534135 -0.19379585105258 -0.47189313840798
 C 4.00490322506801 -1.68454349285121 0.58137085916638
 C 3.50426773803700 1.07126118393778 3.12925474327636
 C 3.79315430753805 0.58046912985885 -2.74315058586892
 C 4.81460536978441 -1.55335758349842 -2.57923324885125
 C 5.98081462686642 0.25299764154912 -3.31672233672323
 C 7.26159194655134 0.81542255215227 -3.83085206413671
 H 1.56851283437707 -1.22273167891266 -2.61221625482650
 H 2.51478069509965 -2.47868090246051 -1.78314367900014
 H 3.16701192436652 -1.04924571219881 3.28802911195503
 H 1.74389921921282 -0.07755227717945 3.68800537805322
 H 0.12483545536979 -0.05329036187017 -1.27849833513276
 H 3.90235770665605 -2.66857343233988 0.12361196232363
 H 4.76897692749557 -1.13172202745139 0.03350623576560
 H 4.33910445125975 -1.80931971262087 1.60949373070802
 H 2.89499360509298 1.98608974798119 3.06736319148467
 H 4.22429892158909 1.07114554420622 2.30205797927428
 H 4.79885792667301 -2.61882183414005 -2.36406268253746
 H 3.02428521799793 2.42817258297518 -2.86097102597244
 H 1.96058685726070 1.30270723283358 -2.12534936081316
 H 3.70286246633220 1.22223313120166 5.08665563945557
 H 7.24767091454419 1.90202626900179 -3.78128544145171
 H 8.10033643472944 0.42217966628840 -3.25810060768543
 H 7.39516370641194 0.51092919377589 -4.87038412510423
$end
$temperature
298.15
$end
$mult
 1
$end
$sigma
 1
$end
$pressure
1.00000
$end
$scale
1.00
$end
$msrrho
$end
$freq
20.21
24.70
34.22
35.50
52.01
59.21
74.55
119.71
155.52
168.40
177.49
192.55
225.57
240.99
273.51
277.90
298.27
302.26
316.98
328.83
340.55
384.43
406.79
435.91
485.35
487.29
515.50
544.03
552.39
566.78
584.11
654.35
696.08
707.94
708.92
745.14
767.82
789.46
852.76
883.08
914.54
944.71
966.04
969.01
984.08
987.58
1005.79
1019.35
1035.50
1048.63
1066.56
1126.76
1147.62
1148.55
1164.57
1189.05
1220.20
1228.92
1237.82
1259.21
1264.91
1278.16
1320.38
1322.66
1347.76
1355.53
1363.18
1376.88
1405.94
1421.94
1429.92
1432.38
1434.15
1436.73
1439.82
1445.46
1450.17
1465.50
1503.31
1546.95
1558.41
1591.08
2952.76
3006.77
3015.82
3026.63
3033.48
3036.71
3038.18
3061.42
3074.35
3076.12
3077.14
3101.00
3108.90
3160.17
3517.20
3623.47
3631.89
$end
