
$molecule
 S    -0.280023   8.184731  -1.970464
 O    -2.181523   6.330451  -5.019842
 N    -2.705606   8.325162  -1.364651
 N    -6.470808  10.971584  -2.873728
 N    -4.798101  10.262116  -4.399056
 N    -6.451854  10.409912  -0.653803
 C    -2.593959   7.096795  -2.003647
 C    -3.991144   8.911429  -0.962920
 C    -1.313249   6.853521  -2.398687
 C    -0.785448   5.720378  -3.200827
 C    -4.680720   9.594473  -2.102807
 C    -1.577309   9.011939  -1.281606
 C    -3.781996   6.232075  -2.186526
 C    -0.837148   6.016408  -4.695657
 C    -5.877977  10.305482  -1.883083
 C    -4.207036   9.614592  -3.400837
 C    -5.914293  10.935581  -4.084196
 C    -6.571905  11.715477  -5.166567
 H    -3.787472   9.610183  -0.151332
 H    -4.587133   8.103322  -0.538978
 H    -1.371310   4.828914  -2.988154
 H     0.242099   5.494067  -2.920145
 H    -1.514050   9.986931  -0.832694
 H    -4.151329   5.854305  -1.233363
 H    -4.586033   6.774870  -2.678543
 H    -3.535474   5.388542  -2.817268
 H    -0.483565   5.135331  -5.236436
 H    -0.165839   6.849315  -4.932268
 H    -3.301702   9.079597  -3.668577
 H    -6.329276   9.686235   0.030879
 H    -7.357687  10.850340  -0.647236
 H    -2.256718   6.430679  -5.975343
 H    -7.622152  11.875753  -4.947891
 H    -6.095300  12.693446  -5.250911
 H    -6.452883  11.216311  -6.123350
$end
$temperature
298.15
$end
$mult
 1
$end
$sigma
 1
$end
$pressure
1.00000
$end
$scale
0.97
$end
$msrrho
$end
$freq
23.04
27.21
30.91
36.23
59.59
84.73
105.28
139.14
156.38
186.07
191.25
203.48
257.13
277.01
282.10
297.89
320.87
337.27
345.34
372.71
419.07
427.15
453.86
496.84
508.05
531.29
558.48
578.05
593.22
620.78
642.75
647.23
690.88
738.14
753.75
763.49
798.50
805.07
881.37
913.81
925.33
941.80
964.71
979.60
995.82
1010.88
1055.71
1056.78
1072.53
1085.47
1101.99
1114.38
1175.65
1192.25
1215.15
1219.37
1242.33
1271.33
1281.36
1308.24
1311.06
1331.69
1349.54
1381.17
1403.52
1404.20
1425.83
1435.07
1438.05
1464.39
1467.94
1479.90
1481.63
1484.62
1488.80
1500.26
1515.54
1523.37
1566.34
1608.24
1611.45
1667.73
2953.86
3007.12
3010.35
3013.31
3017.01
3038.38
3044.56
3081.03
3082.88
3085.48
3094.35
3132.71
3150.73
3231.44
3529.69
3648.63
3763.06
$end
