
$molecule
 O 1.06447528422706 -0.42125934424213 0.19766811492816
 O 4.01160016934254 1.50458035266008 -0.46837238195435
 O 4.63260979549079 -0.72147052052301 1.02502401717899
 O 3.41691160978681 -0.85193922570532 3.66767084988663
 O -0.76262769225030 -3.75246713244245 -5.24436282979033
 O -2.16324933645685 -1.99573908799272 -1.33490316182178
 N 1.83462537789386 -0.47193979216067 -2.93557555039685
 N 1.64494319557705 -2.28242822404012 -5.03675643321464
 N -0.16311077165762 -1.21736944873136 -2.09578156533212
 N -1.43599636812737 -2.80615261000776 -3.30868318807073
 C 2.21455681481928 -0.07688824165988 -0.52573295070773
 C 1.81757485741166 0.54644852788771 -1.88471575913988
 C 2.99907098098687 0.91918035045032 0.34748454189824
 C 3.69064100808030 0.21041657022863 1.53234197932637
 C 2.90552072945155 -0.63391747357078 -3.78072712929969
 C 0.74955248163877 -1.29539709376422 -3.03088782088236
 C 2.77725569702551 -1.55425203805790 -4.84930235456572
 C 4.11717355790885 0.05397364358538 -3.62677313829538
 C 0.68515144315418 -2.17768536649170 -4.16534709435369
 C 2.74278316360872 -0.55701308041146 2.46646749536487
 C 5.16246853451366 -0.14163161303803 -4.51007147567044
 C 3.84571496234504 -1.73098751049699 -5.74533293423277
 C 5.02630870841752 -1.03949886578256 -5.59442398909418
 C -0.54332184029532 -2.99544555695394 -4.32992219983427
 C 6.45066945259755 0.60243353534901 -4.30345861204777
 C 6.15868033131927 -1.24653875257696 -6.56114450822729
 C -1.29894046161950 -1.99071004527503 -2.17485331830845
 H 2.84979099306684 -0.96200721561967 -0.71494216971905
 H 0.79640299035018 0.93284913718776 -1.81819776270028
 H 2.47960422078132 1.36149747123726 -2.17319454486674
 H 2.30704221099669 1.69417607842665 0.71658239623150
 H 4.21634971277136 0.98140630743906 2.12703692997642
 H 4.26009251943982 0.72997292371503 -2.79351619840040
 H 1.87499002863663 0.06195738854680 2.71551652142486
 H 2.39841597934102 -1.47515358891995 1.97055050236359
 H 3.71091739080605 -2.43896792693192 -6.55480269768101
 H 0.40613060800743 -0.82072659638709 -0.42667180125926
 H 4.46733715218301 2.19859106986989 0.02455780022149
 H 5.13134041898655 -0.29409921361155 0.31280562164915
 H 6.39449667907491 1.24232785599929 -3.42340843347925
 H 7.27769014831188 -0.09787923857259 -4.17309014321815
 H 6.67403489788419 1.22394393717209 -5.17252436576294
 H 5.87962325423595 -1.96329420310252 -7.33272766101916
 H 6.42804035484636 -0.30453227223833 -7.04230089885305
 H 7.04196747275453 -1.62201970400566 -6.04111777734568
 H -2.28892964636080 -3.34824192026537 -3.34303390822857
 H 4.20241792869728 -1.37362024617482 3.45164998732403
$end
$temperature
298.15
$end
$mult
 1
$end
$sigma
 1
$end
$pressure
1.00000
$end
$scale
1.00
$end
$msrrho
$end
$freq
16.46
23.16
38.88
49.19
55.44
63.21
88.82
95.63
107.52
111.63
112.52
140.62
147.28
152.05
171.86
186.35
212.44
228.38
242.65
259.56
274.67
280.48
283.73
296.39
322.49
339.06
349.95
361.09
369.50
374.13
393.02
401.99
413.46
434.00
454.16
472.39
483.26
507.95
526.10
528.34
555.74
566.13
582.20
595.70
609.72
625.68
649.11
654.10
690.72
695.98
698.65
727.02
747.36
766.43
821.21
825.98
856.55
863.43
886.91
920.40
934.60
993.19
999.36
1011.73
1013.15
1017.51
1020.44
1026.83
1027.38
1041.45
1090.02
1103.88
1109.45
1123.76
1138.76
1142.46
1150.41
1154.93
1164.74
1190.23
1211.54
1216.28
1236.69
1241.77
1252.55
1267.74
1282.44
1290.78
1295.30
1305.11
1324.45
1329.79
1335.16
1342.14
1344.80
1350.67
1376.47
1378.44
1381.20
1382.88
1387.71
1430.97
1437.41
1455.57
1458.87
1461.60
1462.28
1465.99
1469.17
1507.34
1530.39
1558.12
1605.54
1754.50
1766.28
2897.68
2912.66
2941.08
2980.47
3024.73
3025.35
3026.93
3041.54
3057.21
3060.04
3082.89
3084.17
3088.34
3116.83
3137.66
3182.15
3481.05
3586.96
3618.50
3629.45
$end
