
$molecule
 O 1.72621019895096 4.02506986860998 2.47141205215329
 O 0.73440123871891 5.64445047808885 0.27379878082034
 O 0.96270125664393 3.67186014571419 -1.76268411374080
 O -0.85804718011097 3.43592054520207 0.38782873964852
 O 3.82127842568422 -1.11151013119243 4.57472446441649
 O 1.87823148999769 -0.15016262870519 0.62079536062540
 N 4.25073110940126 3.21905821079048 2.58238607105567
 N 4.73080295157406 1.55846783032467 4.76582710620694
 N 3.12145714295547 1.52226089993511 1.53465251632813
 N 2.93302205996356 -0.60252918067256 2.56279444584274
 C 2.54570988187384 4.69628267997560 1.54367698137535
 C 3.94369505060236 4.02364523809783 1.40443577786084
 C 1.82477744924038 4.76559722634543 0.17256873678566
 C 1.40091852994881 3.40660877190646 -0.44985067544392
 C 4.87820888509042 3.73064055758465 3.69093749947135
 C 3.79002888546502 1.92866724822916 2.57770907692865
 C 5.12494155107018 2.86126276111917 4.78084237515120
 C 5.28330019342479 5.06873371961215 3.79601366613120
 C 4.08842651151083 1.11402281922553 3.72773245128391
 C 0.31497187946279 2.63044035914997 0.30709405862178
 C 5.92471192440599 5.53384803455975 4.92989212888716
 C 5.78241377912353 3.34817862879921 5.92263003566257
 C 6.18573175778192 4.66202190320206 6.01134281496209
 C 3.62779938471263 -0.29857421431450 3.70306235310340
 C 6.33879918340791 6.97554092887680 5.00545162862870
 C 6.88644220387296 5.16189042453084 7.24378335263648
 C 2.60148645037317 0.25348800835281 1.50025428320694
 H 2.69413143516780 5.73808154087258 1.87782664065135
 H 3.96124311516582 3.34011018567195 0.55211085977083
 H 4.71872425458738 4.77685305618842 1.25751566218502
 H 2.53313316916519 5.22664801841128 -0.53487514828008
 H 2.28041172745411 2.75324435912923 -0.53107616343793
 H 5.08847144927179 5.76313908345330 2.98816577064556
 H 0.10824152444916 1.71095334048313 -0.25895179981535
 H 0.66848590944739 2.35183594469716 1.30740877744330
 H 5.95741978565112 2.65342363666306 6.73588204075314
 H 1.98701672890688 4.23583764708453 3.37608156785720
 H -0.01311867895513 5.15813002221436 0.66678673882830
 H 0.16572122103852 4.22013909285574 -1.69032842711672
 H 6.06137528629155 7.51036127471551 4.09762824169640
 H 5.86182904082285 7.46394311611287 5.85709117049660
 H 7.41927582754756 7.05343325580584 5.13901038083489
 H 7.00562913649907 4.35907628734668 7.97054263245623
 H 7.87420873938321 5.55153480491653 6.99090818553934
 H 6.31631631305009 5.96893097026415 7.70770746737759
 H 2.55421177024189 -1.53752148843154 2.49513244281783
 H -1.59015695033653 2.89797371821515 0.71148199069987
$end
$temperature
298.15
$end
$mult
 1
$end
$sigma
 1
$end
$pressure
1.00000
$end
$scale
1.00
$end
$msrrho
$end
$freq
23.66
30.10
39.69
50.16
56.16
68.00
77.13
105.75
109.08
111.75
118.77
148.87
151.74
168.50
176.96
183.10
192.24
212.48
213.58
233.47
257.16
268.75
282.75
285.99
294.43
312.98
331.82
347.57
348.76
369.98
394.48
397.21
409.35
429.28
454.37
465.60
475.36
482.79
500.59
528.91
557.83
575.94
583.55
607.02
620.36
644.02
650.92
670.24
691.31
696.45
727.42
743.74
747.86
766.02
799.04
813.20
820.72
857.25
862.48
884.98
943.91
983.12
988.46
997.77
1011.65
1011.79
1017.70
1022.22
1027.43
1032.18
1091.98
1108.22
1110.61
1118.24
1138.31
1142.92
1148.19
1159.16
1165.86
1179.50
1191.95
1209.99
1214.29
1241.53
1252.44
1262.98
1274.45
1293.84
1298.83
1306.73
1310.52
1320.22
1332.06
1340.94
1360.50
1370.76
1377.44
1378.35
1382.44
1386.44
1390.67
1432.02
1441.42
1455.24
1457.83
1462.06
1465.93
1468.71
1475.26
1514.47
1535.54
1564.01
1606.15
1742.02
1762.74
2918.80
2960.89
2976.42
3005.54
3015.26
3024.93
3025.66
3035.09
3057.44
3060.50
3068.72
3082.71
3084.51
3116.82
3120.13
3481.85
3511.84
3583.50
3641.50
3649.38
$end
