
$molecule
 O 5.82060229623699 0.25556712136288 3.09269789162193
 O 4.63517561283849 1.41767301699714 -0.14426594304836
 O 2.27688330376997 0.69226528870874 0.96518530910320
 O 4.06150669580958 2.35558371692598 3.61926861332317
 O 8.99748768782999 2.94543332403215 -3.64885530500163
 O 9.17020020022322 4.08865358617249 0.70930785549924
 N 7.28265666777486 0.04104138368459 -0.24661907205059
 N 7.72076364883002 0.51733585519708 -2.95776915546402
 N 8.21040993765561 2.06639607809582 0.26708527415702
 N 9.06076847094269 3.46267813208235 -1.45203004300049
 C 5.97559736668814 0.70921153604276 1.77015535861765
 C 7.13410860076120 -0.12909111157625 1.19677501285853
 C 4.66238290115778 0.53199653185924 0.96579758028446
 C 3.40276406154760 0.86935679582532 1.79104222000710
 C 6.88455168623598 -0.89957699366271 -1.16913411563750
 C 7.88275461029892 1.20657744246173 -0.65553077580083
 C 7.11646934548718 -0.62828055614162 -2.53993544360847
 C 6.25424213099532 -2.10450280318636 -0.82703464830191
 C 8.09121103784318 1.38879473611342 -2.06874930379199
 C 3.43319609264758 2.31283686785574 2.34816726358436
 C 5.86226812857018 -3.00928688638942 -1.79718276469860
 C 6.71366500449010 -1.55830073550758 -3.51278564025615
 C 6.09267120489253 -2.73671678219880 -3.16450147494222
 C 8.75101213854877 2.64669401132765 -2.50500640503503
 C 5.18396183926981 -4.28408520527946 -1.38515637795341
 C 5.66623538223130 -3.71563084557992 -4.22235623967836
 C 8.82826144413821 3.24579457225320 -0.08051748963960
 H 6.25971446613492 1.77384752471363 1.74848059784304
 H 8.06374342209113 0.20741630448097 1.66527534100695
 H 6.97821410809706 -1.17916230949516 1.44152350488712
 H 4.56691554234418 -0.51116095542753 0.61649156157810
 H 3.30964523151444 0.16295286148353 2.62737659416880
 H 6.05966754936527 -2.34712350694605 0.20984524584709
 H 4.00112194101217 2.97018575903395 1.68115272389945
 H 2.40191131812068 2.68563507016696 2.41378032640363
 H 6.90815313498714 -1.31350680482972 -4.55054266271965
 H 5.43300299442150 0.97709944040106 3.62339476615639
 H 5.39112011468162 1.26204662912740 -0.72516910451020
 H 2.45998329110133 1.12446360037377 0.11618097307394
 H 5.08450741722615 -4.34183795926763 -0.30174951273710
 H 4.18905995744925 -4.34505068137682 -1.82991063703491
 H 5.75626800258273 -5.14741699316158 -1.72927228300083
 H 5.92114979320347 -3.34490963397627 -5.21457312066070
 H 6.15856994024757 -4.67842894247200 -4.07366000940753
 H 4.58802402596301 -3.88012997620669 -4.17889794538037
 H 9.51428325000698 4.33916370717069 -1.67247587931300
 H 3.43746900173499 2.08424478873307 4.30389333875111
$end
$temperature
298.15
$end
$mult
 1
$end
$sigma
 1
$end
$pressure
1.00000
$end
$scale
1.00
$end
$msrrho
$end
$freq
11.96
23.68
26.55
39.32
56.07
69.41
79.28
99.87
104.55
111.26
133.39
143.65
148.60
151.12
174.10
187.03
187.65
228.51
246.73
262.56
265.99
279.17
282.24
287.48
298.06
310.70
334.96
346.55
351.05
388.97
392.82
413.65
417.37
436.10
456.82
462.12
473.69
476.26
490.52
505.77
524.47
559.43
567.71
589.30
608.44
633.22
648.81
651.45
656.75
689.58
697.49
726.87
751.01
766.20
815.70
817.82
836.54
857.45
871.29
902.95
948.06
983.46
998.98
1005.19
1011.64
1018.52
1025.96
1027.30
1036.93
1066.06
1088.63
1108.18
1108.84
1115.86
1134.85
1138.63
1146.34
1151.99
1164.82
1171.81
1194.57
1203.05
1214.21
1243.00
1259.79
1265.24
1289.20
1291.52
1295.54
1307.44
1319.15
1323.60
1333.97
1339.20
1342.16
1351.69
1357.45
1375.27
1382.16
1385.89
1386.64
1429.46
1433.70
1454.75
1455.98
1456.86
1461.74
1465.32
1468.27
1514.10
1535.63
1564.54
1606.28
1754.67
1765.71
2921.66
2953.79
2977.59
2997.80
3023.35
3025.03
3025.75
3033.42
3057.61
3060.60
3081.88
3083.41
3084.49
3116.94
3124.41
3472.37
3480.89
3577.54
3626.49
3639.71
$end
