
$molecule
 O 3.15849204865166 -2.28673203219845 -0.17164510164148
 O 4.85771896732480 -0.53492714006815 0.94124481963626
 O 5.17716720289335 0.52149965414863 -2.50233573928695
 O 7.58297536023969 -0.63167256269839 -1.67949365981269
 O -1.74066608752625 -1.71657973102139 -4.76585094063748
 O 2.51643577967381 -0.51630686933033 -5.63964305041469
 N 1.27799627259274 -0.54566175376214 -1.24287198961882
 N -1.23429177405457 -1.48205744060610 -1.99072956199577
 N 1.93379632395064 -0.51152258500348 -3.43342972469726
 N 0.39586846103074 -1.09274421716759 -5.14118643762339
 C 3.61364650310370 -1.22323848560829 -0.96782502457172
 C 2.61573070985522 -0.04542485055228 -0.93906881258307
 C 5.00319280084180 -0.79621007139740 -0.45290754783413
 C 5.55363815787805 0.47290200619262 -1.15232670096156
 C 0.37738367458505 -0.89640806565114 -0.27147852500339
 C 0.99049403740439 -0.75404231427864 -2.56447977566255
 C -0.89910148822062 -1.35575513691904 -0.67832349277753
 C 0.65359959914329 -0.82173201029783 1.10194034768208
 C -0.33588759569461 -1.21052560501018 -2.89011998673668
 C 7.08390736286756 0.52998786373900 -1.03930531808526
 C -0.29508344320308 -1.17625065425552 2.04202814156907
 C -1.85502712344908 -1.70408246420849 0.29077261108409
 C -1.57460441428223 -1.61919290373684 1.63586269202911
 C -0.66702344822968 -1.37405452785098 -4.32791076353726
 C 0.04591864776271 -1.09311095061466 3.50331329097763
 C -2.61128892785055 -2.00095005580943 2.65623008246657
 C 1.69438109134034 -0.68645925356993 -4.77242840665053
 H 3.69004650585891 -1.58822956101014 -1.99997814924034
 H 2.61744487430826 0.45340104112630 0.02995356687406
 H 2.87913076340314 0.66880577433601 -1.72344139511617
 H 5.68966297015787 -1.64414602472644 -0.60199868980695
 H 5.12061188427000 1.35529919421485 -0.66003983082426
 H 1.62999407673752 -0.50279707179642 1.44414943120038
 H 7.45031450467657 1.43792508187872 -1.53931504911455
 H 7.38476333872206 0.55909834981036 0.02085731778167
 H -2.82130663415370 -2.04936991114174 -0.05840287999567
 H 3.37203668830852 -2.08119729949263 0.75255262171580
 H 5.68262666368076 -0.72170219713641 1.40554847329676
 H 5.69631753938022 -0.12228550205453 -3.00811386627566
 H 1.06677396813925 -0.73965024700656 3.64624878183998
 H -0.63385419415001 -0.40888373554300 4.01455507404820
 H -0.05174216174188 -2.07354759773176 3.97320202843229
 H -3.53398024497369 -2.31338803328765 2.16815155665510
 H -2.25221144008645 -2.82300392081077 3.27842512063426
 H -2.83360404887607 -1.15655508902589 3.31148642260692
 H 0.24905686323868 -1.19608137282662 -6.13598038394741
 H 8.52485338448354 -0.53830572023591 -1.86666657607396
$end
$temperature
298.15
$end
$mult
 1
$end
$sigma
 1
$end
$pressure
1.00000
$end
$scale
1.00
$end
$msrrho
$end
$freq
12.83
26.32
31.00
40.28
53.20
59.31
71.29
97.48
102.76
105.27
111.53
113.78
148.02
154.92
169.13
188.15
192.94
194.35
215.02
217.83
234.05
264.32
279.76
284.82
311.88
316.21
329.11
342.76
356.16
386.99
396.38
419.38
423.94
435.16
438.13
454.90
480.07
487.96
500.84
507.84
552.99
565.12
577.55
592.63
609.11
626.96
646.81
651.41
690.34
697.38
708.47
727.74
754.56
766.00
818.05
820.07
856.82
859.71
870.97
912.59
931.89
959.59
995.56
999.22
1012.66
1015.34
1018.91
1027.85
1039.04
1055.79
1094.77
1100.55
1110.02
1125.20
1132.65
1136.13
1137.88
1150.36
1169.12
1171.54
1185.75
1202.05
1220.69
1242.56
1243.52
1256.07
1263.62
1272.88
1294.27
1310.65
1314.05
1320.81
1333.80
1343.54
1343.69
1359.30
1365.96
1374.05
1380.53
1383.59
1388.14
1427.89
1433.37
1458.01
1459.69
1464.58
1467.62
1469.97
1472.45
1512.89
1534.66
1563.53
1607.73
1748.17
1759.37
2937.06
2958.56
2971.14
2990.25
3017.51
3023.63
3024.29
3034.65
3055.62
3058.64
3080.36
3080.57
3082.62
3115.66
3123.67
3484.16
3565.87
3582.39
3647.16
3647.59
$end
