
$molecule
 O 0.87291860079831 1.55399779229134 2.36100264368241
 O 1.43740487412314 0.55675279244478 -0.25369400747991
 O 0.25329795607365 -2.42142529919753 1.48877688322993
 O 0.85580450980132 -3.47107608331326 -1.16352413762030
 O -5.82990944295539 -1.68009367866261 3.66495544143915
 O -2.40406114289245 -3.47110395959682 1.33229404350773
 N -2.24257036340092 1.01375622819011 2.00720009049172
 N -4.51161265264575 0.84011250909220 3.60808162361449
 N -2.37111190143334 -1.21885387992640 1.55726319887112
 N -4.14881719849388 -2.51713285809362 2.41136552179788
 C 0.16216042790044 0.47256053166164 1.80271446947570
 C -1.10386972676930 1.01342792949974 1.09116938502629
 C 1.09454912055227 -0.28692978436275 0.83232258562827
 C 0.50674323060290 -1.62917038042471 0.35094547866001
 C -2.62164556794890 2.10316695647790 2.74873951219021
 C -2.88324602009677 -0.17997003395474 2.16470016158674
 C -3.79477143243500 1.99276570589467 3.53701111193743
 C -1.90117169915285 3.30443630942205 2.77165026022641
 C -4.06710827685050 -0.20835023839524 2.97675229767058
 C 1.49532150565450 -2.36383377561370 -0.57546093638194
 C -2.33462621880844 4.37763384120994 3.52659518331853
 C -4.22887039741046 3.10102998443654 4.28599353890792
 C -3.52433460240172 4.28324098280970 4.28729946021473
 C -4.79371104276786 -1.49924434176578 3.07353483738674
 C -1.52744153848843 5.64366401852948 3.54264179665960
 C -4.00354496725125 5.45296813194863 5.10076306370919
 C -2.93043892574652 -2.45088094331108 1.73264093009847
 H -0.13317830847986 -0.19721810120554 2.62007324288842
 H -0.92423823516526 2.02432692692922 0.72484788338160
 H -1.38096496063845 0.37786775378640 0.24614516850460
 H 2.03025544926468 -0.48378756180877 1.37467862287953
 H -0.42877374385012 -1.45292902438184 -0.20642264247960
 H -0.97211774617908 3.38833191344612 2.22198306686910
 H 1.82106071947571 -1.70094354760062 -1.38480702016357
 H 2.37497091564342 -2.67594510707451 0.00985571277209
 H -5.13253695347278 2.98751445754863 4.87353348758526
 H 1.45873678441245 1.91765094785724 1.67913584019290
 H 0.73621965778699 0.57249532830500 -0.91788775136575
 H -0.62011551183053 -2.85929231523756 1.40404820202088
 H -0.64164487468705 5.54938392835186 2.91541862704040
 H -2.12561258719454 6.48073253937946 3.17798985989647
 H -1.21035930547441 5.87886603366349 4.56020974094801
 H -4.93187148395047 5.20888169468719 5.61612144983724
 H -3.25598468519040 5.73292237128322 5.84529951284895
 H -4.17868649160703 6.31878805128326 4.45957896895156
 H -4.55440650524257 -3.43980239456633 2.49205729456347
 H 0.46495575882015 -4.00901035193530 -0.45974470502454
$end
$temperature
298.15
$end
$mult
 1
$end
$sigma
 1
$end
$pressure
1.00000
$end
$scale
1.00
$end
$msrrho
$end
$freq
25.35
33.35
40.37
49.85
57.94
64.97
75.49
97.25
111.54
115.99
119.68
133.14
149.40
159.09
163.52
180.24
198.11
224.81
236.41
249.21
268.85
284.19
299.59
305.07
316.49
332.84
342.02
354.98
376.10
397.16
398.25
418.45
421.44
427.12
456.77
462.37
484.20
505.17
515.78
518.41
536.83
562.99
569.82
580.65
609.45
614.89
644.35
655.31
690.58
695.76
701.13
726.37
754.95
765.14
822.59
825.12
856.44
867.09
888.40
900.69
926.80
995.33
1006.36
1010.31
1011.46
1019.17
1025.82
1027.02
1039.12
1079.05
1095.06
1112.66
1115.61
1121.85
1139.30
1142.60
1148.70
1152.46
1163.23
1176.07
1196.68
1220.45
1221.14
1241.24
1246.50
1257.08
1265.57
1297.99
1307.07
1311.10
1316.93
1326.44
1328.18
1346.28
1347.18
1356.21
1362.66
1366.08
1381.56
1383.09
1389.55
1431.49
1437.90
1455.01
1458.02
1461.99
1462.91
1466.08
1469.10
1507.16
1531.86
1560.44
1605.76
1714.28
1763.98
2931.21
2945.44
2989.86
3017.40
3024.91
3025.54
3026.74
3030.72
3057.43
3060.23
3075.47
3083.77
3084.14
3116.55
3128.72
3371.16
3481.73
3574.90
3601.95
3622.00
$end
