
$molecule
 O 4.85204285245059 -0.90361781682231 0.85293757187202
 O 2.57913232347639 -3.66792777460375 0.70876460107264
 O 2.59466911769834 -0.17875440884840 -0.42622497887711
 O 1.17700678675271 -3.33216923850735 -1.59458488149538
 O 3.15546882449868 3.83187460110300 4.19273985786345
 O 0.87959407850488 1.04241259419568 1.47410883512489
 N 4.58258749095923 -0.67486201366109 3.46139735782678
 N 5.16642637083450 1.84840019756845 4.48794544012173
 N 2.64566671649963 0.13242267521738 2.56145527859554
 N 1.97900617666523 2.36538342322976 2.94242957350422
 C 4.21024372034833 -2.02289490201065 1.37901278185593
 C 4.14903977142978 -1.97109798211391 2.94703698270284
 C 2.78473660658419 -2.26962995455349 0.79265792613455
 C 2.55710459121365 -1.58009534066261 -0.57669132781685
 C 5.80511891773657 -0.45469493489947 4.04289709490092
 C 3.72333144676546 0.36501535376579 3.26704291083452
 C 6.06932875852577 0.83633641644660 4.56759898529348
 C 6.80417659463514 -1.43349272667995 4.14426639008263
 C 4.05239214263063 1.63565170086874 3.84951446395340
 C 1.20156729082054 -1.98060726962652 -1.20078435062916
 C 8.01582972113741 -1.15893595959563 4.74962729174896
 C 7.30295969068969 1.09419265007914 5.19126346440859
 C 8.27201338774540 0.12271366842019 5.29089911502122
 C 3.05959263644292 2.73004580934729 3.71009407225449
 C 9.06450968119966 -2.23139064121534 4.82378095118560
 C 9.58621898661023 0.42226339128259 5.95608011047650
 C 1.78473430940906 1.15216567946887 2.28006865915620
 H 4.82392732778307 -2.90137708428505 1.11811378142097
 H 3.12060174675182 -2.12060778757020 3.28877317522419
 H 4.76791619015089 -2.75550464099110 3.38078273936402
 H 2.02464826413506 -1.88846646647793 1.48815084524598
 H 3.36679779835879 -1.85276469637486 -1.26830299824318
 H 6.64705221554650 -2.41991924654298 3.72638901873122
 H 0.38781826701419 -1.75441375052871 -0.49374538920420
 H 1.05686854658290 -1.37295386328113 -2.10092907060962
 H 7.46724462757364 2.09114180687048 5.58347570280457
 H 4.18480876581497 -0.24586276166544 0.56998761640162
 H 3.08781867344721 -4.02936760842939 -0.03146918240030
 H 1.85296964267785 0.13360113937806 0.13513072143217
 H 8.71473733421040 -3.15314585692517 4.35994622353068
 H 9.97416392334499 -1.90854195388172 4.31425554747448
 H 9.32138878270960 -2.44036754637071 5.86385704742680
 H 9.60950734213835 1.45029493073158 6.31601913579444
 H 9.74773182645208 -0.24677120023598 6.80331000153074
 H 10.41083449281592 0.28069228040595 5.25501827537427
 H 1.30052197022253 3.08730024391640 2.74053964610442
 H 1.07205927000546 -3.88742213493262 -0.80731301457462
$end
$temperature
298.15
$end
$mult
 1
$end
$sigma
 1
$end
$pressure
1.00000
$end
$scale
1.00
$end
$msrrho
$end
$freq
24.08
32.61
38.52
52.15
63.15
70.37
92.94
110.98
112.05
122.03
138.35
149.30
159.15
163.55
175.34
192.03
211.01
232.18
259.24
270.14
275.36
283.77
312.53
324.35
334.50
341.11
354.35
360.12
388.85
394.26
408.35
425.81
432.41
462.25
472.96
479.31
499.96
509.62
523.79
524.80
557.65
564.50
574.26
603.19
606.25
614.97
642.70
657.38
684.61
695.52
698.33
727.37
755.82
765.46
812.40
824.26
831.37
856.52
869.91
891.40
950.87
995.32
1003.03
1008.77
1011.53
1018.76
1021.55
1027.07
1036.75
1077.00
1100.98
1119.50
1125.74
1134.98
1139.76
1144.68
1151.53
1156.98
1171.07
1186.55
1200.63
1211.15
1231.78
1242.64
1258.15
1265.10
1292.22
1298.72
1306.47
1309.99
1326.82
1329.74
1332.84
1341.22
1346.37
1359.31
1375.97
1381.87
1383.39
1390.41
1391.80
1431.46
1445.70
1455.33
1458.91
1462.15
1462.27
1465.93
1469.51
1508.03
1530.77
1559.29
1606.97
1709.47
1764.14
2943.65
2945.76
2985.77
3002.77
3019.71
3024.88
3025.52
3025.93
3057.44
3060.33
3080.56
3082.73
3084.25
3116.61
3122.14
3357.66
3425.09
3481.92
3594.75
3601.71
$end
