
$molecule
 O 1.44145961335854 2.15443852732751 -1.39411537247413
 O 3.62972446153073 0.47484880644451 -0.16581322316464
 O 3.45252570305202 -1.51926182145568 -2.52883684108553
 O 3.93092430709919 0.61806348790763 -4.31513155480301
 O -0.79222315135313 -5.42837343847732 0.62849805940216
 O 1.55343177285215 -3.66016543252080 -2.79311985469449
 N -0.40355899612089 -0.69527948356566 0.04528031152801
 N -1.21299314427618 -2.82071149102865 1.65602605422881
 N 0.48709392372344 -2.16864871495437 -1.46035114502588
 N 0.27262996515954 -4.49942428163576 -1.13246822592321
 C 1.35122360340212 0.98023842212713 -0.62654486081146
 C -0.04725344410878 0.36949845711492 -0.88891575539632
 C 2.50578131475353 -0.01992184360013 -0.87104175478659
 C 2.84101888094333 -0.25591728432666 -2.36670908060157
 C -0.97587858954586 -0.43571736717830 1.26711214134277
 C -0.16288608113975 -1.98338776632115 -0.34041237443463
 C -1.37720933156956 -1.53508255776247 2.06547062339275
 C -1.17609691889071 0.86139441308832 1.75838363967555
 C -0.62691387750330 -3.04056197791718 0.51567500956668
 C 3.84348625201018 0.77293869869592 -2.91861182570751
 C -1.75482681324774 1.07299608793339 2.99644295803969
 C -1.96975508840292 -1.30143392424379 3.31875180738376
 C -2.16233870084480 -0.02338274476061 3.79206133930030
 C -0.41879026927802 -4.43634896917286 0.05257110356104
 C -1.94294095402750 2.47712621308380 3.49295954533380
 C -2.79350684645395 0.20311801218255 5.13705769684864
 C 0.81342813247165 -3.43497625539863 -1.85789890989384
 H 1.41603554385615 1.30054967802430 0.42267942039087
 H -0.79085974742773 1.16619674119943 -0.82213954310636
 H -0.08505425682673 -0.05422510282066 -1.89616219531667
 H 2.20714056958295 -0.98903408111256 -0.43875965433836
 H 1.91157761251867 -0.20856834229572 -2.96066084679097
 H -0.86621426591299 1.71970825444909 1.17604463782950
 H 3.51806466001725 1.79703989649173 -2.71162427764315
 H 4.82333372239701 0.61314683525203 -2.44212509305488
 H -2.26613072459227 -2.16512814625183 3.90257048866977
 H 1.45791953822790 1.96427252994505 -2.34171950269652
 H 4.36519150769807 -0.14106019546863 -0.29100403446627
 H 2.78683692254556 -2.21980821249254 -2.69101601476008
 H -1.57497400410999 3.20115919785074 2.76687216063703
 H -3.00001213842512 2.67566086289796 3.67868310920990
 H -1.40679543598071 2.62229376041444 4.43248785693894
 H -3.04609302953408 -0.74602045463144 5.60839828922132
 H -2.11090666836271 0.74648390060110 5.79295791275057
 H -3.70481122306298 0.79546827216686 5.03697436136494
 H 0.50786490838530 -5.42194106108777 -1.47337358972149
 H 4.11707078542267 -0.31714510471815 -4.48969299594183
$end
$temperature
298.15
$end
$mult
 1
$end
$sigma
 1
$end
$pressure
1.00000
$end
$scale
1.00
$end
$msrrho
$end
$freq
21.82
33.89
37.54
52.47
56.58
60.06
76.12
98.92
111.71
112.54
134.30
148.50
150.78
156.83
177.42
182.58
209.02
216.89
236.33
270.13
283.75
294.08
306.29
313.51
317.78
334.00
341.01
349.42
362.66
374.91
394.93
402.66
430.68
436.81
453.33
464.90
479.16
505.85
514.30
540.98
559.31
567.52
571.25
588.07
609.15
631.68
649.96
663.44
690.59
696.51
698.58
726.73
749.36
765.38
818.33
822.04
841.39
857.02
869.63
889.74
939.71
981.55
996.62
1007.64
1011.08
1018.54
1026.86
1029.85
1030.48
1065.33
1094.91
1107.72
1113.58
1121.73
1128.71
1140.53
1152.56
1157.06
1163.25
1179.33
1189.59
1213.01
1217.33
1240.23
1267.29
1267.84
1285.57
1294.05
1300.64
1305.71
1312.32
1327.74
1328.60
1344.62
1360.76
1364.83
1371.86
1380.32
1382.21
1384.33
1387.03
1430.23
1441.07
1453.60
1457.43
1460.88
1465.15
1467.65
1468.68
1507.98
1530.79
1559.05
1605.27
1721.46
1765.73
2919.77
2952.85
2955.58
2994.33
3025.38
3026.06
3026.11
3043.52
3058.10
3058.83
3060.97
3084.45
3084.98
3117.08
3126.08
3385.62
3480.37
3589.66
3612.42
3614.26
$end
