
$molecule
 O 0.87176608102424 2.49684839636717 -1.58857314413035
 O 0.77556477720606 -0.82062031051069 -0.06667446677806
 O -1.52796968885134 1.52246128958547 -0.48792542045371
 O -1.61875466682644 2.29540510277289 2.28794286127982
 O 7.16341543111453 0.79289807584851 1.12159568237551
 O 3.70580968871065 -2.08641508737291 1.43411368216461
 N 3.36933329450808 1.14469160294824 -1.77404518157935
 N 5.81787409854526 2.17865756465816 -0.93114791583168
 N 3.52243047293497 -0.50541206946243 -0.18544456852726
 N 5.43993254290159 -0.66278180087102 1.19720838582391
 C 0.87875842049751 1.08331438051633 -1.55672109659966
 C 2.13432020457005 0.51262802664357 -2.24592834304816
 C 0.71946753913219 0.58097856184526 -0.09963328248750
 C -0.64850238507436 1.04361223099904 0.49521440503762
 C 3.86177858730068 2.28861846526062 -2.36185928631001
 C 4.05448239220716 0.54557821483585 -0.75355134415724
 C 5.10813582189386 2.79077878221208 -1.91489125848998
 C 3.18963595056357 2.98170570318379 -3.37902780381843
 C 5.32126515499285 1.11411225636948 -0.37418032465416
 C -0.41174783773006 2.10576096178162 1.58425082815588
 C 3.72481763948046 4.12691638090914 -3.93875598462764
 C 5.64067557290025 3.95431401830852 -2.49707213107725
 C 4.97266984028241 4.62440859046246 -3.49640468473990
 C 6.08868166266858 0.43738550532176 0.70279523335307
 C 2.96533675149705 4.84429472380890 -5.01709786362232
 C 5.55788529893670 5.86860829504733 -4.10313561936998
 C 4.17497178655988 -1.14763250886364 0.83972408611017
 H 0.01247723291204 0.75135662037666 -2.14310755735552
 H 2.20459928861736 -0.55787369517061 -2.03828306315521
 H 2.06450612807613 0.65671750239498 -3.32513904821617
 H 1.54336023422145 1.00789651402011 0.50192419583529
 H -1.13483069062441 0.16937915982851 0.94613383178515
 H 2.22252744137814 2.64023370554718 -3.72372600461526
 H 0.38668480470717 1.76296735844712 2.26394510263984
 H -0.07769644865221 3.04344645079027 1.10510076649541
 H 6.59680795607399 4.30680884609499 -2.12801514423541
 H 1.60053673282360 2.84528398263657 -1.05718108531770
 H 1.70200383270934 -1.10730464655581 0.08302535152527
 H -1.21408427509353 2.37012240593270 -0.83619807041288
 H 2.02466632069669 4.33946954033904 -5.23401386561630
 H 2.74840016915595 5.86926167810970 -4.71103923234793
 H 3.55700384181728 4.88831499926573 -5.93325472503173
 H 6.52008319691248 6.10253223422596 -3.64889840069961
 H 5.70223021407211 5.73884327106931 -5.17720890535688
 H 4.88779061465076 6.71750019526103 -3.95521975963393
 H 5.89554222508286 -1.16326959242357 1.94849352090235
 H -1.51438425148614 2.97809611720165 2.96119164881407
$end
$temperature
298.15
$end
$mult
 1
$end
$sigma
 1
$end
$pressure
1.00000
$end
$scale
1.00
$end
$msrrho
$end
$freq
9.52
26.96
35.83
41.62
54.51
63.53
83.10
92.13
108.35
111.32
115.61
141.26
150.52
151.70
173.67
177.20
187.58
212.49
224.58
253.64
273.92
282.79
291.03
312.50
314.31
336.26
336.99
352.62
373.51
391.68
402.84
409.02
411.97
428.01
450.33
468.34
472.35
487.52
498.26
516.37
544.98
559.17
572.91
586.69
607.78
618.66
647.46
650.83
687.20
695.42
701.42
726.04
747.13
766.35
821.92
831.36
858.41
859.90
871.96
901.86
939.91
968.55
996.43
1002.28
1011.54
1016.96
1019.02
1027.02
1034.50
1079.63
1099.29
1104.04
1115.05
1130.04
1133.13
1140.63
1149.55
1153.18
1162.88
1182.29
1191.27
1207.59
1212.68
1234.24
1245.23
1267.12
1268.26
1285.06
1291.13
1296.36
1302.37
1327.54
1333.26
1343.36
1346.34
1366.92
1373.48
1379.24
1382.15
1385.88
1386.17
1429.14
1436.10
1454.00
1458.00
1461.12
1465.04
1468.90
1482.90
1508.07
1531.40
1559.19
1605.86
1751.44
1765.94
2897.94
2911.69
2927.92
3010.18
3014.96
3025.27
3025.94
3033.52
3057.88
3060.71
3067.31
3084.70
3084.72
3116.98
3135.55
3382.73
3480.90
3592.51
3610.10
3651.92
$end
