
$molecule
 O 0.51582175055043 2.09219122967817 2.89126706870725
 O 2.75749376150843 3.87999866563034 2.40615896815920
 O 3.04843906121824 0.25967081915703 2.20767162797898
 O 5.40344368820324 1.53496761969074 1.77669694145919
 O 2.35488882906747 4.00718517448820 10.02469312008073
 O -1.25865623734934 3.68209180319749 7.34550221071354
 N 2.51215930728514 1.53800437461824 5.92461926785308
 N 3.86195451431148 2.48965229863351 8.16972959979937
 N 0.60895070792646 2.60654765596821 6.60413539230286
 N 0.57774710437855 3.80726073479910 8.64740121524116
 C 1.59681298306733 2.30661404108797 3.77775850850896
 C 1.72299126863458 1.12570853094132 4.76559455289837
 C 2.84830672430108 2.56824418800461 2.91682473171949
 C 2.99454126612024 1.59771170988832 1.72399191250921
 C 3.84535122839403 1.24399966418945 6.08347109473435
 C 1.86021033297367 2.31752784803701 6.84323168235937
 C 4.50700712191561 1.74633257821290 7.23118649109964
 C 4.58275960795933 0.47560587711055 5.17207698271687
 C 2.60293560245039 2.76003267713327 7.99315407815750
 C 4.30567481150596 1.90335089771146 0.97299155056788
 C 5.92861433443586 0.22767856965705 5.36860941806664
 C 5.87459474852993 1.48145187105486 7.41783618875660
 C 6.59222895829402 0.74047845474358 6.50631870254817
 C 1.88019573984847 3.57755058904479 9.00030485420691
 C 6.68337696207003 -0.58168546795983 4.35341658085147
 C 8.05769796198143 0.48168851502548 6.71839567622838
 C -0.10266242367763 3.36996864755218 7.49644903042234
 H 1.41240835040155 3.21893300094886 4.37020789795728
 H 0.71941436296404 0.88267699123720 5.12846662887891
 H 2.15110995989629 0.24079787423167 4.30267930018891
 H 3.75222672185773 2.52805407872573 3.53965328323578
 H 2.13037365325566 1.72570538759335 1.05350130329402
 H 4.10780890210942 0.06732828456989 4.29099276177063
 H 4.31713955697419 1.35203372471206 0.01788150763585
 H 4.37945388950475 2.97580566681582 0.76660698068818
 H 6.34686957144833 1.88717073719359 8.30502480132032
 H -0.32138044469012 2.20920490355037 3.36109015015231
 H 1.88256410844287 4.00138967767244 2.00929244044660
 H 2.79733880866508 -0.35373279373949 1.50678980521978
 H 6.01332313014940 -0.96269131573575 3.58281944326061
 H 7.44786304746826 0.03356119009323 3.87522988689523
 H 7.18302697665048 -1.42730396310011 4.82894376421003
 H 8.40609215660768 0.96661003180410 7.62970663299528
 H 8.24958927646131 -0.58990416494921 6.80008124044448
 H 8.63853928129569 0.86332662600564 5.87681619618870
 H 0.02386422629337 4.36236503199960 9.28554812328570
 H 5.19960374833716 0.67225546307838 2.16984340328490
$end
$temperature
298.15
$end
$mult
 1
$end
$sigma
 1
$end
$pressure
1.00000
$end
$scale
1.00
$end
$msrrho
$end
$freq
14.28
27.11
38.18
52.39
53.66
67.51
76.35
105.77
107.67
113.35
119.21
139.44
151.73
152.95
168.17
183.66
189.12
217.19
235.33
249.98
260.55
277.67
284.95
292.03
314.93
323.31
334.73
349.42
356.97
378.91
381.21
393.01
409.48
412.69
432.46
452.79
478.07
480.08
501.84
540.18
548.56
563.13
578.00
598.54
611.11
634.38
647.68
654.43
674.52
691.17
698.08
727.09
750.72
767.52
818.70
824.05
845.02
857.53
870.36
910.65
933.49
979.40
996.19
1002.15
1011.21
1017.86
1019.06
1027.05
1028.86
1061.08
1089.46
1094.35
1107.89
1108.83
1136.91
1142.60
1147.73
1157.80
1160.35
1168.35
1178.79
1207.15
1209.62
1241.74
1244.84
1263.92
1284.31
1293.46
1302.38
1308.04
1314.78
1326.16
1332.83
1342.29
1347.61
1357.01
1362.41
1375.03
1378.55
1381.45
1386.38
1430.83
1434.27
1455.05
1457.88
1462.56
1465.98
1468.97
1469.28
1511.73
1532.46
1561.56
1606.49
1749.11
1762.32
2930.80
2943.70
2956.31
3006.14
3021.46
3024.31
3025.05
3038.75
3057.55
3060.76
3077.84
3083.83
3116.39
3118.51
3159.22
3482.53
3576.82
3596.25
3614.43
3640.97
$end
