
$molecule
 O -1.82177582195407 -1.42279987570044 -1.22448382181228
 O -1.13773445986123 0.63475100839049 1.59225888555328
 O 1.46423126505357 0.21065507861668 0.41941012157696
 O 0.02723564668515 -3.02253770307684 0.33752759800118
 O 1.46484490857993 4.76306711680644 -4.08837573973571
 O 1.86391643528485 3.30994278216340 0.16589030425252
 N -1.58104720028941 1.56657870723700 -2.24799509346269
 N -0.69398591536931 2.96082582331665 -4.48474650163143
 N 0.10722868260854 2.46227951434843 -0.99832756723967
 N 1.57668973739296 4.05613598766034 -1.94734155088342
 C -1.13819582178652 -0.29488674414123 -0.71419024802027
 C -2.01061930042746 0.93687388279665 -1.00092584046990
 C -0.83596254242260 -0.50134491381466 0.80282034776437
 C 0.67096092622010 -0.78317595658402 1.01487521518697
 C -2.15620148737419 1.31058203146526 -3.46469106630018
 C -0.49105910092407 2.38651329743564 -2.15634702497202
 C -1.70139838296075 2.05134346427061 -4.58326215331592
 C -3.15724060823248 0.34767253046224 -3.65158707320919
 C -0.09830483259191 3.10735910827874 -3.33745984607009
 C 1.11342337175973 -2.10406300362174 0.35812990823287
 C -3.71694020522872 0.13992089018938 -4.89772561833142
 C -2.29261329870447 1.83605706877049 -5.84012790033440
 C -3.29066893254706 0.90305008647751 -6.00990286348301
 C 1.03566658536247 4.05701882039473 -3.20657513359311
 C -4.77745374125067 -0.91087439672573 -5.06533788478727
 C -3.90680879109614 0.68700476929236 -7.36459320206302
 C 1.20896982818432 3.26096954811436 -0.84933278724930
 H -0.18076233542485 -0.15983105525593 -1.24669106252655
 H -3.06205390354577 0.65686163592374 -1.06311634035029
 H -1.88101287217051 1.68840790676521 -0.21790868719065
 H -1.42150628992828 -1.36216603026138 1.16105906386337
 H 0.84421759179549 -0.82311859334542 2.10511966895135
 H -3.47669106490105 -0.26853648604184 -2.82065679092526
 H 1.44948566198876 -1.88697831927268 -0.66724971004606
 H 1.96037259012207 -2.52607188319141 0.91678146908136
 H -1.92796497516464 2.42316123738674 -6.67508901647900
 H -1.35212310331153 -2.22633640556398 -0.93939036700517
 H -2.02694219822110 0.57584513823656 1.96048442942354
 H 1.16375967584210 1.10456206041506 0.66823853461553
 H -4.98041148946217 -1.41332359476954 -4.12013904205309
 H -5.70430226276411 -0.46175482759739 -5.42714748849290
 H -4.46126551643351 -1.65774193550804 -5.79589501366640
 H -3.46688932439597 1.36082857039805 -8.09917810051752
 H -3.74909472810628 -0.34055453021048 -7.69784924629688
 H -4.98298116081755 0.86646669184187 -7.32889788813090
 H 2.38095027773082 4.64998862460768 -1.79736316533105
 H 0.35490048306995 -3.90678912738336 0.13325328948574
$end
$temperature
298.15
$end
$mult
 1
$end
$sigma
 1
$end
$pressure
1.00000
$end
$scale
1.00
$end
$msrrho
$end
$freq
26.54
27.87
40.65
53.33
57.44
62.87
83.82
101.26
106.57
111.46
116.33
141.26
150.52
165.12
170.89
178.71
187.47
211.62
214.55
238.13
249.59
264.72
276.36
283.92
314.62
317.71
345.55
362.05
386.10
396.12
403.27
423.72
429.75
439.81
453.91
458.89
481.03
482.36
494.74
505.67
548.58
561.82
569.42
586.60
608.05
626.92
645.44
652.91
657.15
691.34
696.82
726.94
750.19
765.00
820.40
823.91
844.51
856.27
866.21
921.46
946.77
992.60
999.77
1005.85
1012.37
1018.16
1018.50
1027.65
1032.55
1050.33
1093.56
1105.52
1112.47
1128.35
1137.78
1148.93
1151.05
1157.89
1166.61
1183.08
1198.49
1207.23
1230.10
1239.68
1250.13
1263.11
1264.33
1287.93
1296.26
1313.56
1317.21
1330.72
1334.45
1345.24
1353.85
1356.23
1381.49
1383.23
1384.09
1386.41
1388.63
1423.85
1433.26
1456.81
1458.28
1463.79
1467.49
1469.45
1477.95
1510.69
1534.16
1563.06
1606.43
1740.38
1759.39
2917.38
2938.74
2958.03
2959.74
2979.36
3024.03
3024.67
3034.56
3056.07
3058.89
3080.25
3082.74
3083.04
3115.60
3129.18
3483.49
3495.09
3512.69
3643.44
3653.80
$end
