
$molecule
 O 3.02877095522398 5.01178154302085 1.94950370413169
 O 5.81876769631107 2.78041536665325 1.76325114005356
 O 2.27658347786690 2.45277600741632 1.04541079177806
 O 4.43258548197305 0.37933776889812 1.33212580855407
 O 1.88919199155754 3.50114273951080 8.19251625658517
 O 4.70463782227548 1.00293442786181 5.71045642727902
 N 4.12297160315497 5.33593655182413 4.37713655123486
 N 2.28815516175262 5.68162974613116 6.44782421990548
 N 4.45032962874711 3.16301786950310 5.02671721923804
 N 3.32687696933007 2.30368138052348 6.92974139348115
 C 4.38629138498210 4.62663633039935 2.00279871804351
 C 5.08696071804250 5.10332760743518 3.30509798596180
 C 4.45000106624233 3.09417555777175 1.88758223957088
 C 3.63268014856592 2.58789080314181 0.67127413546743
 C 3.45833934960886 6.53080614341571 4.49908040126208
 C 3.84391058525926 4.29873692169484 5.22758528698633
 C 2.53552596582319 6.68423695559490 5.56110280888172
 C 3.64878894577675 7.61031672507622 3.62170876473585
 C 2.90299925301442 4.54885859987038 6.29136020559792
 C 4.12973793988264 1.20273507793420 0.22609579544410
 C 2.95724689878303 8.79765990221009 3.78549034151067
 C 1.84412066312033 7.89665126096360 5.71530377924013
 C 2.03934348022729 8.94918090254299 4.84850969871502
 C 2.63251983525427 3.43943467637239 7.24241083628531
 C 3.18943263921073 9.92625376958661 2.82147642800674
 C 1.28651035264527 10.23755201495938 5.03152080801326
 C 4.21038003666453 2.09298507180793 5.85492971543857
 H 4.94028930905439 5.05570704995858 1.14863032517464
 H 5.77967002840484 4.32727868125557 3.64370188728576
 H 5.65039990887524 6.02175571684781 3.13243531352834
 H 4.02866207351302 2.63739330677383 2.79733551703027
 H 3.73126650858724 3.29123192657633 -0.17616502876324
 H 4.34928325711979 7.53070767164239 2.79932384509087
 H 3.35987516290130 0.74200546314492 -0.41084280201963
 H 5.05248329662942 1.31286149692891 -0.35365512467220
 H 1.14676999946729 7.97497878804098 6.54131356580440
 H 2.94089834627739 5.97353233582280 1.91546809391616
 H 5.91895104139593 1.82465788987766 1.91494946591995
 H 1.96991161780723 3.30092176027172 1.40439793443337
 H 3.91841698378526 9.64782099480236 2.06089213063265
 H 2.25663928857654 10.20120721554168 2.32582424038170
 H 3.55784313461293 10.80715648093071 3.35027036211146
 H 0.63039922957667 10.17912259839965 5.89927400193677
 H 1.97922620107695 11.06890378758951 5.17486350446044
 H 0.67929959582286 10.45490074812152 4.15078327185881
 H 3.18180266387351 1.50043147439993 7.52640738991614
 H 3.64150930134523 0.28552989095235 1.88116364457358
$end
$temperature
298.15
$end
$mult
 1
$end
$sigma
 1
$end
$pressure
1.00000
$end
$scale
1.00
$end
$msrrho
$end
$freq
9.21
28.16
31.79
38.46
58.43
62.09
74.08
101.96
104.88
107.16
112.11
126.85
149.28
153.88
168.70
185.11
209.95
221.60
229.49
252.89
272.80
283.17
295.10
314.87
323.83
336.73
347.79
362.74
386.81
394.52
399.07
407.85
416.34
424.92
449.10
462.76
472.56
480.72
496.20
513.86
547.73
559.93
574.82
603.86
610.23
645.37
646.72
649.17
686.76
696.15
704.69
728.26
747.43
766.24
816.22
818.58
858.42
861.41
878.13
890.51
933.98
964.57
989.54
1003.21
1004.67
1012.02
1018.04
1027.63
1036.19
1063.21
1090.28
1102.37
1104.46
1108.25
1137.95
1145.53
1149.54
1156.51
1170.40
1178.33
1206.76
1208.93
1228.42
1241.05
1244.06
1265.13
1287.03
1293.85
1302.80
1307.42
1318.40
1334.25
1336.43
1340.12
1342.86
1354.01
1363.53
1373.33
1376.60
1382.86
1386.50
1430.84
1438.15
1456.12
1459.06
1462.66
1462.68
1465.89
1469.08
1515.55
1537.40
1565.69
1606.28
1752.01
1763.63
2899.96
2914.23
2961.68
2963.86
3024.52
3024.63
3025.35
3033.66
3057.03
3060.22
3060.25
3081.20
3084.45
3114.96
3116.93
3481.89
3539.48
3570.83
3611.57
3612.50
$end
