
$molecule
 O 3.01642345255068 2.41289735656015 -1.30528504904212
 O 2.04923106824772 0.77916117645515 0.71083984450026
 O 5.43324950822909 -0.29379364207628 0.20254627117715
 O 5.53407413538500 1.55458719166703 2.63046782640000
 O 8.27332366815235 5.07718426075809 -2.55007009097380
 O 7.76876848059738 1.67915272822332 0.39403527950037
 N 4.78770885925072 1.82478151594167 -3.02308609603649
 N 5.95793608590001 4.19491414296251 -3.92871869497060
 N 6.37984676372403 1.68017326180104 -1.38771742431601
 N 8.02039310945042 3.34747306471739 -1.12214674336408
 C 3.04108249292105 1.00457977311964 -1.45151311703460
 C 4.17576023662127 0.62867408420019 -2.44131760858659
 C 3.16387206145854 0.34508852205667 -0.04292205883657
 C 4.50713696622265 0.68680215214161 0.63715146276111
 C 4.20740879069319 2.51277694201087 -4.05774733492826
 C 5.89444824108529 2.33356878196816 -2.40743436110982
 C 4.83456773099306 3.69958376431168 -4.51309341404621
 C 3.02576423217590 2.09615192701380 -4.68709277239513
 C 6.46051321881346 3.55336350192203 -2.91483434368587
 C 4.49939903291760 0.71152428116997 2.17879976537234
 C 2.48479926596242 2.81225907878631 -5.73820021830849
 C 4.27396702937357 4.41198059495060 -5.58764704162238
 C 3.11890759621180 3.98762388054475 -6.20389645926146
 C 7.65995511336677 4.09088173264153 -2.22156733332001
 C 1.21417805194376 2.33544137125480 -6.38171598687881
 C 2.53593513635743 4.76726688276688 -7.34944658848174
 C 7.40266771379156 2.18986682453459 -0.64834667705495
 H 2.07832320581496 0.67124255838812 -1.87992224059469
 H 4.97108458133722 0.07773807832909 -1.93520174689372
 H 3.78533791141489 0.00242735516284 -3.24592951834802
 H 3.07523229392802 -0.74498215484474 -0.14329520471595
 H 4.81933933458428 1.68760629792175 0.29518791054648
 H 2.51287060586942 1.20566531738921 -4.34591968117579
 H 3.56028306132715 1.11848724426369 2.57165337485796
 H 4.62376234285375 -0.31546138712989 2.55682980549342
 H 4.78149838128952 5.31352438757036 -5.91075915504538
 H 2.23257039231242 2.65081679864075 -0.79178669353666
 H 2.20088903110546 1.67339903118815 1.04515363850930
 H 6.32424687930937 0.10381004911530 0.20625321243028
 H 0.85450749909275 1.42267731373468 -5.90764119289996
 H 0.43804882799397 3.09868614189448 -6.30128569343738
 H 1.37688145826755 2.13613774879424 -7.44247884961283
 H 3.15212583687455 5.63679687478904 -7.57572691310365
 H 2.47198356153812 4.14425181795069 -8.24348023742728
 H 1.52823358621925 5.10928276046366 -7.10621094579790
 H 8.79674282887150 3.69155364403038 -0.57368468916636
 H 6.35426033757821 1.36777896995953 2.14330278446266
$end
$temperature
298.15
$end
$mult
 1
$end
$sigma
 1
$end
$pressure
1.00000
$end
$scale
1.00
$end
$msrrho
$end
$freq
21.59
32.72
46.92
55.68
57.17
64.19
87.30
99.41
108.64
112.03
127.93
149.80
150.66
163.04
178.81
192.19
205.96
230.86
233.23
250.83
272.58
284.44
298.24
310.49
317.84
336.91
352.33
362.30
392.73
393.44
402.22
406.04
423.39
442.84
448.72
473.01
477.06
481.08
494.62
511.42
534.83
560.01
577.63
597.65
610.27
638.77
648.84
650.65
675.42
692.46
697.88
727.22
744.88
765.03
815.04
827.05
852.29
857.04
870.18
902.40
947.48
973.00
995.03
1007.33
1011.70
1014.61
1019.32
1027.26
1041.02
1080.30
1104.35
1114.27
1115.84
1129.78
1139.00
1147.86
1152.41
1154.75
1164.80
1171.75
1186.87
1210.35
1220.40
1242.34
1249.72
1266.07
1284.47
1294.70
1299.10
1309.87
1314.03
1326.26
1334.38
1345.04
1348.08
1361.18
1372.13
1378.25
1381.87
1383.13
1388.75
1431.34
1440.35
1455.93
1458.80
1462.65
1466.22
1467.02
1469.45
1511.74
1536.19
1566.38
1607.53
1708.54
1761.55
2907.33
2946.33
2952.99
2998.56
3015.16
3024.66
3025.30
3039.69
3057.10
3060.05
3073.19
3082.06
3084.02
3116.34
3122.35
3483.10
3485.23
3538.11
3616.95
3621.63
$end
