
$molecule
 O 3.44024033240694 1.15743658195499 -0.53803667351436
 O 5.02181092539394 -0.69596243970627 2.12460394107766
 O 2.10575714385355 0.30583904554001 1.75530301219074
 O 4.20872001525072 3.13837004410968 2.72957268002169
 O 7.80581230840129 -5.30010429317858 -0.13461999736371
 O 4.23084255643918 -3.84046512184465 -2.46427913939489
 N 6.64184353218583 -0.65808767782201 -0.25401675812404
 N 8.32136459514637 -2.65178543508357 0.72626106364341
 N 5.40835316330700 -2.22635523480038 -1.36704607877143
 N 6.02976423933099 -4.51198644204729 -1.28320107010084
 C 4.33994765510368 0.20744325596534 0.00494582260165
 C 5.66950875614126 0.29677837106053 -0.77526637079354
 C 4.54316065269023 0.48341926885447 1.51402670080998
 C 3.25492046586815 0.96400508803889 2.22716211899150
 C 7.66544330854146 -0.31537239491874 0.59544303578098
 C 6.42855210604254 -1.96665609438113 -0.59322467661808
 C 8.49951347039308 -1.35179210427819 1.08279163741996
 C 7.93284885076083 1.00005125834997 1.00095101148369
 C 7.34128740846144 -2.94947606549975 -0.07384164920153
 C 3.09976302435336 2.49709415923351 2.13397307196751
 C 8.96702712537259 1.28498155552787 1.87321406487132
 C 9.54949921683996 -1.04441203621603 1.96487544452442
 C 9.79029759593241 0.24883324270644 2.36960684823731
 C 7.12104258785833 -4.36300879258766 -0.47023397895862
 C 9.20667941539313 2.70712789890501 2.29264574486260
 C 10.91261588143801 0.55376010708565 3.32224201071514
 C 5.15302359418095 -3.51823194350315 -1.75541623345073
 H 3.92897491983087 -0.80934524589155 -0.10900889386013
 H 5.47945179559078 0.03295843517659 -1.82074464132792
 H 6.06199958918990 1.31210574589967 -0.73336635499821
 H 5.31996335128035 1.24612336586384 1.66336236452857
 H 3.35687308517816 0.69120955635240 3.28858519758948
 H 7.32781099002735 1.82130563638326 0.63829701713372
 H 3.07000782396813 2.81786245663049 1.08867100571263
 H 2.15696099618505 2.79133139060505 2.61930087764163
 H 10.16270213295207 -1.86502008578464 2.31893447015009
 H 3.21217885870676 0.91354150750590 -1.44487493890512
 H 4.30036637508067 -1.33829198817129 2.18857536627564
 H 1.96251046989005 0.54660961200757 0.82590482290462
 H 8.48764149705548 3.37895657009174 1.82498183430857
 H 9.11779587495275 2.80260505661955 3.37633019706474
 H 10.21307495374771 3.02271341584127 2.01147971183735
 H 11.44166364844639 -0.35802316315052 3.59758046983549
 H 11.62453386845541 1.24507996087009 2.86740101188594
 H 10.52667712634663 1.01948701437034 4.23095778731015
 H 5.81641895841282 -5.45072916407582 -1.59202996101547
 H 4.20591275761640 2.99214712139172 3.68405207302039
$end
$temperature
298.15
$end
$mult
 1
$end
$sigma
 1
$end
$pressure
1.00000
$end
$scale
1.00
$end
$msrrho
$end
$freq
12.10
23.34
29.87
37.74
54.64
57.70
87.25
104.44
107.29
110.13
110.74
142.96
145.58
152.70
180.33
188.68
218.10
232.41
242.80
266.62
280.01
282.56
295.25
307.00
311.84
323.39
335.83
348.46
363.35
374.29
396.07
398.68
413.11
425.98
449.89
459.12
476.98
478.93
492.07
504.45
538.12
561.67
567.75
588.58
608.20
625.99
638.18
648.30
657.36
691.54
698.26
727.34
750.57
766.29
809.35
818.07
822.60
857.42
870.97
907.05
969.87
994.96
998.61
1007.82
1012.00
1018.41
1021.26
1027.45
1036.89
1071.34
1090.23
1111.40
1113.07
1122.06
1128.27
1137.45
1142.47
1151.56
1170.08
1172.32
1197.20
1207.69
1214.15
1244.64
1263.71
1272.04
1284.99
1293.73
1301.07
1306.70
1309.95
1326.53
1332.94
1343.21
1354.72
1358.92
1374.83
1379.78
1382.89
1387.33
1387.53
1431.39
1438.15
1455.58
1458.45
1462.76
1463.91
1466.45
1469.30
1512.14
1532.76
1562.08
1607.24
1748.99
1761.90
2951.00
2958.13
2974.64
3001.72
3014.19
3024.44
3025.17
3054.14
3056.77
3059.76
3080.34
3082.89
3083.56
3116.28
3122.63
3482.73
3566.70
3599.80
3617.98
3634.72
$end
