
$molecule
 O 1.41980353349249 -1.30294871688497 -0.21929187623143
 O 2.65398227805931 1.37445681460162 0.37154509058973
 O 4.35248705210168 -0.29782411110265 2.54491438234218
 O 5.57732922913955 -1.49877101982137 0.44691221508365
 O -3.56829440583291 2.57353892154586 4.38762567417206
 O -3.48328585753817 0.80144766439918 0.24269029017456
 N -0.03162236412018 -0.34366118886474 3.00430789498522
 N -1.12210457660740 1.28560829580598 4.98634144071002
 N -1.74024057916995 0.21422920199031 1.59228089610328
 N -3.47835558515765 1.64869528470386 2.33040564505763
 C 1.12346264798936 -0.38336656119972 0.81201844419975
 C 0.43800262645406 -1.20182755714890 1.91932385326864
 C 2.40514576198329 0.32821688951526 1.29557998303768
 C 3.59803909343581 -0.65037022744280 1.39726286062296
 C 0.63541195599000 -0.19451888794681 4.19832339602314
 C -1.19273302831067 0.34548853859392 2.76889574791565
 C 0.05739763577044 0.63829818448497 5.18744282208812
 C 1.86409680531992 -0.80632020416919 4.47948370352463
 C -1.71680437457755 1.15441480350542 3.83854665315199
 C 4.50689655010116 -0.61280227440907 0.16343741137507
 C 2.51426476757733 -0.59352372438898 5.68088929660808
 C 0.71558967494846 0.82011155224180 6.41576740817780
 C 1.92903873505228 0.22315148118334 6.67447320203661
 C -2.99499773646430 1.86874097771263 3.59111776178665
 C 3.85440449284536 -1.23108144422288 5.90749963366464
 C 2.62364337197633 0.44469578197955 7.98918454104614
 C -2.91691181822683 0.86374101518530 1.30538304134746
 H 0.41726103081683 0.38124330874275 0.45204155466326
 H -0.44074659087723 -1.68196280990369 1.47817936223928
 H 1.10232893409524 -1.97437687237865 2.30565206851344
 H 2.22587311883288 0.75491831427417 2.29599835276291
 H 3.21987076866100 -1.68218115361126 1.50623226103806
 H 2.34314351551356 -1.43996660637527 3.74614463808827
 H 3.94167136137378 -0.93421841160662 -0.72317229494270
 H 4.88647360152474 0.40646200946566 -0.00307082761448
 H 0.23840837860999 1.45902258737260 7.14987912484508
 H 1.45330970773427 -0.83670484112219 -1.06487188397110
 H 3.27503144549475 2.00801118381356 0.75419051041774
 H 5.22141445750655 -0.71978841532542 2.44691145697851
 H 4.20863961874845 -1.71433761041296 4.99734762181495
 H 4.58661052781223 -0.48061823108591 6.20928606048490
 H 3.79272909821172 -1.97787756161943 6.70159087861594
 H 2.01228877146000 1.05971753686196 8.64880071088324
 H 2.82060422156843 -0.50815078319816 8.48362824455311
 H 3.58073847403519 0.94694909975850 7.83536422912074
 H -4.34591115673891 2.10779348354574 2.08798300129061
 H 6.19762382938265 -1.51637571704393 -0.29185348264277
$end
$temperature
298.15
$end
$mult
 1
$end
$sigma
 1
$end
$pressure
1.00000
$end
$scale
1.00
$end
$msrrho
$end
$freq
20.06
32.35
35.72
43.17
55.02
65.27
68.71
92.91
102.92
104.86
107.47
132.60
145.87
148.93
175.39
196.29
201.21
216.63
223.98
231.63
242.73
271.09
278.85
282.75
295.44
311.05
315.08
325.09
347.97
357.66
366.37
397.45
402.80
422.39
434.24
456.48
471.84
480.41
503.34
512.00
555.84
562.69
571.41
585.96
609.19
628.76
648.05
654.35
688.90
694.75
697.90
727.32
751.52
767.02
818.53
826.63
837.32
857.81
869.92
888.57
962.12
984.28
998.53
1002.65
1012.11
1019.22
1021.21
1027.48
1029.14
1058.00
1088.46
1102.99
1105.59
1120.48
1135.29
1142.90
1146.92
1160.95
1166.19
1171.28
1183.49
1196.11
1211.07
1242.68
1262.37
1264.92
1283.14
1290.30
1293.29
1297.45
1307.83
1312.84
1333.82
1342.01
1352.65
1366.28
1371.97
1377.44
1382.34
1386.45
1387.87
1430.40
1434.48
1452.54
1457.92
1462.14
1466.28
1469.31
1471.28
1513.45
1535.14
1563.73
1606.54
1751.55
1762.79
2924.02
2948.90
2960.05
2963.59
2978.24
3023.70
3024.51
3025.03
3057.56
3060.84
3077.59
3083.42
3084.29
3115.93
3147.22
3482.38
3562.90
3629.23
3631.92
3647.95
$end
