
$molecule
 O 5.19712532981041 -0.18166794084725 -3.31143835963585
 O 3.72986792184207 -0.26131634363217 -0.50630394614011
 O 1.05428963933648 -0.07267470486322 -0.98637498249383
 O 2.02654453263098 -3.05249901150519 -2.82127491391755
 O 3.15983730759864 -7.87861885706638 -2.04824835980788
 O 2.62859449845131 -4.81212869896490 1.21212514401302
 N 5.01783679209042 -3.48471002265859 -2.45497991876849
 N 4.63786380612930 -6.01876823301501 -3.56096929859088
 N 3.87280018471280 -4.13933026659281 -0.57317285260701
 N 2.96839235575056 -6.32361751962577 -0.42459807743831
 C 4.30931190669153 -1.09683004536268 -2.69731434987612
 C 5.11186397116251 -2.14193222056844 -1.87776853773917
 C 3.28863514473586 -0.29245410145190 -1.85185436974446
 C 1.82174923651353 -0.79837908838587 -1.92735113385627
 C 5.56956866873413 -3.78210947475970 -3.67849086878333
 C 4.33071451904034 -4.44299016978975 -1.75813341650958
 C 5.35635291703942 -5.07183823245688 -4.22094845644461
 C 6.34836533417970 -2.87313251732600 -4.40799330946404
 C 4.16124277878080 -5.72859136983837 -2.38766459054415
 C 1.65108980396360 -2.30783048833613 -1.67806901462006
 C 6.87932337612072 -3.21217916039940 -5.63837141587575
 C 5.89949645654904 -5.40026257085580 -5.47466246937481
 C 6.64890828275260 -4.49329559755666 -6.18929062235772
 C 3.39509989087940 -6.76240229299062 -1.64809960311703
 C 7.70553464885784 -2.20527088423732 -6.38708087419509
 C 7.21931571499970 -4.86379143361785 -7.53035918390858
 C 3.13846099397724 -5.04885970508786 0.14227150296516
 H 3.78516451278618 -1.60075670524845 -3.51926723680948
 H 6.16266248787055 -1.84278370426791 -1.84068914988576
 H 4.74016166714900 -2.21544513506950 -0.85387295791725
 H 3.28378686721009 0.73726846792551 -2.25273581931408
 H 1.42136231861009 -0.55176482570373 -2.92154436653793
 H 6.54838453214649 -1.88711249782198 -4.01217712482247
 H 2.29345667624726 -2.62581697512575 -0.84986602890218
 H 0.60424927277134 -2.50711863078351 -1.40795846626062
 H 5.71043327905898 -6.39627870846558 -5.85813758627586
 H 5.61725341101592 0.36779229966714 -2.63592316270067
 H 3.16669559309933 0.34974915396030 -0.01115040809307
 H 1.20067799550113 -0.43244814166225 -0.10079547194366
 H 7.78502472156389 -1.27361261655017 -5.82787531445372
 H 8.71059680622102 -2.59277587783663 -6.56413159365353
 H 7.25482206609778 -1.99079448706212 -7.35785113398599
 H 6.94378084178402 -5.88365207206586 -7.79716320840594
 H 6.84718851495132 -4.18954957939034 -8.30406637605749
 H 8.30843942577538 -4.79031399818431 -7.51711673827893
 H 2.42262135131145 -6.96979940679897 0.12873956165450
 H 1.30902764549946 -3.05717160772308 -3.46693713852379
$end
$temperature
298.15
$end
$mult
 1
$end
$sigma
 1
$end
$pressure
1.00000
$end
$scale
1.00
$end
$msrrho
$end
$freq
18.26
28.38
42.17
44.62
53.90
61.02
76.60
103.75
110.39
118.15
138.84
145.06
150.35
170.50
179.74
194.92
199.80
212.42
237.39
247.06
264.55
267.25
272.95
280.67
290.80
316.50
335.74
350.80
354.81
375.45
393.25
395.08
401.31
424.53
430.25
451.82
469.41
481.04
507.84
511.22
545.22
561.76
575.04
605.64
609.07
642.11
646.73
667.60
669.82
692.41
697.57
727.86
747.24
767.95
819.36
833.70
857.07
860.08
869.04
905.68
941.88
961.61
994.41
1001.76
1012.57
1018.62
1025.65
1027.73
1036.53
1053.06
1086.49
1093.11
1117.40
1120.73
1130.79
1138.74
1144.96
1154.63
1166.26
1173.08
1185.05
1194.04
1222.76
1241.58
1259.75
1269.29
1292.92
1295.84
1301.16
1312.35
1320.31
1329.53
1333.69
1341.41
1342.34
1360.60
1375.47
1378.95
1383.16
1384.05
1387.15
1424.61
1431.88
1451.42
1456.71
1458.96
1463.76
1467.13
1469.42
1511.90
1533.41
1561.76
1607.49
1742.71
1758.37
2915.49
2968.03
2980.20
3019.84
3023.95
3024.61
3025.52
3038.70
3055.97
3058.81
3067.28
3082.58
3083.11
3115.48
3154.28
3485.12
3610.15
3614.23
3616.19
3639.67
$end
