
$molecule
 O 4.33811352784815 5.05276942258524 1.48370561459040
 O 4.59827826933323 2.28487744276093 -0.86970130625842
 O 1.94937035382318 1.96725743112165 0.28811033643645
 O 2.71738951667296 5.31891788718124 -0.84224794552684
 O 9.36816583112559 0.96819688845516 -3.14181155083603
 O 7.35553394681374 5.00008236321652 -3.28337665777733
 N 6.97304739210272 2.68320808884629 0.62917486760336
 N 8.31660167118446 0.54451509966862 -0.54519440120160
 N 7.17610821038726 3.88755367025798 -1.30229873671775
 N 8.38498615762359 2.99980013247472 -3.13673581583661
 C 4.97133052678759 4.18502676844154 0.57152225320944
 C 6.35436061081856 3.88398727101250 1.18359087689910
 C 4.14074129989171 2.90132644264396 0.31163674417395
 C 2.62338812422396 3.20754801044046 0.25739426203991
 C 7.07708485186066 1.49786441805103 1.31431758872662
 C 7.42642746067453 2.77782058011102 -0.65725445291775
 C 7.76808873112367 0.42794392970399 0.69318902192697
 C 6.53285170317681 1.28755852143396 2.58991730615072
 C 8.14430975594434 1.65521758225959 -1.19834469041226
 C 2.23005257945233 3.99580940406237 -1.00179158453566
 C 6.66241640547509 0.07014870466138 3.23197536871973
 C 7.89913917551842 -0.79988936787013 1.36425983385541
 C 7.35918966694525 -0.99400823133421 2.61518822883286
 C 8.70455878650124 1.79685251695057 -2.56525566710659
 C 6.04958396906890 -0.11627388680826 4.59064356060786
 C 7.50267155653396 -2.31906436671938 3.31073983395893
 C 7.60773506370245 4.03942246075071 -2.59622501304827
 H 5.11811078209772 4.69390616888915 -0.39518723227024
 H 7.01955938325960 4.72474684519180 0.96463115055217
 H 6.25483568718719 3.79031112960978 2.26431748023607
 H 4.28762966510801 2.17412603591170 1.12307675454594
 H 2.35605608531865 3.80441617269447 1.14683797915292
 H 5.98350166516653 2.07610514653111 3.08842948698423
 H 2.65721251186875 3.51846096499598 -1.89580918718327
 H 1.13291805235155 3.99435983909471 -1.09870652034261
 H 8.43475387550936 -1.59365312649094 0.85650681124469
 H 3.72040918897635 5.61658259599549 0.98892940332746
 H 4.83149768880495 2.94679230770401 -1.53692017149719
 H 0.99893899890187 2.09743477502410 0.39436411876921
 H 5.55090436627991 0.79379740770757 4.92273002940004
 H 5.31787063070060 -0.92593263614859 4.56886366445964
 H 6.81670455256437 -0.37957384362483 5.32116313346170
 H 8.06947500938121 -3.01687914421910 2.69523707623775
 H 8.01952053366201 -2.19746733024098 4.26451913771008
 H 6.52159436626353 -2.75258304111935 3.51369742756497
 H 8.70883103854368 3.15514594850312 -4.08171721101839
 H 2.60252377343925 5.82115259963388 -1.65837520689368
$end
$temperature
298.15
$end
$mult
 1
$end
$sigma
 1
$end
$pressure
1.00000
$end
$scale
1.00
$end
$msrrho
$end
$freq
18.51
27.68
28.93
41.85
53.89
55.52
89.98
102.62
106.57
111.24
122.10
144.23
147.81
153.88
176.51
185.10
200.93
228.07
228.54
241.46
264.74
277.71
281.09
285.23
288.94
306.07
314.10
331.25
339.66
352.88
390.52
393.92
412.03
423.02
436.24
448.49
470.34
482.04
488.04
506.73
534.38
559.21
569.41
590.18
609.54
630.80
637.03
648.11
657.31
691.23
697.89
727.45
751.68
766.05
813.75
820.44
830.49
857.07
875.03
909.51
974.01
978.47
1002.41
1003.50
1012.00
1018.85
1027.45
1028.82
1033.07
1067.01
1095.33
1112.16
1118.14
1128.75
1134.10
1140.27
1150.57
1154.95
1174.15
1178.83
1185.69
1205.12
1222.17
1231.63
1244.46
1264.46
1271.25
1293.36
1295.58
1307.80
1318.93
1332.06
1333.54
1343.61
1352.66
1363.76
1372.82
1380.49
1382.92
1387.64
1389.53
1431.09
1436.12
1456.16
1458.75
1463.03
1466.49
1469.38
1485.02
1510.76
1530.86
1560.00
1607.20
1746.85
1761.63
2930.75
2947.50
2953.01
2968.75
2986.76
3021.19
3024.42
3025.10
3056.77
3059.74
3082.25
3083.52
3084.11
3116.35
3123.15
3483.37
3556.06
3589.38
3637.99
3638.29
$end
