
$molecule
 O 6.37023383004591 -1.72703475361287 -0.95878538608844
 O 3.21021375898980 -2.81184638361778 -2.34151448125785
 O 3.54822901965214 0.25710682038932 -2.05579955553649
 O 4.97773773443490 0.48802492027544 0.18468569056019
 O 5.20058103718824 -0.59111195604312 -8.54515252386897
 O 2.05709969125330 -1.85961468628406 -5.56653984906243
 N 6.40093891338264 -2.29291809280374 -4.23963040002912
 N 7.21832811524430 -1.16244482237500 -6.64595856633780
 N 4.20999405461236 -2.09002320004883 -4.87695413317131
 N 3.66793197524241 -1.26318979772151 -7.03022841752840
 C 5.44045038406715 -1.83634624997978 -2.02520609398226
 C 5.89478513296549 -2.92542570774268 -3.02312946007627
 C 4.01072929095311 -2.07810207705326 -1.46099772198476
 C 3.30819648697128 -0.73639797042092 -1.08615004285482
 C 7.72754500562431 -1.98679354342455 -4.42055183184089
 C 5.47068077521327 -1.91433968544953 -5.16849391696206
 C 8.11956855342904 -1.43463885478044 -5.66376887876627
 C 8.70221472516618 -2.18339459598503 -3.43329648317919
 C 5.95676457851467 -1.36598286963460 -6.40765101729851
 C 3.74911419893660 -0.19497414089855 0.29098180333280
 C 10.02837358801792 -1.87263091357262 -3.67145869539095
 C 9.47349040035172 -1.13743022126253 -5.89381339715909
 C 10.42728879048346 -1.35264017811214 -4.92433122357010
 C 4.95106464756524 -1.02827696968665 -7.44761252959769
 C 11.04290739788073 -2.08295724551673 -2.58407565579484
 C 11.86980273083120 -1.02281213869292 -5.18984293982869
 C 3.23776667686906 -1.75130368741273 -5.78761245421298
 H 5.46659162033105 -0.86846321751348 -2.54241537661037
 H 6.67218386932577 -3.55106777710300 -2.58367065379796
 H 5.05751646305201 -3.56367904536710 -3.31679105436648
 H 4.10356762595917 -2.69109503893008 -0.54882994613332
 H 2.22843358769260 -0.94763144724155 -1.06776009089143
 H 8.41944091527522 -2.55413130761160 -2.45589393202359
 H 3.01452367648329 0.53980164285730 0.63912331589271
 H 3.80313156429273 -1.01211575799929 1.02806867532311
 H 9.74014761457313 -0.72155567127909 -6.85849500392171
 H 6.34022774754819 -2.51634107035821 -0.40140932402846
 H 3.13829164478193 -2.35361534944183 -3.20734806331439
 H 4.18962303207507 0.88666343817764 -1.68295251264732
 H 10.57350305524957 -2.47654788886393 -1.68302152225531
 H 11.81129268621028 -2.78551950128301 -2.91194091596725
 H 11.53599939719632 -1.14109393714397 -2.33691547665518
 H 11.99700817323068 -0.64138905449428 -6.20241889640555
 H 12.22530971292653 -0.26715493200988 -4.48681548147246
 H 12.49360096424147 -1.91071214338220 -5.07161139513362
 H 2.92791722704894 -1.03597986062567 -7.68067037597295
 H 5.68153492862865 -0.13669507892836 -0.06467480813059
$end
$temperature
298.15
$end
$mult
 1
$end
$sigma
 1
$end
$pressure
1.00000
$end
$scale
1.00
$end
$msrrho
$end
$freq
17.36
21.31
33.63
43.33
51.55
59.61
102.17
109.51
111.44
116.01
142.74
150.07
151.17
162.84
180.06
185.37
218.64
235.16
244.95
272.90
283.52
293.73
313.82
314.76
339.05
347.38
362.91
377.56
393.60
405.82
408.32
417.92
435.53
451.18
463.85
484.75
501.56
508.06
520.95
542.97
558.05
565.20
581.51
603.00
616.92
627.04
647.38
655.08
690.68
696.61
709.51
726.62
745.35
766.02
820.27
823.92
846.65
856.80
870.03
923.51
944.79
950.11
993.99
1002.57
1011.81
1017.40
1018.85
1025.02
1027.40
1077.50
1094.24
1104.53
1115.82
1132.89
1138.69
1144.64
1157.72
1158.99
1168.82
1179.45
1184.82
1208.29
1217.17
1237.07
1244.13
1265.48
1292.92
1295.26
1304.35
1306.91
1317.93
1329.06
1333.21
1343.29
1356.12
1358.70
1363.65
1378.89
1382.63
1386.73
1392.85
1431.50
1432.21
1455.92
1458.65
1462.63
1465.72
1466.32
1469.08
1511.59
1534.33
1561.92
1606.01
1750.99
1764.48
2941.07
2945.04
2972.47
3011.96
3023.18
3024.65
3025.30
3033.13
3057.07
3059.99
3072.94
3082.55
3084.03
3116.76
3125.14
3378.03
3482.08
3507.13
3522.31
3609.74
$end
