
$molecule
 O 5.61990600425558 -1.68569686695831 1.19926590200345
 O 3.80527624620262 1.26914476289982 0.12116053438729
 O 3.16506921280851 1.26676124204184 2.78209130580077
 O 5.63319255481246 2.35421759238088 1.89415937695131
 O 0.48254355538458 -5.57681679325056 -0.33152925815339
 O 4.53900378849636 -5.32138822209617 1.62075095370735
 N 3.39705084864504 -1.87404283634754 -1.15109237882580
 N 0.89814179243476 -3.04810653213380 -1.51823385176843
 N 4.00202574247063 -3.58986587121904 0.24432359859447
 N 2.53986219357987 -5.42185380435858 0.58395423163064
 C 5.15481375701581 -0.74313910371255 0.27748457569759
 C 4.78572095868367 -1.40438147535029 -1.07111518363352
 C 3.98685258687803 0.08253016935148 0.87115568966070
 C 4.22027822855844 0.42509852636097 2.35986440807804
 C 2.43281659675947 -1.20104530531241 -1.86772549871961
 C 3.09382581276364 -3.05298246786319 -0.53119060285751
 C 1.17316118690185 -1.82553382968188 -2.04167295586640
 C 2.62763619019783 0.07221332906822 -2.41957864971930
 C 1.80176491498984 -3.63001446739730 -0.78591617288407
 C 5.56570657682796 1.13081693044336 2.61435366406125
 C 1.62411000859797 0.70531723255735 -3.12841586914155
 C 0.16746428002939 -1.17397627403520 -2.77720989359788
 C 0.37427292768239 0.07228461867602 -3.32228491994338
 C 1.50643295207724 -4.95474344782956 -0.18425489039221
 C 1.86806802226420 2.07923557054087 -3.68286082975008
 C -0.71618569403509 0.75506427991024 -4.09929730850513
 C 3.76173424552929 -4.79479804408559 0.86496629681036
 H 5.98503513701729 -0.04991778221759 0.06638268756616
 H 4.96249761526198 -0.70857545729150 -1.89070620918035
 H 5.42780297342400 -2.27964322132657 -1.21088389747607
 H 3.04639935991398 -0.48096583633254 0.79800481570021
 H 4.18204736120508 -0.49690449958530 2.95558088557838
 H 3.55952454172214 0.59932968469173 -2.26254672486700
 H 5.66875902186789 1.32011394688136 3.69220049356539
 H 6.39968809239280 0.50501576196350 2.28511959389438
 H -0.78103712780207 -1.68573216683232 -2.89164154163626
 H 5.12240983435874 -2.53810375253281 1.07043969971191
 H 4.54611287482326 1.86991871884293 0.32897087572001
 H 2.88712259935174 1.80047222040178 2.02094288992704
 H 2.87041098601886 2.42727427027703 -3.43579876045582
 H 1.75727786658146 2.07644563344006 -4.76878321458051
 H 1.14349570601148 2.78662944354831 -3.27557194840664
 H -1.60121020973440 0.12238139869842 -4.15768591639728
 H -0.99309968630303 1.69694871338538 -3.62206369961282
 H -0.38071031841610 0.97908255850063 -5.11352649339779
 H 2.40049395325810 -6.31177810694160 1.04338810091726
 H 5.00614792823168 2.96831355983210 2.30063308979333
$end
$temperature
298.15
$end
$mult
 1
$end
$sigma
 1
$end
$pressure
1.00000
$end
$scale
1.00
$end
$msrrho
$end
$freq
19.84
28.32
36.77
39.97
54.01
61.98
96.69
107.74
110.40
117.43
128.99
135.24
151.09
156.87
177.95
192.63
227.71
242.51
257.52
272.54
279.00
286.59
297.75
308.43
322.75
345.05
349.65
356.98
392.56
395.50
406.77
415.69
439.67
466.34
471.88
479.79
504.12
514.72
527.19
559.75
565.52
575.03
603.29
609.84
619.17
637.41
649.80
658.18
691.80
698.54
726.72
746.28
766.66
775.57
824.86
831.02
840.24
857.78
866.08
886.34
932.03
944.21
993.21
998.02
1010.25
1011.58
1019.45
1025.08
1027.05
1077.87
1084.59
1109.98
1114.59
1124.71
1138.24
1148.12
1150.43
1157.34
1164.59
1189.76
1194.97
1208.65
1228.89
1233.12
1244.98
1266.24
1290.58
1294.41
1299.26
1304.87
1323.65
1330.87
1334.70
1344.20
1345.08
1357.11
1371.06
1380.23
1382.47
1383.45
1387.01
1429.38
1433.45
1454.84
1457.02
1458.40
1461.83
1465.62
1469.20
1506.67
1529.59
1557.24
1606.34
1754.62
1766.65
2954.15
2970.56
2992.70
3000.40
3018.41
3024.90
3025.53
3052.46
3057.43
3060.21
3081.21
3084.02
3084.15
3112.67
3116.87
3134.82
3469.00
3481.41
3565.72
3618.63
$end
