
$molecule
 O 0.37212724942037 2.48339586665843 -0.18623077790887
 O 2.70622573373480 1.14559585030264 0.77520940342516
 O 4.02046683605260 4.24607131163217 -0.04043115474247
 O 3.13535801972276 4.81364216238543 2.50722640413823
 O 6.08226387457109 6.47969658462591 -3.46136006811271
 O 5.95368412140427 1.97496336879740 -3.56579689103516
 N 2.07796233459827 4.08559524024988 -2.38750851270442
 N 3.38778120882852 6.53704909131068 -2.61129760254975
 N 4.00160477986029 2.99486621700923 -2.97711398385443
 N 5.95837704300848 4.22691066273455 -3.49842089612016
 C 1.43352439762106 2.04641309126761 -1.02246879305724
 C 1.43426488661915 2.77230248448249 -2.38450491957794
 C 2.72762193736786 2.17476223327414 -0.18992404902608
 C 2.88191538976157 3.57461381960490 0.47259547040128
 C 1.40433055647462 5.24355623776937 -2.07302849377887
 C 3.39813229774520 4.13008776830510 -2.74793724578108
 C 2.09426595032213 6.47338326518847 -2.19400584303846
 C 0.07370696369701 5.26325433307162 -1.63540244324292
 C 4.01332702291407 5.42793761993913 -2.86423386438459
 C 2.99762356792117 3.50538350310672 2.00568410058514
 C -0.55718673151960 6.45253552457514 -1.31875663715554
 C 1.43724314314735 7.67311703347960 -1.87502713961449
 C 0.13098152961645 7.68058047241244 -1.43918226566086
 C 5.43281811915046 5.47457414401430 -3.29596868122824
 C -1.97923151663358 6.42783453871308 -0.83530066183622
 C -0.54882040679805 8.97566463778703 -1.09163044808568
 C 5.32205464597534 2.98139082477919 -3.35586259491152
 H 1.29710613928869 0.97453804526529 -1.24688722055463
 H 1.98978036739236 2.15659489641532 -3.09886870571227
 H 0.40503210758451 2.87824627860444 -2.73423552827121
 H 3.59487050685517 1.98475095361223 -0.83688983793742
 H 2.02533540746443 4.21339310557429 0.22333100754938
 H -0.47307406905221 4.33709831564596 -1.51673427270242
 H 2.08710454513587 3.07475121341155 2.43652019480899
 H 3.85829875605549 2.87801403311033 2.28914813895593
 H 1.99823518572742 8.59485042343624 -1.97690912708266
 H -0.45878846955620 2.05908719190081 -0.43325777573569
 H 1.85327180117179 1.16033884103345 1.23346000838274
 H 4.82215625737054 3.74467439171612 0.16271399842276
 H -2.36283435353488 5.40845398662267 -0.80205702018816
 H -2.04654888336845 6.85748109425536 0.16585515323621
 H -2.61670359623399 7.01881827057104 -1.49548900220330
 H 0.12589110207567 9.81724308267939 -1.24499870578401
 H -1.43472157214410 9.12250825642982 -1.71232508413026
 H -0.86750822564667 8.97173458890649 -0.04759756716558
 H 6.92559035292047 4.18119901003368 -3.78901680566330
 H 3.74451168593121 5.29474513330890 1.92598074060765
$end
$temperature
298.15
$end
$mult
 1
$end
$sigma
 1
$end
$pressure
1.00000
$end
$scale
1.00
$end
$msrrho
$end
$freq
16.96
29.89
37.17
40.70
51.44
63.36
81.75
103.43
110.52
112.86
117.81
142.35
149.07
154.65
173.70
190.48
205.92
218.27
238.71
255.67
263.96
279.66
288.34
302.43
316.46
326.02
343.74
353.13
378.70
387.65
398.50
400.16
406.50
424.99
437.10
462.40
478.61
488.57
502.69
516.23
536.28
560.28
575.75
604.75
613.03
631.33
646.85
650.27
688.97
697.22
712.11
727.57
747.44
767.77
818.34
826.77
847.66
858.20
871.12
902.50
923.83
962.93
991.89
1001.58
1012.02
1016.81
1018.44
1027.52
1050.81
1070.36
1089.02
1101.94
1105.92
1124.72
1134.21
1138.29
1143.41
1152.67
1158.26
1170.00
1188.94
1199.62
1220.33
1242.80
1259.97
1267.23
1275.37
1294.14
1298.18
1312.85
1323.85
1326.55
1334.48
1342.55
1357.67
1361.46
1365.47
1376.48
1382.79
1383.16
1386.61
1423.31
1431.77
1456.80
1459.17
1463.26
1466.48
1469.57
1476.15
1514.86
1534.03
1562.94
1607.38
1749.88
1762.42
2930.50
2943.39
3004.25
3014.15
3018.82
3024.37
3024.58
3025.01
3053.01
3056.79
3059.76
3081.16
3083.76
3116.74
3137.31
3483.11
3578.77
3597.14
3608.17
3639.98
$end
