
$molecule
 O 4.75439296149315 0.84920250257907 0.74190687302903
 O 1.69116889579519 -0.11563191707213 0.71719305451912
 O 4.57283793854357 -0.90417819474243 -1.34117498626115
 O 3.26786894641367 -3.20726802842844 -1.79437293616277
 O 5.40801758750604 -0.16561715005042 -6.24012237762049
 O 1.34816512727474 0.06966608124718 -4.30440354334865
 N 4.81571328467331 1.88159996624603 -1.95578806511125
 N 6.56025471595637 1.01092006896652 -3.94716999176833
 N 3.03548414605797 1.08311577097933 -3.15920677826433
 N 3.38284061674049 0.07636688786467 -5.27440820233097
 C 3.56858687638522 1.31315035540697 0.15472294190676
 C 3.85396240979485 2.35093991283947 -0.96023828988141
 C 2.63516162158863 0.15390314973042 -0.29841639934470
 C 3.37676325198391 -1.15916570618959 -0.62169142593799
 C 6.17058827474910 2.02174335713006 -1.77567234555710
 C 4.32752342852983 1.26062341227166 -3.07147521374299
 C 7.03400196627793 1.57881977423115 -2.80714817307285
 C 6.74139231565888 2.58373407421041 -0.62415356144838
 C 5.27643206335824 0.84918296915830 -4.07318361863219
 C 2.47632802544081 -2.07914650114946 -1.45608826714248
 C 8.11134092971106 2.70891367128835 -0.49299654254076
 C 8.42495507291927 1.71974626222155 -2.66101865334566
 C 8.97255046960572 2.27586790688995 -1.52762322985636
 C 4.74507990037147 0.21141552788767 -5.30268342915522
 C 8.68076498848073 3.30264687861516 0.76383987486007
 C 10.46331927700118 2.41337439224420 -1.38946861395171
 C 2.50726658385926 0.40606743330475 -4.22617645000074
 H 3.02623468645146 1.86366404021181 0.93888121685170
 H 2.92564710362851 2.58772297721008 -1.48659558645732
 H 4.24385973355096 3.26441529738657 -0.50745144493323
 H 2.05462022147643 0.48153446187448 -1.17078655255006
 H 3.62312578181200 -1.66423259043073 0.33051190683691
 H 6.11128110566206 2.90227056369332 0.19573338208791
 H 1.59585717140246 -2.36956133368773 -0.86417643787746
 H 2.14306128074778 -1.55574036178275 -2.36385129963320
 H 9.05242215237979 1.36949247771029 -3.47243258607067
 H 5.19912424454798 0.25807118578502 0.10689349613855
 H 2.14342948961016 -0.37208089867189 1.53261946377209
 H 4.81109310470762 -1.74658066563028 -1.76460275971427
 H 7.88831730844461 3.57653549443339 1.45953873064869
 H 9.34345088110122 2.58782517819878 1.25507943813827
 H 9.26535899081808 4.19499159976271 0.53246444651318
 H 10.96840468981681 2.03628662967772 -2.27818732732270
 H 10.74012169599668 3.46002965156258 -1.24988053458455
 H 10.82054508176850 1.85365432352444 -0.52298455038355
 H 2.95449325553126 -0.39587559618513 -6.05879939422963
 H 2.80964934437906 -3.74115829232556 -2.45490625707247
$end
$temperature
298.15
$end
$mult
 1
$end
$sigma
 1
$end
$pressure
1.00000
$end
$scale
1.00
$end
$msrrho
$end
$freq
18.89
30.45
43.08
48.86
58.10
72.00
103.08
105.46
109.43
111.02
120.90
150.70
154.22
163.79
168.27
173.94
204.18
234.72
237.56
259.22
274.47
280.26
285.72
300.19
317.27
325.62
351.64
362.66
381.67
395.56
399.78
416.50
420.27
444.20
459.61
468.69
485.44
497.54
513.75
529.58
541.11
559.76
576.02
599.17
605.78
615.91
645.07
651.22
689.07
695.36
710.50
727.31
749.58
766.58
819.59
830.22
855.48
858.02
861.71
905.13
939.51
974.48
1002.30
1007.33
1011.33
1012.30
1018.79
1027.48
1038.53
1074.32
1101.90
1105.78
1115.69
1126.02
1138.75
1143.37
1151.71
1154.50
1167.56
1186.98
1200.38
1203.92
1217.07
1245.43
1246.12
1267.29
1269.28
1282.97
1295.94
1305.96
1315.12
1325.95
1332.45
1344.64
1360.82
1370.54
1373.35
1380.82
1383.09
1385.35
1387.68
1431.34
1436.17
1456.14
1459.22
1463.12
1466.38
1466.69
1469.67
1509.60
1532.48
1560.90
1607.34
1738.38
1759.70
2907.78
2964.61
2973.16
2985.25
3011.21
3024.34
3025.01
3027.64
3056.57
3059.41
3061.83
3083.15
3083.30
3115.91
3135.59
3484.28
3500.41
3535.20
3610.28
3646.03
$end
