
$molecule
 O 2.10937030741207 -2.94320703203747 1.15756467057558
 O 5.13208194955921 -2.74862606503447 1.01427447827870
 O 5.25992338020958 -0.48108818422966 -0.51222846962697
 O 3.61575220140289 -0.76188305911001 2.08675836836634
 O -3.18596946527531 -0.89497267260005 -0.72471798034862
 O 0.89799702122979 0.94187905604693 -1.24410811040044
 N 0.74784134545016 -3.60691275957768 -0.92564253236821
 N -1.99173631057319 -3.44574193680709 -0.46585006707492
 N 0.84917754209148 -1.33053593206515 -1.17171395582318
 N -1.12989129300431 -0.03434877495081 -1.07958066270756
 C 2.97035037903902 -3.45023368815085 0.16683870948168
 C 2.18665830316436 -3.60939579068307 -1.16303462353116
 C 4.22910655917847 -2.57480977615062 -0.05699477376804
 C 3.99189363286434 -1.06335361576834 -0.31192705577005
 C 0.05981919032299 -4.73799827893500 -0.56957765107453
 C 0.12185842880334 -2.39230608682752 -0.94659879387126
 C -1.33526823912575 -4.63156907216725 -0.35266157525581
 C 0.66936002826739 -5.99080256096963 -0.41387810666425
 C -1.30235109262818 -2.37703829765917 -0.73508081305707
 C 3.21996341942124 -0.31204033063395 0.78544333448117
 C -0.06981922516946 -7.10467040756701 -0.06100892333763
 C -2.07312170576591 -5.77508816316472 -0.00301302908956
 C -1.46480135157255 -7.00128595237162 0.14473412253359
 C -1.99594654737253 -1.06840501062566 -0.83795571709966
 C 0.62165871829739 -8.42740611921158 0.10803209496735
 C -2.27221787625525 -8.21084342553298 0.52618041883096
 C 0.26914251760204 -0.08882274264811 -1.17447226484259
 H 3.33380379084707 -4.44803209071768 0.47686976027387
 H 2.38953681925134 -2.77037140035923 -1.83393500311653
 H 2.47354574084144 -4.53218556142432 -1.67013944373991
 H 4.74261520856115 -2.97184307232842 -0.94697545844985
 H 3.42624583466174 -0.92931897418243 -1.24516825488786
 H 1.73769194258337 -6.09917592485670 -0.55394092353202
 H 3.43814029616802 0.75768885018956 0.67326660632726
 H 2.14354561666619 -0.47259956791911 0.64752044217710
 H -3.13904325315094 -5.65693407784176 0.15379392328239
 H 2.62843198590252 -2.45908721113575 1.82257714585070
 H 4.82295049360199 -2.22670184222603 1.77423366307097
 H 5.85607972797869 -0.81518821453860 0.17634558304918
 H 1.69035099594822 -8.33715639119065 -0.08434119493960
 H 0.48131587339232 -8.80223879722664 1.12352030730820
 H 0.20498977486520 -9.16510563759383 -0.58017215868981
 H -3.32381732576846 -7.95031719918794 0.64147471766623
 H -2.18766449155469 -8.98492369670276 -0.23882809150149
 H -1.91276123409594 -8.62946235056326 1.46808698635251
 H -1.52752832465034 0.89443674628945 -1.11487680265240
 H 3.33072671036639 -0.11404290706071 2.74242710439003
$end
$temperature
298.15
$end
$mult
 1
$end
$sigma
 1
$end
$pressure
1.00000
$end
$scale
1.00
$end
$msrrho
$end
$freq
20.07
31.54
32.87
54.81
60.75
75.08
104.90
108.74
110.34
111.71
131.38
148.23
151.68
166.88
184.58
190.70
212.33
233.81
243.29
263.86
268.50
282.40
284.62
312.43
313.21
333.19
341.35
352.42
364.97
392.69
397.54
399.81
404.19
427.56
446.34
470.20
480.19
487.92
500.61
529.59
558.35
576.84
584.50
607.99
620.54
642.86
650.91
671.59
692.70
696.93
727.49
747.97
759.12
766.05
794.43
815.12
821.57
856.92
864.55
888.02
933.73
975.10
987.31
998.46
1011.93
1014.46
1019.29
1020.48
1027.46
1039.02
1094.00
1111.12
1114.05
1134.50
1139.08
1145.38
1153.23
1163.34
1171.49
1183.87
1195.26
1201.40
1219.20
1242.13
1262.67
1266.78
1283.38
1290.68
1295.90
1307.56
1310.37
1328.42
1332.33
1344.53
1356.37
1366.88
1378.54
1380.94
1382.93
1387.55
1388.60
1432.85
1445.37
1456.25
1459.25
1462.65
1463.04
1466.74
1469.57
1512.04
1533.68
1562.36
1606.82
1738.58
1761.18
2899.72
2965.64
2989.02
2995.17
3018.41
3024.48
3025.17
3030.89
3056.83
3059.84
3063.42
3081.99
3083.73
3116.39
3120.57
3483.25
3513.01
3545.27
3574.01
3640.44
$end
