
$molecule
 O 2.48718518161876 -1.66556741760004 0.18160692840371
 O -0.06667106045429 -0.98676347844981 0.57130587131157
 O -1.09867039324130 -0.52795808521950 -1.88756386944830
 O 0.07269441732056 -2.47553048531042 -3.27762003837915
 O 7.12702467828932 3.43945752939798 2.27507596215301
 O 2.80028942368538 4.40189609646570 1.44609450169827
 N 4.39619682328253 0.52384086213232 -0.35734008004281
 N 6.86441424405255 1.02164175392429 0.82398805941767
 N 3.55653477870835 2.44960378653604 0.54180499727717
 N 4.95569819922707 3.86654891367257 1.82924448991533
 C 2.12982332544318 -0.30444487037621 0.05299076390090
 C 3.07440619374950 0.35238599461539 -0.95905783523424
 C 0.64781782182909 -0.18689949462104 -0.35325148057005
 C 0.30610371517128 -0.66078838869350 -1.78065057849806
 C 5.39322484331353 -0.41290767046796 -0.47047047080091
 C 4.57708590329836 1.64807204898774 0.40118462621732
 C 6.64475657825829 -0.12579189787052 0.12654280722845
 C 5.23479840519290 -1.63170007406700 -1.14330171466405
 C 5.88307587205382 1.86137593056837 0.96846882461968
 C 0.68015769202340 -2.12863829140079 -2.04355431766549
 C 6.27778069742824 -2.53346609055871 -1.23961869310728
 C 7.69687145968664 -1.05035175017505 0.01272955310099
 C 7.53371806649108 -2.24001375131135 -0.66071735613146
 C 6.09053572866193 3.10588384502792 1.75148841507776
 C 6.06363941354478 -3.83443358021008 -1.95981855722062
 C 8.67178507838982 -3.21668741450517 -0.76832967665659
 C 3.69095531431606 3.60854785554929 1.26736859246278
 H 2.24879826844588 0.20808619199141 1.02327106273359
 H 3.16190390539865 -0.24525175617793 -1.86653732061293
 H 2.70538609218517 1.35046858563379 -1.21324904594349
 H 0.33382232058079 0.86772224305068 -0.26513269348577
 H 0.80451016879795 -0.01624959780468 -2.52697889326401
 H 4.27757543772673 -1.89523178575926 -1.57398104732150
 H 1.77208147162405 -2.24618820737972 -2.09884692579268
 H 0.29497544588207 -2.75930317908637 -1.22855494184900
 H 8.64142038520141 -0.79665545425783 0.47984567959265
 H 1.79813740012225 -2.08094849967338 0.72612902809508
 H -0.98456147606294 -1.02657782510688 0.25608591277812
 H -1.37927321734898 -1.06474749876782 -2.64683352293207
 H 5.04474035877380 -3.90669609391617 -2.33930538352051
 H 6.75522073642312 -3.92292201705517 -2.79974734237719
 H 6.24529070746638 -4.67537243222856 -1.28804317527132
 H 9.56022911781355 -2.82829270075783 -0.27144949913839
 H 8.40393828398713 -4.16896621559499 -0.30665834221289
 H 8.91456418075256 -3.40809121624557 -1.81525263368351
 H 5.02112848190349 4.73030218491888 2.35066634959832
 H 0.12291352898702 -3.42895660181932 -3.41576398974923
$end
$temperature
298.15
$end
$mult
 1
$end
$sigma
 1
$end
$pressure
1.00000
$end
$scale
1.00
$end
$msrrho
$end
$freq
14.19
28.80
30.80
42.36
56.63
63.74
86.13
105.06
109.82
111.62
117.91
135.87
146.67
153.87
168.29
193.71
206.32
212.95
232.98
248.32
265.04
281.21
288.31
295.18
314.30
321.08
334.01
349.31
373.93
396.36
399.79
414.33
427.92
429.93
447.68
451.52
479.82
489.70
501.83
522.89
538.85
561.20
577.02
605.61
613.02
637.36
648.19
655.23
690.82
697.99
726.97
744.95
753.77
766.47
818.89
824.42
838.31
857.03
862.94
903.87
929.69
983.34
994.30
1000.09
1012.19
1016.73
1018.98
1027.56
1036.25
1044.25
1092.97
1104.53
1123.44
1123.92
1137.36
1146.63
1152.01
1158.86
1172.62
1175.71
1182.30
1204.45
1232.21
1243.58
1260.89
1266.29
1269.55
1293.15
1302.42
1311.39
1316.34
1333.50
1334.05
1342.42
1344.18
1351.61
1365.28
1379.49
1382.92
1383.06
1387.31
1427.35
1432.50
1457.04
1459.18
1463.57
1467.01
1469.60
1477.61
1512.99
1535.33
1564.15
1607.02
1751.17
1762.70
2914.25
2928.71
2938.32
2962.56
2978.59
3024.15
3024.74
3024.85
3056.41
3059.29
3075.42
3081.29
3083.36
3116.32
3132.92
3482.27
3555.28
3557.68
3559.59
3649.63
$end
