
$molecule
 O 2.15739232124767 4.45558135032555 2.49347281446216
 O 1.07574861793676 5.63760161785234 0.01184451213224
 O 0.47553642443305 3.45520877231418 -1.31837263971394
 O -0.36269424045162 3.84112063757724 1.57599285780961
 O 3.71935429605983 -1.24072748716157 4.35326871107072
 O 2.05670661875763 -0.19485024275415 0.29064120783932
 N 4.32905973263062 3.10615834102422 2.45538434347447
 N 4.57980241276164 1.43889818809200 4.67131996265111
 N 3.26933004142668 1.43347641329758 1.30806146540059
 N 2.97634420499680 -0.69549919916086 2.29312559246488
 C 2.85437412072015 4.76451012728283 1.31881306502093
 C 4.16763877863891 3.92972752014053 1.26103325465081
 C 2.01377409947577 4.57617382195579 0.03671554139883
 C 1.27425118482199 3.23019567841236 -0.15677181599464
 C 4.82394174352947 3.61676331072503 3.62812854410463
 C 3.85302865691152 1.82863598089313 2.40904523323653
 C 4.95424617453424 2.74415985899113 4.73588783379947
 C 5.20566045125001 4.95670312573300 3.77946908792037
 C 4.03941821137252 1.00227953390763 3.57183268234442
 C 0.37865219795063 2.77714119587631 1.00823020677834
 C 5.70652029901448 5.42359415680967 4.98017190390250
 C 5.47568334499011 3.23274179354778 5.94633355482369
 C 5.85147465796047 4.54978113972095 6.08284269694648
 C 3.58717938368408 -0.40914649871421 3.48767427375579
 C 6.08993706854844 6.87007527480996 5.10873291904083
 C 6.39912255878547 5.05371372868809 7.38912755897588
 C 2.73036714506120 0.17735676338180 1.22502190736185
 H 3.13800325130191 5.83446412952450 1.32887928761820
 H 4.15713406798680 3.24585956144992 0.40800450686126
 H 5.03607543068874 4.58415929483837 1.16257589477828
 H 2.70203177824423 4.68417383464769 -0.82406364741343
 H 2.00809722424137 2.43309682599776 -0.35747099563497
 H 5.09066006711803 5.65164255691154 2.95726651116906
 H -0.29793002973767 1.99464759538238 0.62830361041714
 H 0.99514202402674 2.34408057837393 1.80232804629360
 H 5.56315335268199 2.53725187008782 6.77299060984204
 H 1.20075598335795 4.60512001286961 2.34985396826800
 H 0.50167200221196 5.48000664199102 -0.75535756892138
 H 0.08374219350183 2.62064171135486 -1.60692141936914
 H 5.91681176354990 7.40450106551139 4.17512423011682
 H 5.50609496392166 7.34870355636563 5.89702919809842
 H 7.14511078111891 6.96220195966947 5.37257738074858
 H 6.44422669020822 4.24967302004719 8.12296607873047
 H 7.40423629709812 5.45726608022881 7.25314526421577
 H 5.76832187410810 5.85129793887050 7.78604190576017
 H 2.59557679246010 -1.62608483995976 2.18849868244407
 H -0.60883701513984 4.46287970227253 0.87554818031731
$end
$temperature
298.15
$end
$mult
 1
$end
$sigma
 1
$end
$pressure
1.00000
$end
$scale
1.00
$end
$msrrho
$end
$freq
12.89
32.57
43.79
52.27
55.32
62.29
100.64
108.68
111.64
112.66
137.07
148.17
151.82
167.04
180.28
192.99
225.68
231.40
235.42
260.88
269.85
283.65
304.83
310.83
315.40
319.78
336.68
350.03
358.07
371.13
395.98
401.31
425.14
444.91
461.49
476.74
485.13
497.51
501.83
527.19
558.96
576.88
596.44
607.27
617.04
640.63
650.61
679.57
693.70
698.23
726.81
746.55
765.73
791.42
794.76
815.05
823.65
856.41
864.90
878.76
931.93
977.60
981.87
1000.44
1011.73
1013.83
1019.38
1025.24
1027.29
1046.46
1071.63
1101.49
1121.85
1129.15
1139.66
1150.03
1152.03
1164.79
1168.51
1184.54
1194.83
1212.32
1215.57
1241.35
1268.84
1278.00
1294.28
1297.50
1308.63
1315.99
1328.33
1330.97
1337.25
1345.30
1346.98
1360.44
1373.91
1380.51
1381.90
1383.27
1388.91
1432.27
1447.95
1456.07
1459.59
1462.89
1466.63
1469.93
1477.78
1510.41
1533.96
1562.37
1607.01
1735.33
1761.75
2889.56
2895.10
2945.34
2965.28
3024.52
3025.16
3028.00
3042.42
3056.94
3057.73
3059.86
3082.23
3083.66
3116.42
3123.65
3409.19
3483.77
3565.48
3601.80
3626.85
$end
