
$molecule
   O     8.28671948  -0.77910193   1.73392583
  C    -3.97880213   0.34262582  -1.35207993
  C    -5.09804115   1.35725709  -1.14264594
  C    -5.84551874   1.12547480   0.14717750
  C    -3.15949676   0.17332306  -0.07841408
  C    -4.90226805   1.28219064   1.31770381
  C    -3.58919585   0.57116804   1.12272175
  C    -3.07956397   0.84396263  -2.48677940
  C    -4.56559308  -1.01552593  -1.74689237
  C    -1.84909119  -0.50253522  -0.27191930
  C    -2.80870247   0.37457505   2.39916106
  C    -0.67322871   0.01108760   0.07615238
  C     0.65077437  -0.62719527  -0.12690119
  C     0.67201774  -1.98392597  -0.77660450
  C     1.75049021   0.03037990   0.27567123
  C     3.14457635  -0.42249872   0.16697867
  C     4.18101104   0.30064250   0.59849692
  C     5.60663404  -0.09916570   0.52246754
  C     5.93185925  -1.41439156  -0.12734781
  C     6.53992434   0.71484370   1.02567225
  C     8.01533613   0.42923244   1.03868777
  H    -5.78112951   1.33380612  -1.99592231
  H    -4.67429198   2.36322054  -1.12072447
  H    -6.27597672   0.12198196   0.15466540
  H    -6.68523001   1.82489902   0.24042909
  H    -5.37378270   0.92691932   2.24044220
  H    -4.68773741   2.34567270   1.48788714
  H    -2.57555919   1.77062576  -2.21719220
  H    -2.31377914   0.11820857  -2.74873727
  H    -3.66480353   1.03849380  -3.38594072
  H    -5.15574056  -0.93818883  -2.65996470
  H    -3.78443658  -1.75024544  -1.92869720
  H    -5.21424749  -1.41568991  -0.97122274
  H    -1.87923526  -1.45961446  -0.77776822
  H    -2.45864235   1.33598714   2.78734618
  H    -1.94806387  -0.27157074   2.26683945
  H    -3.45044866  -0.06279484   3.16792234
  H    -0.65431570   0.98710906   0.54747436
  H     1.68120608  -2.37338443  -0.87445680
  H     0.08817512  -2.69854205  -0.19256695
  H     0.22817630  -1.93924669  -1.77356247
  H     1.62259120   1.00568929   0.73450643
  H     3.32305460  -1.38824717  -0.28419253
  H     3.98504184   1.26717445   1.05166214
  H     5.49113933  -2.23759060   0.43697609
  H     7.00156688  -1.57668326  -0.17642643
  H     5.52067043  -1.45074257  -1.13841078
  H     6.22333496   1.65228489   1.47242234
  H     8.54209294   1.27177603   1.51200516
  H     8.39919098   0.35986786   0.00725843
  H     9.24133913  -0.87359849   1.82271683
$end
$temperature
298.15
$end
$mult
 1
$end
$sigma
 1
$end
$pressure
1.00000
$end
$scale
1.0
$end
$msrrho
$end
$freq
15.33
27.17
34.30
41.26
61.76
64.10
80.65
94.98
107.18
120.58
140.72
156.50
163.19
172.17
177.69
198.37
215.50
229.85
249.03
268.57
276.89
282.50
301.01
309.88
315.84
341.87
349.93
379.72
396.93
429.23
436.15
441.66
470.37
503.69
512.37
545.17
561.24
570.99
609.80
627.11
669.60
680.76
788.75
852.07
856.17
873.26
903.41
909.37
923.82
944.86
954.97
967.19
985.07
985.51
993.46
1004.69
1039.15
1052.36
1054.47
1063.50
1065.72
1069.18
1078.35
1095.22
1102.64
1108.68
1110.25
1113.95
1135.86
1137.24
1186.28
1187.27
1207.83
1220.40
1222.71
1236.87
1256.43
1268.23
1278.67
1292.78
1297.62
1305.27
1338.86
1347.07
1370.13
1377.34
1390.19
1406.67
1410.76
1412.62
1427.35
1438.37
1438.61
1450.01
1456.84
1460.16
1462.55
1463.94
1464.40
1465.19
1465.94
1466.34
1471.72
1473.88
1475.80
1479.74
1480.04
1482.84
1486.24
1492.11
1494.52
1496.57
1819.37
1851.92
1867.29
1876.27
1913.84
3000.47
3046.97
3050.92
3063.36
3073.48
3075.60
3083.13
3088.21
3089.99
3105.10
3126.97
3143.08
3163.21
3163.54
3173.00
3185.39
3193.49
3201.55
3204.31
3207.71
3209.90
3217.91
3221.39
3227.30
3229.81
3248.19
3252.25
3275.65
3277.49
3914.48
$end
