
$molecule
   O     7.92182220  -2.32486692   0.99939520
  C    -3.67693251  -0.92864207   0.54793237
  C    -5.15864369  -0.60846214   0.71518554
  C    -5.41207512   0.34253833   1.85869475
  C    -2.84113974   0.34382908   0.61053938
  C    -4.71884583   1.65855250   1.59017110
  C    -3.30305891   1.49673149   1.10349897
  C    -3.48092988  -1.61356962  -0.80850990
  C    -3.21461135  -1.87970197   1.65545589
  C    -1.45001834   0.19599341   0.10713418
  C    -2.47666693   2.75490396   1.20872976
  C    -0.90924991   0.92397375  -0.86320657
  C     0.47249169   0.77452274  -1.40171369
  C     0.60684002   1.12828702  -2.86163819
  C     1.48494777   0.37580373  -0.62021376
  C     2.88657153   0.18220499  -1.01956129
  C     3.83754466  -0.21279445  -0.16942914
  C     5.26851877  -0.43143442  -0.50057254
  C     5.68685582  -0.18888651  -1.92723701
  C     6.10099141  -0.81221636   0.47532891
  C     7.57629966  -1.09049872   0.38169102
  H    -5.72296814  -1.53507271   0.84974137
  H    -5.53611092  -0.15373701  -0.20282697
  H    -5.03811166  -0.08565870   2.79095550
  H    -6.48793405   0.50271817   1.99942406
  H    -4.72421491   2.28544582   2.48846530
  H    -5.27257493   2.22730966   0.83133989
  H    -3.72296152  -0.94422605  -1.63249789
  H    -2.45693186  -1.95063773  -0.94875645
  H    -4.12631357  -2.48797035  -0.89614299
  H    -3.78707147  -2.80703662   1.64108335
  H    -2.16620768  -2.14592530   1.54115721
  H    -3.33248118  -1.43787201   2.64209646
  H    -0.86830526  -0.60801732   0.54420292
  H    -2.84921286   3.51705909   0.51755002
  H    -1.42762216   2.58504684   0.99367826
  H    -2.55682041   3.17311997   2.21513530
  H    -1.51692192   1.68189221  -1.34704025
  H     1.61912917   0.98984720  -3.23192896
  H    -0.06485101   0.51290529  -3.46661722
  H     0.32273487   2.17161812  -3.02562091
  H     1.27484384   0.17717668   0.42452241
  H     3.13984185   0.37179233  -2.05317774
  H     3.56043575  -0.39643178   0.86373502
  H     5.10352873  -0.81153657  -2.60840301
  H     6.73933564  -0.40353529  -2.08997415
  H     5.50942303   0.85278971  -2.20287611
  H     5.70015680  -0.95444182   1.47400038
  H     8.13720031  -0.31066037   0.91731606
  H     7.91231846  -1.07563722  -0.66124621
  H     7.43795572  -3.02659203   0.55103040
$end
$temperature
298.15
$end
$mult
 1
$end
$sigma
 1
$end
$pressure
1.00000
$end
$scale
1.0
$end
$msrrho
$end
$freq
12.80
26.41
28.64
38.47
48.78
60.86
72.60
97.56
113.64
115.77
125.56
128.45
141.96
165.56
188.46
191.20
222.01
241.07
257.81
273.66
276.98
297.64
306.93
308.87
321.65
337.73
356.54
385.33
398.71
419.42
432.98
451.68
457.98
498.02
511.03
534.76
552.75
566.24
608.50
615.99
645.28
678.46
783.87
846.04
856.62
894.49
904.90
911.73
942.69
952.92
954.65
969.27
985.63
991.52
997.07
1004.60
1036.88
1041.33
1041.88
1052.78
1061.48
1065.20
1069.55
1078.93
1100.80
1103.36
1109.26
1114.57
1135.95
1137.31
1169.47
1186.71
1205.50
1212.88
1231.15
1251.78
1258.98
1274.89
1286.07
1296.90
1303.07
1330.68
1343.26
1347.75
1368.22
1373.63
1386.81
1400.10
1410.84
1413.58
1425.25
1427.24
1438.38
1444.68
1450.07
1455.75
1456.73
1463.24
1463.80
1465.44
1465.85
1466.24
1469.60
1470.95
1472.37
1475.93
1479.65
1480.13
1482.87
1486.28
1492.09
1497.09
1828.10
1851.55
1873.45
1877.01
1913.85
3042.19
3045.95
3047.56
3051.45
3065.52
3073.98
3082.91
3090.24
3105.44
3127.45
3143.48
3143.87
3144.71
3163.94
3167.00
3185.64
3193.18
3201.83
3208.79
3212.42
3213.28
3217.77
3219.01
3221.39
3228.60
3228.82
3234.12
3249.20
3274.82
3920.66
$end
