
$molecule
   O     7.91809955  -1.44016579   0.25774631
  C    -3.43914887   1.59698105  -1.62558479
  C    -4.91533822   1.95534439  -1.48229470
  C    -5.60741523   1.12749478  -0.42727519
  C    -2.78080124   1.45298004  -0.25992931
  C    -4.97555851   1.39397454   0.91952973
  C    -3.47183144   1.35749032   0.87871193
  C    -2.75403892   2.70160003  -2.43782959
  C    -3.28539543   0.26988564  -2.37314017
  C    -1.29364503   1.38379773  -0.27739630
  C    -2.82605756   1.23848473   2.23733734
  C    -0.59677838   0.31534938   0.09560979
  C     0.88235550   0.18979026   0.08208510
  C     1.67204506   1.37967918  -0.39104714
  C     1.43315875  -0.96546338   0.48824582
  C     2.86557224  -1.29026232   0.55025680
  C     3.33261426  -2.46638010   0.97247273
  C     4.76960246  -2.85425472   1.07000498
  C     5.05776273  -3.84945071   2.16878416
  C     5.67947531  -2.36613321   0.22410522
  C     7.15768309  -2.64272338   0.19779654
  H    -5.41493758   1.84765337  -2.44868926
  H    -5.00674875   3.00836393  -1.20862263
  H    -5.52292917   0.06603110  -0.66939509
  H    -6.67967800   1.35588378  -0.39661425
  H    -5.33056876   0.67175866   1.66387771
  H    -5.28545852   2.37868956   1.29260591
  H    -2.73464693   3.64645868  -1.89598985
  H    -1.72876098   2.44409269  -2.69272347
  H    -3.28579794   2.87231151  -3.37409385
  H    -3.72127006   0.32511350  -3.37061278
  H    -2.23815651   0.00116680  -2.48903134
  H    -3.77512240  -0.54686622  -1.84793747
  H    -0.77069617   2.25669724  -0.64799421
  H    -3.31624744   1.91225664   2.94445914
  H    -1.76695796   1.47423162   2.21733316
  H    -2.94128476   0.22406223   2.63127584
  H    -1.13720932  -0.55792973   0.44346314
  H     2.74240844   1.19735692  -0.36276621
  H     1.39939128   1.63735775  -1.41667943
  H     1.45998907   2.25202751   0.23077148
  H     0.77070961  -1.76262814   0.81022113
  H     3.56666743  -0.52537961   0.24290751
  H     2.62178026  -3.21653545   1.30775250
  H     4.69615343  -3.47104736   3.12852287
  H     6.11714142  -4.07159362   2.26781601
  H     4.53091763  -4.78715531   1.97145158
  H     5.35363485  -1.67607982  -0.54599254
  H     7.42959570  -3.13178449  -0.74833424
  H     7.44407914  -3.31826269   1.01137231
  H     7.70164286  -0.99426951   1.08345703
$end
$temperature
298.15
$end
$mult
 1
$end
$sigma
 1
$end
$pressure
1.00000
$end
$scale
1.0
$end
$msrrho
$end
$freq
13.47
18.30
31.26
41.25
46.02
52.66
68.79
83.85
116.90
129.06
136.26
144.05
154.27
158.34
171.75
186.28
214.30
240.03
258.30
267.13
279.05
293.15
301.93
317.53
332.77
346.27
367.51
369.08
388.83
422.69
432.92
450.96
478.99
483.21
508.66
525.38
551.06
567.14
603.85
622.89
640.57
701.74
777.08
855.10
859.37
887.12
905.00
917.78
923.28
945.28
958.20
967.66
986.34
990.20
994.37
1007.38
1038.59
1040.15
1041.39
1050.25
1061.52
1063.71
1067.97
1083.95
1102.28
1103.51
1109.47
1115.84
1135.25
1136.42
1181.50
1185.98
1192.46
1215.29
1223.58
1255.75
1267.96
1277.18
1289.51
1296.82
1304.55
1320.84
1342.88
1348.94
1362.94
1371.52
1387.40
1406.69
1409.46
1412.71
1424.07
1427.45
1437.46
1441.71
1448.75
1456.51
1460.07
1463.19
1463.42
1464.77
1465.69
1466.57
1468.83
1472.37
1474.88
1476.38
1479.73
1480.51
1483.28
1487.08
1492.46
1496.82
1824.07
1851.13
1869.44
1886.67
1917.96
3045.79
3046.14
3050.78
3052.38
3064.37
3073.99
3080.03
3091.03
3105.30
3122.88
3143.30
3147.73
3150.04
3163.36
3164.43
3185.21
3190.84
3196.21
3202.92
3209.36
3212.75
3218.75
3223.54
3224.29
3229.57
3232.04
3235.61
3251.56
3259.74
3921.19
$end
