
$molecule
   O     7.93042175  -0.18629446   1.67709460
  C    -3.40266413   1.29294115   0.29472263
  C    -4.86593863   1.49376979  -0.08544562
  C    -5.74662663   0.37937552   0.42352096
  C    -2.96674445  -0.14024016   0.01619409
  C    -5.32060648  -0.93131440  -0.19715957
  C    -3.82960784  -1.14141978  -0.17725632
  C    -3.19831668   1.59189608   1.78260372
  C    -2.55137919   2.26503308  -0.52863027
  C    -1.49346344  -0.34536217   0.00746844
  C    -3.41289547  -2.57215427  -0.41459084
  C    -0.79928410  -0.82794518  -1.01610287
  C     0.67885469  -1.02007869  -1.05933291
  C     1.12344703  -2.17752134  -1.91815627
  C     1.50812729  -0.20382936  -0.39605452
  C     2.97561979  -0.28311362  -0.34962302
  C     3.73546729   0.58125168   0.32480235
  C     5.22272164   0.55849009   0.40527163
  C     5.86158480   1.91202881   0.57954482
  C     5.91907973  -0.57807282   0.34309864
  C     7.42422189  -0.66884031   0.43858260
  H    -4.95431756   1.53536769  -1.17284962
  H    -5.21339016   2.46188100   0.28502313
  H    -6.80005934   0.58227184   0.19537738
  H    -5.67263978   0.31156638   1.51083019
  H    -5.65350480  -0.97817114  -1.24256236
  H    -5.81215286  -1.77156657   0.30520733
  H    -3.78311259   0.92538381   2.41210942
  H    -2.15577368   1.48163383   2.07259783
  H    -3.49448809   2.61303507   2.02230172
  H    -2.89795056   3.29008520  -0.39502229
  H    -1.50465467   2.23587031  -0.23637076
  H    -2.60188348   2.03814842  -1.59227613
  H    -0.96304231  -0.03334813   0.90046920
  H    -3.95828136  -3.23840325   0.25841072
  H    -2.35101818  -2.72845645  -0.26040186
  H    -3.66022781  -2.87949155  -1.43529571
  H    -1.33346180  -1.13781430  -1.90857594
  H     2.20254758  -2.30574043  -1.91798808
  H     0.66912210  -3.10873923  -1.56834685
  H     0.79718644  -2.02818621  -2.95124675
  H     1.07645325   0.61595440   0.16651745
  H     3.45103295  -1.08410163  -0.90060773
  H     3.25193307   1.40119395   0.84837346
  H     5.53704254   2.58837642  -0.21603411
  H     6.94443338   1.85203156   0.57425384
  H     5.54884864   2.35466905   1.52842596
  H     5.37893032  -1.51385575   0.24469407
  H     7.90473864  -0.06632335  -0.34179878
  H     7.73006747  -1.71409225   0.27914680
  H     7.52560379  -0.69777833   2.38508625
$end
$temperature
298.15
$end
$mult
 1
$end
$sigma
 1
$end
$pressure
1.00000
$end
$scale
1.0
$end
$msrrho
$end
$freq
14.49
23.18
29.38
40.08
55.14
66.52
74.67
97.43
107.43
117.18
122.63
128.38
138.00
146.37
169.39
178.64
219.30
237.09
261.08
269.50
272.94
277.35
293.48
308.47
313.12
328.43
346.51
375.80
394.84
427.98
435.51
442.12
483.98
500.44
517.71
528.73
549.68
560.52
609.75
636.95
674.63
680.62
782.97
848.38
856.67
882.82
903.00
917.63
924.73
951.16
955.24
977.55
985.50
991.55
1000.18
1004.59
1013.90
1038.30
1043.12
1046.03
1052.26
1060.64
1065.41
1069.93
1101.81
1104.93
1108.63
1114.18
1124.07
1135.94
1186.66
1188.00
1205.67
1211.13
1228.83
1251.30
1258.07
1277.35
1288.07
1296.94
1303.23
1329.11
1342.15
1345.10
1356.37
1368.40
1387.20
1399.71
1410.71
1413.03
1421.36
1427.21
1438.45
1441.02
1448.02
1450.16
1456.76
1463.05
1463.35
1463.94
1464.94
1465.77
1466.28
1469.93
1472.24
1477.11
1479.64
1480.03
1482.81
1486.15
1491.99
1496.81
1832.21
1852.39
1874.40
1884.86
1916.62
3028.80
3046.22
3047.15
3051.43
3055.49
3073.98
3083.53
3090.13
3105.40
3127.27
3128.63
3143.13
3144.05
3151.30
3163.94
3185.69
3194.14
3197.30
3201.69
3211.91
3212.99
3217.57
3219.46
3221.33
3228.66
3232.70
3247.61
3254.14
3259.24
3932.85
$end
