
$molecule
   O     7.88280822  -0.72536563   1.45502427
  C    -3.38777084   0.29291127  -1.36840588
  C    -4.74253936   0.95588333  -1.59442944
  C    -5.72427320   0.63958154  -0.49322723
  C    -2.92729721   0.48791918   0.07088741
  C    -5.20343946   1.17063215   0.82260335
  C    -3.74973536   0.85555557   1.05719397
  C    -2.37443525   0.92405112  -2.32883581
  C    -3.47962820  -1.20764787  -1.65954559
  C    -1.48516725   0.20440946   0.30004316
  C    -3.31617059   1.01452644   2.49377449
  C    -0.60882692   1.07139882   0.79280562
  C     0.84507411   0.82024506   1.00935122
  C     1.43308115   1.57844067   2.17309604
  C     1.53861492   0.00201233   0.20728147
  C     2.96671066  -0.33265715   0.30963018
  C     3.58864277  -1.15708979  -0.53450984
  C     5.02762908  -1.54640157  -0.47812218
  C     5.30483222  -2.92976470  -1.01677515
  C     5.95650775  -0.70733503  -0.01461619
  C     7.43445303  -0.95060268   0.12215995
  H    -5.14179295   0.65613947  -2.56703399
  H    -4.61165174   2.03880463  -1.64070210
  H    -5.86997684  -0.44019041  -0.42119707
  H    -6.70767260   1.07217925  -0.71395489
  H    -5.79819220   0.78106849   1.65598025
  H    -5.32214566   2.26163618   0.86130670
  H    -2.21489430   1.97764045  -2.10557735
  H    -1.40772904   0.42886839  -2.28204089
  H    -2.72501316   0.85642225  -3.35899228
  H    -3.80146758  -1.38982382  -2.68479892
  H    -2.51775835  -1.69899901  -1.53094643
  H    -4.18871763  -1.70374227  -1.00107537
  H    -1.13821641  -0.77764941  -0.00212392
  H    -3.35626810   2.06650813   2.79242808
  H    -2.31015165   0.64966413   2.66873486
  H    -3.99704559   0.47114698   3.15359376
  H    -0.95926354   2.05382010   1.09259623
  H     2.48786900   1.36283102   2.32078215
  H     1.32288913   2.65515999   2.01642761
  H     0.90186808   1.33124217   3.09643596
  H     1.01700234  -0.46638563  -0.61935202
  H     3.52738838   0.11226015   1.12137389
  H     3.00883117  -1.62208819  -1.32693904
  H     4.68766393  -3.66942384  -0.49997590
  H     6.34644666  -3.22171015  -0.91068594
  H     5.04528461  -2.97655785  -2.07801742
  H     5.64542006   0.27492666   0.32270057
  H     7.98980049  -0.24552892  -0.51244797
  H     7.69633081  -1.96312459  -0.20420206
  H     7.41209240  -1.33579685   2.03231968
$end
$temperature
298.15
$end
$mult
 1
$end
$sigma
 1
$end
$pressure
1.00000
$end
$scale
1.0
$end
$msrrho
$end
$freq
13.62
19.83
28.64
40.70
47.21
59.15
60.40
89.78
111.34
118.09
121.27
130.52
133.34
143.99
167.08
187.43
221.59
249.29
265.56
274.34
278.04
282.90
295.33
314.96
319.27
340.34
358.05
365.92
398.56
429.59
438.13
440.31
465.45
495.36
515.98
527.41
548.68
557.16
606.50
615.30
650.54
675.41
783.85
855.32
856.97
890.23
904.04
924.24
929.84
951.54
962.93
976.87
985.45
988.14
995.82
1004.59
1037.23
1038.95
1039.90
1043.99
1052.27
1060.95
1065.12
1069.94
1102.00
1102.73
1108.65
1114.16
1135.97
1135.99
1184.17
1186.69
1206.42
1213.81
1229.17
1250.87
1257.94
1275.92
1286.50
1296.79
1302.66
1318.83
1341.53
1347.01
1360.50
1368.74
1385.67
1399.99
1410.74
1413.16
1424.15
1427.24
1438.42
1439.96
1446.68
1450.15
1456.74
1463.04
1463.28
1463.92
1465.73
1466.22
1468.42
1470.40
1472.41
1475.04
1479.65
1480.03
1482.82
1486.16
1491.98
1496.82
1833.15
1853.17
1875.99
1888.41
1916.52
3046.06
3046.62
3047.26
3050.72
3051.49
3073.98
3083.52
3090.06
3105.40
3127.32
3143.33
3144.49
3147.59
3149.94
3163.88
3185.67
3194.17
3196.31
3201.60
3212.20
3217.49
3218.67
3219.78
3221.29
3228.96
3231.96
3232.86
3247.49
3259.32
3921.23
$end
