
$molecule
   O     8.23448536  -0.86932348   0.45639434
  C    -3.64200624   0.87025194  -1.13587271
  C    -4.97306782   0.39967394  -1.71456793
  C    -5.69230837  -0.55761250  -0.79599063
  C    -2.86579071  -0.29769193  -0.54254581
  C    -4.85332345  -1.79980819  -0.60285542
  C    -3.41200157  -1.49179019  -0.29981923
  C    -3.87921476   1.89934599  -0.02761833
  C    -2.83762674   1.53360919  -2.25939902
  C    -1.44439678  -0.01026440  -0.20611875
  C    -2.64309926  -2.65999658   0.26691553
  C    -0.95441514  -0.01510863   1.02784547
  C     0.45484717   0.28361326   1.41246820
  C     0.60106703   0.92749136   2.76839381
  C     1.47680991  -0.02594580   0.60363548
  C     2.90545197   0.21451465   0.85357024
  C     3.86483525  -0.13456857  -0.00698776
  C     5.31967820   0.07881455   0.18547235
  C     5.76680885   0.77283297   1.44202535
  C     6.17327774  -0.34492898  -0.75279224
  C     7.67654197  -0.21438921  -0.67588623
  H    -4.79510911  -0.10458611  -2.66648455
  H    -5.60151848   1.26492839  -1.94147636
  H    -6.67546244  -0.82191816  -1.20388852
  H    -5.87455034  -0.08332441   0.17060282
  H    -4.88903957  -2.42261391  -1.50602231
  H    -5.26230436  -2.42274356   0.20108087
  H    -4.46595758   1.48403356   0.78850681
  H    -2.93964532   2.25057649   0.39215941
  H    -4.41464846   2.77047685  -0.40500086
  H    -3.43142885   2.30583886  -2.74888599
  H    -1.93378376   2.01003211  -1.88722513
  H    -2.54409201   0.81409036  -3.02286341
  H    -0.79076839   0.25219705  -1.03049551
  H    -2.93429396  -2.84490225   1.30538650
  H    -1.56942746  -2.50484865   0.24035683
  H    -2.87477152  -3.56800368  -0.29539763
  H    -1.62662448  -0.22556501   1.85389374
  H     1.63591695   1.15134423   3.01322783
  H     0.03100421   1.85975136   2.81142023
  H     0.20071631   0.26934814   3.54473634
  H     1.25200046  -0.51434886  -0.33768108
  H     3.17478605   0.69812523   1.78203009
  H     3.57661090  -0.62049653  -0.93380099
  H     5.29238356   1.75314546   1.52302964
  H     6.84296565   0.89976944   1.46305296
  H     5.47676198   0.19516678   2.32127408
  H     5.77271507  -0.83251024  -1.63711392
  H     7.97468937   0.83845339  -0.59640303
  H     8.11733890  -0.60857247  -1.60410540
  H     7.99898405  -1.80156329   0.40981983
$end
$temperature
298.15
$end
$mult
 1
$end
$sigma
 1
$end
$pressure
1.00000
$end
$scale
1.0
$end
$msrrho
$end
$freq
12.02
26.98
31.60
40.05
56.74
57.64
80.45
93.77
113.04
121.16
125.25
139.84
146.99
168.65
172.66
206.91
217.56
226.45
259.30
267.89
273.29
281.87
303.36
312.84
321.72
335.23
369.44
376.71
398.09
423.78
430.98
450.38
455.27
502.95
512.64
529.46
553.76
566.86
610.57
636.78
670.75
699.71
772.32
851.56
855.36
874.84
901.51
912.10
937.39
950.98
953.45
967.75
986.43
995.61
996.53
1007.33
1007.49
1038.43
1041.95
1050.69
1060.09
1064.89
1069.25
1080.01
1101.94
1105.62
1109.62
1116.28
1124.25
1135.24
1178.85
1186.07
1204.26
1211.81
1230.28
1251.14
1257.75
1277.75
1287.15
1296.80
1304.65
1333.69
1344.52
1347.18
1366.49
1372.10
1388.96
1400.49
1409.56
1413.62
1420.92
1427.48
1437.36
1444.48
1448.78
1456.52
1458.63
1463.18
1463.45
1463.71
1465.69
1466.52
1469.47
1471.94
1472.92
1478.85
1479.78
1480.52
1483.32
1487.07
1492.46
1497.30
1826.99
1852.16
1870.26
1876.78
1917.91
3028.94
3045.82
3046.20
3052.61
3072.64
3074.08
3079.97
3090.92
3105.37
3123.20
3125.84
3143.44
3143.61
3163.40
3170.27
3185.25
3190.58
3193.24
3202.80
3206.92
3208.84
3213.44
3219.44
3223.36
3228.13
3233.44
3236.55
3266.52
3275.59
3933.52
$end
