
$molecule
   O     2.54312177  -0.86824863  -1.50093743
  O     0.46050027  -0.68714087  -3.58688026
  O     2.89108658   0.40731120  -3.83355311
  O     1.66841491   3.09897286  -1.74793847
  O    -4.45522206   2.60587601   0.76853421
  O    -1.40591539   3.94431395  -2.31887366
  N    -0.17604571   0.51152010   0.41566194
  N    -2.68230654   0.55221065   1.58403059
  N    -0.81104468   2.22614889  -0.96163465
  N    -2.91339726   3.26770107  -0.75756202
  C     1.26365106  -0.33068312  -1.38039444
  C     1.15077851   0.57270870  -0.17222185
  C     0.81279791   0.32010756  -2.66450615
  C     1.84342537   1.20882607  -3.33678424
  C    -0.50168388  -0.45903743   1.34627788
  C    -1.09526409   1.41837042   0.00053944
  C    -1.76656485  -0.41793406   1.93242133
  C     0.37730280  -1.48213370   1.71413366
  C    -2.38232269   1.40913629   0.68359396
  C     2.50676709   2.29233445  -2.51378393
  C     0.01821933  -2.42831969   2.64782686
  C    -2.12371754  -1.38181748   2.88786339
  C    -1.26037605  -2.38073102   3.25876309
  C    -3.37460557   2.46372941   0.27097656
  C     0.99060449  -3.51755671   3.01379940
  C    -1.66323034  -3.40804483   4.28529382
  C    -1.68169980   3.19456554  -1.41111218
  H     0.57435976  -1.16285357  -1.19766696
  H     1.87422759   0.24754668   0.56651594
  H     1.34671177   1.60317314  -0.42406979
  H    -0.07475372   0.91559781  -2.46081284
  H     1.31415412   1.68346904  -4.17313784
  H     1.34680982  -1.53904982   1.24786938
  H     3.22218091   1.82045245  -1.83653923
  H     3.09669215   2.88587880  -3.22404789
  H    -3.11437665  -1.30137695   3.31559827
  H     2.98677218  -0.46071379  -2.25866404
  H     0.99160976  -1.46620334  -3.39819243
  H     2.54274765  -0.12788766  -4.55361098
  H     1.91888927  -3.42078033   2.45331927
  H     1.22353910  -3.48077003   4.08039127
  H     0.56143211  -4.50039392   2.80704079
  H    -2.67197051  -3.21560668   4.64762207
  H    -1.63665974  -4.41505781   3.86262481
  H    -0.98299784  -3.39470159   5.13995529
  H    -3.54301869   3.98563443  -1.08497387
  H     0.79037732   3.21145752  -2.13275492
$end
$temperature
298.15
$end
$mult
 1
$end
$sigma
 1
$end
$pressure
1.00000
$end
$scale
1.0
$end
$msrrho
$end
$freq
28.14
36.97
51.18
64.94
67.56
87.32
107.51
116.12
124.30
130.10
147.27
153.32
166.34
171.19
198.54
212.08
227.74
235.77
258.82
270.19
296.98
303.36
315.52
335.22
336.92
352.68
362.62
386.45
422.22
432.68
457.69
466.04
469.84
480.60
492.82
525.44
534.27
565.95
573.91
598.71
626.63
648.74
654.88
681.81
688.07
691.37
711.30
771.80
790.78
814.79
839.23
841.29
852.91
860.48
896.23
913.19
930.48
938.10
973.06
983.80
1039.15
1051.71
1057.19
1081.47
1085.03
1093.64
1095.48
1110.25
1128.93
1132.43
1154.43
1157.43
1178.65
1188.93
1201.71
1211.94
1221.44
1245.51
1263.90
1294.82
1299.56
1306.18
1320.30
1328.61
1341.31
1360.32
1369.01
1375.36
1386.98
1417.14
1419.24
1428.68
1432.18
1455.55
1456.76
1456.94
1460.95
1461.67
1463.87
1465.20
1468.31
1488.06
1493.44
1504.71
1520.07
1523.47
1555.80
1624.54
1645.96
1754.82
1781.93
1809.57
1838.47
1869.58
1898.67
3052.09
3056.51
3082.22
3124.87
3157.20
3160.19
3163.94
3190.65
3196.20
3202.17
3258.37
3268.74
3289.70
3331.72
3385.62
3783.96
3870.03
3920.64
3979.00
3981.96
$end
