
$molecule
   O     1.07456970   0.68209768  -2.06701974
  O     2.45395525   2.99848512  -0.63513409
  O     0.29675434   3.90811249   0.73792190
  O    -1.11833182   4.07966434  -2.62973704
  O    -4.20411941  -0.86183570   2.72172242
  O    -2.76696569   3.34360974   1.82771433
  N     0.03816359  -0.07696567   0.68543747
  N    -1.86319473  -1.89176933   1.51147156
  N    -1.34068765   1.64918449   1.29432284
  N    -3.44540798   1.23154430   2.28818849
  C     0.61995521   1.51725510  -1.03965763
  C     0.98851390   0.94469224   0.29672231
  C     1.19477250   2.90396497  -1.22433712
  C     0.30487150   3.99934944  -0.65183230
  C     0.26578940  -1.42352313   0.47800943
  C    -1.12484783   0.37382599   1.21430864
  C    -0.70283056  -2.32769028   0.91350337
  C     1.40831144  -1.91504481  -0.16032320
  C    -2.07529053  -0.63723022   1.65118185
  C    -1.09834289   4.02548862  -1.22378389
  C     1.59381620  -3.26617462  -0.34452933
  C    -0.50388954  -3.70564944   0.72806845
  C     0.62106098  -4.19196913   0.11451071
  C    -3.35101385  -0.14728235   2.27886906
  C     2.83417677  -3.75683102  -1.04181668
  C     0.81707926  -5.67378052  -0.07773992
  C    -2.52463660   2.16373722   1.80094289
  H    -0.46570327   1.58102880  -1.07980018
  H     1.98239540   0.52597773   0.25273711
  H     0.97133026   1.70533124   1.06126699
  H     1.31315618   3.04721559  -2.30269132
  H     0.79723661   4.94345279  -0.91681560
  H     2.14500706  -1.22288436  -0.53125721
  H    -1.65704573   3.16588210  -0.84953797
  H    -1.60407130   4.91600927  -0.84440887
  H    -1.28336584  -4.36417524   1.08807684
  H     0.43581412  -0.01687259  -2.22893282
  H     2.33173388   3.40831922   0.22895175
  H    -0.41052181   3.30774615   1.02531475
  H     3.46978219  -2.92629831  -1.34399200
  H     3.40854731  -4.41290875  -0.38389517
  H     2.57163899  -4.33455247  -1.93071371
  H    -0.02249448  -6.23039655   0.33589985
  H     0.90524116  -5.92226444  -1.13782796
  H     1.73100044  -6.01371438   0.41456214
  H    -4.29575421   1.62198649   2.66790194
  H    -0.71615793   3.27585217  -2.97182335
$end
$temperature
298.15
$end
$mult
 1
$end
$sigma
 1
$end
$pressure
1.00000
$end
$scale
1.0
$end
$msrrho
$end
$freq
28.65
35.95
52.74
58.51
65.19
67.46
79.97
122.39
124.07
126.64
145.83
164.39
169.42
178.66
189.21
207.88
220.81
228.78
248.83
266.25
295.15
300.76
303.87
326.51
335.63
344.27
357.39
384.66
405.90
425.24
469.39
472.63
491.39
492.81
496.45
534.20
544.24
550.90
569.03
591.36
613.99
641.08
653.42
660.46
683.76
688.60
712.01
768.15
777.38
814.73
839.36
843.17
859.33
891.70
896.85
913.65
933.37
940.10
959.36
983.27
995.67
1050.76
1056.89
1083.82
1090.45
1093.99
1100.73
1114.81
1120.10
1129.04
1155.05
1165.87
1175.71
1190.82
1207.05
1217.31
1237.64
1246.02
1257.47
1289.15
1295.23
1297.83
1307.36
1339.80
1341.48
1365.17
1368.33
1371.23
1391.91
1421.88
1428.98
1430.39
1432.51
1450.32
1457.77
1460.49
1461.13
1463.34
1463.48
1471.45
1472.81
1477.38
1490.56
1495.00
1502.76
1518.96
1555.95
1625.98
1648.05
1747.94
1762.35
1806.47
1835.56
1883.11
1902.33
3053.30
3057.37
3126.94
3142.96
3161.59
3164.65
3175.31
3197.18
3203.51
3225.42
3267.90
3268.82
3307.84
3343.67
3395.11
3779.67
3819.94
3948.76
3959.61
3982.74
$end
