
$molecule
   O    -2.49350322  -1.72527287   2.36583207
  O    -1.80231780  -3.36702959  -0.12415641
  O     0.18362164  -1.48849548   2.11325266
  O     1.44190205  -1.47585083  -0.36399960
  O    -1.22868384   1.18734813  -4.88423788
  O    -4.51499596  -1.14430742  -2.82503167
  N    -1.24718321   0.61155235  -0.14014528
  N     0.12173358   1.40025060  -2.41016937
  N    -2.93781441  -0.19304925  -1.45942120
  N    -2.89214930   0.08037667  -3.81094873
  C    -2.31092712  -1.33184242   1.04420966
  C    -2.01682712   0.16098942   1.00291284
  C    -1.26586099  -2.15997707   0.32574551
  C    -0.07406880  -2.50420608   1.17210543
  C     0.01997314   1.15403027  -0.00943556
  C    -1.80983442   0.42331633  -1.36647437
  C     0.70211759   1.52607294  -1.16755197
  C     0.67114808   1.32016814   1.21607118
  C    -1.04819047   0.90226580  -2.51391427
  C     1.13891438  -2.67743647   0.28339064
  C     1.95788328   1.80485278   1.28985659
  C     2.00796104   2.02723920  -1.08790082
  C     2.65516477   2.16682683   0.11321808
  C    -1.69444583   0.76243438  -3.86478225
  C     2.62078557   1.94129128   2.63477166
  C     4.06515295   2.69396993   0.17780339
  C    -3.52513511  -0.47006482  -2.68763115
  H    -3.25301209  -1.50838099   0.52460655
  H    -2.96225541   0.70031906   1.01459642
  H    -1.47512858   0.42484450   1.89537889
  H    -0.91174357  -1.59151214  -0.52442591
  H    -0.29606435  -3.44304353   1.69055511
  H     0.17418385   1.04250053   2.12625737
  H     1.98659762  -3.02225099   0.89330036
  H     0.93955343  -3.44563155  -0.46759318
  H     2.48394851   2.29046116  -2.02300110
  H    -1.63352735  -1.67186684   2.79412437
  H    -2.50242876  -3.18314407  -0.75983393
  H     0.91716485  -1.76480529   2.67174030
  H     1.95803198   1.61790065   3.43585433
  H     3.53477992   1.34443342   2.67735166
  H     2.90329813   2.97976262   2.82014777
  H     4.43564279   2.92384479  -0.81994276
  H     4.11672339   3.60302311   0.78154694
  H     4.73673292   1.96162798   0.63200310
  H    -3.35025629  -0.09571763  -4.69291618
  H     1.47333853  -0.78781756   0.30688071
$end
$temperature
298.15
$end
$mult
 1
$end
$sigma
 1
$end
$pressure
1.00000
$end
$scale
1.0
$end
$msrrho
$end
$freq
13.24
27.68
37.86
56.92
64.97
79.36
103.91
114.71
121.14
126.52
144.78
157.41
166.63
166.77
216.42
220.32
236.31
259.49
268.05
295.78
297.65
306.79
318.04
334.71
357.91
365.03
369.55
385.11
391.84
425.31
432.26
448.36
471.23
483.86
486.28
522.76
545.90
564.85
581.62
591.50
623.29
650.57
665.12
672.04
681.52
688.83
706.46
713.03
774.95
818.09
839.37
842.67
859.99
892.75
903.89
914.46
930.37
941.66
949.36
985.64
999.81
1047.64
1053.65
1074.50
1083.59
1091.23
1093.19
1101.40
1116.64
1128.38
1136.67
1158.16
1171.27
1181.27
1200.67
1207.68
1222.36
1232.08
1254.45
1294.65
1298.55
1315.96
1326.47
1336.07
1349.54
1359.04
1363.69
1379.75
1388.53
1410.53
1419.85
1429.99
1432.99
1441.75
1445.94
1455.60
1458.69
1461.91
1462.10
1464.16
1467.71
1475.45
1487.46
1496.03
1516.79
1545.47
1557.71
1624.20
1646.91
1765.69
1769.82
1813.58
1841.90
1875.64
1899.45
3051.38
3055.62
3055.76
3158.77
3163.37
3163.65
3184.70
3196.96
3199.42
3204.37
3233.09
3272.98
3371.06
3378.49
3407.76
3787.16
3938.65
3970.20
3998.47
4000.57
$end
