
$molecule
   O     1.76916329   2.88012496  -2.14414709
  O    -0.84972785   2.07914730  -1.69659107
  O     0.78235152  -1.05523944  -1.60594109
  O    -2.31792573   0.00317536  -3.10869455
  O     3.13712295  -3.78502841   1.51915318
  O     5.47829715  -0.65030080  -0.74817763
  N     1.24486613   0.50093811   0.58381622
  N     0.93682666  -2.01647431   1.66509262
  N     3.37283860  -0.03935951  -0.06686922
  N     4.27665417  -2.17764982   0.39871666
  C     1.47077689   1.62391303  -1.58526835
  C     1.45935915   1.75617331  -0.08669361
  C     0.13664031   1.22309876  -2.16910709
  C    -0.28868346  -0.20069379  -1.87690344
  C     0.04051891   0.16902584   1.17315200
  C     2.27527431  -0.38460142   0.51939114
  C    -0.09684617  -1.10766544   1.71275974
  C    -1.05490526   1.03425113   1.22721459
  C     2.04426871  -1.68991144   1.12285398
  C    -1.14788073  -0.75375850  -2.98637590
  C    -2.24717831   0.64708900   1.79398785
  C    -1.30960921  -1.49436991   2.30111497
  C    -2.38629858  -0.64682693   2.35312817
  C     3.17406526  -2.67798443   1.05830539
  C    -3.40644048   1.60646893   1.80655477
  C    -3.68437776  -1.08147135   2.98297532
  C     4.44448767  -0.91085630  -0.18180868
  H     2.23097745   0.89440190  -1.85737597
  H     2.42493959   2.14480708   0.22720686
  H     0.70032115   2.46156755   0.21125623
  H     0.25393653   1.34300497  -3.25117150
  H    -0.90224881  -0.16499926  -0.98409277
  H    -0.98505115   2.00955514   0.78353580
  H    -0.57724319  -0.75918780  -3.92600343
  H    -1.36660431  -1.80353141  -2.75022124
  H    -1.35538717  -2.49605071   2.70748007
  H     2.71802664   3.03279591  -2.09328109
  H    -0.65508761   2.96448949  -2.02075080
  H     1.25773222  -1.24983218  -2.41809251
  H    -3.14108167   2.54777658   1.32924038
  H    -4.26116902   1.18095387   1.27649196
  H    -3.72550240   1.81202651   2.83110810
  H    -3.60805083  -2.10066932   3.35921795
  H    -3.95383364  -0.42762234   3.81567780
  H    -4.50255187  -1.04240741   2.26001112
  H     5.07058275  -2.79503029   0.31815999
  H    -2.87634280  -0.40326221  -3.78003581
$end
$temperature
298.15
$end
$mult
 1
$end
$sigma
 1
$end
$pressure
1.00000
$end
$scale
1.0
$end
$msrrho
$end
$freq
26.08
29.85
39.94
42.16
63.88
69.62
111.18
114.19
118.10
122.65
123.99
156.91
162.11
170.10
186.60
212.07
238.05
244.74
267.14
289.32
296.47
298.76
302.78
306.49
327.81
338.13
341.98
379.92
388.47
394.92
402.97
425.55
436.48
457.38
476.19
486.05
526.46
529.02
553.49
566.01
589.22
625.20
653.78
663.77
672.05
688.97
704.02
712.32
775.08
816.68
837.78
844.12
861.57
893.13
906.24
916.47
929.92
939.89
983.45
995.49
1030.60
1053.36
1065.97
1085.22
1093.36
1100.90
1108.77
1119.97
1122.94
1128.81
1135.03
1152.90
1179.06
1188.99
1202.88
1218.36
1223.64
1244.67
1254.35
1263.96
1287.88
1300.46
1314.12
1331.82
1334.35
1344.53
1357.47
1368.99
1382.80
1406.44
1423.87
1430.74
1434.22
1457.71
1459.71
1460.92
1462.95
1464.21
1469.44
1473.18
1480.71
1485.41
1498.70
1508.57
1524.85
1527.79
1563.56
1630.78
1648.91
1761.84
1768.59
1817.33
1842.18
1870.48
1895.51
3044.96
3050.34
3056.80
3131.02
3158.42
3163.29
3168.58
3194.36
3205.59
3227.50
3270.06
3270.83
3329.55
3374.78
3396.19
3793.66
3925.13
3953.04
3970.28
3992.46
$end
