
$molecule
   O    -0.42711209  -1.01254489   1.27853808
  O     1.21422921  -2.82246579   2.72772073
  O     3.28787163  -0.68121681   3.59737906
  O    -0.33330116  -0.83984267   3.86798469
  O    -2.89693742   3.89999847   1.02199590
  O     0.28543329   2.42674423   3.88761751
  N     0.39373792   0.71944828  -0.34999415
  N    -1.92589597   2.09829449  -0.93626590
  N     0.38556001   1.62079028   1.75202230
  N    -1.28110403   3.14955011   2.42589155
  C     0.86336554  -1.28897831   0.91274949
  C     1.46175168  -0.11746569   0.12739478
  C     1.73931029  -1.69318603   2.08918502
  C     1.96446079  -0.60577499   3.12194713
  C    -0.23306481   0.49306398  -1.55946555
  C    -0.15961830   1.53323618   0.58807165
  C    -1.39172272   1.21169043  -1.84748450
  C     0.24297416  -0.41298319  -2.51146031
  C    -1.36187058   2.25612757   0.19838927
  C     0.99519734  -0.65072395   4.27933004
  C    -0.40333237  -0.59431969  -3.71414533
  C    -2.04342662   1.02735300  -3.07536847
  C    -1.57560649   0.14198250  -4.01306013
  C    -1.94838393   3.19345024   1.21847481
  C     0.14329630  -1.58076214  -4.71178306
  C    -2.29225496  -0.04441566  -5.32579392
  C    -0.15498943   2.39071905   2.76586845
  H     0.82339382  -2.15321097   0.23181678
  H     2.09822240   0.49847028   0.74792115
  H     2.06773580  -0.46192625  -0.70621704
  H     2.72876332  -1.92343929   1.66989321
  H     1.86092864   0.36704417   2.65264461
  H     1.13331288  -0.98103164  -2.30422873
  H     1.28828676  -1.44983012   4.96168024
  H     1.05832457   0.29665362   4.81257573
  H    -2.93575035   1.61499597  -3.24612646
  H    -0.46345318  -0.72175878   2.20572805
  H     1.10040217  -3.53403355   2.09136441
  H     3.39541199  -1.52417221   4.04912874
  H     1.04525577  -2.06236233  -4.33748017
  H    -0.59580820  -2.35433950  -4.93176375
  H     0.38363267  -1.08192887  -5.65325691
  H    -3.16813391   0.60028181  -5.38095732
  H    -1.63767655   0.19390131  -6.16742566
  H    -2.62000105  -1.07916327  -5.45020923
  H    -1.64916157   3.72989996   3.16494313
  H    -0.46225329  -1.79181931   3.77423008
$end
$temperature
298.15
$end
$mult
 1
$end
$sigma
 1
$end
$pressure
1.00000
$end
$scale
1.0
$end
$msrrho
$end
$freq
28.13
31.21
52.41
61.99
65.56
77.85
101.31
119.05
123.14
126.33
134.68
162.11
164.41
179.97
205.08
228.23
249.36
264.87
284.72
295.16
297.16
306.75
324.99
341.88
361.99
375.74
380.61
399.05
408.90
417.88
436.54
453.06
470.16
475.08
510.54
528.58
547.26
563.67
587.71
614.04
638.59
647.89
668.33
686.42
697.57
708.33
735.95
776.41
810.60
816.84
835.47
839.51
860.87
894.77
914.23
914.81
927.26
933.43
957.68
985.13
1018.00
1051.88
1070.37
1083.37
1086.53
1092.60
1101.17
1110.53
1123.27
1128.35
1131.86
1146.62
1166.29
1206.00
1213.71
1224.65
1239.29
1258.13
1262.75
1287.53
1299.68
1307.56
1338.29
1341.54
1353.49
1367.93
1385.09
1387.64
1407.75
1422.08
1425.11
1430.14
1434.04
1439.17
1459.84
1461.20
1461.44
1462.35
1464.35
1465.87
1471.75
1476.48
1494.66
1500.42
1505.26
1524.51
1561.98
1628.37
1649.31
1763.81
1778.52
1813.74
1840.56
1879.14
1898.15
3050.67
3055.48
3085.77
3117.36
3149.76
3158.33
3163.67
3195.48
3198.75
3222.62
3254.13
3269.45
3326.84
3338.55
3342.04
3770.09
3789.95
3946.59
3949.55
3980.60
$end
