
$molecule
   O    -0.31312280  -2.30958919  -1.27106266
  O    -2.77996895  -1.23786573  -2.79301149
  O     0.13663865   0.28945390  -1.48020507
  O    -1.87272209   2.16883837  -1.55184550
  O    -0.89933005   4.43565910   1.20229531
  O    -4.65575594   2.01324510   0.58758018
  N    -0.73843427  -0.32853050   0.93209119
  N     0.61817490   2.05032514   1.24841320
  N    -2.71548512   0.81710581   0.83782954
  N    -2.76788967   3.17128782   1.01723201
  C    -1.55584842  -1.83680514  -0.83664662
  C    -1.48779112  -1.51544436   0.63294638
  C    -2.05853101  -0.69899380  -1.71036487
  C    -0.94953537   0.13288748  -2.31498237
  C     0.63424089  -0.35450811   1.08604898
  C    -1.43444654   0.83982127   0.96752683
  C     1.30193167   0.85410906   1.25394993
  C     1.38111359  -1.53200084   1.05411187
  C    -0.64983853   2.05433211   1.12557120
  C    -1.45680494   1.49208802  -2.69821289
  C     2.75099464  -1.51409482   1.19809796
  C     2.69389877   0.86906821   1.40340775
  C     3.43231898  -0.28822531   1.38192229
  C    -1.40511789   3.35094576   1.12174117
  C     3.51807431  -2.80875192   1.15406916
  C     4.93024224  -0.25206853   1.54450656
  C    -3.46817077   1.97846483   0.79816263
  H    -2.30057047  -2.64036100  -0.92671097
  H    -2.49624405  -1.37043785   1.01324839
  H    -1.04921682  -2.36396262   1.14939341
  H    -2.69978353  -0.07131785  -1.10264818
  H    -0.65408447  -0.38596325  -3.23578558
  H     0.88237065  -2.46971000   0.89269336
  H    -0.64549108   2.03330274  -3.19882920
  H    -2.27610625   1.38556530  -3.41975579
  H     3.15961853   1.83696131   1.53255781
  H    -0.42924967  -2.75059746  -2.11895872
  H    -3.70782262  -1.31489025  -2.55018729
  H     0.52892911  -0.58067960  -1.36404518
  H     2.85219208  -3.65456853   0.99154608
  H     4.25799205  -2.79185655   0.35077814
  H     4.05802729  -2.96813648   2.09031295
  H     5.27877530   0.77129285   1.67574013
  H     5.24463098  -0.83542569   2.41317919
  H     5.43050348  -0.67486860   0.66999293
  H    -3.33406601   4.00540230   1.04435192
  H    -2.28923963   2.99949749  -1.79804609
$end
$temperature
298.15
$end
$mult
 1
$end
$sigma
 1
$end
$pressure
1.00000
$end
$scale
1.0
$end
$msrrho
$end
$freq
31.98
44.45
50.45
68.31
74.20
103.75
118.68
121.75
125.25
138.41
150.69
163.23
167.70
202.97
216.00
227.34
231.74
249.46
260.35
277.67
286.10
297.27
300.87
313.53
326.94
347.66
370.66
391.72
403.59
414.59
432.19
435.81
467.71
478.44
495.09
535.89
544.65
556.91
576.27
615.43
632.22
643.74
653.79
676.74
678.79
689.46
708.44
772.73
793.47
816.58
833.93
843.34
862.37
892.61
915.29
919.73
934.56
942.26
972.71
985.10
998.83
1028.10
1052.80
1073.53
1083.89
1092.73
1103.63
1127.40
1128.34
1132.74
1146.26
1166.68
1181.73
1187.15
1211.21
1226.06
1228.93
1251.29
1264.48
1273.71
1293.19
1305.14
1307.98
1313.11
1337.06
1345.71
1367.76
1372.12
1397.79
1422.83
1427.48
1429.85
1433.80
1446.98
1452.05
1461.40
1462.18
1464.69
1465.66
1471.41
1486.55
1489.30
1496.23
1503.00
1528.75
1535.51
1569.72
1634.42
1652.31
1776.53
1778.12
1822.17
1845.49
1874.06
1896.10
3049.29
3054.47
3080.91
3113.08
3140.22
3156.70
3161.49
3165.02
3194.50
3200.21
3209.95
3271.26
3293.74
3342.56
3376.17
3802.88
3949.44
3970.10
3987.75
4028.29
$end
