
$molecule
   O    -0.35214335   0.56863156  -1.55760048
  O    -2.16684639   3.10136328   0.18639491
  O    -1.03522517   2.64189053  -3.18607385
  O    -1.73495741   5.12507379  -1.82328193
  O    -2.03297970  -4.81240801   2.44177342
  O    -4.85440255  -1.35335481   1.71208842
  N    -0.38974146  -0.56728895   0.98959215
  N     0.13038577  -3.21497345   1.57697894
  N    -2.62348431  -0.92763224   1.35142952
  N    -3.40657544  -3.04283783   2.08786745
  C    -1.23729906   1.07022997  -0.59156001
  C    -0.70373603   0.83115683   0.79382634
  C    -1.42372765   2.54342749  -0.84579420
  C    -2.03593211   2.77246827  -2.21677399
  C     0.90045596  -1.04808672   0.83914310
  C    -1.42186583  -1.38883797   1.33640446
  C     1.14642938  -2.38427075   1.14885157
  C     1.95892453  -0.26489621   0.37346094
  C    -1.06237899  -2.76768140   1.66079480
  C    -2.62509144   4.15744923  -2.32303963
  C     3.22746195  -0.78416041   0.23769736
  C     2.44057191  -2.90716609   1.01559255
  C     3.48550738  -2.13600896   0.57247232
  C    -2.18012092  -3.67025820   2.10733082
  C     4.33765806   0.09301938  -0.27633796
  C     4.86975506  -2.71575323   0.43466126
  C    -3.70918344  -1.72416659   1.70957330
  H    -2.20199641   0.56317327  -0.66043676
  H     0.19173770   1.41401626   0.96462973
  H    -1.45532708   1.12512957   1.51938938
  H    -0.42637390   2.98975539  -0.88057765
  H    -2.84361099   2.04639191  -2.38467293
  H     1.77413384   0.75497232   0.08637580
  H    -2.86881555   4.34111429  -3.37438590
  H    -3.55268961   4.23014248  -1.74908892
  H     2.57500359  -3.94889442   1.27539396
  H    -0.40068651  -0.38955883  -1.57734480
  H    -2.15359208   4.05631879   0.05177226
  H    -0.57993255   1.80865109  -3.00512035
  H     3.97615021   1.09547796  -0.49890989
  H     5.13945096   0.16932536   0.46163243
  H     4.77074565  -0.32830212  -1.18615944
  H     4.88133665  -3.76171936   0.73749038
  H     5.21951568  -2.65366744  -0.59845368
  H     5.58545167  -2.17093862   1.05460413
  H    -4.20203323  -3.60229586   2.35820542
  H    -0.92992684   5.06597944  -2.34981474
$end
$temperature
298.15
$end
$mult
 1
$end
$sigma
 1
$end
$pressure
1.00000
$end
$scale
1.0
$end
$msrrho
$end
$freq
22.06
28.10
28.45
43.44
64.88
77.45
80.89
102.07
112.09
116.49
122.45
147.23
155.46
164.90
194.83
210.88
232.74
250.19
276.90
280.32
285.33
299.77
322.08
339.78
350.90
365.29
382.07
403.88
426.35
435.74
448.17
468.70
471.95
492.84
522.96
530.14
554.63
562.53
566.69
593.99
614.85
625.46
652.64
659.79
677.48
687.97
704.99
740.00
773.58
814.69
835.87
839.09
857.98
888.49
910.26
919.95
933.20
934.87
957.76
983.62
990.11
1050.98
1065.10
1080.75
1083.82
1093.01
1093.67
1097.04
1128.60
1129.69
1149.40
1164.34
1184.41
1190.21
1207.01
1212.09
1223.72
1243.83
1250.91
1270.50
1298.55
1307.41
1314.22
1329.09
1333.76
1349.03
1365.93
1366.21
1387.01
1412.65
1418.23
1428.53
1432.42
1441.60
1456.06
1459.20
1460.92
1461.10
1462.90
1463.93
1468.66
1477.66
1492.49
1495.65
1517.77
1544.93
1554.77
1624.98
1641.39
1761.77
1774.39
1812.58
1839.08
1879.69
1899.02
3051.75
3056.30
3103.37
3110.56
3159.69
3163.69
3188.12
3193.22
3196.03
3201.62
3220.87
3241.25
3269.09
3333.93
3357.90
3786.60
3909.10
3939.83
3943.98
4027.52
$end
