
$molecule
   O    -3.74867530   0.28600505  -0.27407577
  O    -2.92555221   2.07619790   1.66259566
  O    -0.72427024   1.28376851  -1.05854936
  O    -1.66181826   4.24735082   0.78480769
  O     2.34917192  -0.90924090   4.29709905
  O    -2.08666970  -1.67547105   4.73659524
  N    -0.49431888  -1.11417882   0.46735163
  N     2.06656037  -0.95685677   1.48814922
  N    -1.31142337  -1.42581149   2.58805398
  N     0.11889589  -1.27766529   4.47078628
  C    -2.70153877   0.03295814   0.61574012
  C    -1.86021007  -1.05335619  -0.00664539
  C    -1.99655893   1.32851740   0.94111385
  C    -1.55113129   2.09183410  -0.27736423
  C     0.57824201  -1.10130628  -0.40779081
  C    -0.30250530  -1.24126341   1.81098692
  C     1.86209851  -0.99907954   0.12537107
  C     0.44988368  -1.21281887  -1.79559157
  C     1.07293000  -1.09088209   2.27876498
  C    -0.80395074   3.34711203   0.11800559
  C     1.54639027  -1.17890576  -2.62553602
  C     2.97772668  -0.95492999  -0.72388636
  C     2.84844619  -1.03456732  -2.08614817
  C     1.28541814  -1.07674501   3.76720820
  C     1.35521732  -1.30217762  -4.11422325
  C     4.05831262  -0.98992145  -2.98367561
  C    -1.17838708  -1.47994075   3.97019175
  H    -3.08978212  -0.31991857   1.57331626
  H    -2.35008498  -2.00961355   0.17569946
  H    -1.84472607  -0.87272044  -1.06741735
  H    -1.11595943   1.11941943   1.55062940
  H    -2.44404537   2.39031585  -0.83189342
  H    -0.52615235  -1.33217911  -2.23059381
  H     0.04631468   3.07890069   0.75290788
  H    -0.39078102   3.81318283  -0.78497712
  H     3.94626431  -0.86440831  -0.25011844
  H    -4.37596484   0.85783867   0.18169167
  H    -2.64362822   3.00033813   1.66369098
  H    -0.52389290   1.73494227  -1.88258552
  H     0.30156099  -1.40334214  -4.36952313
  H     1.75350560  -0.42479185  -4.62905156
  H     1.88840336  -2.17386006  -4.50000428
  H     4.96876542  -0.87411044  -2.39737290
  H     4.14453145  -1.90613739  -3.57253982
  H     3.99550825  -0.15622153  -3.68715007
  H     0.19720132  -1.29799386   5.47661715
  H    -1.15932153   5.02173403   1.05933995
$end
$temperature
298.15
$end
$mult
 1
$end
$sigma
 1
$end
$pressure
1.00000
$end
$scale
1.0
$end
$msrrho
$end
$freq
21.55
23.99
36.22
46.93
64.52
67.39
112.75
115.03
116.28
125.58
145.62
162.12
164.46
170.10
186.94
216.24
238.21
249.21
259.50
267.54
295.50
297.80
306.73
321.32
331.46
346.23
368.81
386.85
391.37
421.13
427.69
442.70
445.92
466.13
490.80
519.08
532.50
552.84
565.69
597.50
607.45
626.18
649.24
672.39
679.28
688.34
691.75
705.28
772.09
816.13
836.16
849.25
858.08
888.39
892.25
911.43
935.57
942.34
971.26
983.21
1046.10
1060.02
1069.77
1078.52
1085.65
1093.04
1101.45
1112.70
1125.34
1127.94
1139.52
1163.96
1185.37
1199.22
1210.64
1223.90
1230.17
1242.40
1254.71
1258.31
1291.19
1301.14
1302.37
1323.18
1340.76
1347.84
1360.74
1363.85
1371.48
1400.64
1421.95
1430.44
1433.56
1451.27
1452.65
1458.13
1462.20
1462.88
1464.74
1468.16
1476.61
1491.60
1498.03
1506.83
1518.82
1548.02
1555.92
1623.08
1643.83
1759.69
1776.85
1813.04
1842.54
1878.06
1895.88
3049.19
3054.15
3072.21
3156.59
3161.45
3163.44
3193.91
3196.50
3198.46
3201.65
3225.75
3233.19
3268.91
3355.04
3410.16
3791.29
3917.30
3943.52
3952.62
3995.55
$end
