
$molecule
   O    -0.98842965  -0.68773416  -2.82427187
  O     0.39441295  -3.24248461  -1.96536887
  O     2.93641947  -0.66435202  -1.93617195
  O     2.48735923  -4.01990176  -0.60383845
  O     1.72137147   0.21498880   4.72289038
  O     2.68293227  -3.27452285   2.00631030
  N    -0.49910868  -0.35630957   0.54050545
  N    -0.00041481   1.25188232   2.72448666
  N     0.99619470  -1.90311616   1.33494534
  N     2.12594584  -1.56501111   3.37620114
  C    -0.03295417  -0.90255814  -1.81812962
  C    -0.78527949  -1.25308523  -0.56121011
  C     0.95485514  -1.99974913  -2.18290971
  C     2.24989683  -1.78126973  -1.42263897
  C    -1.09160295   0.88969770   0.60729877
  C     0.37604796  -0.77306939   1.48308206
  C    -0.83686119   1.68578681   1.72313831
  C    -1.91980562   1.38139513  -0.40504386
  C     0.57530285   0.11219452   2.62104199
  C     3.10148783  -3.03028464  -1.37648998
  C    -2.49495774   2.62672305  -0.30427766
  C    -1.43449512   2.95363616   1.82242030
  C    -2.25715340   3.43587152   0.83838836
  C     1.50923676  -0.36573956   3.69748479
  C    -3.37490186   3.12962754  -1.41665796
  C    -2.88865596   4.79892009   0.95978408
  C     1.96776364  -2.31233424   2.21310374
  H     0.53225975   0.01992282  -1.65367226
  H    -1.84734486  -1.21795121  -0.77146310
  H    -0.54669303  -2.25128189  -0.23112757
  H     1.17933651  -1.88565582  -3.25270286
  H     2.00671484  -1.54831303  -0.39494701
  H    -2.08179893   0.78091982  -1.28439041
  H     3.24768529  -3.43577417  -2.38227810
  H     4.08784347  -2.75980020  -0.98577772
  H    -1.21149760   3.53169183   2.70948318
  H    -0.54656746  -0.46702627  -3.64980752
  H     0.99725836  -3.76751582  -1.41093735
  H     3.31964151  -0.90469730  -2.78535091
  H    -3.44974566   2.39650133  -2.21783164
  H    -4.37966189   3.34260167  -1.04461002
  H    -2.97669369   4.05854975  -1.83097157
  H    -2.60025124   5.27556065   1.89548642
  H    -2.58179187   5.44681076   0.13552228
  H    -3.97841770   4.72863015   0.93154432
  H     2.82375744  -1.90386754   4.02223997
  H     2.53136047  -3.78850685   0.34751918
$end
$temperature
298.15
$end
$mult
 1
$end
$sigma
 1
$end
$pressure
1.00000
$end
$scale
1.0
$end
$msrrho
$end
$freq
21.98
39.49
59.66
63.92
69.31
87.95
113.37
126.48
129.73
146.59
160.47
165.97
168.25
200.37
209.15
235.08
255.67
265.72
270.19
282.33
291.49
301.48
319.15
324.19
356.57
359.73
377.53
394.45
421.64
437.80
449.61
473.49
481.78
497.93
529.09
536.07
555.82
565.08
573.34
610.04
637.50
652.02
677.00
680.50
688.77
709.89
747.46
776.25
813.31
837.73
842.92
844.94
867.64
899.47
916.77
937.56
950.80
958.94
982.35
1005.12
1025.12
1051.96
1060.21
1083.95
1094.19
1095.41
1110.54
1128.12
1129.35
1138.07
1140.61
1158.32
1184.39
1200.33
1210.81
1221.96
1229.13
1249.00
1253.97
1269.74
1294.42
1304.87
1331.06
1344.49
1360.90
1371.83
1381.37
1393.56
1397.72
1419.91
1422.14
1429.99
1432.53
1444.12
1449.17
1456.90
1459.90
1461.32
1463.91
1464.02
1464.87
1490.89
1501.37
1511.73
1516.52
1527.26
1555.75
1627.34
1647.14
1738.11
1757.26
1805.61
1835.30
1847.93
1901.00
3052.38
3056.26
3092.33
3105.28
3160.63
3162.97
3181.67
3183.07
3196.19
3203.96
3264.09
3268.76
3345.01
3380.29
3397.93
3616.82
3772.92
3784.23
3948.76
3959.00
$end
