
$molecule
   O     0.41675101   0.44680924   2.03265494
  O     3.01799113   1.60104531   2.34137718
  O     0.32791660   3.51490147   0.85791877
  O     2.92261922   4.59693150   0.88762403
  O    -5.27216424  -0.37544345   0.39927897
  O    -2.88527473   3.12395811   2.02212414
  N    -0.58989338   0.00959753  -0.40205206
  N    -2.87659825  -1.51804857  -0.58595196
  N    -1.73525218   1.57318669   0.82034244
  N    -4.06074299   1.38288838   1.16515999
  C     1.28215060   0.74388763   0.99169347
  C     0.55307697   0.89506090  -0.32546169
  C     2.11419532   1.96593474   1.33389457
  C     1.28040435   3.14601039   1.79577180
  C    -0.51119453  -1.24941987  -0.96278145
  C    -1.73583270   0.45546523   0.15492683
  C    -1.68044152  -2.00462671  -1.05425359
  C     0.68353417  -1.79968707  -1.43871115
  C    -2.91593482  -0.37046922  -0.01785715
  C     2.19343278   4.31530853   2.05254360
  C     0.71632968  -3.05671423  -1.99604839
  C    -1.64095705  -3.28561912  -1.63114630
  C    -0.47336704  -3.82428806  -2.10268648
  C    -4.21311034   0.17134873   0.51566545
  C     2.02240803  -3.61872790  -2.49003500
  C    -0.44888533  -5.20091320  -2.71536223
  C    -2.88418570   2.10375981   1.38029766
  H     1.97418842  -0.10281989   0.91841126
  H     0.18350955   1.90146543  -0.43729661
  H     1.22044770   0.69620349  -1.15910942
  H     2.69203456   2.27688369   0.46257636
  H     0.80462814   2.87682401   2.74573439
  H     1.59640033  -1.23500425  -1.35401132
  H     1.57738771   5.17269136   2.34842691
  H     2.86191952   4.08243008   2.88923842
  H    -2.57685347  -3.82623348  -1.68194170
  H    -0.34126055   1.04061732   1.97272069
  H     2.50697771   1.15596517   3.02602511
  H    -0.54196035   3.14820957   1.06773685
  H     2.83805612  -2.91405366  -2.33713505
  H     2.26292287  -4.54600140  -1.96548757
  H     1.96048993  -3.85182262  -3.55531331
  H    -1.44551111  -5.63962456  -2.71634943
  H    -0.08877303  -5.16368911  -3.74598620
  H     0.21788272  -5.86411069  -2.15962028
  H    -4.89531728   1.78514075   1.56692910
  H     3.58585543   5.26479200   1.08552542
$end
$temperature
298.15
$end
$mult
 1
$end
$sigma
 1
$end
$pressure
1.00000
$end
$scale
1.0
$end
$msrrho
$end
$freq
33.85
38.30
47.69
63.19
67.34
85.04
109.21
122.23
125.02
125.94
141.19
150.95
166.45
171.79
191.69
208.67
224.77
238.30
266.74
275.20
297.90
305.76
315.98
326.86
336.68
369.69
392.55
394.81
411.65
440.89
442.87
472.50
476.76
485.64
513.96
530.23
548.58
571.43
603.83
617.96
629.06
643.22
652.36
658.92
682.80
690.57
713.22
757.74
782.18
811.86
836.92
839.67
859.72
898.77
914.58
922.56
932.89
938.12
953.83
983.07
1001.96
1051.80
1054.75
1080.15
1085.72
1093.48
1112.28
1116.95
1128.56
1128.90
1137.32
1177.51
1191.90
1197.16
1203.94
1215.96
1231.41
1247.21
1268.04
1276.72
1291.15
1303.63
1310.89
1329.09
1338.23
1345.91
1367.64
1370.75
1414.70
1423.32
1429.25
1430.72
1433.67
1448.49
1458.35
1460.32
1461.72
1463.55
1463.60
1470.42
1471.43
1482.28
1484.74
1507.12
1512.79
1518.34
1557.75
1625.70
1653.94
1739.59
1762.31
1805.28
1836.13
1882.15
1901.48
3053.28
3057.51
3082.02
3150.90
3155.98
3161.57
3165.49
3166.76
3197.34
3201.97
3224.45
3232.74
3269.47
3336.18
3392.75
3779.79
3893.61
3947.63
3951.38
3954.89
$end
