
$molecule
   O    -1.61753738   1.39284003  -2.74003287
  O     0.18895759  -1.22242971  -1.06488480
  O     0.41232824  -2.17627779  -3.49223231
  O     1.83059119  -0.30089796  -4.76941526
  O    -0.90558676  -4.28690957   2.66813354
  O    -3.89444667  -3.58289211  -0.65375497
  N    -1.36512594   0.01711627   0.64483211
  N    -0.02695608  -1.61341615   2.42274964
  N    -2.65274928  -1.76395321  -0.00855684
  N    -2.39207361  -3.88776872   1.00348857
  C    -1.02760790   0.70321454  -1.67328788
  C    -1.92857171   0.74636880  -0.46017127
  C    -0.66372046  -0.71669110  -2.03886335
  C     0.00805914  -0.83722537  -3.38989558
  C    -0.31484782   0.53792837   1.37394137
  C    -1.72527833  -1.29287107   0.75192140
  C     0.34671536  -0.29477648   2.27119364
  C     0.10849481   1.86441251   1.25700337
  C    -0.99321256  -2.08254531   1.73516617
  C     1.20475989   0.05690226  -3.55431395
  C     1.15795780   2.34930611   2.00646253
  C     1.41249957   0.20221933   3.03318099
  C     1.83364617   1.50359211   2.91860063
  C    -1.39457774  -3.52403054   1.88210984
  C     1.58144912   3.78599350   1.85145550
  C     2.98365245   2.01922975   3.74532016
  C    -3.04867692  -3.09264156   0.05178939
  H    -0.10041278   1.22572296  -1.43513291
  H    -2.10639290   1.78126899  -0.17773655
  H    -2.88524109   0.29485601  -0.69405373
  H    -1.57503414  -1.31829698  -2.09032172
  H    -0.70608913  -0.59436788  -4.18495707
  H    -0.39916405   2.52419653   0.57459692
  H     0.89298386   1.10514397  -3.55985496
  H     1.88928673  -0.08460403  -2.71395455
  H     1.88823779  -0.48942605   3.71583950
  H    -2.43657545   0.94718624  -2.98044632
  H     0.59008987  -2.01732273  -1.43599502
  H     1.01647312  -2.24295919  -4.23996433
  H     0.96860171   4.30065332   1.11310657
  H     1.49530017   4.31681177   2.80218436
  H     2.62584811   3.84751493   1.53749309
  H     3.37847217   1.23367354   4.38793079
  H     3.79433768   2.38037504   3.10807728
  H     2.66982446   2.85336251   4.37727477
  H    -2.70120798  -4.84740349   1.04675812
  H     2.58251966   0.27981764  -4.92278405
$end
$temperature
298.15
$end
$mult
 1
$end
$sigma
 1
$end
$pressure
1.00000
$end
$scale
1.0
$end
$msrrho
$end
$freq
24.88
30.24
43.24
46.78
62.20
75.22
93.24
112.67
115.12
119.29
123.04
160.62
163.73
174.45
181.35
206.87
239.81
244.28
265.66
287.22
296.37
305.02
323.47
337.85
346.54
358.92
380.63
385.16
398.96
432.04
444.05
445.98
464.62
482.26
495.25
516.81
527.14
533.10
553.35
566.03
584.20
629.14
650.37
661.37
686.57
697.14
709.77
755.54
776.36
814.56
834.81
842.80
859.83
885.11
896.21
915.32
931.35
933.21
955.95
985.40
1034.40
1051.52
1059.43
1082.61
1087.70
1092.68
1101.15
1124.09
1128.30
1129.85
1158.82
1163.21
1166.90
1183.14
1196.19
1219.64
1221.62
1241.85
1250.48
1255.38
1281.26
1297.04
1308.60
1322.77
1334.53
1352.90
1365.60
1375.82
1394.05
1403.71
1422.65
1429.72
1430.66
1433.49
1454.77
1459.55
1461.68
1462.90
1464.49
1466.97
1473.94
1492.60
1496.63
1517.72
1524.33
1531.70
1562.03
1629.97
1646.90
1768.69
1772.23
1817.97
1841.33
1875.40
1896.32
3050.01
3054.98
3114.80
3156.35
3157.56
3162.87
3194.86
3198.70
3205.06
3206.10
3213.46
3233.03
3269.28
3315.51
3338.78
3791.02
3944.01
3946.18
3956.84
3963.68
$end
