
$molecule
   O     2.29375305   0.66736786  -0.66814735
  O     2.04538675   3.06165951  -1.59344147
  O    -0.28514439   4.03578113  -1.01087330
  O     1.12662508   2.44257599   1.05040728
  O    -4.94134803  -0.11397011   0.29262597
  O    -3.47828476   1.48434965  -3.67772310
  N    -0.36444277  -0.57231793  -1.00568147
  N    -2.32195766  -0.96655648   0.90194730
  N    -1.92279883   0.39324681  -2.39098068
  N    -4.17432158   0.64465048  -1.70118643
  C     1.53083227   0.83451781  -1.82297935
  C     0.61955773  -0.34449957  -2.03440301
  C     0.95069481   2.23637689  -1.85963815
  C    -0.20851789   2.63276050  -0.96283116
  C    -0.03441305  -1.21498700   0.17829490
  C    -1.64593779  -0.18757898  -1.27253526
  C    -1.03223642  -1.38996952   1.13482618
  C     1.24590700  -1.69064111   0.45698066
  C    -2.62196414  -0.42208894  -0.21330838
  C    -0.12304419   2.23859736   0.49052137
  C     1.53752670  -2.30006208   1.65637778
  C    -0.73281725  -2.01242170   2.35524829
  C     0.52966158  -2.46761579   2.63723067
  C    -4.03154573   0.03158948  -0.47400778
  C     2.93827506  -2.78257963   1.92007435
  C     0.83651800  -3.12992124   3.95543247
  C    -3.19355515   0.87944956  -2.67475063
  H     2.20718530   0.81564754  -2.69425498
  H     0.08610003  -0.21297099  -2.97293390
  H     1.24634364  -1.22958437  -2.11560935
  H     0.59261018   2.40410709  -2.88811252
  H    -1.11800671   2.19992797  -1.38107625
  H     2.02739505  -1.55091017  -0.26503440
  H    -0.85323205   2.85245048   1.02190085
  H    -0.43213003   1.20283480   0.60812103
  H    -1.54553691  -2.11701019   3.06176416
  H     2.96134668   1.36624591  -0.69622891
  H     1.72010920   3.84665562  -1.13791762
  H    -0.68137540   4.31614105  -1.84194069
  H     3.59022115  -2.57585108   1.07333391
  H     3.35254049  -2.29157393   2.80335433
  H     2.94572511  -3.85823582   2.11069485
  H    -0.05433495  -3.17638180   4.57998856
  H     1.20499933  -4.14739924   3.80588962
  H     1.60811402  -2.57916502   4.49827132
  H    -5.09401669   0.99576469  -1.92400562
  H     1.69353414   1.75159451   0.68631591
$end
$temperature
298.15
$end
$mult
 1
$end
$sigma
 1
$end
$pressure
1.00000
$end
$scale
1.0
$end
$msrrho
$end
$freq
27.47
30.88
40.01
51.80
61.62
81.13
112.12
115.68
122.47
137.66
156.74
164.39
178.12
181.81
196.46
220.18
236.46
255.53
267.19
289.26
297.41
306.05
317.36
342.87
356.96
359.86
389.03
401.96
413.14
431.36
447.00
460.97
474.99
507.41
517.58
531.87
540.93
552.81
573.06
626.53
636.18
655.06
670.65
688.14
705.94
748.82
771.67
793.31
810.85
830.42
832.86
840.37
860.65
887.22
900.23
910.73
916.22
936.70
940.32
982.17
987.03
1009.21
1035.54
1053.50
1083.69
1089.79
1093.53
1112.63
1126.46
1129.03
1156.29
1164.08
1184.37
1208.02
1217.02
1230.98
1239.04
1258.32
1262.01
1274.78
1297.82
1307.37
1312.26
1332.85
1342.05
1366.39
1377.21
1410.29
1417.62
1420.43
1427.21
1428.82
1432.93
1444.70
1449.06
1458.65
1461.19
1461.97
1463.85
1466.05
1468.84
1493.40
1496.15
1501.43
1516.88
1520.44
1554.31
1627.27
1642.83
1758.97
1765.49
1812.17
1840.65
1875.83
1899.89
3052.17
3056.55
3070.20
3083.49
3160.35
3160.82
3163.42
3196.43
3196.65
3203.65
3260.09
3270.17
3281.43
3295.85
3395.84
3787.14
3914.79
3956.50
3958.90
3966.80
$end
