
$molecule
   O     2.10242611  -1.33245091  -2.63092997
  O     1.02046818   1.36664524  -2.89722475
  O     2.17297069   2.23501665  -0.31495415
  O     4.71008238   1.60209745  -1.07420812
  O    -5.37841318  -1.97471106  -0.73103135
  O    -2.48169709  -3.78498540  -3.69569101
  N    -0.66151929  -1.33914881  -0.26186376
  N    -3.21627872  -0.79121089   0.64424498
  N    -1.54641726  -2.56819171  -1.98432527
  N    -3.88938478  -2.87091006  -2.18741589
  C     0.96433743  -0.81157240  -2.01720326
  C     0.64163244  -1.65825622  -0.81026469
  C     1.12555473   0.65894922  -1.69798279
  C     2.40156897   1.01402239  -0.96901964
  C    -0.82384282  -0.52332203   0.84740203
  C    -1.73588350  -1.85675746  -0.92769537
  C    -2.11976821  -0.25137633   1.28366143
  C     0.24102272   0.05388511   1.54309811
  C    -3.05090215  -1.53893954  -0.37708518
  C     3.61842141   1.14675550  -1.85116643
  C     0.03346387   0.88919859   2.61694964
  C    -2.32808116   0.58819327   2.38741001
  C    -1.28217530   1.16793178   3.05960831
  C    -4.24190440  -2.12802368  -1.08202072
  C     1.21444254   1.51035212   3.31137614
  C    -1.52627641   2.07780475   4.23562576
  C    -2.60554995  -3.12275235  -2.69749091
  H     0.10422915  -0.88342904  -2.68665809
  H     0.62910426  -2.69345391  -1.13655977
  H     1.39241457  -1.55578391  -0.03766781
  H     0.31383293   0.94701175  -1.02481600
  H     2.62029703   0.23555428  -0.22886079
  H     1.24828195  -0.13515689   1.22599077
  H     3.83980231   0.20021983  -2.34164937
  H     3.44053164   1.89742771  -2.61787819
  H    -3.35538713   0.76105724   2.67973204
  H     2.14644643  -0.98590177  -3.52808331
  H     0.99599371   2.30667023  -2.69051380
  H     3.03802311   2.61231231  -0.11416738
  H     2.14998281   1.18890971   2.85880520
  H     1.16067928   2.59923965   3.25040011
  H     1.22679051   1.23991164   4.36974273
  H    -2.59298686   2.17696657   4.43115521
  H    -1.04674012   1.69003633   5.13740634
  H    -1.11684137   3.07357707   4.05060556
  H    -4.64620084  -3.28552469  -2.71079151
  H     5.09344934   0.85211267  -0.60799511
$end
$temperature
298.15
$end
$mult
 1
$end
$sigma
 1
$end
$pressure
1.00000
$end
$scale
1.0
$end
$msrrho
$end
$freq
14.85
25.15
33.13
37.82
47.87
69.17
71.26
111.47
113.07
113.33
118.00
147.28
161.77
162.81
194.36
206.74
222.63
236.33
262.91
279.78
297.10
302.24
308.28
320.15
341.33
344.70
353.86
376.50
385.25
393.73
411.45
436.37
467.04
485.55
502.43
521.42
529.58
541.28
563.15
565.45
616.54
634.04
651.98
662.98
683.35
688.41
706.32
771.64
784.64
816.06
835.75
837.85
858.19
884.91
889.34
911.62
924.43
930.51
942.40
983.77
1005.04
1046.74
1053.22
1072.86
1084.57
1085.85
1090.51
1093.38
1106.27
1124.68
1129.06
1155.15
1165.26
1179.09
1197.20
1214.24
1220.24
1246.88
1246.99
1280.65
1293.10
1303.09
1311.07
1328.94
1343.56
1361.14
1364.98
1371.22
1382.46
1388.94
1418.51
1428.85
1432.49
1448.25
1456.32
1457.80
1460.03
1462.35
1463.83
1467.61
1471.69
1475.36
1491.27
1495.34
1516.02
1524.41
1554.19
1622.83
1641.30
1760.93
1771.52
1812.60
1840.47
1878.09
1898.05
3051.45
3059.60
3144.34
3159.53
3165.77
3179.33
3195.77
3204.76
3209.97
3215.42
3237.80
3269.45
3269.58
3331.99
3401.74
3788.55
3929.70
3937.06
3957.78
3958.75
$end
