
$molecule
   O    -1.00650515   2.93714042  -1.87309280
  O    -0.08448492   1.30843488  -3.83994472
  O     3.02918415   1.03292693  -3.07452344
  O     2.38177524  -1.70180094  -2.63860663
  O    -3.53367384   1.91248814   4.14925181
  O    -3.95184551   4.11731846   0.21541309
  N    -1.15988175   0.48814609   0.25929309
  N    -1.63894934   0.18804775   2.96221864
  N    -2.57089650   2.29520187   0.21920497
  N    -3.75005103   2.96776128   2.15380993
  C    -0.18119039   1.87270226  -1.53769922
  C    -1.00258324   0.65261742  -1.17610563
  C     0.70699813   1.64160597  -2.74931492
  C     1.80252040   0.61049400  -2.53035663
  C    -0.47593330  -0.49568771   0.96022611
  C    -2.01240294   1.33644231   0.88669508
  C    -0.73488013  -0.62902359   2.32507197
  C     0.46046609  -1.35592487   0.37594663
  C    -2.24079721   1.10571599   2.30466562
  C     1.51228427  -0.72399636  -3.16342780
  C     1.11229858  -2.31638527   1.11612647
  C    -0.06916899  -1.61242540   3.07487406
  C     0.84480619  -2.45697238   2.50191586
  C    -3.22655023   2.00641840   2.99486873
  C     2.11107942  -3.21837082   0.44309915
  C     1.54941924  -3.50666340   3.32154003
  C    -3.45487677   3.19272850   0.80473164
  H     0.45527521   2.11447009  -0.67504881
  H    -1.98807278   0.75448621  -1.61437866
  H    -0.56579376  -0.25134989  -1.56496329
  H     1.20748742   2.60269013  -2.92249936
  H     1.93031053   0.45680205  -1.45260213
  H     0.69820825  -1.27611462  -0.66850998
  H     0.49282544  -1.05622557  -2.98089765
  H     1.63016022  -0.61646010  -4.24156134
  H    -0.31336334  -1.66915240   4.12740462
  H    -1.72074577   2.99587789  -1.21181777
  H    -0.78667498   1.96854302  -3.88493641
  H     3.36553468   1.79322892  -2.59086605
  H     2.21851933  -2.96780839  -0.60892075
  H     3.08607433  -3.13315959   0.92767686
  H     1.79670590  -4.26108338   0.52871855
  H     1.21962744  -3.47149657   4.35887785
  H     1.34914579  -4.50663578   2.93029676
  H     2.63142235  -3.35843636   3.29938435
  H    -4.40048804   3.62040475   2.56654509
  H     3.27768131  -1.38752037  -2.80778299
$end
$temperature
298.15
$end
$mult
 1
$end
$sigma
 1
$end
$pressure
1.00000
$end
$scale
1.0
$end
$msrrho
$end
$freq
19.78
37.01
43.68
64.15
69.72
78.40
80.66
111.06
119.04
126.64
136.36
146.86
171.28
172.93
198.65
206.82
237.10
255.22
267.09
285.60
303.41
313.53
323.23
329.23
350.71
354.48
377.41
386.49
390.36
433.12
464.10
471.97
475.66
494.54
512.77
530.66
542.42
562.53
572.69
594.18
639.34
654.40
666.69
688.74
698.94
705.81
755.35
779.42
785.47
818.54
838.00
841.30
861.78
895.15
914.87
922.18
932.85
937.89
975.49
983.38
1002.13
1042.00
1054.50
1076.87
1088.31
1096.05
1100.17
1106.66
1118.56
1122.14
1131.02
1151.46
1166.63
1191.61
1210.00
1214.08
1232.97
1235.34
1247.55
1278.20
1287.77
1294.46
1307.49
1317.85
1339.07
1351.66
1364.06
1369.00
1403.67
1410.43
1418.22
1427.73
1430.01
1432.23
1453.29
1458.57
1461.25
1462.70
1465.56
1468.62
1474.77
1483.48
1496.77
1505.54
1510.97
1513.30
1555.44
1619.60
1645.52
1749.69
1760.99
1804.30
1834.97
1883.90
1901.14
3053.11
3062.75
3113.46
3135.66
3149.23
3161.67
3162.40
3174.82
3196.02
3239.16
3261.39
3266.44
3269.67
3388.58
3414.27
3721.08
3782.94
3925.10
3938.09
3959.31
$end
