
$molecule
   O     0.08101092   0.74930489  -1.73769507
  O    -1.74576071   1.45234629  -3.48422061
  O    -3.35902030   3.23832228  -2.29760292
  O    -0.72141721   3.01265419   0.06999928
  O     0.08096510  -5.73258610   0.97947554
  O    -3.64901475  -4.11504721  -1.00047060
  N    -0.52059050  -1.03661650   0.34707376
  N     1.09405722  -3.10125557   1.20379202
  N    -2.09372260  -2.55059801  -0.35378661
  N    -1.77014655  -4.87327494  -0.00726254
  C    -1.19983283   0.25108789  -1.56535365
  C    -1.41551021  -0.00073985  -0.10576144
  C    -2.22144729   1.16965012  -2.20372013
  C    -2.49589647   2.47383197  -1.48288922
  C     0.73354997  -0.74148501   0.85029461
  C    -0.95086493  -2.32042948   0.20229188
  C     1.53063745  -1.79716116   1.28920609
  C     1.23028561   0.55871867   0.94268957
  C    -0.05257636  -3.35659531   0.69963662
  C    -1.25586037   3.29125477  -1.20260053
  C     2.47990625   0.80720145   1.46030461
  C     2.80261886  -1.53746727   1.82286114
  C     3.29180528  -0.26046458   1.91985114
  C    -0.53249141  -4.77674270   0.59265173
  C     2.97833884   2.22537666   1.52754187
  C     4.66017690   0.00234281   2.49386779
  C    -2.58815799  -3.84134995  -0.49564512
  H    -1.30398717  -0.70846767  -2.08415630
  H    -1.22485577   0.89982515   0.45503640
  H    -2.43427767  -0.33655684   0.07393273
  H    -3.17648748   0.62322203  -2.25940539
  H    -2.97805769   2.26403176  -0.52116229
  H     0.64283640   1.37730730   0.57267471
  H    -0.48959332   3.09306171  -1.94291781
  H    -1.53230135   4.34538366  -1.28418759
  H     3.37762369  -2.39256620   2.15275924
  H     0.21663456   0.89752147  -2.67937136
  H    -2.29394632   2.15002405  -3.85888943
  H    -4.24536285   2.86408179  -2.26572588
  H     2.24234461   2.91412184   1.11753038
  H     3.18938154   2.51153781   2.56086522
  H     3.90802801   2.33428378   0.96466108
  H     5.13596346  -0.92849248   2.79951766
  H     5.30501759   0.49253219   1.76062982
  H     4.60008664   0.65911363   3.36485899
  H    -2.14729172  -5.80337276  -0.11122740
  H    -1.18279709   3.55312945   0.72004800
$end
$temperature
298.15
$end
$mult
 1
$end
$sigma
 1
$end
$pressure
1.00000
$end
$scale
1.0
$end
$msrrho
$end
$freq
32.92
39.22
42.71
48.80
71.18
84.74
99.93
115.87
123.67
128.59
132.44
147.64
161.02
168.46
186.34
222.35
238.12
264.30
279.91
286.34
296.24
301.47
313.55
328.74
347.80
355.45
361.14
381.01
387.60
412.60
437.86
443.49
472.61
473.77
482.15
497.76
516.68
535.99
562.37
565.33
605.57
641.06
653.34
676.03
687.45
702.90
710.20
774.06
805.39
818.07
837.83
843.00
860.59
891.63
904.65
913.82
930.17
958.64
972.71
982.35
1005.70
1041.80
1052.96
1082.56
1085.89
1091.24
1095.68
1098.51
1119.41
1126.91
1129.60
1136.61
1167.05
1180.94
1196.08
1214.47
1222.24
1253.66
1262.63
1276.28
1296.64
1310.81
1321.60
1333.78
1335.53
1355.15
1369.52
1374.34
1394.94
1402.04
1419.67
1426.84
1431.55
1435.30
1458.06
1458.82
1463.22
1463.82
1464.73
1465.32
1469.61
1496.14
1498.73
1503.97
1520.05
1521.23
1556.26
1628.98
1643.98
1751.69
1764.62
1810.90
1840.28
1871.96
1895.28
3049.47
3054.83
3086.21
3137.98
3148.06
3157.32
3159.35
3176.07
3193.46
3208.77
3229.69
3268.81
3298.80
3396.03
3410.75
3792.25
3934.06
3946.12
3970.66
3981.55
$end
