
$molecule
   O    -2.24852907   1.76392467   2.09262883
  O     0.57896966   1.68649331  -0.15841671
  O     1.04687546   4.05319718   0.96951438
  O     1.64081040   1.40967000   2.19002234
  O     1.23654182   0.72232410  -4.89734637
  O    -1.96444927   3.58813578  -3.47933253
  N    -1.20436075  -0.10933007  -0.87463950
  N     0.84548220  -0.83537423  -2.57429252
  N    -1.61393341   1.73493760  -2.17273318
  N    -0.38086772   2.12706035  -4.15417207
  C    -1.35300455   1.22190527   1.16218431
  C    -2.10169145   0.45678265   0.09717794
  C    -0.45258956   2.27577986   0.55815944
  C     0.14515536   3.19540457   1.60079352
  C    -0.43347572  -1.21155875  -0.56423901
  C    -0.94034679   0.65604654  -1.97091122
  C     0.59391118  -1.56832160  -1.43224528
  C    -0.63845635  -1.98504172   0.58147724
  C     0.13231442   0.18708983  -2.84099245
  C     0.81529919   2.42968463   2.71514820
  C     0.15190019  -3.07924888   0.85762819
  C     1.39416251  -2.68314271  -1.14976074
  C     1.19757308  -3.44386340  -0.02385081
  C     0.41300239   1.00387294  -4.07207322
  C    -0.10450153  -3.88696111   2.10241700
  C     2.07071084  -4.63839049   0.26352458
  C    -1.37845420   2.55665151  -3.26616849
  H    -0.71969475   0.52559676   1.70953443
  H    -2.69381912  -0.32692297   0.56403439
  H    -2.77826006   1.11820496  -0.43019384
  H    -1.02620976   2.88094254  -0.14426869
  H    -0.64183826   3.81081912   2.05676056
  H    -1.43345915  -1.72598674   1.25945116
  H     1.40782782   3.13611928   3.30312339
  H     0.06068581   1.99600621   3.37889178
  H     2.17599329  -2.91500980  -1.86089869
  H    -2.81970559   2.39350689   1.64042200
  H     1.18627165   1.29408772   0.48323850
  H     1.47574765   3.55640285   0.26504600
  H    -0.93368593  -3.47562487   2.67586733
  H    -0.34158195  -4.92209755   1.84670554
  H     0.78218178  -3.90433369   2.74006205
  H     2.81807633  -4.76605989  -0.51818510
  H     2.58954527  -4.52534781   1.21840660
  H     1.47672993  -5.55344158   0.32229395
  H    -0.23415490   2.72352525  -4.95487755
  H     2.20130157   1.05188549   2.88508430
$end
$temperature
298.15
$end
$mult
 1
$end
$sigma
 1
$end
$pressure
1.00000
$end
$scale
1.0
$end
$msrrho
$end
$freq
23.45
30.46
44.35
49.41
61.93
77.42
90.53
115.32
117.53
122.70
150.00
161.94
165.35
178.09
199.48
213.24
225.02
263.04
288.58
295.11
301.68
308.29
336.53
344.62
354.28
365.60
382.43
392.97
398.21
410.71
429.89
445.33
465.82
474.28
501.45
525.85
534.21
559.40
560.59
575.68
629.06
649.65
660.73
686.30
696.80
709.71
713.92
774.50
814.59
830.32
836.90
842.75
858.75
859.88
892.41
915.84
932.48
932.69
962.74
985.54
1025.02
1043.86
1051.70
1067.77
1083.80
1092.71
1101.00
1124.22
1128.00
1128.28
1156.09
1167.28
1187.46
1194.54
1199.05
1217.98
1224.42
1233.65
1249.90
1254.94
1296.47
1306.40
1309.42
1334.37
1338.28
1351.11
1365.73
1399.20
1405.03
1421.96
1424.45
1429.62
1433.35
1452.60
1459.69
1461.70
1462.77
1464.46
1465.45
1469.99
1474.70
1479.50
1495.81
1496.77
1504.43
1525.06
1563.55
1630.06
1647.20
1771.12
1775.97
1819.07
1841.92
1876.19
1896.64
3050.02
3054.94
3106.42
3128.91
3157.44
3162.64
3192.31
3194.98
3198.91
3211.54
3238.30
3262.14
3269.18
3317.29
3338.91
3790.49
3932.91
3945.08
3971.23
3973.70
$end
