
$molecule
   O    -1.13827239   1.15564415  -1.51591024
  O    -0.59738676   4.10610148  -0.60755307
  O     1.31962842   1.08589708  -0.47500033
  O     2.07287173   4.64767385  -0.30924094
  O     3.49443735  -1.33749057   2.84466370
  O     1.76397175   2.77785812   3.53834754
  N    -0.70213435  -0.07173361   0.95041447
  N     1.31747204  -1.94128979   1.15561661
  N     0.45288595   1.31993370   2.35747022
  N     2.55074218   0.68465233   3.24161520
  C    -1.36425363   1.89136752  -0.36639295
  C    -1.68447929   0.97205508   0.79781570
  C    -0.24387697   2.86919956  -0.06314563
  C     1.08909945   2.45984069  -0.63890319
  C    -0.79589178  -1.24660356   0.22762343
  C     0.37002910   0.18884932   1.74218227
  C     0.22885481  -2.18174304   0.34843325
  C    -1.86406026  -1.53820489  -0.62455214
  C     1.38889693  -0.84985641   1.81391334
  C     2.19644889   3.27882018  -0.00700663
  C    -1.91776318  -2.71889224  -1.32792722
  C     0.16849828  -3.38834574  -0.36611706
  C    -0.88167816  -3.67775131  -1.19769933
  C     2.58745323  -0.57052253   2.67482206
  C    -3.08233015  -2.98411743  -2.24401800
  C    -0.93125523  -4.97712956  -1.95927184
  C     1.57397165   1.67738637   3.08048156
  H    -2.25513721   2.51057548  -0.53028928
  H    -1.73662508   1.53192701   1.72705192
  H    -2.65151116   0.50920100   0.62805519
  H    -0.14004001   2.95082447   1.01742537
  H     1.06098814   2.69126092  -1.70805878
  H    -2.64263529  -0.81098933  -0.76269343
  H     2.15635144   3.18416543   1.07547969
  H     3.16655111   2.89139288  -0.34242125
  H     0.99107539  -4.07759004  -0.22882682
  H    -0.26224174   0.76682895  -1.43652940
  H     0.09409069   4.73312584  -0.35750606
  H     2.20127799   0.86743459  -0.79025509
  H    -3.78109483  -2.14951793  -2.24237474
  H    -2.73734307  -3.14300319  -3.26799003
  H    -3.61662932  -3.88588316  -1.93584098
  H    -0.05798948  -5.58847228  -1.73612246
  H    -1.82542318  -5.54879249  -1.70027271
  H    -0.95938449  -4.79891822  -3.03679578
  H     3.34856979   0.95182616   3.79868138
  H     2.27527069   4.78300516  -1.24137752
$end
$temperature
298.15
$end
$mult
 1
$end
$sigma
 1
$end
$pressure
1.00000
$end
$scale
1.0
$end
$msrrho
$end
$freq
27.57
31.99
51.55
64.74
69.64
77.56
110.07
115.84
122.14
126.19
164.74
169.84
174.70
194.31
209.52
228.28
231.94
272.52
284.60
296.99
303.03
310.34
321.82
347.98
360.72
368.68
391.23
392.50
419.43
424.00
458.82
467.83
475.43
480.69
535.52
543.04
547.31
567.51
580.80
594.34
609.29
637.17
649.00
661.33
677.93
689.33
707.46
761.02
789.44
813.35
835.19
840.26
862.72
891.16
908.99
916.77
929.13
938.08
981.47
986.96
1022.72
1051.07
1058.51
1083.66
1085.15
1093.52
1100.17
1112.99
1122.53
1128.46
1134.46
1155.39
1167.76
1179.03
1201.30
1217.68
1235.73
1252.90
1259.87
1295.48
1301.36
1309.01
1334.59
1340.31
1343.38
1360.10
1372.67
1377.41
1389.48
1422.10
1425.69
1430.47
1433.98
1440.94
1455.78
1458.87
1461.33
1462.16
1463.50
1464.23
1471.29
1476.22
1489.01
1505.61
1525.43
1536.23
1562.37
1630.26
1648.41
1762.90
1770.27
1816.48
1841.99
1874.27
1895.99
3050.78
3055.83
3085.70
3142.95
3158.87
3162.62
3175.68
3194.48
3202.97
3215.28
3267.07
3269.58
3280.89
3299.54
3374.99
3791.83
3905.50
3934.08
3995.18
4022.20
$end
