
$molecule
   O    -0.04529078   0.28607329  -1.95950118
  O     2.24465568  -0.86893030  -3.37769222
  O    -0.33093261  -1.30586536  -4.01983499
  O     0.06474520  -3.94322308  -1.59141181
  O    -4.86659305   1.61142071   0.63815149
  O    -3.91886077  -1.90982319  -2.04675642
  N    -0.48833486  -0.29611286   0.51751029
  N    -2.16559047   1.67688028   1.47337096
  N    -2.20011780  -1.12084230  -0.76063542
  N    -4.35517463  -0.15552126  -0.68802617
  C     0.89567589  -0.56072893  -1.42519844
  C     0.35976110  -1.23330747  -0.17343968
  C     1.43998509  -1.54417033  -2.44209398
  C     0.40373066  -2.24761890  -3.29028110
  C     0.02254689   0.66424562   1.36657442
  C    -1.77920974  -0.25346885   0.09363904
  C    -0.83902100   1.64713769   1.84922770
  C     1.36052002   0.69252372   1.77158274
  C    -2.61368435   0.79825057   0.66219870
  C    -0.57187353  -3.13884005  -2.55554866
  C     1.82831386   1.66178577   2.63088511
  C    -0.35859159   2.63062698   2.72577879
  C     0.95359321   2.66008984   3.12533491
  C    -4.05551688   0.82600804   0.23345938
  C     3.27631599   1.65507877   3.04387391
  C     1.45133063   3.72709846   4.06630317
  C    -3.50354634  -1.13057285  -1.22538497
  H     1.73954692   0.06593733  -1.10412515
  H    -0.23663025  -2.09619071  -0.41061408
  H     1.16623237  -1.56459461   0.47569190
  H     2.02611949  -2.29953940  -1.90078014
  H     0.98999507  -2.86804052  -3.98108833
  H     2.03788816  -0.06192402   1.41049916
  H    -1.31138691  -2.52754609  -2.05585253
  H    -1.09803172  -3.73880959  -3.30318717
  H    -1.07260961   3.36688326   3.07051513
  H    -0.51088485  -0.16565364  -2.67679148
  H     2.85762147  -0.27888733  -2.93224500
  H     0.29034654  -0.80606989  -4.56225276
  H     3.81401368   0.82670083   2.58526406
  H     3.76386578   2.58786217   2.75163458
  H     3.36624333   1.56610652   4.12871782
  H     0.64464434   4.40537036   4.34026445
  H     1.85423896   3.28664773   4.98135464
  H     2.25078168   4.31338059   3.60717902
  H    -5.30652636  -0.18235711  -1.02350777
  H     0.52569606  -4.65746989  -2.04276192
$end
$temperature
298.15
$end
$mult
 1
$end
$sigma
 1
$end
$pressure
1.00000
$end
$scale
1.0
$end
$msrrho
$end
$freq
24.77
32.28
42.68
58.65
64.86
80.93
102.30
117.71
121.07
123.51
142.03
162.36
164.82
189.87
193.58
209.44
218.13
233.67
263.09
289.97
292.69
297.61
308.59
327.42
340.20
355.69
375.30
383.99
400.64
410.10
435.42
457.53
470.81
479.05
500.58
529.72
539.19
555.88
573.30
610.18
632.31
647.17
655.17
681.97
691.57
692.21
708.58
773.06
807.51
821.44
839.77
842.39
860.10
871.85
894.61
914.36
927.71
932.40
958.75
985.19
1025.67
1050.78
1052.34
1079.91
1083.49
1089.97
1092.67
1113.19
1120.73
1128.25
1138.30
1145.53
1152.50
1168.98
1207.98
1218.92
1227.52
1246.25
1257.15
1296.65
1301.10
1305.68
1331.18
1337.03
1340.55
1359.79
1366.81
1391.87
1396.03
1422.54
1428.95
1430.70
1434.01
1445.29
1458.40
1460.70
1461.56
1462.25
1464.43
1468.30
1473.77
1483.28
1500.01
1505.89
1512.58
1524.65
1560.14
1628.59
1648.18
1764.10
1778.35
1814.02
1840.34
1876.51
1896.38
3050.41
3055.23
3112.97
3122.42
3124.41
3139.41
3157.97
3163.45
3195.27
3198.30
3226.23
3269.25
3339.86
3358.85
3434.21
3790.80
3895.64
3939.03
3958.17
3995.54
$end
