
$molecule
   O    -0.37629784   2.09901931   2.92395759
  O     1.28549284  -0.22197610   0.70881242
  O     3.20592765   1.63561724   0.86259341
  O     2.88310598  -0.45358949   2.77847330
  O     0.09551445  -4.99864939  -0.12941805
  O    -0.66366419  -3.32891505   4.00572256
  N    -1.29987414  -0.46838407   0.48183070
  N    -0.42146585  -2.44747454  -1.23167238
  N    -0.99449539  -1.88115460   2.25388187
  N    -0.29680069  -4.12008878   1.92390361
  C    -0.20882276   0.92944706   2.17144859
  C    -1.49580992   0.56960378   1.46213078
  C     0.94813902   1.02980639   1.20132197
  C     2.18163869   1.65022126   1.82077294
  C    -1.15592868  -0.17860026  -0.86272463
  C    -0.96444924  -1.69048254   0.98075297
  C    -0.71349437  -1.18939089  -1.71210809
  C    -1.43529206   1.07358174  -1.41916619
  C    -0.55049835  -2.69676908   0.01192748
  C     2.61542917   0.90408395   3.06282502
  C    -1.27211476   1.31692618  -2.76544976
  C    -0.55102951  -0.93972294  -3.08123115
  C    -0.81502362   0.29148448  -3.62627768
  C    -0.21607677  -4.06021220   0.54964495
  C    -1.58490544   2.68271207  -3.31741048
  C    -0.62842527   0.54229969  -5.10059324
  C    -0.66145540  -3.10458293   2.82224145
  H     0.01892649   0.13359294   2.87549199
  H    -2.22035818   0.23396822   2.19958539
  H    -1.90428143   1.44395193   0.97191403
  H     0.65562551   1.64492285   0.34654421
  H     1.98436074   2.69196377   2.10452369
  H    -1.79923453   1.86993473  -0.79418841
  H     3.50448526   1.38991624   3.47323666
  H     1.83518909   0.93920077   3.82326167
  H    -0.20455315  -1.76588530  -3.68787458
  H    -0.52823387   2.83950807   2.32982598
  H     1.76756060  -0.67458674   1.41909688
  H     3.02481561   0.89911300   0.26881786
  H    -1.93272266   3.35566086  -2.53520839
  H    -0.69880810   3.12139284  -3.78177054
  H    -2.35819553   2.61885427  -4.08595892
  H    -0.27080362  -0.35614127  -5.60135181
  H    -1.56776035   0.84496531  -5.56932004
  H     0.09510242   1.34239116  -5.27380389
  H    -0.07412061  -5.00766959   2.34936454
  H     3.76368275  -0.50986437   2.39162369
$end
$temperature
298.15
$end
$mult
 1
$end
$sigma
 1
$end
$pressure
1.00000
$end
$scale
1.0
$end
$msrrho
$end
$freq
21.43
29.54
36.64
39.47
59.28
71.69
94.68
112.39
113.74
122.13
150.97
162.37
168.49
170.63
195.46
212.62
261.90
285.01
293.11
300.17
303.75
325.40
337.95
347.14
350.44
370.25
378.57
389.37
397.44
428.45
433.95
454.85
474.01
478.85
507.53
527.58
534.73
561.18
568.16
571.32
626.67
651.03
667.37
682.77
691.19
707.08
772.20
786.35
815.36
835.21
840.07
848.95
859.38
875.99
892.45
913.13
924.80
935.00
961.33
986.23
993.60
1043.28
1051.51
1066.24
1083.92
1092.28
1097.32
1099.85
1122.53
1128.26
1150.55
1156.07
1175.69
1191.34
1211.21
1211.86
1223.87
1240.90
1257.85
1286.50
1300.33
1313.78
1331.19
1339.92
1350.72
1367.24
1367.86
1387.96
1400.46
1420.92
1429.32
1433.20
1433.61
1447.33
1449.48
1459.26
1461.44
1462.43
1464.34
1464.74
1471.43
1478.90
1482.01
1495.31
1504.41
1521.85
1563.49
1626.40
1648.42
1769.66
1775.91
1817.42
1842.17
1878.41
1897.21
3050.44
3055.48
3126.52
3130.62
3158.04
3163.95
3195.29
3195.32
3198.06
3220.64
3229.11
3270.32
3286.31
3325.31
3352.14
3790.33
3844.54
3950.27
3962.38
3964.77
$end
