
$molecule
   O    -1.86034722  -0.92801308   1.94883417
  O     1.49269610  -2.04711065   1.43527952
  O    -1.10573055  -3.55887071   1.80996021
  O    -0.05788627  -2.28010073   5.03240200
  O    -3.57504270   3.67899442  -2.43239788
  O    -4.63498760   1.83114433   1.56367496
  N    -0.40953235   1.05303064  -0.02481611
  N    -1.07500461   2.35414862  -2.36040646
  N    -2.51647203   1.43372148   0.79201286
  N    -4.05178670   2.77216450  -0.40884714
  C    -0.57959004  -0.91480714   1.41967628
  C    -0.05238486   0.48643555   1.26041500
  C     0.38494822  -1.73873671   2.24736957
  C    -0.26682806  -2.99723316   2.77509574
  C     0.47667176   1.01689045  -1.08870713
  C    -1.64749376   1.58492289  -0.15736452
  C     0.12809084   1.69292444  -2.25683449
  C     1.68764775   0.32052076  -1.04620626
  C    -1.91276294   2.30489605  -1.39430268
  C    -0.98476016  -2.74845788   4.07752440
  C     2.54061136   0.31613596  -2.12665835
  C     1.00805470   1.69338652  -3.35091062
  C     2.20489449   1.02594038  -3.30810582
  C    -3.24118902   3.00020812  -1.50327522
  C     3.83097270  -0.45471215  -2.04718190
  C     3.13664881   1.03433653  -4.49256468
  C    -3.78888046   1.99019497   0.72258401
  H    -0.58686505  -1.36726035   0.42368701
  H    -0.46903868   1.11923685   2.03735819
  H     1.02621797   0.50378931   1.34664562
  H     0.75630297  -1.15981259   3.09377625
  H     0.53639130  -3.71383689   2.97443993
  H     1.94413033  -0.24878687  -0.16806913
  H    -1.78850820  -2.02827090   3.92431439
  H    -1.44590114  -3.69112593   4.39685482
  H     0.69441048   2.24035099  -4.23023382
  H    -2.33069704  -0.11949055   1.66776480
  H     1.22378641  -2.76068775   0.84614303
  H    -1.82234801  -2.92498179   1.67733731
  H     3.93240141  -0.95042615  -1.08330510
  H     3.87551762  -1.21084154  -2.83415972
  H     4.68470134   0.21227182  -2.18711310
  H     2.72217720   1.62938695  -5.30497170
  H     4.10887225   1.45218641  -4.22161773
  H     3.30834832   0.02076807  -4.86209257
  H    -4.97174773   3.18725243  -0.43830335
  H    -0.52870916  -2.11167590   5.85529539
$end
$temperature
298.15
$end
$mult
 1
$end
$sigma
 1
$end
$pressure
1.00000
$end
$scale
1.0
$end
$msrrho
$end
$freq
24.21
30.10
37.56
60.20
62.11
67.96
88.63
114.59
119.39
126.80
128.59
158.52
162.21
168.32
194.35
207.59
230.54
254.51
256.85
276.30
297.14
304.81
310.60
334.29
358.02
377.24
388.70
406.09
435.17
453.64
463.14
475.10
488.45
493.32
517.40
543.53
558.02
574.62
587.44
620.59
636.03
652.60
654.31
680.38
688.23
706.94
713.73
743.90
781.66
809.95
833.05
841.79
860.10
894.55
913.12
916.62
935.35
949.28
979.22
983.72
1052.34
1056.96
1068.02
1084.61
1090.87
1094.63
1096.97
1120.71
1126.57
1129.57
1151.48
1157.35
1182.29
1201.86
1206.56
1213.71
1236.78
1248.37
1255.38
1275.46
1294.94
1310.18
1316.69
1338.78
1339.89
1362.86
1368.94
1377.76
1386.33
1419.22
1424.52
1429.08
1432.16
1452.58
1457.53
1460.90
1461.36
1462.51
1463.79
1466.90
1470.68
1488.63
1498.74
1503.19
1515.18
1529.56
1556.74
1623.80
1648.23
1746.43
1763.70
1806.86
1834.77
1883.85
1901.15
3052.73
3056.43
3093.74
3161.01
3163.20
3169.17
3180.48
3196.53
3204.12
3227.69
3235.12
3237.50
3269.05
3329.62
3339.84
3676.20
3781.92
3925.76
3930.89
3941.38
$end
