
$molecule
   O     2.35279077  -3.07568740   0.25046863
  O     1.73708459  -2.22108346  -2.38450848
  O    -0.44826862  -0.55754429  -2.32351573
  O    -1.57958427  -3.01053105   0.03276598
  O    -0.02611946   3.76389996  -3.28218377
  O     3.03547189   0.60430353  -4.33627952
  N     1.16493267   0.35815023  -0.16514945
  N    -0.44241214   2.50763469  -0.78971332
  N     2.14285940   0.48754324  -2.23494764
  N     1.51954645   2.17667651  -3.76174381
  C     1.36628601  -2.11728031  -0.03258679
  C     2.02136416  -0.76694379   0.11643915
  C     0.79220806  -2.43640512  -1.39511059
  C    -0.55259174  -1.83531032  -1.78052426
  C     0.23760778   0.79488700   0.76028061
  C     1.29455010   0.95569909  -1.37078438
  C    -0.57783825   1.87118985   0.42283410
  C     0.07220902   0.19363920   2.01178112
  C     0.43690192   2.10386419  -1.62244876
  C    -1.54886861  -1.78489330  -0.65418718
  C    -0.88206485   0.63997161   2.89736176
  C    -1.54898540   2.32329763   1.32883631
  C    -1.72048078   1.73019405   2.55348031
  C     0.58909396   2.79114533  -2.94914883
  C    -1.03160145  -0.03722182   4.23379030
  C    -2.76998609   2.22904400   3.51326522
  C     2.30197122   1.04795380  -3.49063608
  H     0.58142747  -2.22840767   0.71521127
  H     2.39644000  -0.68444890   1.13284753
  H     2.86956704  -0.70080793  -0.54870025
  H     0.61369627  -3.51719991  -1.34533113
  H    -0.94693042  -2.51437791  -2.54785340
  H     0.69836559  -0.63795978   2.28560128
  H    -1.28516716  -0.96809811   0.01629528
  H    -2.52727086  -1.53210798  -1.07727316
  H    -2.15536654   3.16262318   1.01490383
  H     2.88028299  -3.18326022  -0.54961822
  H     2.01187336  -1.28706779  -2.39756135
  H    -0.00324481  -0.63279375  -3.17186470
  H    -0.32702898  -0.86050392   4.33937459
  H    -0.85821456   0.67330002   5.04509608
  H    -2.04364306  -0.42958692   4.35531514
  H    -3.31597876   3.06825498   3.08495848
  H    -3.48664677   1.44063967   3.75483708
  H    -2.31744381   2.55693852   4.45189289
  H     1.65741653   2.58481576  -4.67469726
  H    -2.37820984  -3.04614442   0.56873113
$end
$temperature
298.15
$end
$mult
 1
$end
$sigma
 1
$end
$pressure
1.00000
$end
$scale
1.0
$end
$msrrho
$end
$freq
31.32
41.51
49.80
59.82
68.85
76.94
108.20
112.42
122.68
125.05
159.55
166.02
185.27
197.25
202.78
227.90
230.65
245.54
246.93
279.21
295.88
297.47
309.40
330.49
345.43
348.86
378.46
391.87
407.64
419.42
441.51
474.71
479.72
485.71
491.57
533.42
540.31
553.49
572.19
618.02
626.33
655.21
661.68
689.75
696.07
714.17
740.49
775.56
813.54
838.14
841.30
844.90
866.43
881.94
897.72
922.71
936.64
940.53
956.45
984.51
1036.42
1052.59
1068.08
1084.37
1088.81
1093.62
1104.01
1113.35
1128.72
1136.47
1141.65
1163.89
1182.52
1196.19
1214.63
1219.54
1237.99
1243.67
1255.79
1289.26
1300.21
1307.65
1319.03
1331.57
1345.41
1364.38
1383.73
1392.12
1406.13
1408.34
1424.02
1431.01
1434.33
1456.50
1459.83
1460.98
1463.13
1463.90
1465.05
1471.28
1479.56
1495.24
1497.01
1505.97
1521.50
1526.53
1564.78
1630.85
1654.72
1748.21
1772.14
1815.86
1838.93
1884.79
1901.04
3051.86
3056.18
3110.05
3126.00
3151.53
3159.66
3163.65
3196.39
3201.14
3226.96
3251.42
3254.34
3269.59
3343.66
3353.68
3738.32
3785.90
3933.05
3940.20
4016.78
$end
