
$molecule
   O     2.83762249   0.37258869  -1.62587087
  O     0.07138393  -0.43347466  -3.05803291
  O     2.13862375   1.13019535  -4.00335845
  O     0.44412505   3.97064779  -2.78999208
  O    -4.38193047   1.97921329   1.69812445
  O    -1.60919464   4.42659836  -0.91183443
  N     0.02426330   0.46144970   0.66766159
  N    -2.41926792  -0.05064948   1.84106872
  N    -0.76685686   2.47197899  -0.10339847
  N    -2.94978225   3.20393323   0.43590703
  C     1.50252183   0.18598340  -1.29633680
  C     1.30510281   0.79344502   0.07328492
  C     0.51078854   0.69163614  -2.32908892
  C     1.06362519   1.70682479  -3.30033086
  C    -0.17514208  -0.74855141   1.30603979
  C    -0.96575543   1.38270666   0.56997747
  C    -1.41725122  -0.99158086   1.89088858
  C     0.81108662  -1.73668417   1.38865269
  C    -2.22104694   1.05795205   1.23331695
  C     1.47028890   3.03364652  -2.68467596
  C     0.57141195  -2.93044659   2.02995058
  C    -1.65481635  -2.21080760   2.54625845
  C    -0.69105707  -3.18165538   2.62702920
  C    -3.31115406   2.09138790   1.17328941
  C     1.65656259  -3.97162858   2.09273598
  C    -0.96412105  -4.48527155   3.33210693
  C    -1.74989380   3.43027698  -0.23953411
  H     1.28608881  -0.88436778  -1.20526105
  H     2.10081731   0.43413310   0.71843330
  H     1.37094083   1.87072890   0.02687277
  H    -0.32648975   1.15598246  -1.81278890
  H     0.26333536   1.94344579  -4.00882362
  H     1.77260164  -1.56373462   0.93574410
  H     1.80984609   2.90315345  -1.65915270
  H     2.32542031   3.38966381  -3.26701099
  H    -2.63507613  -2.34661251   2.98380758
  H     2.89889641   0.63836376  -2.55619028
  H    -0.73603546  -0.20914438  -3.53199934
  H     1.82255704   0.30412370  -4.38761022
  H     2.55963773  -3.63005277   1.58982918
  H     1.90399219  -4.20513424   3.13067416
  H     1.32545090  -4.89835737   1.61898190
  H    -1.97815777  -4.50366601   3.72860974
  H    -0.84647192  -5.33042651   2.65008649
  H    -0.26838176  -4.63477790   4.16087970
  H    -3.64938819   3.92392895   0.32864872
  H    -0.12972044   3.99303561  -2.00756946
$end
$temperature
298.15
$end
$mult
 1
$end
$sigma
 1
$end
$pressure
1.00000
$end
$scale
1.0
$end
$msrrho
$end
$freq
15.53
35.33
41.27
48.37
57.15
69.73
95.43
114.56
121.38
124.36
152.74
163.88
168.34
189.50
198.24
218.57
246.90
264.68
283.85
298.52
301.09
312.13
347.68
348.40
359.57
369.04
387.26
396.95
404.29
443.68
463.25
469.59
486.20
491.26
525.47
531.39
556.17
568.80
590.35
627.11
653.93
658.84
662.39
688.96
697.71
714.20
737.54
774.98
802.20
814.72
836.99
841.51
860.71
866.02
894.85
915.06
935.08
935.61
964.43
983.05
1024.68
1052.05
1068.17
1082.40
1085.11
1090.82
1093.79
1109.74
1123.07
1128.96
1131.95
1146.26
1154.18
1191.79
1211.30
1214.84
1232.33
1251.57
1264.21
1273.39
1294.04
1303.17
1328.95
1332.49
1342.23
1348.38
1360.15
1371.29
1375.01
1404.34
1420.64
1429.67
1432.34
1437.52
1452.21
1458.43
1460.47
1460.51
1461.60
1463.60
1467.31
1473.58
1495.82
1508.10
1519.31
1524.21
1554.82
1625.53
1645.52
1744.05
1759.00
1806.79
1836.00
1870.02
1901.49
3052.95
3057.33
3124.23
3161.27
3164.05
3164.92
3166.30
3196.84
3202.75
3235.56
3253.00
3269.03
3297.29
3337.15
3355.05
3782.57
3807.50
3833.98
3942.99
3954.49
$end
