
$molecule
   O     3.47652133   0.36314855  -0.46004253
  O     0.15746726   1.72000596  -0.17125754
  O     1.25208692   3.87621496  -1.14978885
  O     0.49636272   1.49476835  -2.78825042
  O    -3.10180512   1.80391827   3.66301896
  O     1.17064728   3.26125764   3.94628547
  N     0.41588613  -0.42121793   1.32385644
  N    -2.29235999  -0.10437862   1.74010808
  N     0.82837020   1.36861884   2.69635678
  N    -0.94044390   2.47202789   3.81530648
  C     2.09282150   0.36751956  -0.26434771
  C     1.81734836  -0.41362321   0.99363206
  C     1.55218093   1.77148678  -0.15860708
  C     1.99162925   2.68935796  -1.28176935
  C    -0.46950171  -1.21586484   0.62159541
  C    -0.02040301   0.55898469   2.16133568
  C    -1.83301411  -1.04227319   0.84085296
  C    -0.05909054  -2.18170916  -0.30077073
  C    -1.46161857   0.63299917   2.36817596
  C     1.74305565   2.10438373  -2.65250826
  C    -0.97378727  -2.94604747  -0.99117122
  C    -2.76086122  -1.82614086   0.14083790
  C    -2.36157533  -2.76926184  -0.77221949
  C    -1.95523531   1.66939067   3.33836623
  C    -0.48974023  -3.97009371  -1.98280538
  C    -3.37388702  -3.59648246  -1.52210811
  C     0.42784951   2.41582082   3.51127177
  H     1.57996401  -0.11523255  -1.09734308
  H     2.17723462  -1.43189458   0.87292966
  H     2.35484304   0.03587994   1.81871490
  H     1.89797719   2.20055246   0.78257754
  H     3.06722829   2.89347083  -1.18682134
  H     0.99163597  -2.33564067  -0.47529754
  H     1.84447307   2.91229708  -3.38458009
  H     2.53966804   1.38258877  -2.88574448
  H    -3.80708118  -1.64949391   0.35280175
  H     3.67013821   0.49202891  -1.39225742
  H    -0.15940837   2.62708658  -0.26652922
  H     1.63827060   4.42927180  -0.46256531
  H     0.59787396  -3.99346489  -2.02673463
  H    -0.84675054  -4.96624886  -1.71245201
  H    -0.87113628  -3.74543158  -2.98142172
  H    -4.38661210  -3.32563064  -1.22733759
  H    -3.27902276  -3.44772666  -2.60022767
  H    -3.23292343  -4.66189491  -1.32565809
  H    -1.21137820   3.21455609   4.44267733
  H     0.10610216   1.40211624  -1.91008450
$end
$temperature
298.15
$end
$mult
 1
$end
$sigma
 1
$end
$pressure
1.00000
$end
$scale
1.0
$end
$msrrho
$end
$freq
20.06
29.99
43.01
48.91
57.03
63.94
82.09
112.67
115.18
122.14
150.41
160.30
164.26
173.91
203.08
213.76
261.18
267.20
288.16
295.22
302.62
312.79
332.15
340.37
348.25
360.27
368.23
382.47
399.39
423.29
437.08
462.31
464.74
474.02
499.58
521.48
532.97
559.90
570.70
574.52
629.17
652.96
661.04
687.89
696.74
711.60
730.76
775.22
813.96
832.97
842.15
851.58
860.92
872.11
893.65
915.63
930.80
931.90
955.37
984.71
1016.56
1049.87
1053.53
1070.14
1084.52
1092.94
1106.70
1111.85
1128.70
1132.43
1137.33
1165.42
1175.41
1184.38
1216.89
1219.46
1239.08
1252.17
1252.70
1274.17
1295.52
1307.66
1330.97
1332.94
1336.71
1345.17
1358.06
1369.51
1385.66
1415.42
1422.58
1429.65
1433.29
1439.62
1456.89
1459.10
1461.14
1462.45
1464.15
1467.77
1476.10
1482.54
1498.18
1511.56
1522.33
1532.31
1561.12
1629.10
1647.16
1765.28
1771.12
1816.11
1840.41
1872.99
1897.11
3050.70
3051.24
3056.12
3114.10
3153.45
3159.23
3164.26
3195.69
3200.04
3220.36
3230.17
3250.79
3269.48
3326.06
3342.54
3790.61
3917.06
3945.41
3960.48
3986.83
$end
