
$molecule
   O    -1.38851351  -0.11563900   0.22468479
  O    -1.81269943   3.25353561   1.43340017
  O    -3.69412548   1.47315642   2.43188344
  O    -3.94083412  -0.54237176   0.71304620
  O     0.74028089  -0.28971796  -5.07227163
  O    -2.11726366   2.74091702  -3.30378481
  N     0.81371685   0.75111143  -0.41290564
  N     1.64729727  -0.90306483  -2.45892444
  N    -0.58447983   1.83201186  -1.86439143
  N    -0.62849953   1.27132148  -4.16017933
  C    -1.17267922   1.02596767   0.96316194
  C     0.21321665   1.55768568   0.61699938
  C    -2.18451781   2.12031849   0.69629481
  C    -3.61657662   1.79576911   1.07303734
  C     1.63170989  -0.32025028  -0.11650892
  C     0.30890782   0.92652105  -1.66192996
  C     2.06099981  -1.13310239  -1.16441078
  C     2.05633384  -0.62770140   1.17948742
  C     0.83185302   0.04957326  -2.70155766
  C    -4.30510961   0.74181982   0.23916881
  C     2.88996639  -1.69518094   1.42661990
  C     2.91656975  -2.21489356  -0.90886080
  C     3.34111415  -2.51220365   0.36076042
  C     0.34537578   0.29596794  -4.10245508
  C     3.31976552  -1.99200595   2.83881298
  C     4.25839547  -3.68046825   0.61635203
  C    -1.17691922   2.01094508  -3.10156534
  H    -1.20575146   0.79994313   2.03629594
  H     0.14769590   2.57341403   0.24919110
  H     0.86884809   1.57575404   1.48013476
  H    -2.13510991   2.37243747  -0.36331604
  H    -4.16113250   2.73836910   0.91889381
  H     1.71881042  -0.02558540   2.00472138
  H    -5.38881681   0.86405008   0.33938064
  H    -4.04943861   0.86358352  -0.81878924
  H     3.22240070  -2.80593978  -1.76199441
  H    -2.27931623  -0.45214229   0.39721346
  H    -2.09043068   3.10124977   2.34303295
  H    -3.67668708   0.51483084   2.51407706
  H     2.89037543  -1.27837492   3.54011829
  H     3.00713898  -2.99640076   3.13302495
  H     4.40777816  -1.95041513   2.92629361
  H     4.49963776  -4.19139910  -0.31465921
  H     5.19228960  -3.35251147   1.07890873
  H     3.79563772  -4.40245920   1.29333735
  H    -1.03596681   1.44732515  -5.06624896
  H    -4.48124773  -1.21575103   0.28642001
$end
$temperature
298.15
$end
$mult
 1
$end
$sigma
 1
$end
$pressure
1.00000
$end
$scale
1.0
$end
$msrrho
$end
$freq
14.12
29.67
37.03
46.08
59.19
73.79
88.54
112.80
118.82
123.27
146.26
162.52
166.61
181.65
199.03
205.62
250.81
259.68
290.68
297.62
298.90
307.62
334.03
344.48
367.16
373.65
381.12
402.53
403.86
433.33
443.94
464.93
472.36
494.51
523.44
532.24
536.24
554.78
571.66
624.09
641.67
651.45
671.25
687.74
698.00
706.22
725.22
765.14
788.36
815.28
832.26
838.59
860.88
874.73
897.70
913.63
929.10
935.10
951.28
984.15
1017.62
1038.01
1051.57
1072.27
1084.86
1092.76
1109.00
1112.74
1128.02
1128.18
1138.11
1154.73
1174.58
1190.95
1218.34
1228.82
1232.59
1251.33
1253.07
1285.40
1299.10
1308.10
1310.00
1316.76
1336.06
1338.52
1366.82
1386.36
1407.24
1416.41
1423.97
1430.19
1433.70
1444.65
1451.51
1460.00
1460.81
1461.75
1464.60
1465.04
1471.21
1475.14
1498.30
1500.08
1513.48
1523.80
1560.58
1628.43
1648.92
1761.95
1776.90
1813.06
1840.94
1870.89
1894.82
3049.69
3054.98
3091.63
3114.85
3137.19
3157.32
3162.74
3179.66
3194.25
3199.00
3247.12
3254.82
3269.03
3330.57
3348.02
3793.21
3886.89
3958.23
3960.53
3991.73
$end
