
$molecule
   O     2.06656971   0.51401104  -0.91896224
  O     2.47489466   3.40337945   0.31249666
  O     0.91992148   0.40006929   1.46284627
  O     1.04420216   3.73056126   2.64094934
  O    -3.41477346  -0.42683725   3.14440270
  O    -1.67502757   3.67590073   2.42198236
  N    -0.73028561   0.49986426  -0.69142336
  N    -1.96585835  -1.37793613   0.90973554
  N    -1.39554341   2.15300219   0.75040989
  N    -2.63365798   1.65271290   2.69006602
  C     1.38855002   1.71824795  -0.96116676
  C    -0.03145187   1.50682721  -1.45561346
  C     1.42597508   2.48175430   0.34779130
  C     1.63185645   1.61332511   1.55826873
  C    -0.62509966  -0.83890811  -1.01793707
  C    -1.38876962   0.89998947   0.42079434
  C    -1.26204941  -1.77182432  -0.20194447
  C     0.09667823  -1.30280285  -2.12127537
  C    -2.03842064  -0.13638111   1.20532036
  C     1.24974481   2.36889374   2.83442508
  C     0.17838906  -2.64415569  -2.40992266
  C    -1.18294812  -3.14156573  -0.50508772
  C    -0.48108876  -3.59596002  -1.58942573
  C    -2.78075205   0.30100406   2.43449529
  C     0.97968285  -3.09943187  -3.59983304
  C    -0.40328131  -5.06830378  -1.90053658
  C    -1.88890655   2.57278669   1.95601539
  H     1.88260809   2.36467982  -1.69788167
  H    -0.60006589   2.43056393  -1.40027557
  H    -0.00714689   1.18805382  -2.49255161
  H     0.48586933   3.00798553   0.44541125
  H     2.69946115   1.37789837   1.58166796
  H     0.63204781  -0.60152954  -2.73421804
  H     0.35801665   1.89265231   3.24337156
  H     2.04380116   2.24026068   3.57984299
  H    -1.70204141  -3.81838224   0.16048826
  H     1.78506742   0.06106529  -0.11744900
  H     2.31862989   4.00391467   1.05386894
  H     1.07410318  -0.11501488   2.26051019
  H     1.43149732  -2.25400680  -4.11543729
  H     1.77566425  -3.77947154  -3.28889934
  H     0.34531338  -3.63996884  -4.30622788
  H    -0.96759527  -5.64699526  -1.17065931
  H    -0.80733180  -5.28001327  -2.89312264
  H     0.63214859  -5.41645525  -1.88882284
  H    -3.02968633   1.99858174   3.55156788
  H     0.09108924   3.89795865   2.51194537
$end
$temperature
298.15
$end
$mult
 1
$end
$sigma
 1
$end
$pressure
1.00000
$end
$scale
1.0
$end
$msrrho
$end
$freq
25.32
37.21
50.25
67.00
86.11
112.43
122.00
124.19
140.68
144.75
166.41
169.59
192.62
204.70
220.34
231.64
243.32
275.98
291.74
299.54
312.64
315.97
348.51
362.85
370.12
395.79
414.25
420.82
436.68
462.40
467.57
475.05
529.02
536.13
545.42
553.58
562.11
577.77
586.02
623.69
638.09
650.59
661.80
680.01
689.49
698.32
733.24
763.84
792.37
813.03
835.67
841.61
870.34
891.26
901.91
918.49
928.20
938.67
968.79
980.96
1022.54
1052.35
1070.97
1079.75
1085.50
1093.75
1108.97
1127.67
1128.62
1130.33
1152.02
1155.14
1169.88
1195.77
1215.00
1230.07
1240.37
1251.14
1261.01
1295.49
1303.47
1307.78
1332.18
1345.20
1354.64
1361.56
1375.79
1381.64
1421.97
1424.36
1429.24
1431.36
1434.99
1436.82
1446.48
1457.40
1460.26
1461.13
1463.59
1463.96
1470.87
1471.85
1486.37
1517.23
1529.44
1530.88
1562.19
1630.55
1651.47
1748.51
1760.58
1812.40
1839.65
1850.07
1899.50
3051.80
3056.51
3086.97
3139.16
3160.10
3163.31
3177.40
3195.30
3203.96
3208.66
3216.38
3269.80
3301.28
3375.61
3375.97
3694.01
3788.66
3899.98
3985.38
4003.28
$end
