
$molecule
   O    -3.43880421  -1.26851726  -0.87077286
  O    -2.80372140  -1.47295973   1.84182424
  O     0.44432702  -1.51671457   0.35413409
  O    -0.00367708  -4.15155259   0.90513704
  O     2.07893482   2.27533375   3.81856058
  O    -2.11896955   0.75708225   4.57694254
  N    -0.75180834   0.96364301   0.21736830
  N     1.75425950   1.72194849   1.06403276
  N    -1.47075488   0.89856531   2.39142353
  N    -0.04644144   1.56022618   4.15518586
  C    -2.15056907  -0.97703120  -0.39599434
  C    -2.06340297   0.50987628  -0.17578057
  C    -1.91267872  -1.81971802   0.83779505
  C    -0.48064622  -1.84302682   1.34319779
  C     0.25871844   1.09689261  -0.71216712
  C    -0.52880210   1.15769138   1.53478911
  C     1.52184412   1.47629566  -0.26526170
  C     0.07035612   0.86968942  -2.07851332
  C     0.80385125   1.59249928   1.91136177
  C    -0.14256460  -3.19591896   1.93241676
  C     1.10747982   1.00266566  -2.97171229
  C     2.57705406   1.61292445  -1.18182872
  C     2.39829346   1.38114451  -2.51982853
  C     1.04976699   1.85729894   3.36922030
  C     0.86688594   0.74407123  -4.43511752
  C     3.54182823   1.52926617  -3.49029794
  C    -1.28721389   1.05110996   3.75664490
  H    -1.43757834  -1.26097424  -1.17157137
  H    -2.35248705   1.01153354  -1.09469408
  H    -2.75822309   0.81326930   0.59403820
  H    -2.18973148  -2.82774934   0.51776185
  H    -0.40847034  -1.10604752   2.13696086
  H    -0.90207972   0.58239599  -2.43887233
  H     0.82356766  -3.13245328   2.44136197
  H    -0.89979748  -3.48265657   2.66926950
  H     3.53649771   1.91032755  -0.77978372
  H    -4.01787153  -1.29423453  -0.09940092
  H    -2.53523086  -0.62236365   2.23102923
  H     0.72589423  -2.34309922  -0.05431821
  H    -0.16865054   0.46395385  -4.62100650
  H     1.09617604   1.63445959  -5.02474082
  H     1.51303269  -0.06024177  -4.79371817
  H     4.45207755   1.82421653  -2.97040574
  H     3.73473669   0.59027685  -4.01424070
  H     3.31829948   2.28520147  -4.24662042
  H     0.06800020   1.68456634   5.15048619
  H    -0.87170710  -4.48316630   0.65570549
$end
$temperature
298.15
$end
$mult
 1
$end
$sigma
 1
$end
$pressure
1.00000
$end
$scale
1.0
$end
$msrrho
$end
$freq
26.67
36.03
37.74
51.27
64.92
78.90
103.04
116.32
122.06
125.62
153.46
162.23
167.56
179.91
204.63
224.29
239.33
252.58
271.74
276.89
297.81
310.24
313.25
325.27
345.52
376.58
384.85
398.56
420.30
442.13
470.01
478.69
483.82
493.54
503.65
532.90
560.27
566.45
573.37
625.37
642.26
656.39
661.52
690.30
699.41
714.69
731.96
777.74
795.56
813.24
839.36
844.95
865.97
898.56
915.85
930.76
935.19
942.20
963.21
983.51
991.43
1038.11
1053.10
1085.00
1090.37
1093.57
1098.21
1107.49
1125.71
1128.73
1135.37
1160.75
1175.91
1184.36
1196.38
1217.25
1232.17
1249.80
1282.75
1294.84
1299.66
1306.21
1311.78
1342.84
1360.42
1367.91
1374.17
1384.97
1411.40
1424.19
1425.15
1431.43
1436.24
1443.41
1459.66
1461.00
1461.78
1463.88
1464.05
1465.19
1471.94
1474.77
1485.68
1499.97
1507.46
1522.76
1559.40
1630.50
1655.54
1740.80
1766.52
1811.92
1839.33
1882.39
1900.05
3051.80
3056.34
3098.10
3159.81
3164.09
3185.97
3189.47
3196.16
3200.91
3218.93
3234.99
3270.08
3318.42
3344.81
3349.60
3765.06
3784.62
3924.84
3954.82
3959.98
$end
